1 1582.0
13 329.477
14 69.6582
23 69.543
26 58.9187
30 44.8048
31 42.9623
34 41.4524
37 31.5466
38 28.6428
39 27.4707
40 26.5397
41 26.2565
42 25.866
43 25.0295
44 23.4424
49 22.9465
60 22.6846
61 22.5881
67 22.5727
70 22.5543
71 22.4161
75 22.4004
80 22.391
83 22.3406
86 22.3159
89 22.3133
90 22.3124
91 22.3079
94 22.3059
95 22.3006
97 22.2831
100 22.2761
102 22.2706
107 22.2705
110 22.2682
115 22.2668
116 22.2644
117 22.2643
122 22.2639
125 22.2624
127 22.2621
128 22.2616
138 22.2615
144 22.2614
145 22.2613
