1 16.4308
11 15.3842
16 6.70533
21 6.12272
22 5.38686
23 5.01114
25 3.84274
31 3.81088
34 3.5215
35 3.47179
39 3.12781
40 2.97364
41 2.94021
43 2.92816
45 2.85932
47 2.46169
48 2.28257
50 2.26604
52 2.24226
54 1.99495
55 1.95167
56 1.71138
57 1.54207
58 1.46386
61 1.42326
62 1.28557
63 1.12452
64 1.11219
67 1.05049
69 0.885576
72 0.802936
73 0.72833
74 0.719307
75 0.693238
76 0.639983
78 0.626247
79 0.51331
80 0.456154
81 0.453385
84 0.433845
85 0.352753
88 0.349775
89 0.344976
90 0.337203
91 0.298658
92 0.29463
93 0.290946
95 0.288562
97 0.273127
98 0.258566
100 0.245497
101 0.242996
102 0.242645
103 0.239466
105 0.223601
106 0.217588
107 0.208033
108 0.194298
109 0.182014
110 0.174589
111 0.167376
112 0.162321
114 0.160127
115 0.148913
116 0.138604
117 0.133035
118 0.127782
119 0.120851
120 0.114239
121 0.106245
122 0.0992411
123 0.0914451
124 0.0888935
125 0.0878885
127 0.0790527
128 0.0719737
129 0.0681675
130 0.0652424
131 0.0620462
132 0.0572147
133 0.0544715
136 0.0522354
138 0.0515503
140 0.0482271
141 0.0475624
143 0.0456328
144 0.04459
147 0.0423757
148 0.0419812
149 0.0417569
151 0.0413327
152 0.039447
155 0.0383862
156 0.0373231
157 0.0367947
158 0.0364709
159 0.0359802
160 0.0351945
161 0.0342327
162 0.0333939
163 0.0331134
164 0.0322834
165 0.0321495
166 0.0319232
167 0.0314549
168 0.0304389
169 0.029703
170 0.0290815
171 0.0284445
172 0.0281281
173 0.0275068
176 0.026657
177 0.0259971
178 0.0256494
179 0.0255075
182 0.0248479
183 0.0244187
184 0.0244026
186 0.0236786
189 0.0229468
190 0.0228245
191 0.0226062
192 0.0221056
193 0.0217634
194 0.0211917
195 0.0208514
196 0.0204346
197 0.0199566
198 0.0199111
199 0.0197477
200 0.0192853
201 0.0188895
202 0.0188311
204 0.0183069
205 0.0179203
206 0.0177774
207 0.0175086
208 0.0171349
210 0.0171093
211 0.0168409
212 0.016677
214 0.0166696
215 0.0162149
216 0.0158632
217 0.0156519
218 0.0154657
219 0.0153489
220 0.0153467
222 0.0151914
223 0.0150268
224 0.0149723
225 0.0149088
228 0.0147226
232 0.0145447
233 0.0144856
234 0.0144744
235 0.0144051
236 0.0142979
237 0.0141778
238 0.0140968
239 0.013976
240 0.0139533
241 0.0138125
242 0.0137363
243 0.013663
244 0.0135748
245 0.0135736
246 0.0135284
248 0.0135164
249 0.0134141
250 0.0134115
251 0.0133805
253 0.0133457
254 0.0132764
257 0.0132334
258 0.0132272
259 0.0132233
262 0.0131796
263 0.0131519
264 0.0131212
265 0.0130856
267 0.0130704
268 0.0130416
269 0.0130084
270 0.0129886
273 0.0129511
274 0.0129334
275 0.0129291
277 0.0128848
279 0.0128784
280 0.0128402
282 0.0128355
283 0.0128056
284 0.0127792
285 0.012772
286 0.01277
287 0.0127547
289 0.0127432
290 0.0127
291 0.0126899
293 0.0126813
294 0.0126641
297 0.0126254
298 0.0126003
299 0.0125907
302 0.012568
303 0.0125593
304 0.0125453
306 0.0125381
307 0.0125076
308 0.0124994
310 0.0124776
311 0.012456
312 0.0124448
314 0.0124446
315 0.012417
316 0.012405
317 0.0123887
318 0.0123689
320 0.0123666
321 0.0123522
322 0.0123469
324 0.0123465
325 0.0123149
326 0.0123035
327 0.0122965
328 0.0122816
329 0.0122766
330 0.0122752
332 0.0122724
333 0.0122448
334 0.0122389
335 0.012213
336 0.0122107
337 0.0122053
338 0.0122048
341 0.0121912
342 0.0121877
346 0.0121733
348 0.0121703
349 0.0121695
351 0.0121591
352 0.0121558
353 0.012146
354 0.0121361
355 0.0121271
356 0.0121187
357 0.0121081
358 0.0120992
359 0.0120912
360 0.0120899
361 0.0120879
362 0.0120811
364 0.0120784
365 0.0120711
366 0.0120692
367 0.0120615
368 0.012061
370 0.0120517
371 0.012044
372 0.0120352
373 0.0120263
374 0.0120179
375 0.0120157
377 0.0120138
378 0.0120064
379 0.0120007
380 0.0119946
381 0.0119905
382 0.0119862
384 0.0119839
385 0.0119761
386 0.0119689
387 0.0119673
390 0.0119594
391 0.0119535
392 0.0119502
393 0.0119485
396 0.0119476
397 0.0119463
398 0.0119361
399 0.0119302
400 0.0119285
402 0.0119251
405 0.0119186
407 0.0119176
408 0.0119117
410 0.0119115
413 0.0119114
414 0.0119082
415 0.0119063
416 0.0119032
417 0.0119015
418 0.0118989
419 0.0118963
420 0.0118937
421 0.0118917
422 0.0118898
423 0.0118865
424 0.0118837
425 0.0118805
426 0.0118773
427 0.0118742
428 0.0118712
429 0.0118682
430 0.0118655
431 0.0118628
432 0.0118599
433 0.0118578
434 0.0118558
435 0.0118553
437 0.0118523
438 0.0118493
439 0.0118464
440 0.0118434
441 0.0118406
442 0.0118377
443 0.0118348
444 0.0118324
445 0.0118299
446 0.0118271
447 0.0118247
448 0.0118221
449 0.0118208
450 0.0118181
451 0.0118158
452 0.0118134
453 0.0118104
454 0.0118077
455 0.0118059
456 0.0118043
457 0.0118025
460 0.0117996
461 0.0117973
462 0.0117965
463 0.0117952
464 0.011793
465 0.0117906
466 0.0117884
467 0.0117869
468 0.0117841
469 0.0117825
470 0.0117814
471 0.0117791
472 0.0117765
473 0.0117748
474 0.0117726
475 0.0117696
476 0.011767
477 0.0117645
478 0.011762
479 0.0117594
480 0.0117571
481 0.0117548
482 0.0117547
484 0.0117511
485 0.0117481
486 0.011746
487 0.0117436
488 0.011741
489 0.0117386
490 0.0117367
491 0.0117359
492 0.0117351
494 0.0117347
495 0.0117318
496 0.0117308
497 0.0117289
499 0.0117281
500 0.0117256
501 0.0117249
502 0.0117247
503 0.0117218
504 0.0117191
505 0.0117164
506 0.0117138
507 0.011712
508 0.0117099
509 0.0117081
510 0.0117058
511 0.0117037
512 0.0117012
513 0.0116987
514 0.0116966
515 0.0116958
516 0.0116928
517 0.0116904
518 0.0116884
519 0.011687
520 0.0116854
523 0.0116827
524 0.0116806
525 0.0116794
527 0.0116786
528 0.0116761
529 0.0116748
530 0.0116732
531 0.0116726
532 0.0116696
533 0.0116689
534 0.0116661
535 0.0116636
536 0.0116611
537 0.0116597
538 0.0116572
539 0.0116554
540 0.0116538
543 0.0116508
544 0.011649
545 0.011648
548 0.0116463
549 0.011644
550 0.0116415
551 0.0116394
554 0.0116373
555 0.0116357
556 0.0116348
557 0.0116341
560 0.0116313
561 0.011629
562 0.0116279
564 0.0116273
565 0.0116256
567 0.0116247
568 0.0116222
569 0.0116207
570 0.0116181
571 0.0116157
572 0.0116134
573 0.011611
574 0.0116083
575 0.0116057
576 0.0116032
577 0.0116007
578 0.0115988
579 0.011597
580 0.0115952
581 0.0115926
582 0.01159
583 0.0115873
584 0.0115846
585 0.0115819
586 0.0115793
587 0.0115782
588 0.0115777
590 0.0115769
592 0.0115743
593 0.0115722
596 0.0115713
599 0.0115687
600 0.0115669
601 0.0115645
602 0.0115622
603 0.01156
604 0.011558
605 0.0115561
606 0.0115559
607 0.0115556
608 0.0115531
609 0.0115507
610 0.0115485
611 0.011548
612 0.0115455
613 0.0115433
614 0.0115412
615 0.0115403
616 0.0115398
617 0.0115385
618 0.0115361
619 0.0115356
620 0.0115326
621 0.0115296
622 0.0115272
623 0.0115256
624 0.0115245
625 0.0115221
626 0.0115195
627 0.0115169
628 0.0115145
629 0.0115124
630 0.0115121
632 0.01151
633 0.0115076
634 0.0115053
635 0.0115032
636 0.0115012
637 0.0114989
638 0.0114965
639 0.0114945
640 0.0114919
641 0.0114893
642 0.0114867
643 0.0114842
644 0.011482
645 0.0114811
646 0.0114791
647 0.0114776
648 0.0114752
649 0.011473
650 0.0114713
651 0.0114697
652 0.0114672
653 0.0114656
654 0.0114643
655 0.0114616
656 0.0114594
657 0.0114582
658 0.0114573
659 0.0114546
660 0.0114541
661 0.0114534
662 0.0114505
663 0.0114478
664 0.0114453
665 0.0114434
666 0.0114412
667 0.0114399
668 0.0114391
669 0.0114377
670 0.0114371
671 0.0114344
672 0.011432
673 0.0114302
674 0.01143
675 0.0114299
676 0.011427
677 0.0114246
678 0.0114222
679 0.0114212
680 0.0114187
681 0.011416
682 0.0114136
683 0.0114115
684 0.0114094
685 0.0114074
686 0.0114049
687 0.0114024
688 0.0114
689 0.0113979
690 0.011396
691 0.0113935
692 0.011391
693 0.0113886
694 0.0113861
695 0.0113837
696 0.0113815
697 0.0113797
698 0.0113771
699 0.0113746
700 0.0113722
701 0.0113697
702 0.0113678
703 0.0113655
704 0.0113629
705 0.0113604
706 0.0113579
707 0.0113554
708 0.0113529
709 0.0113504
710 0.011348
711 0.0113455
712 0.011343
713 0.0113407
714 0.0113383
715 0.0113358
716 0.0113334
717 0.011331
718 0.0113286
719 0.0113261
720 0.0113236
721 0.0113212
722 0.0113189
723 0.0113169
724 0.011315
725 0.0113127
726 0.0113103
727 0.0113078
728 0.0113053
729 0.0113028
730 0.0113003
731 0.0112978
732 0.0112954
733 0.0112938
734 0.0112919
735 0.0112901
736 0.0112899
737 0.0112897
738 0.0112868
739 0.0112843
740 0.0112824
741 0.0112803
742 0.0112787
743 0.0112769
744 0.0112752
745 0.0112731
746 0.0112711
747 0.01127
749 0.0112696
751 0.0112685
752 0.0112654
753 0.011264
756 0.0112616
757 0.0112611
758 0.011261
759 0.0112585
760 0.0112561
761 0.0112545
762 0.0112519
763 0.0112496
764 0.0112475
765 0.0112457
766 0.0112444
767 0.0112435
768 0.011243
769 0.0112402
770 0.0112377
771 0.0112353
772 0.0112329
773 0.0112305
774 0.0112281
775 0.0112259
776 0.0112237
780 0.0112233
781 0.0112211
782 0.0112208
783 0.0112189
784 0.0112186
786 0.0112167
787 0.011215
788 0.011213
789 0.0112118
791 0.0112117
792 0.0112094
793 0.0112081
794 0.0112074
796 0.0112066
797 0.0112045
798 0.0112037
799 0.0112029
802 0.0112007
803 0.0111988
804 0.0111973
805 0.0111959
806 0.0111951
809 0.0111943
810 0.0111915
811 0.0111893
812 0.0111887
813 0.0111867
814 0.0111853
815 0.0111834
816 0.011183
820 0.0111825
821 0.011179
822 0.0111768
823 0.0111758
824 0.0111752
825 0.0111744
826 0.0111733
827 0.0111717
828 0.0111693
829 0.0111668
830 0.0111643
831 0.0111619
832 0.0111595
833 0.0111572
834 0.0111548
835 0.0111526
836 0.0111505
837 0.0111483
838 0.0111462
839 0.0111439
840 0.0111416
841 0.0111395
842 0.0111374
843 0.0111352
844 0.0111345
847 0.0111316
848 0.0111303
849 0.0111297
852 0.0111287
853 0.0111268
854 0.0111248
855 0.0111237
857 0.0111235
858 0.0111215
859 0.0111196
860 0.0111182
861 0.0111169
863 0.0111165
864 0.0111149
865 0.0111131
868 0.011111
869 0.0111104
870 0.0111092
871 0.0111074
872 0.0111059
874 0.011105
875 0.0111028
876 0.0111018
878 0.0111013
879 0.0110996
880 0.0110983
881 0.0110962
882 0.011094
883 0.0110918
884 0.0110897
885 0.0110878
886 0.0110857
887 0.0110837
888 0.0110818
889 0.0110801
890 0.0110781
891 0.0110764
892 0.0110744
893 0.0110726
894 0.0110708
895 0.0110688
896 0.0110668
897 0.0110658
898 0.0110632
899 0.0110621
900 0.0110605
901 0.0110574
902 0.0110565
903 0.0110562
904 0.0110553
905 0.0110534
906 0.0110514
907 0.0110496
908 0.0110475
909 0.0110453
910 0.0110431
911 0.0110412
912 0.0110391
913 0.0110376
914 0.0110351
915 0.011033
916 0.0110314
917 0.0110296
918 0.0110285
919 0.0110279
921 0.0110276
922 0.011025
923 0.0110231
924 0.0110214
925 0.0110206
926 0.011019
929 0.0110167
930 0.0110154
931 0.0110142
932 0.0110134
933 0.011012
934 0.0110096
935 0.011008
936 0.011006
937 0.0110041
938 0.0110023
939 0.0110007
942 0.0109983
943 0.0109977
944 0.0109975
945 0.0109971
946 0.0109953
948 0.0109952
949 0.0109925
950 0.0109903
951 0.0109883
952 0.0109869
953 0.0109847
954 0.0109825
955 0.0109805
956 0.0109782
957 0.010976
958 0.0109738
959 0.0109716
960 0.0109695
961 0.0109671
962 0.0109649
963 0.0109626
964 0.0109604
965 0.0109601
966 0.0109598
968 0.0109596
969 0.0109581
970 0.0109557
971 0.0109541
972 0.0109534
974 0.0109524
975 0.010952
976 0.0109516
977 0.0109492
978 0.0109473
979 0.0109453
980 0.0109435
981 0.0109416
982 0.0109397
983 0.0109392
984 0.0109375
985 0.0109351
986 0.0109327
987 0.0109304
988 0.0109287
989 0.0109269
990 0.010925
991 0.0109233
992 0.0109209
993 0.0109186
994 0.0109163
995 0.0109141
996 0.0109121
997 0.0109101
998 0.0109083
999 0.0109064
1000 0.0109048
1001 0.0109026
1002 0.0109005
1003 0.0108994
1004 0.0108969
1005 0.0108949
1006 0.0108929
1007 0.010891
1008 0.0108903
1009 0.0108891
1010 0.0108885
1011 0.010886
1012 0.0108836
1013 0.0108813
1014 0.010879
1015 0.0108767
1016 0.0108745
1017 0.010873
1018 0.0108719
1019 0.0108697
1020 0.0108674
1021 0.0108652
1022 0.010863
1023 0.0108608
1024 0.0108586
1025 0.0108564
1026 0.0108543
1027 0.010852
1028 0.0108499
1029 0.0108477
1030 0.0108455
1031 0.0108433
1032 0.0108415
1033 0.0108393
1034 0.0108373
1035 0.010836
1036 0.0108341
1037 0.0108325
1038 0.0108307
1039 0.0108284
1040 0.0108263
1041 0.0108245
1042 0.0108225
1043 0.0108204
1044 0.0108185
1045 0.0108163
1046 0.0108142
1047 0.0108122
1048 0.0108108
1049 0.0108086
1050 0.0108064
1051 0.0108042
1052 0.010802
1053 0.0107998
1054 0.0107977
1055 0.010797
1056 0.0107961
1057 0.0107959
1059 0.0107942
1060 0.010792
1061 0.0107901
1062 0.0107889
1063 0.010787
1064 0.0107853
1065 0.0107845
1066 0.0107828
1067 0.0107814
1068 0.0107811
1069 0.0107787
1070 0.0107775
1071 0.0107768
1072 0.0107759
1073 0.0107739
1074 0.0107738
1075 0.0107729
1076 0.0107718
1077 0.0107708
1079 0.01077
1080 0.0107677
1081 0.0107658
1082 0.0107642
1083 0.0107637
1087 0.0107628
1088 0.0107606
1089 0.0107603
1090 0.0107588
1091 0.0107572
1094 0.0107553
1095 0.0107535
1096 0.0107517
1097 0.0107506
1098 0.0107488
1099 0.0107468
1100 0.0107451
1101 0.0107432
1102 0.0107418
1103 0.0107405
1104 0.0107385
1107 0.0107366
1108 0.0107355
1111 0.0107334
1112 0.0107331
1113 0.0107327
1114 0.0107319
1115 0.0107298
1117 0.0107296
1118 0.0107276
1119 0.0107258
1120 0.0107237
1121 0.0107216
1122 0.0107195
1123 0.0107175
1124 0.010716
1125 0.0107155
1126 0.0107153
1127 0.0107145
1128 0.0107116
1129 0.0107099
1130 0.0107086
1131 0.0107082
1134 0.0107073
1135 0.0107057
1136 0.0107051
1138 0.0107042
1139 0.0107023
1140 0.0107018
1141 0.0107016
1142 0.0107
1143 0.0106991
1145 0.0106983
1146 0.0106965
1147 0.0106963
1148 0.0106961
1151 0.0106943
1152 0.0106934
1153 0.0106932
1154 0.0106926
1155 0.0106919
1157 0.0106909
1158 0.0106886
1159 0.010688
1160 0.0106872
1161 0.0106854
1164 0.0106837
1165 0.0106816
1166 0.01068
1169 0.010678
1170 0.010676
1171 0.0106743
1172 0.0106734
1173 0.010672
1174 0.0106704
1175 0.0106682
1176 0.0106663
1177 0.0106646
1178 0.010663
1179 0.0106626
1181 0.0106624
1182 0.0106598
1183 0.0106581
1184 0.0106578
1186 0.0106559
1187 0.0106547
1188 0.0106525
1189 0.0106505
1190 0.0106487
1191 0.0106471
1192 0.0106453
1193 0.0106451
1194 0.0106442
1195 0.0106438
1196 0.0106435
1197 0.0106411
1198 0.0106394
1199 0.0106387
1201 0.0106385
1202 0.0106369
1203 0.0106355
1204 0.0106346
1206 0.0106339
1207 0.0106319
1208 0.0106299
1209 0.0106279
1210 0.0106259
1211 0.0106239
1212 0.0106219
1213 0.0106204
1214 0.0106184
1215 0.0106167
1216 0.0106148
1217 0.0106133
1218 0.0106117
1219 0.0106105
1220 0.010609
1221 0.0106081
1222 0.010607
1224 0.0106052
1225 0.0106039
1226 0.0106035
1228 0.0106024
1229 0.0106017
1231 0.0105992
1232 0.0105981
1233 0.0105962
1234 0.0105952
1235 0.0105933
1236 0.0105917
1237 0.0105896
1238 0.0105875
1239 0.0105855
1240 0.0105836
1241 0.0105818
1242 0.0105799
1245 0.0105784
1246 0.0105778
1247 0.0105776
1249 0.0105771
1252 0.0105742
1253 0.0105728
1254 0.0105711
1255 0.0105703
1258 0.0105696
1259 0.0105675
1260 0.0105654
1261 0.0105634
1262 0.010562
1263 0.0105599
1264 0.0105582
1265 0.0105563
1266 0.0105545
1267 0.0105532
1268 0.0105516
1269 0.0105495
1270 0.0105479
1271 0.010547
1272 0.0105467
1273 0.0105457
1274 0.0105444
1275 0.0105434
1276 0.010542
1278 0.0105417
1280 0.0105411
1281 0.0105395
1282 0.010539
1285 0.0105371
1286 0.0105366
1287 0.0105365
1288 0.0105363
