1 20593800.0
14 15943600.0
15 12281600.0
16 9821410.0
17 8873780.0
18 8871970.0
19 7692570.0
20 6872460.0
21 6872080.0
22 5792950.0
23 5016860.0
24 5016850.0
25 3991700.0
26 3256280.0
27 2572070.0
28 1847210.0
29 1307000.0
30 1085380.0
32 829508.0
34 669618.0
35 661527.0
36 439363.0
37 365740.0
38 357144.0
39 210917.0
40 145912.0
41 136062.0
42 60681.1
43 39118.8
45 19968.8
46 19935.4
47 11503.3
49 3660.05
50 3589.52
51 2150.78
52 1966.54
53 1420.49
54 896.989
55 868.627
56 828.213
60 802.936
63 587.715
64 233.167
66 38.8554
69 27.95
73 24.2781
75 23.7008
77 23.6158
79 15.6274
92 15.3003
96 15.1664
101 15.1334
103 14.9086
104 14.0159
105 13.6546
106 11.2003
107 10.324
108 10.0758
109 10.069
112 9.93953
113 9.84947
115 9.79749
117 9.60817
119 8.92824
120 8.69282
121 7.97522
122 7.24959
123 6.73921
124 6.42952
125 6.35638
126 6.35304
127 6.21318
129 5.77179
132 5.64956
135 4.93408
136 4.84543
137 4.84534
144 4.26913
145 3.82
146 3.49809
147 3.44803
151 3.15162
152 2.98114
153 2.97786
155 2.9377
156 2.93523
157 2.93212
159 2.77437
162 2.43318
163 2.25042
167 2.24885
168 2.01479
176 1.96852
177 1.85506
178 1.83496
180 1.72121
183 1.59687
185 1.58231
187 1.57399
189 1.54109
192 1.40919
193 1.27758
196 1.26054
198 1.20262
199 1.05715
200 0.968684
201 0.967655
205 0.782918
206 0.780557
207 0.709497
212 0.709041
220 0.695402
227 0.691107
228 0.68756
229 0.67652
230 0.64888
231 0.644038
233 0.620138
234 0.611503
235 0.607555
236 0.594175
237 0.573603
238 0.557379
239 0.555124
246 0.552482
247 0.546407
253 0.543422
256 0.542487
258 0.541406
260 0.529214
261 0.519523
262 0.513256
263 0.505601
264 0.499284
265 0.495649
266 0.494078
268 0.48893
269 0.484151
270 0.483888
271 0.482267
273 0.479872
274 0.47271
275 0.472072
276 0.471497
277 0.468085
280 0.462898
283 0.455902
284 0.452306
286 0.450868
289 0.449798
290 0.443704
293 0.438716
295 0.438547
298 0.431476
299 0.428549
300 0.428357
302 0.428341
303 0.42449
304 0.422582
307 0.419465
308 0.412267
317 0.408761
318 0.407225
320 0.406991
321 0.403894
322 0.4001
323 0.398708
324 0.396643
325 0.394405
326 0.392348
327 0.390655
328 0.388237
329 0.38629
330 0.384186
331 0.381101
334 0.37903
335 0.375336
336 0.372768
337 0.371116
340 0.368687
341 0.367117
342 0.366333
343 0.366271
344 0.364334
345 0.362158
346 0.361767
347 0.360605
348 0.357269
349 0.35456
350 0.351994
351 0.349713
352 0.348157
353 0.347043
355 0.346144
356 0.343539
357 0.341895
358 0.341265
359 0.341229
360 0.340797
362 0.337347
363 0.335267
364 0.33459
365 0.333071
368 0.330595
369 0.328659
370 0.32758
372 0.327181
375 0.326792
376 0.323747
377 0.321504
378 0.319613
381 0.317214
382 0.315519
383 0.313862
384 0.313089
385 0.313006
386 0.312685
388 0.311395
389 0.30915
390 0.307652
391 0.305988
393 0.304925
394 0.302367
395 0.301134
396 0.301023
402 0.298156
403 0.297855
405 0.295606
406 0.293982
407 0.292728
408 0.290664
410 0.289921
411 0.289123
413 0.288473
414 0.288411
415 0.287202
416 0.284724
417 0.282782
418 0.280542
419 0.278324
420 0.276239
421 0.274758
422 0.272639
423 0.270509
424 0.268843
425 0.266587
426 0.265275
427 0.263805
428 0.262799
431 0.261317
432 0.259996
433 0.258497
434 0.257961
435 0.257286
436 0.255731
437 0.254859
438 0.253546
440 0.253501
443 0.252119
446 0.250885
447 0.249876
448 0.248862
449 0.24819
450 0.247376
453 0.245295
454 0.24489
455 0.24479
456 0.244542
457 0.244538
458 0.244371
459 0.244299
463 0.243594
464 0.240978
465 0.240547
466 0.240488
468 0.24044
469 0.239011
470 0.238434
471 0.237712
473 0.237675
475 0.237585
476 0.237015
477 0.236906
478 0.235853
480 0.235583
481 0.233785
482 0.232687
483 0.232214
485 0.231992
490 0.231472
492 0.231101
493 0.229439
494 0.228686
497 0.228263
498 0.226927
499 0.226203
502 0.22619
503 0.225864
504 0.225751
505 0.224303
506 0.222867
507 0.221796
509 0.221478
510 0.221034
512 0.220535
514 0.220529
516 0.22052
518 0.220256
520 0.219415
521 0.217907
524 0.217671
525 0.217264
527 0.216999
530 0.216224
531 0.216217
532 0.216112
534 0.215711
535 0.215677
536 0.214997
537 0.214531
540 0.214385
541 0.214382
542 0.213799
543 0.213107
544 0.212751
545 0.212616
547 0.212375
549 0.211607
550 0.211302
551 0.210517
552 0.210435
554 0.210046
557 0.209302
558 0.208773
559 0.208111
560 0.207904
562 0.207504
565 0.206716
566 0.206051
567 0.205992
568 0.205773
569 0.205511
570 0.205
571 0.204652
572 0.204052
573 0.203468
574 0.203049
575 0.202299
576 0.201937
577 0.201668
578 0.201124
579 0.200558
580 0.200022
581 0.199467
582 0.199376
584 0.198848
585 0.198733
586 0.198598
587 0.198052
588 0.197207
589 0.196475
590 0.195718
591 0.194943
592 0.194171
593 0.193447
594 0.19283
595 0.192075
596 0.191695
597 0.191435
599 0.190978
600 0.190506
601 0.190109
602 0.189832
603 0.18965
605 0.189021
606 0.18844
608 0.188373
609 0.187781
610 0.187108
611 0.186658
612 0.18623
613 0.185818
614 0.185258
615 0.184678
616 0.184236
617 0.183846
618 0.183378
619 0.183014
620 0.182417
621 0.18235
623 0.181412
624 0.180991
625 0.180775
627 0.18073
628 0.180673
631 0.18043
633 0.180164
634 0.17997
635 0.179958
636 0.179355
639 0.179216
641 0.178928
643 0.178912
644 0.178505
645 0.178189
646 0.177975
647 0.177937
651 0.177328
652 0.177234
654 0.177008
655 0.176988
658 0.176929
661 0.176287
662 0.176037
663 0.176029
664 0.17579
665 0.175306
666 0.174908
667 0.174405
668 0.174099
669 0.173819
670 0.173722
673 0.173711
674 0.173137
675 0.17259
676 0.17215
677 0.171848
680 0.171273
681 0.17098
682 0.170817
684 0.170596
685 0.17053
686 0.170528
689 0.170325
692 0.16973
693 0.169485
695 0.169484
698 0.1691
699 0.1688
700 0.168549
701 0.168487
703 0.168483
704 0.168477
705 0.168459
706 0.168036
707 0.167571
708 0.167162
709 0.166628
710 0.166121
711 0.165625
712 0.165118
713 0.164594
714 0.164069
715 0.163618
716 0.163332
717 0.16294
718 0.162485
719 0.162186
720 0.161997
721 0.161927
723 0.161466
724 0.160925
725 0.160483
726 0.159979
727 0.159464
728 0.159058
729 0.15867
730 0.158262
731 0.157893
732 0.157543
733 0.157122
734 0.156967
737 0.156404
738 0.15591
739 0.155422
740 0.15494
741 0.154574
742 0.154289
743 0.153928
744 0.153509
745 0.15332
746 0.153098
747 0.152853
748 0.152575
749 0.152288
750 0.152076
751 0.152023
752 0.151908
753 0.151461
754 0.151072
755 0.150747
758 0.150278
759 0.150052
760 0.150046
762 0.149898
763 0.149868
764 0.149808
766 0.14968
767 0.149567
769 0.14941
770 0.148941
771 0.148546
773 0.14849
774 0.148243
775 0.148242
776 0.148082
779 0.148023
780 0.147989
781 0.147946
782 0.147922
783 0.147597
784 0.147359
785 0.146991
786 0.146905
787 0.146346
788 0.145859
789 0.145541
790 0.14527
791 0.144809
792 0.144366
793 0.143926
794 0.143532
795 0.143123
796 0.142714
797 0.142328
798 0.142037
799 0.1418
800 0.141364
801 0.140952
802 0.140682
803 0.14063
805 0.140425
808 0.140261
809 0.140254
810 0.140039
811 0.139619
812 0.139393
813 0.139365
814 0.139337
815 0.139196
816 0.138894
817 0.138585
818 0.138144
819 0.137836
820 0.137417
821 0.13706
822 0.136727
823 0.136464
824 0.136165
825 0.135902
826 0.135454
827 0.135171
828 0.134905
829 0.134447
830 0.134113
831 0.133697
832 0.133309
833 0.132935
834 0.132548
835 0.132157
836 0.131817
837 0.13147
838 0.131109
839 0.130722
840 0.130408
841 0.130173
842 0.129843
843 0.129462
844 0.129136
845 0.128976
846 0.128833
847 0.128498
848 0.128288
849 0.12789
850 0.127525
851 0.127218
852 0.126863
853 0.126546
854 0.126264
855 0.126051
856 0.126044
857 0.126028
858 0.125892
859 0.125611
860 0.12527
861 0.124901
862 0.12461
863 0.124347
864 0.124021
865 0.123676
866 0.123359
867 0.123069
868 0.122866
869 0.12247
870 0.122146
871 0.121912
872 0.12179
873 0.121608
874 0.12152
876 0.121248
877 0.120954
878 0.120585
879 0.120274
880 0.120162
881 0.120046
883 0.119981
884 0.119977
885 0.119604
886 0.119244
887 0.118927
888 0.118663
889 0.118441
891 0.11841
892 0.118188
893 0.11793
894 0.117838
895 0.117526
896 0.117336
897 0.117308
898 0.117274
899 0.116997
900 0.116694
901 0.116631
902 0.116478
904 0.116358
905 0.11612
906 0.115992
908 0.115969
909 0.115815
910 0.115637
911 0.115422
912 0.115101
913 0.114832
914 0.114509
915 0.114216
916 0.113967
917 0.113649
918 0.11334
919 0.11312
920 0.112859
921 0.112744
922 0.112731
923 0.112393
924 0.112066
925 0.111735
926 0.111414
927 0.11115
928 0.110846
929 0.11053
930 0.110198
931 0.109871
932 0.109533
933 0.109197
934 0.108873
935 0.108545
936 0.108272
937 0.107987
938 0.107675
939 0.107358
940 0.107052
941 0.106721
942 0.106394
943 0.106096
944 0.105787
945 0.105507
946 0.105236
947 0.104965
948 0.104698
949 0.104424
950 0.104099
951 0.103817
952 0.103589
955 0.103382
956 0.103191
957 0.103124
959 0.103073
960 0.102951
963 0.102937
964 0.102794
965 0.102713
967 0.10262
968 0.102468
969 0.102466
972 0.102429
973 0.102
974 0.101872
976 0.101828
978 0.101587
979 0.101554
980 0.101536
982 0.101485
983 0.10126
984 0.101198
985 0.10114
986 0.101023
987 0.100911
988 0.100881
990 0.100875
992 0.100712
994 0.100699
998 0.100626
1000 0.100616
1001 0.100277
1003 0.100266
1004 0.100051
1005 0.099937
1006 0.0999243
1008 0.0998711
1010 0.0998035
1011 0.0997971
1012 0.0997384
1013 0.0997259
1015 0.099712
1016 0.0995626
1018 0.0995552
1020 0.0995517
1021 0.0992316
1025 0.0992167
1026 0.0990049
1027 0.0988448
1028 0.0986876
1030 0.0986801
1031 0.0986158
1032 0.0986155
1035 0.098311
1036 0.0980528
1037 0.0979387
1038 0.0978721
1039 0.0978627
1040 0.0976956
1041 0.0975787
1042 0.0973201
1043 0.0969463
1044 0.0966442
1045 0.096492
1049 0.0964753
1050 0.0963356
1051 0.0962089
1052 0.0961973
1053 0.0961827
1055 0.0961525
1056 0.0961047
1057 0.0959258
1060 0.0958043
1061 0.0955636
1062 0.0953417
1063 0.0952355
1064 0.0949118
1065 0.0948707
1066 0.0948634
1067 0.0947171
1068 0.0947064
1069 0.0945477
1070 0.0944843
1071 0.0944505
1072 0.0942269
1073 0.0942209
1074 0.0942048
1077 0.0939779
1078 0.0939709
1079 0.0939639
1080 0.0939113
1081 0.0939104
1082 0.0938166
1083 0.0937337
1084 0.0934906
1085 0.0934678
1089 0.0933628
1090 0.0933306
1098 0.0930357
1100 0.0930134
1103 0.0928575
1106 0.0926162
1107 0.0925252
1109 0.0924793
1110 0.0924769
1111 0.0922647
1112 0.0921462
1113 0.0919254
1114 0.0918565
1116 0.0917121
1117 0.0915279
1118 0.0912538
1119 0.0910023
1120 0.0908859
1121 0.0906878
1122 0.0906219
1123 0.0905799
1124 0.0904794
1126 0.090225
1127 0.0901345
1128 0.090013
1129 0.0900097
1132 0.0899503
1134 0.0899267
1137 0.0898123
1138 0.0897013
1139 0.0896729
1141 0.0895937
1142 0.0895926
1143 0.0895137
1144 0.089295
1149 0.0892783
1150 0.0892528
1152 0.0891233
1153 0.088958
1154 0.0889093
1156 0.088881
1158 0.0885746
1159 0.0884236
1160 0.0884103
1162 0.0884088
1163 0.0884083
1165 0.0884073
1167 0.0883215
1168 0.0880978
1169 0.0880516
1173 0.0878178
1175 0.0878035
1176 0.0877595
1181 0.087718
1183 0.0874093
1184 0.0873696
1188 0.0871753
1191 0.0869638
1192 0.086954
1196 0.0869253
1198 0.0867183
1207 0.0864742
1208 0.0864476
1209 0.0864319
1210 0.0862059
1211 0.0860295
1212 0.0860282
1214 0.0859072
1215 0.0857176
1216 0.0856304
1217 0.0855495
1218 0.0854703
1220 0.085417
1222 0.0853141
1223 0.0849442
1224 0.0849347
1225 0.0849233
1226 0.0847416
1227 0.0846334
1229 0.0845946
1231 0.0845781
1233 0.0842765
1234 0.0840654
1236 0.0839712
1237 0.0838248
1238 0.0838202
1239 0.0838156
1240 0.0837394
1242 0.0837318
1244 0.0836476
1246 0.0834557
1247 0.0834042
1248 0.0833467
1250 0.0833062
1253 0.0832791
1256 0.0832745
1261 0.0831657
1262 0.0829918
1263 0.0829548
1264 0.0829408
1265 0.0828749
1266 0.0827653
1267 0.0827162
1268 0.0827147
1269 0.0826533
1273 0.0826015
1274 0.0825504
1275 0.0824881
1276 0.082336
1277 0.0822229
1278 0.0821736
1279 0.0820486
1280 0.0819122
1281 0.0817777
1282 0.0816449
1283 0.081522
1284 0.0814004
1285 0.0812767
1286 0.0811449
1287 0.0810315
1288 0.0809619
1289 0.0809082
1290 0.0808812
1291 0.0808809
1292 0.0808106
1293 0.080722
1294 0.0806381
1295 0.0805092
1296 0.0804038
1297 0.0802844
1298 0.0802146
1299 0.080084
1300 0.0799573
1301 0.0798447
1302 0.079724
1303 0.0796036
1304 0.07951
1305 0.0795084
1307 0.0794165
1308 0.0793572
1309 0.0792487
1310 0.0791604
1311 0.0790507
1312 0.0790012
1313 0.0789597
1314 0.0789208
1316 0.0788259
1317 0.0787472
1318 0.0787154
1320 0.0787106
1325 0.0786935
1328 0.0785704
1329 0.0785116
1334 0.0784304
1335 0.0783885
1337 0.0783668
1343 0.0782857
1344 0.0782414
1346 0.078202
1347 0.0781589
1350 0.0780422
1351 0.0779326
1352 0.0778898
1353 0.0778712
1356 0.0778685
1357 0.0778515
1358 0.0778401
1360 0.0778163
1361 0.0777028
1362 0.077616
1363 0.0775392
1364 0.0774519
1366 0.0774513
1367 0.0774388
1368 0.0774259
1370 0.0774221
1372 0.0773597
1373 0.0772777
1374 0.0772188
1375 0.0771691
1376 0.0770878
1379 0.0770259
1380 0.0769754
1381 0.0769563
1383 0.0769528
1384 0.0769495
1385 0.0768987
1387 0.0768584
1389 0.0768303
1390 0.0767205
1392 0.0767093
1397 0.0766304
1398 0.0766098
1401 0.0765743
1402 0.0764868
1403 0.0764496
1405 0.0763434
1406 0.076214
1407 0.0761669
1408 0.0761495
1410 0.076136
1412 0.0761026
1416 0.0760628
1417 0.0759474
1418 0.0759366
1419 0.0759299
1420 0.075866
1421 0.0758519
1422 0.0757264
1424 0.0757055
1425 0.0756741
1426 0.0756621
1427 0.0756246
1428 0.0755533
1429 0.0755008
1430 0.0754898
1431 0.0754024
1433 0.0753975
1434 0.0752839
1435 0.0752566
1436 0.0752067
1437 0.0752037
1441 0.0751932
1443 0.0751798
1444 0.0750696
1447 0.0749808
1448 0.0748728
1449 0.0748402
1451 0.0747794
1452 0.0747088
1453 0.0746507
1454 0.0746169
1455 0.0746163
1456 0.0745262
1457 0.0744081
1458 0.0742961
1459 0.0741775
1460 0.0740587
1461 0.0739485
1462 0.0738738
1463 0.0738069
1464 0.0737486
1465 0.0736037
1466 0.0735406
1467 0.0734768
1468 0.0734448
1470 0.0734335
1474 0.0733755
1478 0.0733653
1479 0.0733113
1483 0.0732419
1484 0.0731673
1485 0.0731194
1486 0.0730212
1487 0.0729338
1488 0.0728134
1489 0.0726895
1490 0.072573
1491 0.072508
1492 0.0724902
1493 0.0724722
1494 0.0724317
1496 0.0724234
1497 0.0724151
1498 0.0722999
1501 0.0722464
1502 0.0721515
1504 0.0721443
1506 0.072134
1507 0.0721014
1509 0.0720654
1510 0.0720575
1511 0.071998
1512 0.0719745
1513 0.0719473
1514 0.0719142
1516 0.071819
1519 0.0716828
1520 0.0715972
1521 0.0714669
1522 0.0713382
1523 0.0712186
1524 0.0710933
1525 0.0709804
1526 0.0708594
1527 0.0707368
1528 0.0706194
1529 0.0704999
1530 0.0703756
1531 0.070257
1532 0.070135
1533 0.070031
1534 0.0699044
1535 0.0697781
1536 0.0696554
1537 0.0695451
1538 0.0694562
1539 0.0693358
1540 0.0692577
1541 0.0691566
1542 0.0690974
1543 0.0690229
1544 0.0690055
1546 0.0690037
1548 0.0689722
1550 0.0688878
1551 0.0688031
1552 0.0687771
1553 0.0687687
1554 0.0687563
1555 0.0687494
1557 0.0687314
1558 0.0686847
1559 0.0685637
1560 0.0685313
1561 0.0684726
1562 0.0684652
1564 0.0684189
1565 0.0683436
1567 0.0683118
1568 0.0682618
1570 0.0681968
1572 0.0681714
1573 0.0681688
1574 0.0680607
1575 0.0679792
1580 0.067853
1581 0.0677917
1582 0.0677665
1586 0.0676633
1589 0.0676051
1590 0.0675847
1592 0.0675673
1593 0.06755
1596 0.0674567
1597 0.0674389
1599 0.0674337
1600 0.0674332
1601 0.0674316
1602 0.0674284
1605 0.0672939
1606 0.0672114
1607 0.0671445
1608 0.0671282
1609 0.0671276
1610 0.067108
1611 0.0670791
1612 0.0669871
1613 0.0669839
1615 0.0668883
1616 0.0667795
1617 0.0666656
1618 0.0665584
1619 0.0664755
1620 0.0664186
1621 0.0663314
1622 0.0662752
1624 0.0662505
1625 0.0661619
1626 0.0661087
1628 0.066054
1630 0.066045
1631 0.0660102
1634 0.0659893
1636 0.0659534
1637 0.065912
1639 0.0658406
1642 0.0657448
1643 0.0657215
1644 0.0656742
1645 0.065538
1646 0.065415
1647 0.0653482
1648 0.065283
1649 0.0652313
1650 0.0651915
1651 0.0651044
1654 0.0650151
1655 0.0649103
1656 0.0648346
1657 0.0647363
1658 0.0646914
1659 0.0646816
1661 0.0646789
1663 0.0645771
1664 0.0645094
1665 0.0644112
1667 0.0643947
1668 0.0643311
1669 0.0642535
1670 0.0641715
1671 0.0641495
1672 0.0641469
1673 0.0641248
1674 0.0641161
1675 0.064064
1676 0.0640564
1679 0.0639371
1680 0.063849
1681 0.0638461
1683 0.0637526
1684 0.0636659
1685 0.063585
1686 0.063506
1687 0.0634935
1688 0.0634907
1689 0.0634681
1690 0.0634677
1691 0.0634397
1692 0.0634243
1693 0.0633515
1694 0.0633004
1696 0.0632054
1697 0.0631501
1698 0.0631348
1701 0.0631334
1702 0.063039
1704 0.063035
1707 0.0629641
1708 0.0628605
1709 0.0628237
1710 0.0628118
1711 0.0627708
1712 0.062734
1714 0.0627241
1715 0.0626132
1716 0.0625432
1717 0.0625353
1721 0.0624998
1722 0.0624096
1723 0.0623744
1725 0.0623608
1728 0.0623481
1729 0.0623346
1731 0.0622036
1732 0.062125
1733 0.0620618
1736 0.0619772
1737 0.0619591
1738 0.0619554
1741 0.0619306
1744 0.0619206
1745 0.0618154
1749 0.0618123
1750 0.0617613
1752 0.0617
1753 0.0615923
1754 0.0615484
1755 0.061513
1756 0.0614462
1759 0.0613764
1760 0.0612484
1761 0.0611645
1762 0.0610528
1763 0.0609536
1764 0.0608487
1765 0.0607484
1766 0.060646
1767 0.0605461
1768 0.0604614
1769 0.0603638
1770 0.0602931
1771 0.0602475
1772 0.0602104
1774 0.0601684
1775 0.0601609
1776 0.0600721
1777 0.0599781
1778 0.0599399
1779 0.0598782
1780 0.0598225
1781 0.0597492
1782 0.0596608
1783 0.0595793
1784 0.0595222
1785 0.0594747
1786 0.0593982
1787 0.0593545
1788 0.0593538
1789 0.0593409
1790 0.0592515
1791 0.0591777
1792 0.0591053
1794 0.0591016
1795 0.0589913
1796 0.0589443
1797 0.0588962
1798 0.0588512
1802 0.058844
1805 0.0587974
1806 0.0586971
1808 0.0586658
1811 0.0585816
1812 0.0585708
1813 0.0585636
1814 0.0585025
1817 0.0584819
1818 0.0584764
1819 0.0584085
1820 0.058365
1821 0.0582846
1822 0.0582164
1823 0.0581642
1824 0.0580984
1825 0.0580047
1826 0.0579823
1828 0.0579096
1829 0.0578725
1830 0.057837
1831 0.0578236
1833 0.0577744
1834 0.0576531
1835 0.0575723
1836 0.0574957
1838 0.0574922
1839 0.0574279
1842 0.057413
1844 0.0574058
1845 0.0573997
1846 0.0573941
1847 0.0573701
1848 0.0573068
1849 0.0572626
1850 0.0572502
1852 0.0571123
1853 0.0570099
1854 0.0569357
1855 0.0568505
1856 0.056762
1859 0.0567287
1860 0.0566971
1862 0.0566653
1863 0.0566549
1865 0.0565833
1866 0.0565234
1869 0.0564208
1870 0.0563404
1871 0.0562781
1872 0.0561687
1873 0.0560862
1874 0.0560086
1875 0.0559404
1876 0.0558578
1877 0.0557759
1878 0.0557022
1879 0.0556332
1880 0.0555576
1881 0.0554646
1882 0.0553805
1883 0.0553271
1884 0.055275
1885 0.0552321
1886 0.0551938
1887 0.0551784
1888 0.0551692
1889 0.055166
1890 0.055127
1891 0.0549953
1892 0.0549449
1893 0.0548895
1894 0.0548427
1895 0.0548374
1896 0.0548301
1897 0.054829
1899 0.0548282
1902 0.0548207
1904 0.0548042
1905 0.05466
1906 0.0545992
1908 0.0545669
1911 0.0545089
1912 0.0544789
1913 0.0544647
1914 0.054434
1915 0.0544263
1919 0.0543833
1920 0.0543274
1924 0.0543261
1925 0.0543121
1928 0.0543108
1929 0.0542361
1935 0.0541884
1936 0.054172
1937 0.0541715
1938 0.0541684
1940 0.0541639
1941 0.0541633
1943 0.054157
1944 0.0541129
1945 0.0541019
1947 0.0540926
1948 0.0540868
1949 0.0540762
1951 0.0540669
1952 0.0540029
1953 0.0539968
1954 0.0539913
1955 0.0539764
1957 0.0539597
1958 0.0539484
1961 0.0539241
1963 0.0539133
1965 0.0538536
1966 0.0538081
1967 0.0537714
1968 0.0537646
1969 0.0537629
1970 0.0537598
1973 0.0537415
1976 0.053726
1977 0.0537249
1978 0.0536858
1979 0.0536488
1981 0.0536365
1982 0.0535952
1983 0.0535845
1984 0.0535835
1985 0.0535574
1987 0.0535572
1988 0.0535328
1989 0.0535137
1990 0.0534936
1991 0.0534588
1992 0.0534417
1993 0.0534371
1994 0.0534178
1995 0.0533502
1996 0.0533076
1997 0.0532769
2001 0.0532758
2002 0.0532747
2004 0.0532684
2005 0.0532591
2008 0.0532058
2009 0.0531767
2010 0.05317
2012 0.0531201
2013 0.0530705
2014 0.0530474
2015 0.0530184
2016 0.0529888
2017 0.0529556
2018 0.0529523
2019 0.0529522
2020 0.0529495
2021 0.0529473
2022 0.052943
2023 0.0529199
2024 0.0528823
2025 0.0528333
2026 0.052798
2027 0.0527881
2028 0.0527839
2030 0.052777
2031 0.0527483
2032 0.0527133
2033 0.0526999
2036 0.0526982
2037 0.052674
2038 0.0526405
2039 0.0526292
2040 0.0526225
2042 0.0525648
2043 0.0525442
2044 0.0525406
2045 0.052499
2046 0.0524838
2048 0.0524781
2049 0.0524574
2051 0.0524404
2053 0.0524382
2054 0.052393
2055 0.0523508
2056 0.0523439
2057 0.052339
2058 0.0523224
2060 0.0523207
2061 0.0522768
2062 0.0522477
2063 0.0522151
2064 0.052204
2066 0.0522017
2067 0.0521972
2068 0.0521871
2069 0.0521682
2070 0.0521563
2074 0.0520947
2075 0.0520479
2076 0.052033
2077 0.0520002
2079 0.0519975
2080 0.051982
2082 0.0519706
2083 0.0519592
2084 0.0519451
2085 0.0519338
2087 0.0519259
2089 0.0518696
2090 0.051849
2091 0.051834
2092 0.0518227
2094 0.0518019
2095 0.0517996
2099 0.0517922
2101 0.051777
2102 0.0517271
2105 0.051715
2106 0.0517135
2107 0.051671
2108 0.0516201
2109 0.0515727
2110 0.051549
2111 0.0515281
2112 0.0515091
2113 0.0514938
2115 0.0514736
2116 0.0514388
2117 0.051394
2118 0.0513448
2119 0.0512861
2120 0.0512353
2121 0.0511926
2122 0.0511485
2123 0.0511142
2124 0.0510785
2125 0.0510575
2126 0.0510444
2127 0.0510413
2133 0.0509761
2134 0.0509395
2135 0.0509295
2136 0.0509269
2138 0.0509251
2141 0.0508829
2142 0.0508819
2143 0.0508769
2144 0.0508739
2146 0.0508391
2147 0.0508225
2148 0.0507639
2149 0.0507377
2150 0.0507059
2151 0.050686
2152 0.0506688
2153 0.05066
2154 0.0506594
2155 0.0506486
2159 0.0506269
2161 0.0506169
2162 0.0505612
2163 0.0505428
2165 0.050542
2168 0.0505126
2169 0.0504691
2170 0.0504557
2172 0.0504445
2173 0.0504444
2174 0.050419
2175 0.050382
2176 0.050333
2177 0.0503081
2178 0.0502649
2179 0.0502389
2180 0.0502221
2181 0.0502207
2182 0.0501847
2183 0.0501445
2184 0.0501114
2185 0.0500904
2186 0.0500821
2188 0.0500741
2189 0.050053
2190 0.0500099
2191 0.0499651
2192 0.0499441
2193 0.0499403
2196 0.0499318
2197 0.0498946
2198 0.0498874
2200 0.0498779
2202 0.0498538
2203 0.0498398
2206 0.0498
2207 0.0497758
2208 0.049766
2209 0.0497652
2210 0.0497569
2211 0.0497561
2212 0.0497418
2214 0.0497395
2216 0.0497372
2217 0.0497095
2219 0.0496986
2220 0.0496543
2221 0.049621
2223 0.0496151
2225 0.0496123
2228 0.0495662
2229 0.0495463
2230 0.0495379
2231 0.0495363
2232 0.0495087
2233 0.0494884
2234 0.0494554
2237 0.0494179
2238 0.0493911
2239 0.0493904
2240 0.0493858
2242 0.0493842
2244 0.0493743
2246 0.0493592
2247 0.0493511
2250 0.0492957
2251 0.0492551
2252 0.0492339
2254 0.0492311
2255 0.0492021
2256 0.0492005
2257 0.0491905
2259 0.0491751
2262 0.0491717
2264 0.0491369
2266 0.0491338
2267 0.0490914
2268 0.0490678
2269 0.0490547
2270 0.0490542
2271 0.0490458
2272 0.0490445
2273 0.0490429
2276 0.0490395
2278 0.0490326
2279 0.0489711
2280 0.0489462
2281 0.0489424
2285 0.0488986
2286 0.0488778
2288 0.0488756
2291 0.0488733
2292 0.0488241
2293 0.0488157
2294 0.0487763
2295 0.0487286
2296 0.048702
2297 0.0486904
2299 0.0486567
2300 0.0486387
2301 0.0486356
2302 0.0486343
2303 0.048627
2304 0.0486245
2305 0.0485991
2306 0.0485798
2307 0.048522
2308 0.0484863
2309 0.0484473
2310 0.0484143
2311 0.0483699
2312 0.0483427
2313 0.0483092
2314 0.0482754
2315 0.0482684
2317 0.0482548
2319 0.0482466
2320 0.0482259
2321 0.0481824
2322 0.0481355
2323 0.0481203
2324 0.048094
2325 0.0480913
2327 0.0480574
2328 0.048053
2329 0.0480384
2330 0.048021
2331 0.0480204
2332 0.0479925
2334 0.0479663
2335 0.0479184
2336 0.0478819
2337 0.0478725
2340 0.047837
2341 0.0478027
2342 0.0477972
2344 0.0477915
2346 0.0477768
2348 0.0477657
2350 0.0477489
2351 0.0477004
2352 0.0476784
2353 0.0476523
2354 0.0476392
2355 0.0476082
2357 0.0476074
2358 0.0476017
2359 0.0476003
2360 0.0475956
2361 0.0475801
2363 0.0475721
2364 0.0475303
2365 0.0475062
2366 0.047504
2367 0.0475033
2369 0.0475027
2370 0.0474663
2371 0.0474618
2372 0.04746
2373 0.0474558
2374 0.0474502
2375 0.0474166
2376 0.0474113
2379 0.0474036
2380 0.0473666
2381 0.0473588
2382 0.0473587
2383 0.0473477
2384 0.0472984
2385 0.0472593
2386 0.0472104
2387 0.0471649
2388 0.047121
2389 0.0470825
2390 0.0470366
2391 0.0469926
2392 0.0469493
2393 0.0469063
2394 0.0468618
2395 0.0468193
2396 0.0467777
2397 0.0467356
2398 0.0466985
2399 0.0466612
2400 0.0466255
2401 0.0465872
2402 0.0465477
2403 0.0465137
2404 0.0464723
2405 0.0464294
2406 0.0463872
2407 0.0463474
2408 0.0463068
2409 0.0462669
2410 0.0462287
2411 0.0461881
2412 0.0461638
2415 0.0461568
2417 0.0461347
2418 0.0461328
2420 0.0460855
2421 0.0460559
2422 0.0460208
2423 0.0459712
2424 0.0459285
2425 0.0458933
2426 0.0458589
2427 0.0458139
2428 0.0457716
2429 0.0457372
2430 0.045709
2431 0.0456964
2432 0.0456932
2433 0.0456519
2434 0.0456171
2435 0.0455735
2436 0.0455329
2437 0.0454875
2438 0.0454435
2439 0.0453977
2440 0.0453539
2441 0.0453116
2442 0.0452701
2443 0.0452446
2444 0.0451963
2445 0.0451514
2446 0.0451169
2447 0.0450692
2448 0.0450357
2449 0.0450186
2450 0.045002
2452 0.04498
2453 0.0449509
2454 0.0449209
2455 0.0449064
2458 0.0448777
2461 0.0448306
2462 0.0448026
2463 0.0447959
2465 0.0447834
2466 0.0447826
2467 0.0447648
2470 0.0447602
2471 0.0447454
2472 0.044707
2473 0.0447004
2474 0.0446969
2475 0.0446605
2476 0.0446249
2477 0.0446132
2478 0.0445997
2479 0.04457
2482 0.0445295
2483 0.0445074
2484 0.0444717
2485 0.0444499
2486 0.0444421
2489 0.0444367
2490 0.0444162
2491 0.0444065
2493 0.0443791
2495 0.0443756
2496 0.0443607
2499 0.0443113
2500 0.044303
2501 0.0443022
2502 0.0442974
2504 0.0442943
2505 0.0442931
2507 0.0442892
2508 0.0442502
2509 0.0442275
2510 0.044196
2511 0.0441916
2512 0.0441834
2513 0.0441667
2514 0.0441218
2515 0.044111
2516 0.0440917
2517 0.0440503
2518 0.0440353
2519 0.0440265
2521 0.0440124
2523 0.0439771
2524 0.0439376
2525 0.0439062
2526 0.0438666
2527 0.0438297
2528 0.0438034
2529 0.0437691
2530 0.0437351
2531 0.0437214
2532 0.0436894
2533 0.0436798
2534 0.0436614
2536 0.043659
2537 0.0436376
2539 0.0436276
2540 0.0436035
2542 0.0436024
2543 0.0435689
2545 0.0435566
2546 0.0435397
2547 0.0435192
2548 0.043487
2549 0.0434785
2551 0.043449
2552 0.0434243
2553 0.0433939
2554 0.0433774
2555 0.0433673
2556 0.043352
2557 0.0433247
2558 0.0432744
2559 0.043259
2560 0.043236
2561 0.0432291
2562 0.0432236
2563 0.0432107
2564 0.0432082
2565 0.0432033
2568 0.0431782
2569 0.0431612
2571 0.0431193
2572 0.0430885
2573 0.0430801
2574 0.0430657
2575 0.0430553
2576 0.0430338
2577 0.0430193
2578 0.0430124
2579 0.0430116
2580 0.0430085
2581 0.0429638
2582 0.0429368
2583 0.04292
2584 0.0428986
2585 0.0428768
2587 0.0428661
2588 0.0428289
2590 0.0428275
2591 0.0428092
2592 0.0427983
2593 0.0427971
2594 0.0427936
2595 0.0427927
2596 0.0427917
2597 0.0427824
2599 0.0427698
2600 0.0427261
2601 0.0426948
2602 0.0426826
2606 0.0426604
2607 0.0426341
2608 0.0426078
2613 0.0425674
2614 0.0425396
2616 0.0425329
2617 0.0425081
2618 0.0425018
2620 0.0424749
2621 0.0424532
2622 0.0424329
2623 0.0424259
2625 0.0424189
2626 0.0424045
2627 0.0423911
2628 0.0423399
2629 0.0423176
2630 0.0423025
2631 0.0423001
2632 0.0422975
2633 0.0422889
2634 0.0422798
2636 0.0422753
2637 0.0422297
2638 0.0421944
2639 0.0421837
2640 0.0421792
2641 0.0421758
2642 0.042164
2644 0.0421495
2645 0.0421121
2646 0.0420932
2647 0.04209
2648 0.0420864
2650 0.042063
2653 0.0420268
2654 0.0420046
2655 0.0419993
2657 0.0419921
2658 0.0419907
2659 0.0419764
2660 0.0419316
2661 0.0418954
2662 0.041883
2663 0.0418714
2665 0.0418465
2666 0.0418008
2667 0.0417645
2668 0.0417287
2669 0.0417039
2671 0.0416897
2674 0.0416762
2675 0.0416457
2676 0.0416213
2677 0.0416163
2679 0.0416123
2681 0.0416021
2684 0.0415498
2685 0.0415206
2686 0.0415114
2688 0.0415043
2689 0.0414925
2692 0.041465
2693 0.0414587
2694 0.041452
2695 0.0414274
2697 0.0414049
2702 0.0413712
2703 0.0413471
2704 0.0413371
2705 0.0413367
2706 0.0413262
2708 0.0413248
2712 0.0413054
2713 0.0412684
2714 0.0412627
2715 0.0412588
2717 0.0412482
2718 0.0412269
2719 0.0412109
2721 0.0411923
2724 0.0411798
2725 0.0411662
2727 0.0411625
2729 0.0411462
2730 0.04112
2732 0.0411183
2733 0.0411147
2735 0.0411133
2736 0.0411083
2739 0.0410716
2740 0.041051
2742 0.04102
2743 0.0410194
2745 0.0409742
2746 0.0409555
2747 0.0409305
2748 0.0409268
2752 0.0409133
2753 0.040913
2754 0.0408958
2755 0.0408726
2756 0.0408264
2757 0.0407836
2758 0.0407441
2759 0.0407056
2760 0.0406719
2761 0.0406427
2762 0.0406319
2763 0.0406249
2765 0.0405946
2766 0.0405612
2767 0.0405515
2770 0.0405077
2771 0.040467
2772 0.04044
2773 0.0404064
2774 0.0403722
2775 0.0403518
2776 0.0403422
2777 0.040332
2778 0.0403227
2779 0.0402982
2780 0.0402739
2781 0.0402441
2782 0.0402265
2783 0.0401974
2784 0.0401716
2785 0.0401591
2786 0.0401359
2787 0.0401134
2789 0.0400996
2790 0.0400808
2791 0.0400646
2792 0.0400458
2793 0.040035
2794 0.0400263
2795 0.0400171
2799 0.0399887
2800 0.0399698
2801 0.0399645
2802 0.039956
2803 0.0399476
2804 0.0399408
2806 0.0399358
2808 0.0399198
2809 0.0398841
2810 0.039881
2812 0.0398744
2813 0.039872
2816 0.0398393
2817 0.0398239
2819 0.0398229
2820 0.0398032
2821 0.0397828
2823 0.0397794
2824 0.0397619
2828 0.039752
2829 0.0397363
2830 0.0397261
2831 0.0397234
2835 0.0396842
2836 0.0396489
2837 0.0396381
2838 0.0396376
2839 0.0396294
2840 0.0396292
2842 0.0396149
2845 0.0395765
2846 0.0395634
2847 0.0395603
2848 0.0395551
2849 0.0395521
2850 0.0395415
2851 0.0395037
2852 0.0394722
2853 0.039448
2854 0.0394311
2855 0.0394257
2856 0.0394254
2857 0.039402
2858 0.039377
2859 0.0393337
2860 0.0393055
2861 0.039279
2862 0.039269
2864 0.039233
2865 0.0391934
2866 0.0391556
2867 0.0391204
2868 0.0390897
2869 0.0390789
2872 0.0390697
2873 0.0390695
2874 0.039028
2875 0.0390043
2876 0.0389894
2877 0.0389882
2878 0.0389833
2880 0.0389561
2882 0.0389375
2883 0.0389114
2884 0.0388949
2886 0.0388887
2887 0.038886
2888 0.038876
2889 0.0388396
2890 0.0388059
2891 0.0387916
2896 0.038755
2897 0.0387276
2898 0.0387268
2904 0.038684
2905 0.0386805
2907 0.0386738
2909 0.0386726
2911 0.0386308
2912 0.0386029
2913 0.038593
2914 0.0385844
2915 0.0385711
2917 0.0385541
2918 0.0385165
2919 0.0384843
2920 0.038457
2921 0.0384351
2922 0.0384089
2923 0.0383862
2926 0.038351
2927 0.0383199
2928 0.0383007
2930 0.0383002
2931 0.0382989
2933 0.0382812
2934 0.0382614
2935 0.0382412
2936 0.0382074
2937 0.0381917
2938 0.0381742
2941 0.0381544
2942 0.0381472
2944 0.0381285
2945 0.0381262
2947 0.0381246
2949 0.0381069
2951 0.0381051
2954 0.0380641
2955 0.0380566
2958 0.0380536
2959 0.0380411
2961 0.0380354
2963 0.0380183
2964 0.0379832
2965 0.037974
2967 0.0379711
2968 0.0379511
2969 0.0379344
2970 0.0379138
2972 0.0379044
2974 0.0378799
2975 0.0378733
2976 0.0378711
2978 0.0378598
2979 0.0378306
2980 0.0378192
2981 0.0378159
2982 0.0378154
2984 0.0378142
2985 0.0378076
2987 0.0378004
2989 0.0377868
2990 0.0377533
2991 0.0377396
2993 0.0377395
2995 0.0377334
2996 0.0376999
2997 0.0376928
3001 0.0376865
3002 0.0376838
3003 0.0376785
3004 0.037654
3006 0.0376522
3007 0.0376094
3008 0.0375918
3009 0.0375812
3010 0.0375566
3011 0.0375245
3013 0.0375238
3016 0.0375223
3017 0.0375181
3020 0.0374775
3021 0.0374544
3022 0.0374461
3025 0.0374091
3028 0.0373973
3030 0.0373864
3031 0.0373861
3032 0.0373837
3034 0.0373814
3035 0.0373535
3036 0.0373101
3037 0.0372982
3039 0.0372894
3040 0.0372571
3041 0.0372286
3043 0.0372279
3046 0.0372264
3048 0.0371868
3049 0.0371623
3050 0.0371366
3051 0.0371123
3052 0.0371089
3054 0.0370987
3055 0.0370661
3056 0.0370291
3057 0.0370019
3058 0.036986
3060 0.0369858
3061 0.0369734
3062 0.0369725
3063 0.0369572
3066 0.0369333
3068 0.0369324
3069 0.0368946
3070 0.0368842
3071 0.0368791
3075 0.0368572
3076 0.0368488
3077 0.0368161
3078 0.0368107
3082 0.0367698
3083 0.0367482
3087 0.0367458
3090 0.036716
3091 0.0366847
3092 0.0366765
3094 0.0366592
3095 0.0366361
3096 0.036616
3097 0.0365821
3098 0.036552
3099 0.0365341
3100 0.0365175
3101 0.0365074
3102 0.0365056
3103 0.036483
3104 0.0364625
3105 0.0364388
3106 0.0363973
3107 0.0363639
3108 0.0363332
3109 0.0363048
3110 0.036279
3111 0.0362593
3114 0.0362559
3115 0.0362401
3116 0.0362312
3117 0.0362003
3118 0.0361937
3120 0.0361723
3122 0.0361721
3126 0.0361703
3127 0.0361596
3128 0.0361545
3129 0.0361208
3130 0.0361074
3131 0.0360764
3132 0.0360756
3133 0.0360698
3134 0.0360647
3135 0.0360221
3136 0.035991
3137 0.0359838
3139 0.0359783
3142 0.0359646
3143 0.035962
3144 0.0359585
3145 0.0359311
3146 0.0358909
3147 0.035867
3148 0.0358552
3149 0.0358439
3150 0.0358411
3151 0.0358383
3152 0.0358162
3153 0.0357847
3154 0.0357797
3158 0.0357621
3159 0.0357347
3161 0.035729
3162 0.0357275
3163 0.035715
3165 0.03571
3166 0.0356819
3167 0.0356724
3168 0.0356695
3169 0.0356692
3170 0.0356669
3171 0.0356607
3174 0.0356226
3175 0.0356155
3176 0.0356153
3177 0.0356148
3178 0.0356121
3180 0.0356104
3183 0.0355679
3184 0.0355567
3185 0.0355474
3187 0.0355452
3188 0.0355254
3189 0.0354856
3190 0.035467
3191 0.0354612
3192 0.0354611
3193 0.0354607
3194 0.0354601
3195 0.0354567
3198 0.0354488
3199 0.0354117
3200 0.0353953
3202 0.0353897
3203 0.0353774
3205 0.0353721
3209 0.0353659
3210 0.0353347
3211 0.0353209
3213 0.0353158
3215 0.0352894
3216 0.035284
3217 0.035272
3218 0.0352402
3219 0.0352213
3220 0.0352025
3221 0.0351968
3222 0.0351961
3223 0.0351795
3225 0.0351758
3227 0.0351741
3228 0.0351347
3229 0.0351325
3230 0.0351306
3231 0.035107
3233 0.0351053
3236 0.0350875
3238 0.0350843
3239 0.0350702
3241 0.0350386
3242 0.0350149
3247 0.0349822
3248 0.0349457
3249 0.0349103
3250 0.0348917
3251 0.0348793
3252 0.0348728
3254 0.034844
3255 0.0348228
3256 0.034811
3258 0.0347721
3259 0.0347397
3260 0.0347117
3261 0.0346942
3262 0.0346927
3264 0.034688
3265 0.0346831
3266 0.0346376
3267 0.0346152
3268 0.0346008
3272 0.034599
3273 0.0345907
3274 0.0345898
3276 0.0345695
3277 0.0345502
3278 0.0345071
3279 0.0344819
3282 0.0344743
3284 0.0344483
3285 0.0344459
3286 0.0344458
3287 0.0344416
3288 0.0344412
3291 0.0344353
3293 0.0344267
3294 0.034392
3296 0.0343917
3298 0.0343869
3299 0.0343856
3300 0.0343855
3301 0.0343585
3303 0.0343419
3305 0.0343312
3307 0.0343199
3309 0.0342803
3310 0.0342696
3314 0.0342692
3315 0.0342679
3316 0.0342665
3318 0.0342643
3320 0.034258
3321 0.0342172
3322 0.0342014
3327 0.03418
3328 0.0341792
3329 0.0341573
3330 0.0341482
3331 0.0341447
3332 0.034139
3334 0.0341357
3336 0.0341106
3337 0.0340665
3338 0.0340545
3339 0.0340538
3340 0.0340452
3343 0.0340399
3346 0.0340167
3347 0.0340048
3348 0.0339779
3349 0.0339742
3350 0.0339721
3351 0.0339611
3354 0.0339304
3357 0.0338987
3358 0.0338819
3359 0.0338754
3360 0.0338721
3361 0.0338686
3362 0.0338648
3363 0.0338351
3364 0.0338166
3365 0.033794
3366 0.0337822
3368 0.0337781
3370 0.0337491
3371 0.0337314
3374 0.0337172
3376 0.0336848
3377 0.0336729
3378 0.0336619
3379 0.03366
3381 0.0336596
3382 0.0336526
3383 0.0336413
3384 0.0336362
3386 0.033601
3387 0.0335859
3388 0.0335624
3389 0.0335563
3390 0.0335368
3393 0.0335229
3394 0.0335091
3396 0.0334868
3398 0.0334846
3399 0.0334703
3400 0.0334683
3401 0.0334564
3403 0.0334548
3404 0.0334141
3405 0.0333846
3406 0.0333621
3407 0.0333542
3408 0.0333521
3409 0.0333394
3410 0.0333321
3413 0.0333314
3414 0.0333086
3417 0.0332777
3418 0.0332749
3419 0.033266
3421 0.0332585
3422 0.0332306
3424 0.0332301
3427 0.0332037
3428 0.0331888
3429 0.0331775
3431 0.0331667
3432 0.0331506
3434 0.0331478
3436 0.0331473
3440 0.0331472
3443 0.0331392
3444 0.0331256
3445 0.0331179
3446 0.0331085
3447 0.0330978
3448 0.0330958
3449 0.0330955
3450 0.0330862
3451 0.0330859
3452 0.0330855
3453 0.0330784
3454 0.0330641
3455 0.0330502
3456 0.033037
3457 0.0330221
3458 0.0330088
3459 0.032994
3460 0.0329814
3461 0.0329702
3462 0.0329572
3463 0.0329476
3464 0.0329394
3465 0.0329299
3466 0.0329218
3467 0.0329168
3468 0.0329156
3469 0.032915
3470 0.0329022
3471 0.0329002
3472 0.0328804
3473 0.0328648
3474 0.0328555
3475 0.0328479
3476 0.0328465
3477 0.0328454
3478 0.0328453
3480 0.0328443
3481 0.0328442
3483 0.0328363
3484 0.0328302
3485 0.0328154
3486 0.0328019
3487 0.0327923
3488 0.032786
3489 0.0327766
3490 0.0327644
3491 0.0327584
3492 0.0327581
3494 0.0327571
3495 0.0327544
3496 0.032753
3497 0.0327394
3498 0.0327262
3499 0.0327136
3500 0.0327083
3503 0.0326931
3504 0.0326814
3505 0.0326723
3506 0.0326634
3507 0.0326565
3508 0.0326551
3510 0.0326513
3512 0.0326398
3513 0.0326289
3516 0.0326213
3517 0.0326072
3518 0.0325984
3519 0.0325909
3520 0.0325895
3521 0.0325893
3524 0.0325885
3525 0.0325884
3526 0.0325793
3527 0.0325737
3528 0.0325699
3529 0.0325626
3530 0.0325474
3531 0.0325354
3532 0.0325282
3533 0.0325255
3534 0.0325217
3535 0.0325159
3536 0.0325035
3537 0.032496
3538 0.0324883
3539 0.0324762
3540 0.0324651
3541 0.0324571
3542 0.0324443
3543 0.032431
3544 0.032418
3545 0.0324054
3546 0.0323927
3547 0.0323813
3548 0.0323721
3549 0.0323679
3551 0.0323637
3552 0.032353
3553 0.0323375
3554 0.032326
3555 0.0323151
3556 0.0323076
3557 0.0323019
3558 0.0322933
3559 0.0322892
3560 0.0322827
3561 0.0322767
3564 0.0322692
3565 0.03226
3566 0.0322445
3567 0.0322349
3568 0.0322266
3569 0.0322215
3570 0.032221
3571 0.0322192
3574 0.032206
3576 0.0322046
3577 0.0321962
3578 0.0321902
3579 0.0321771
3580 0.032168
3581 0.0321589
3582 0.0321536
3583 0.0321433
3585 0.0321398
3586 0.0321301
3587 0.0321166
3588 0.0321058
3589 0.0320985
3590 0.0320972
3591 0.0320961
3592 0.0320889
3593 0.0320818
3594 0.0320771
3597 0.0320637
3598 0.0320524
3599 0.0320428
3600 0.0320293
3601 0.032018
3602 0.0320093
3604 0.0320092
3605 0.0320067
3606 0.032005
3607 0.0319985
3608 0.0319852
3609 0.0319741
3610 0.0319616
3611 0.0319493
3612 0.0319386
3613 0.0319255
3614 0.0319154
3615 0.0319046
3616 0.0318907
3617 0.0318786
3618 0.0318718
3619 0.03186
3620 0.0318543
3621 0.0318482
3622 0.0318358
3623 0.0318205
3624 0.0318065
3625 0.0317943
3626 0.0317859
3627 0.031779
3628 0.0317754
3629 0.0317655
3630 0.0317531
3631 0.0317468
3633 0.0317454
3634 0.0317417
3636 0.0317279
3637 0.0317161
3638 0.0317069
3639 0.0317064
3640 0.0317007
3641 0.0316965
3642 0.0316843
3643 0.0316706
3644 0.0316605
3645 0.0316551
3646 0.0316536
3647 0.0316535
3648 0.0316471
3649 0.0316389
3650 0.0316324
3652 0.0316267
3653 0.0316142
3654 0.0316137
3655 0.0316135
3656 0.0316007
3657 0.0315924
3658 0.0315897
3659 0.0315885
3660 0.0315833
3661 0.0315829
3662 0.0315789
3664 0.0315739
3665 0.0315598
3666 0.0315486
3667 0.0315394
3668 0.0315307
3669 0.0315231
3670 0.0315206
3671 0.0315101
3673 0.0315086
3674 0.0314987
3675 0.0314868
3676 0.0314851
3678 0.0314721
3679 0.0314632
3680 0.0314589
3681 0.0314586
3682 0.0314526
3683 0.031451
3685 0.0314368
3686 0.0314252
3687 0.0314193
3688 0.0314184
3689 0.0314085
3690 0.0314041
3691 0.031403
3692 0.0313944
3693 0.031383
3694 0.0313778
3696 0.0313762
3699 0.0313616
3700 0.0313503
3701 0.031342
3702 0.0313366
3703 0.0313274
3704 0.0313273
3705 0.0313259
3706 0.0313164
3707 0.0313069
3708 0.0312936
3709 0.0312874
3710 0.0312826
3711 0.031282
3712 0.0312786
3713 0.0312783
3714 0.0312668
3715 0.0312565
3716 0.0312493
3717 0.0312474
3718 0.031243
3719 0.0312376
3722 0.0312229
3723 0.0312082
3724 0.0311991
3725 0.0311921
3726 0.0311903
3728 0.0311818
3729 0.0311789
3730 0.0311757
3731 0.0311651
3733 0.0311637
3734 0.0311561
3735 0.0311446
3736 0.0311314
3737 0.0311229
3738 0.0311151
3741 0.0311067
3742 0.0310956
3743 0.0310884
3744 0.0310761
3745 0.0310707
3746 0.0310642
3747 0.0310607
3748 0.0310602
3749 0.0310482
3750 0.0310382
3751 0.0310343
3752 0.031026
3753 0.0310151
3754 0.0310063
3755 0.0310013
3756 0.0310011
3757 0.030989
3758 0.0309811
3759 0.0309805
3761 0.0309799
3763 0.03097
3764 0.0309685
3765 0.0309613
3766 0.0309543
3767 0.0309387
3768 0.030928
3769 0.0309238
3771 0.0309166
3772 0.0309158
3773 0.0309122
3774 0.0309079
3775 0.0309001
3776 0.0308885
3777 0.0308785
3778 0.0308662
3779 0.0308579
3780 0.0308531
3781 0.0308403
3782 0.0308274
3783 0.0308166
3784 0.0308094
3785 0.0308051
3786 0.0308013
3787 0.0307959
3788 0.0307829
3789 0.0307685
3790 0.0307574
3791 0.0307468
3792 0.0307454
3793 0.0307448
3794 0.0307371
3795 0.0307284
3796 0.0307241
3798 0.0307226
3801 0.0307118
3802 0.0306984
3803 0.0306879
3804 0.0306798
3807 0.0306778
3809 0.0306628
3810 0.0306544
3811 0.0306512
3812 0.0306499
3813 0.0306417
3814 0.0306358
3815 0.0306258
3816 0.0306137
3817 0.0306038
3818 0.0306007
3819 0.030588
3820 0.0305796
3821 0.030567
3822 0.0305608
3823 0.03055
3824 0.0305477
3826 0.0305452
3827 0.0305449
3828 0.030539
3829 0.0305342
3830 0.0305315
3831 0.0305144
3832 0.0305048
3833 0.0304942
3834 0.0304813
3835 0.0304757
3836 0.0304679
3837 0.0304575
3838 0.0304504
3839 0.0304394
3840 0.0304316
3841 0.0304278
3842 0.0304239
3843 0.0304188
3845 0.0304151
3846 0.0304052
3847 0.030391
3848 0.0303762
3849 0.0303675
3850 0.0303605
3851 0.030356
3852 0.0303486
3853 0.0303456
3854 0.0303445
3857 0.0303376
3859 0.0303363
3861 0.0303207
3862 0.0303069
3863 0.030298
3864 0.0302878
3865 0.0302829
3866 0.0302752
3867 0.0302727
3869 0.0302681
3871 0.0302586
3872 0.0302478
3873 0.0302347
3874 0.0302238
3875 0.0302098
3876 0.0301959
3877 0.0301821
3878 0.0301691
3879 0.0301556
3880 0.0301421
3881 0.0301286
3882 0.030115
3883 0.0301019
3884 0.0300884
3885 0.0300751
3886 0.0300621
3887 0.0300489
3888 0.0300357
3889 0.0300223
3890 0.0300104
3891 0.0300033
3892 0.0299907
3893 0.0299834
3894 0.029977
3895 0.0299742
3896 0.0299738
3897 0.0299699
3899 0.0299668
3900 0.0299658
3901 0.0299565
3902 0.0299469
3903 0.0299446
3905 0.0299441
3906 0.029927
3907 0.029914
3908 0.0299086
3909 0.0299065
3910 0.0299064
3911 0.0299015
3913 0.029901
3914 0.0298929
3915 0.029884
3916 0.0298769
3917 0.0298737
3918 0.0298662
3919 0.0298555
3920 0.0298439
3921 0.0298341
3922 0.0298252
3923 0.0298228
3924 0.0298226
3925 0.0298182
3926 0.0298019
3927 0.0297973
3929 0.0297836
3930 0.0297702
3931 0.0297596
3932 0.0297498
3933 0.0297453
3934 0.0297422
3935 0.0297406
3936 0.0297369
3937 0.0297291
3938 0.0297266
3939 0.0297234
3940 0.0297111
3941 0.0296988
3942 0.0296895
3943 0.0296795
3944 0.0296734
3945 0.0296685
3948 0.0296634
3950 0.0296591
3951 0.0296505
3952 0.0296488
3954 0.0296349
3955 0.0296274
3956 0.0296236
3957 0.0296225
3958 0.0296172
3959 0.0296056
3960 0.0295989
3961 0.0295932
3962 0.0295834
3963 0.0295816
3964 0.0295812
3965 0.0295748
3966 0.0295719
3967 0.0295708
3968 0.02956
3969 0.0295489
3972 0.0295353
3973 0.0295218
3974 0.0295107
3975 0.0294992
3976 0.0294892
3977 0.0294782
3978 0.0294744
3979 0.02947
3980 0.0294692
3981 0.029466
3983 0.029456
3984 0.029443
3985 0.0294327
3986 0.0294211
3987 0.029413
3988 0.0294042
3989 0.0293982
3990 0.0293945
3993 0.0293893
3995 0.0293838
3997 0.0293701
3998 0.029357
3999 0.0293474
4000 0.0293397
4001 0.0293319
4002 0.0293312
4003 0.0293271
4004 0.0293204
4006 0.0293199
4007 0.0293114
4008 0.0293072
4009 0.0293067
4010 0.0292931
4011 0.0292812
4012 0.0292719
4013 0.0292696
4014 0.0292685
4015 0.0292635
4016 0.0292507
4017 0.029245
4018 0.0292391
4020 0.0292301
4021 0.029226
4023 0.0292161
4024 0.0292096
4025 0.0292047
4026 0.0291954
4027 0.0291856
4028 0.0291714
4029 0.0291588
4030 0.0291477
4031 0.0291372
4032 0.0291281
4033 0.0291174
4034 0.0291092
4035 0.0290995
4036 0.0290953
4037 0.0290918
4038 0.02909
4039 0.0290897
4042 0.0290734
4043 0.029067
4044 0.0290574
4045 0.029048
4046 0.0290383
4047 0.0290337
4048 0.0290322
4049 0.0290299
4051 0.0290241
4052 0.0290198
4053 0.0290197
4054 0.029018
4055 0.0290161
4056 0.0290029
4057 0.0289961
4058 0.0289892
4059 0.0289851
4061 0.0289794
4062 0.0289686
4063 0.028962
4064 0.0289527
4065 0.0289488
4066 0.0289462
4067 0.028946
4068 0.0289414
4069 0.0289379
4070 0.0289365
4071 0.0289317
4073 0.0289283
4074 0.0289131
4075 0.028903
4076 0.028898
4077 0.0288956
4080 0.0288952
4081 0.0288942
4083 0.0288911
4084 0.028877
4085 0.0288688
4086 0.0288642
4087 0.0288631
4088 0.0288529
4089 0.0288414
4090 0.0288372
4093 0.0288335
4095 0.0288292
4096 0.0288284
4097 0.0288148
4098 0.0288014
4099 0.0287892
4100 0.0287772
4101 0.0287661
4102 0.028756
4103 0.02875
4104 0.0287465
4106 0.028738
4107 0.028728
4108 0.0287172
4109 0.0287118
4110 0.028708
4111 0.0287076
4112 0.0286968
4113 0.0286863
4114 0.0286775
4115 0.0286722
4116 0.0286704
4118 0.0286656
4120 0.0286535
4121 0.0286398
4122 0.0286353
4124 0.0286315
4126 0.0286214
4127 0.0286175
4130 0.0286124
4132 0.0285997
4133 0.0285908
4134 0.0285776
4135 0.0285645
4136 0.028552
4137 0.0285389
4138 0.0285273
4139 0.0285149
4140 0.0285029
4141 0.0284908
4142 0.0284778
4143 0.028465
4144 0.0284521
4145 0.0284424
4146 0.0284349
4147 0.0284321
4149 0.0284257
4150 0.0284171
4151 0.0284038
4152 0.0283918
4153 0.0283846
4154 0.0283792
4155 0.028377
4157 0.0283665
4158 0.0283569
4159 0.0283454
4160 0.028337
4161 0.028331
4162 0.0283297
4163 0.0283255
4164 0.0283124
4165 0.0282992
4166 0.0282869
4167 0.0282749
4168 0.0282618
4169 0.028249
4170 0.0282362
4171 0.0282235
4172 0.0282125
4173 0.028201
4174 0.0281885
4175 0.0281759
4176 0.0281637
4177 0.0281536
4178 0.0281449
4179 0.0281392
4180 0.0281377
4182 0.028129
4183 0.0281156
4184 0.0281032
4185 0.0280953
4186 0.0280846
4187 0.0280751
4188 0.0280669
4189 0.0280602
4192 0.0280538
4193 0.0280503
4194 0.0280465
4195 0.0280439
4197 0.0280271
4198 0.0280148
4199 0.0280052
4200 0.0280036
4202 0.028001
4203 0.0279989
4205 0.0279984
4208 0.0279954
4209 0.0279819
4210 0.0279683
4211 0.0279567
4212 0.027946
4213 0.027936
4214 0.0279323
4220 0.0279299
4221 0.0279292
4222 0.0279167
4223 0.0279062
4224 0.0278979
4225 0.0278922
4226 0.0278848
4227 0.027874
4228 0.0278736
4230 0.0278652
4231 0.0278648
4232 0.0278602
4234 0.0278573
4235 0.0278566
4236 0.0278479
4237 0.0278393
4238 0.0278369
4241 0.0278251
4242 0.0278159
4243 0.0278113
4244 0.0278048
4245 0.0277907
4246 0.0277838
4247 0.0277788
4248 0.0277713
4249 0.027762
4250 0.0277514
4251 0.0277462
4252 0.0277341
4253 0.0277241
4254 0.0277128
4255 0.0277025
4256 0.0276944
4257 0.0276836
4258 0.0276744
4259 0.0276689
4260 0.0276583
4261 0.0276564
4263 0.0276543
4265 0.0276449
4266 0.0276309
4267 0.0276213
4268 0.027615
4271 0.0276061
4272 0.0275975
4273 0.027592
4275 0.0275878
4277 0.0275837
4279 0.027582
4280 0.0275716
4281 0.0275676
4282 0.0275536
4283 0.0275456
4284 0.0275347
4285 0.0275226
4286 0.0275157
4287 0.0275116
4288 0.0275072
4289 0.0275056
4290 0.0275051
4291 0.027502
4292 0.0275008
4293 0.0274926
4294 0.0274788
4295 0.0274687
4296 0.0274566
4297 0.0274467
4298 0.0274396
4299 0.0274298
4300 0.0274247
4301 0.0274115
4302 0.0274019
4303 0.0273896
4304 0.0273813
4305 0.0273704
4306 0.0273647
4307 0.0273622
4309 0.0273615
4310 0.0273609
4311 0.0273519
4312 0.0273417
4313 0.0273314
4314 0.0273181
4315 0.0273051
4316 0.0272922
4317 0.0272797
4318 0.0272673
4319 0.0272551
4320 0.0272429
4321 0.0272309
4322 0.0272194
4323 0.0272069
4324 0.0271943
4325 0.0271814
4326 0.0271685
4327 0.0271562
4328 0.0271432
4329 0.0271304
4330 0.0271175
4331 0.0271047
4332 0.0270919
4333 0.0270792
4334 0.0270669
4335 0.0270546
4336 0.0270428
4337 0.0270302
4338 0.0270184
4339 0.027006
4340 0.0269932
4341 0.0269806
4342 0.0269703
4343 0.0269614
4344 0.0269545
4345 0.0269428
4346 0.0269407
4347 0.0269396
4348 0.0269377
4349 0.0269362
4350 0.0269243
4351 0.0269189
4352 0.0269173
4354 0.026909
4355 0.0269038
4356 0.0269026
4358 0.0268885
4359 0.0268801
4360 0.0268715
4361 0.0268604
4362 0.0268493
4363 0.0268402
4364 0.0268292
4365 0.0268183
4366 0.0268112
4367 0.0268082
4368 0.0268081
4369 0.0267958
4370 0.0267834
4371 0.026771
4372 0.0267587
4373 0.0267464
4374 0.0267344
4375 0.0267233
4376 0.0267117
4377 0.0266992
4378 0.0266867
4379 0.0266747
4380 0.0266623
4381 0.0266501
4382 0.0266388
4383 0.0266272
4384 0.0266157
4385 0.0266052
4386 0.0265949
4387 0.0265853
4388 0.0265731
4389 0.0265689
4391 0.0265579
4392 0.0265473
4393 0.0265413
4394 0.0265366
4395 0.0265338
4397 0.0265326
4398 0.0265293
4399 0.0265231
4400 0.0265174
4401 0.0265029
4402 0.0264952
4403 0.0264885
4404 0.0264808
4405 0.0264735
4406 0.0264719
4408 0.0264691
4410 0.0264582
4412 0.0264578
4413 0.0264568
4414 0.0264563
4415 0.0264421
4416 0.0264303
4417 0.02642
4418 0.0264135
4419 0.0264062
4420 0.0263969
4421 0.026392
4423 0.0263913
4425 0.0263848
4426 0.0263747
4427 0.0263659
4428 0.0263589
4429 0.026349
4430 0.0263404
4433 0.0263266
4434 0.026322
4435 0.026318
4437 0.0263169
4439 0.0263135
4441 0.0263118
4442 0.0263064
4444 0.0263029
4445 0.0262916
4446 0.0262813
4447 0.0262713
4448 0.0262652
4449 0.0262629
4450 0.0262544
4451 0.0262515
4453 0.026251
4455 0.0262441
4456 0.0262361
4457 0.0262252
4458 0.0262152
4459 0.0262099
4460 0.0262033
4463 0.0261945
4464 0.0261834
4465 0.0261792
4466 0.0261759
4468 0.0261738
4470 0.0261635
4471 0.0261566
4474 0.0261452
4475 0.026143
4476 0.0261416
4477 0.0261313
4478 0.0261276
4479 0.0261249
4481 0.0261234
4482 0.0261231
4483 0.0261188
4484 0.0261068
4486 0.0261053
4487 0.0260929
4488 0.0260849
4489 0.0260821
4491 0.0260794
4493 0.0260768
4494 0.0260674
4496 0.0260663
4497 0.0260616
4498 0.0260581
4500 0.026055
4501 0.0260408
4502 0.0260294
4503 0.0260258
4505 0.0260252
4506 0.0260232
4510 0.0260137
4511 0.026013
4513 0.0260091
4514 0.0260057
4515 0.0259943
4516 0.025985
4517 0.0259769
4518 0.0259757
4520 0.0259733
4522 0.0259673
4523 0.0259667
4525 0.025961
4526 0.0259608
4527 0.0259504
4528 0.0259377
4529 0.025934
4531 0.0259304
4532 0.0259208
4533 0.0259112
4534 0.0259086
4537 0.0259079
4538 0.0259041
4539 0.0259038
4540 0.0258966
4541 0.0258849
4542 0.0258745
4543 0.0258662
4544 0.0258612
4545 0.0258531
4546 0.0258395
4547 0.0258283
4548 0.0258191
4549 0.0258106
4550 0.0257981
4551 0.025786
4552 0.0257737
4553 0.0257616
4554 0.02575
4555 0.0257386
4556 0.0257271
4557 0.0257168
4558 0.0257064
4559 0.0256976
4560 0.0256846
4561 0.0256724
4562 0.0256598
4563 0.0256472
4564 0.0256348
4565 0.0256222
4566 0.0256102
4567 0.0255979
4568 0.0255859
4569 0.0255733
4570 0.025561
4571 0.0255486
4572 0.0255365
4573 0.025524
4574 0.0255116
4575 0.0254995
4576 0.0254873
4577 0.0254756
4578 0.025463
4579 0.0254505
4580 0.025438
4581 0.0254255
4582 0.025413
4583 0.0254019
4584 0.0253899
4585 0.0253784
4586 0.0253674
4587 0.0253552
4588 0.0253425
4589 0.0253299
4590 0.0253177
4591 0.0253061
4592 0.0252942
4593 0.0252818
4594 0.0252707
4595 0.0252599
4596 0.0252495
4597 0.0252406
4598 0.0252282
4599 0.0252159
4600 0.025204
4601 0.0251921
4602 0.0251814
4603 0.0251711
4604 0.0251592
4605 0.025147
4606 0.0251349
4607 0.025124
4608 0.0251114
4609 0.0250989
4610 0.0250866
4611 0.0250742
4612 0.0250621
4613 0.0250496
4614 0.0250373
4615 0.0250251
4616 0.025013
4617 0.0250007
4618 0.0249884
4619 0.0249763
4620 0.0249642
4621 0.0249522
4622 0.0249401
4623 0.0249324
4624 0.0249216
4625 0.0249118
4626 0.0249002
4627 0.0248906
4628 0.024882
4629 0.0248764
4630 0.0248719
4631 0.0248589
4632 0.0248462
4633 0.0248338
4634 0.0248218
4635 0.0248108
4636 0.0248001
4637 0.0247901
4638 0.0247794
4639 0.0247706
4640 0.0247615
4641 0.0247547
4642 0.0247454
4643 0.0247337
4644 0.0247261
4645 0.024718
4646 0.0247135
4647 0.0246999
4648 0.0246868
4649 0.0246745
4650 0.0246629
4651 0.0246537
4652 0.0246433
4653 0.0246324
4654 0.0246212
4655 0.0246104
4656 0.0246002
4657 0.0245911
4658 0.0245879
4659 0.0245809
4660 0.0245749
4661 0.0245725
4662 0.0245722
4663 0.0245696
4665 0.0245573
4666 0.0245456
4667 0.0245352
4668 0.024524
4669 0.0245134
4670 0.024503
4671 0.0244927
4672 0.0244821
4673 0.0244744
4674 0.0244682
4675 0.0244569
4676 0.0244503
4677 0.0244441
4680 0.0244368
4681 0.0244299
4682 0.024425
4683 0.0244179
4684 0.0244137
4685 0.0244072
4688 0.0243961
4689 0.0243878
4690 0.02438
4691 0.0243782
4692 0.0243781
4693 0.0243724
4696 0.0243624
4697 0.0243595
4699 0.0243509
4700 0.0243466
4701 0.0243465
4702 0.0243384
4703 0.0243366
4704 0.0243357
4705 0.0243342
4707 0.0243314
4708 0.0243202
4709 0.024311
4710 0.0243064
4711 0.0243049
4712 0.0243044
4713 0.0243019
4715 0.0242971
4716 0.0242951
4717 0.0242936
4718 0.024282
4719 0.0242773
4720 0.024277
4721 0.0242668
4722 0.0242597
4725 0.0242573
4727 0.0242567
4728 0.0242536
4729 0.0242423
4730 0.0242378
4731 0.0242289
4732 0.0242252
4733 0.024223
4734 0.0242201
4735 0.0242173
4736 0.024208
4737 0.0241999
4738 0.0241915
4739 0.0241877
4740 0.0241854
4741 0.0241842
4742 0.0241801
4743 0.0241791
4744 0.024174
4745 0.0241639
4748 0.0241552
4749 0.024149
4750 0.0241391
4751 0.0241304
4752 0.0241202
4753 0.0241162
4754 0.0241134
4755 0.0241128
4756 0.0241123
4758 0.0241041
4761 0.0240937
4762 0.0240844
4763 0.0240807
4764 0.0240727
4765 0.0240718
4766 0.0240702
4767 0.0240673
4768 0.0240573
4769 0.0240511
4770 0.0240428
4771 0.0240366
4772 0.0240272
4773 0.0240249
4775 0.024015
4776 0.0240059
4777 0.0240008
4779 0.0239986
4780 0.0239931
4781 0.0239844
4782 0.0239813
4784 0.0239778
4785 0.0239777
4787 0.0239751
4791 0.0239627
4792 0.0239561
4793 0.0239508
4794 0.0239472
4795 0.0239437
4797 0.0239432
4798 0.0239429
4799 0.0239391
4801 0.0239384
4802 0.0239343
4803 0.0239306
4804 0.0239215
4805 0.023921
4806 0.0239105
4807 0.0239015
4810 0.0238966
4811 0.0238908
4812 0.0238906
4813 0.0238853
4814 0.0238833
4816 0.0238758
4817 0.0238722
4820 0.02387
4821 0.0238554
4822 0.0238475
4823 0.0238414
4824 0.0238375
4825 0.0238363
4826 0.023836
4827 0.0238349
4828 0.0238346
4831 0.0238314
4833 0.0238171
4834 0.0238074
4835 0.0238014
4836 0.0238
4840 0.0237909
4841 0.023787
4842 0.0237799
4843 0.0237728
4844 0.023772
4845 0.0237675
4846 0.023761
4848 0.0237497
4849 0.0237395
4850 0.023736
4851 0.0237278
4854 0.0237265
4855 0.0237253
4856 0.0237153
4857 0.0237058
4858 0.0236956
4859 0.0236896
4860 0.0236822
4861 0.0236728
4862 0.0236629
4863 0.0236537
4864 0.023645
4865 0.0236365
4866 0.0236302
4867 0.0236198
4868 0.0236086
4869 0.0235995
4870 0.0235887
4871 0.0235781
4872 0.0235676
4873 0.0235572
4874 0.0235484
4875 0.0235381
4876 0.0235285
4877 0.023517
4878 0.0235071
4879 0.0234967
4880 0.0234866
4881 0.0234769
4882 0.0234708
4883 0.0234644
4884 0.0234531
4885 0.023441
4886 0.023429
4887 0.0234175
4888 0.0234063
4889 0.0233961
4890 0.0233887
4891 0.0233845
4892 0.0233754
4893 0.0233644
4894 0.0233531
4895 0.0233438
4896 0.0233343
4897 0.0233239
4898 0.0233168
4899 0.0233161
4900 0.0233147
4901 0.0233013
4902 0.023289
4903 0.0232775
4904 0.0232669
4905 0.0232556
4906 0.0232444
4907 0.0232336
4908 0.0232235
4909 0.0232132
4910 0.0232041
4911 0.0231959
4912 0.0231947
4913 0.0231936
4914 0.0231814
4915 0.0231696
4916 0.0231581
4917 0.0231469
4918 0.0231352
4919 0.0231236
4920 0.0231121
4921 0.0231007
4922 0.0230891
4923 0.0230777
4924 0.0230661
4925 0.0230555
4926 0.0230464
4927 0.0230371
4928 0.0230272
4929 0.0230161
4930 0.0230049
4931 0.0229934
4932 0.0229817
4933 0.0229701
4934 0.0229587
4935 0.0229471
4936 0.0229362
4937 0.0229254
4938 0.0229139
4939 0.0229027
4940 0.0228913
4941 0.0228798
4942 0.0228683
4943 0.0228575
4944 0.0228461
4945 0.0228349
4946 0.0228239
4947 0.0228125
4948 0.022801
4949 0.0227894
4950 0.0227779
4951 0.0227665
4952 0.022755
4953 0.0227449
4954 0.0227335
4955 0.0227226
4956 0.0227118
4957 0.0227004
4958 0.0226901
4959 0.0226804
4960 0.0226713
4961 0.0226646
4962 0.0226601
4963 0.0226487
4964 0.0226373
4965 0.0226269
4966 0.0226148
4967 0.0226031
4968 0.0225917
4969 0.0225807
4970 0.02257
4971 0.0225588
4972 0.0225483
4973 0.0225376
4974 0.0225275
4975 0.0225177
4976 0.0225084
4977 0.0224989
4978 0.0224879
4979 0.0224769
4980 0.0224676
4981 0.0224613
4982 0.0224558
4983 0.0224461
4984 0.0224353
4985 0.0224253
4986 0.0224138
4987 0.0224023
4988 0.022391
4989 0.0223795
4990 0.0223681
4991 0.022358
4992 0.0223483
4993 0.0223419
4994 0.0223307
4995 0.0223192
4996 0.022308
4997 0.0222965
4998 0.022285
4999 0.0222736
5000 0.0222643
5001 0.0222534
5002 0.022242
5003 0.0222306
5004 0.0222194
5005 0.0222081
5006 0.0221968
5007 0.0221858
5008 0.0221746
5009 0.0221637
5010 0.0221531
5011 0.0221421
5012 0.0221308
5013 0.0221197
5014 0.0221083
5015 0.0220971
5016 0.0220863
5017 0.0220751
5018 0.0220638
5019 0.0220527
5020 0.0220416
5021 0.0220306
5022 0.02202
5023 0.0220094
5024 0.0219983
5025 0.0219883
5026 0.0219796
5027 0.0219715
5028 0.0219648
5029 0.0219554
5030 0.0219438
5031 0.0219327
5032 0.0219226
5033 0.0219115
5034 0.0219006
5035 0.0218893
5036 0.0218781
5037 0.0218671
5038 0.0218568
5039 0.0218461
5040 0.0218351
5041 0.0218242
5042 0.0218135
5043 0.021803
5044 0.021792
5045 0.0217809
5046 0.0217701
5047 0.021759
5048 0.0217479
5049 0.021737
5050 0.0217264
5051 0.0217151
5052 0.0217043
5053 0.0216934
5054 0.0216821
5055 0.0216713
5056 0.0216601
5057 0.02165
5058 0.0216394
5059 0.0216284
5060 0.0216176
5061 0.021608
5062 0.021601
5063 0.0215933
5064 0.0215823
5065 0.0215713
5066 0.0215618
5067 0.0215534
5068 0.0215475
5069 0.0215464
5070 0.0215447
5071 0.0215339
5072 0.0215275
5073 0.0215185
5074 0.0215156
5075 0.0215154
5077 0.0215014
5078 0.0214911
5079 0.0214848
5080 0.0214841
5081 0.0214837
5083 0.0214828
5085 0.0214826
5086 0.0214794
5087 0.0214756
5088 0.0214745
5090 0.0214716
5091 0.0214602
5092 0.0214523
5093 0.0214459
5094 0.0214404
5095 0.0214325
5097 0.0214309
5100 0.021429
5102 0.0214265
5104 0.021415
5105 0.0214072
5106 0.0214015
5107 0.0213968
5108 0.0213884
5109 0.0213829
5110 0.0213771
5112 0.0213742
5114 0.0213734
5116 0.0213708
5117 0.0213679
5118 0.0213571
5119 0.0213468
5120 0.0213385
5121 0.0213299
5122 0.0213218
5123 0.0213117
5124 0.0213018
5125 0.0212941
5126 0.0212862
5127 0.0212814
5129 0.0212813
5130 0.0212755
5131 0.021275
5132 0.0212716
5133 0.021261
5134 0.0212557
5135 0.0212515
5136 0.0212474
5137 0.0212396
5138 0.0212393
5139 0.0212372
5142 0.0212299
5143 0.0212218
5144 0.0212199
5145 0.021219
5146 0.0212106
5148 0.0212099
5149 0.0212077
5150 0.0212047
5151 0.0211978
5152 0.0211895
5153 0.0211826
5154 0.0211771
5155 0.021169
5156 0.02116
5157 0.021155
5158 0.0211512
5159 0.0211439
5160 0.0211415
5161 0.0211301
5162 0.0211263
5163 0.0211176
5164 0.021115
5165 0.0211149
5166 0.0211089
5167 0.0211063
5169 0.0211046
5170 0.021103
5171 0.0211029
5172 0.0210997
5174 0.0210979
5175 0.0210871
5176 0.0210778
5177 0.0210777
5178 0.0210776
5181 0.0210772
5183 0.0210658
5184 0.0210594
5185 0.0210564
5187 0.0210538
5188 0.0210533
5189 0.0210458
5190 0.0210431
5191 0.0210411
5192 0.0210373
5193 0.0210284
5194 0.0210195
5195 0.0210146
5196 0.0210128
5197 0.0210126
5198 0.0210067
5200 0.0210064
5201 0.021006
5202 0.0210034
5203 0.0210014
5204 0.0209996
5205 0.0209881
5206 0.0209815
5207 0.0209794
5208 0.0209786
5209 0.0209784
5211 0.0209724
5212 0.0209631
5213 0.0209571
5214 0.0209535
5216 0.0209458
5217 0.0209415
5218 0.0209355
5222 0.020934
5223 0.0209252
5224 0.0209184
5225 0.0209138
5226 0.0209122
5227 0.020912
5229 0.0209114
5232 0.0209052
5233 0.020903
5235 0.0208978
5236 0.0208967
5237 0.0208901
5239 0.0208871
5240 0.0208795
5241 0.0208753
5242 0.0208742
5244 0.0208724
5246 0.0208653
5247 0.0208545
5248 0.0208431
5249 0.0208323
5250 0.0208228
5251 0.0208122
5252 0.0208016
5253 0.020791
5254 0.0207809
5255 0.0207707
5256 0.020761
5257 0.0207512
5258 0.0207423
5259 0.020737
5260 0.0207313
5261 0.0207232
5262 0.0207192
5263 0.0207118
5264 0.0207104
5265 0.0207099
5266 0.0207018
5267 0.0206928
5268 0.0206847
5269 0.0206764
5270 0.0206701
5273 0.0206649
5274 0.020658
5275 0.0206561
5276 0.0206537
5277 0.020648
5278 0.0206447
5279 0.0206438
5280 0.0206362
5281 0.0206359
5283 0.02063
5284 0.0206271
5285 0.0206225
5287 0.0206191
5288 0.0206085
5289 0.0206013
5290 0.0205966
5291 0.0205952
5293 0.020593
5295 0.0205864
5298 0.0205761
5299 0.0205725
5300 0.0205718
5301 0.0205629
5302 0.0205611
5303 0.02056
5306 0.0205552
5308 0.0205442
5309 0.0205384
5310 0.0205341
5311 0.020531
5312 0.0205258
5313 0.0205243
5315 0.0205174
5316 0.02051
5317 0.0205031
5318 0.0204978
5321 0.0204928
5322 0.0204924
5323 0.0204831
5324 0.0204774
5325 0.0204766
5326 0.0204756
5329 0.0204743
5331 0.0204632
5332 0.020456
5333 0.02045
5334 0.0204477
5335 0.0204469
5336 0.0204377
5337 0.0204298
5338 0.0204208
5339 0.020414
5340 0.0204106
5342 0.0204027
5343 0.0203924
5344 0.020382
5345 0.0203719
5346 0.0203616
5347 0.0203514
5348 0.0203412
5349 0.0203311
5350 0.0203209
5351 0.0203109
5352 0.0203004
5353 0.0202899
5354 0.0202794
5355 0.0202689
5356 0.0202585
5357 0.0202481
5358 0.0202376
5359 0.0202272
5360 0.0202167
5361 0.0202064
5362 0.020196
5363 0.0201856
5364 0.0201773
5365 0.020168
5366 0.0201576
5367 0.0201471
5368 0.0201366
5369 0.0201261
5370 0.0201157
5371 0.0201053
5372 0.0200948
5373 0.0200844
5374 0.0200747
5375 0.020065
5376 0.0200549
5377 0.0200444
5378 0.0200339
5379 0.0200235
5380 0.0200132
5381 0.0200029
5382 0.0199926
5383 0.0199822
5384 0.0199718
5385 0.0199615
5386 0.0199511
5387 0.0199408
5388 0.0199324
5389 0.0199261
5391 0.0199255
5392 0.0199232
5396 0.019916
5397 0.0199098
5398 0.0199052
5399 0.0199046
5403 0.0199
5404 0.0198921
5405 0.0198902
5407 0.0198869
5408 0.0198865
5409 0.0198786
5410 0.0198769
5411 0.0198701
5412 0.0198628
5413 0.0198571
5414 0.0198494
5415 0.0198488
5417 0.0198407
5418 0.0198342
5419 0.0198263
5420 0.0198262
5422 0.0198248
5423 0.0198238
5424 0.0198227
5426 0.0198103
5427 0.0197994
5428 0.019793
5429 0.0197905
5430 0.0197891
5431 0.0197864
5432 0.0197783
5433 0.0197731
5434 0.0197654
5436 0.0197644
5437 0.0197625
5438 0.0197624
5439 0.0197618
5440 0.0197607
5441 0.0197483
5442 0.0197385
5443 0.0197324
5444 0.0197294
5445 0.0197289
5446 0.0197216
5447 0.0197165
5448 0.0197098
5449 0.0197001
5450 0.0196906
5451 0.0196814
5452 0.0196714
5453 0.0196616
5454 0.0196518
5455 0.0196421
5456 0.0196324
5457 0.0196226
5458 0.0196132
5459 0.0196035
5460 0.0195949
5461 0.0195859
5462 0.019578
5463 0.0195707
5464 0.0195635
5465 0.0195579
5466 0.0195549
5468 0.0195478
5469 0.0195428
5472 0.0195329
5473 0.0195268
5474 0.0195247
5475 0.0195187
5476 0.0195142
5477 0.019509
5478 0.0195029
5483 0.0194966
5484 0.0194901
5485 0.0194832
5486 0.0194809
5487 0.0194807
5488 0.019477
5489 0.0194741
5490 0.0194713
5493 0.0194624
5494 0.0194584
5496 0.0194524
5497 0.0194496
5499 0.0194469
5500 0.0194384
5501 0.0194329
5502 0.0194271
5503 0.0194245
5505 0.019423
5507 0.0194173
5508 0.0194135
5509 0.0194116
5511 0.0194067
5512 0.0193944
5513 0.0193873
5514 0.0193849
5515 0.0193846
5517 0.0193836
5518 0.0193816
5519 0.0193815
5520 0.0193799
5522 0.0193733
5523 0.0193666
5525 0.0193655
5526 0.0193552
5527 0.0193463
5528 0.0193398
5531 0.0193341
5533 0.0193294
5534 0.019324
5535 0.0193226
5537 0.019319
5538 0.0193084
5539 0.0192995
5540 0.0192927
5541 0.0192856
5542 0.0192798
5543 0.0192744
5544 0.0192727
5546 0.0192643
5547 0.0192595
5548 0.0192542
5549 0.0192483
5550 0.0192447
5551 0.0192354
5552 0.0192266
5553 0.0192234
5554 0.0192161
5555 0.0192104
5556 0.0192028
5557 0.0191971
5558 0.0191933
5559 0.0191867
5560 0.0191839
5561 0.0191835
5562 0.0191778
5563 0.0191748
5564 0.0191741
5565 0.0191649
5566 0.0191601
5568 0.01916
5569 0.0191504
5570 0.0191432
5571 0.0191397
5572 0.0191391
5573 0.0191388
5575 0.0191384
5577 0.0191331
5578 0.0191248
5579 0.0191217
5580 0.0191191
5581 0.0191094
5582 0.0191011
5583 0.0190965
5585 0.0190961
5586 0.0190913
5587 0.0190857
5588 0.0190812
5589 0.0190782
5591 0.0190703
5592 0.0190631
5593 0.0190583
5594 0.0190502
5595 0.019042
5596 0.0190371
5597 0.0190344
5598 0.0190254
5599 0.0190198
5600 0.0190138
5601 0.0190085
5602 0.0190054
5603 0.0190029
5604 0.0189943
5605 0.0189881
5606 0.0189864
5609 0.0189835
5610 0.0189769
5611 0.0189699
5614 0.0189651
5615 0.0189621
5616 0.0189617
5617 0.0189549
5618 0.0189547
5619 0.0189497
5620 0.0189399
5621 0.0189349
5622 0.0189296
5623 0.0189247
5624 0.0189214
5625 0.0189212
5627 0.0189196
5629 0.0189189
5630 0.0189127
5631 0.0189096
5632 0.0188979
5633 0.0188895
5634 0.0188871
5637 0.0188851
5639 0.0188835
5640 0.0188806
5642 0.0188725
5643 0.0188692
5645 0.0188632
5646 0.0188614
5647 0.0188501
5649 0.0188495
5650 0.0188417
5651 0.0188367
5652 0.0188342
5654 0.0188326
5656 0.0188319
5657 0.0188297
5658 0.0188243
5661 0.0188124
5662 0.0188039
5663 0.018799
5664 0.0187962
5665 0.0187953
5666 0.0187924
5667 0.018785
5674 0.0187742
5675 0.0187664
5676 0.018762
5677 0.0187616
5678 0.0187585
5681 0.0187487
5682 0.018747
5683 0.0187466
5684 0.018742
5685 0.0187397
5686 0.0187396
5687 0.0187366
5690 0.0187276
5691 0.0187199
5692 0.0187196
5693 0.0187192
5694 0.0187136
5695 0.0187063
5696 0.018699
5697 0.0186893
5698 0.018682
5699 0.0186776
5700 0.0186744
5701 0.018673
5703 0.0186639
5704 0.0186569
5705 0.0186457
5706 0.018638
5707 0.0186314
5708 0.0186272
5709 0.0186243
5710 0.0186229
5711 0.0186218
5712 0.0186201
5714 0.0186131
5715 0.0186124
5716 0.0186082
5718 0.0186059
5719 0.0185954
5720 0.0185886
5721 0.0185859
5724 0.018584
5725 0.0185828
5726 0.0185738
5727 0.0185676
5728 0.0185658
5729 0.0185656
5730 0.0185637
5732 0.0185607
5734 0.0185551
5735 0.0185456
5736 0.0185399
5737 0.0185382
5739 0.0185347
5741 0.018533
5742 0.0185256
5743 0.0185175
5744 0.0185145
5745 0.0185141
5746 0.018514
5747 0.0185096
5748 0.0185016
5749 0.0184984
5750 0.018494
5751 0.0184914
5753 0.0184908
5756 0.018481
5757 0.0184716
5758 0.0184682
5759 0.0184671
5761 0.0184626
5764 0.018453
5765 0.0184468
5767 0.0184463
5768 0.0184429
5769 0.0184419
5770 0.0184353
5771 0.0184261
5772 0.0184176
5773 0.0184087
5774 0.0184009
5777 0.0183909
5778 0.0183809
5779 0.0183725
5780 0.0183653
5781 0.0183596
5782 0.0183584
5783 0.0183583
5784 0.0183565
5785 0.0183564
5786 0.0183558
5788 0.0183473
5789 0.0183379
5790 0.0183279
5791 0.0183205
5792 0.0183171
5793 0.0183143
5794 0.0183122
5797 0.018309
5801 0.0183056
5802 0.0182975
5803 0.0182876
5804 0.0182799
5805 0.018272
5806 0.0182691
5807 0.0182659
5808 0.0182598
5809 0.0182551
5810 0.0182537
5812 0.0182511
5814 0.0182456
5815 0.0182375
5816 0.0182283
5817 0.0182212
5818 0.0182106
5819 0.0182039
5820 0.0182005
5821 0.0181961
5822 0.0181914
5824 0.0181911
5827 0.0181858
5828 0.0181795
5829 0.0181726
5831 0.0181714
5832 0.0181629
5833 0.0181548
5834 0.0181527
5835 0.0181489
5836 0.0181452
5839 0.0181369
5840 0.0181319
5841 0.0181258
5842 0.0181217
5843 0.0181187
5846 0.0181169
5847 0.0181146
5849 0.0181107
5850 0.0181039
5851 0.0180994
5852 0.0180944
5853 0.0180921
5857 0.0180911
5858 0.0180812
5859 0.0180776
5860 0.0180761
5861 0.0180759
5862 0.0180741
5863 0.0180735
5864 0.0180728
5866 0.0180684
5867 0.0180649
5869 0.0180587
5870 0.0180582
5871 0.0180492
5872 0.0180482
5873 0.018048
5874 0.018047
5876 0.0180387
5877 0.0180325
5878 0.0180247
5879 0.018022
5880 0.0180193
5881 0.0180191
5882 0.0180115
5883 0.0180084
5884 0.0180061
5885 0.017995
5886 0.0179866
5887 0.0179783
5888 0.0179743
5889 0.0179726
5891 0.0179669
5892 0.0179624
5893 0.0179585
5894 0.0179572
5895 0.0179556
5896 0.0179544
5897 0.0179488
5898 0.0179386
5899 0.0179325
5900 0.0179263
5901 0.0179252
5902 0.0179245
5904 0.0179236
5905 0.0179206
5908 0.0179152
5910 0.0179123
5911 0.0179042
5912 0.0179001
5914 0.0178984
5915 0.0178972
5916 0.0178971
5917 0.0178898
5918 0.0178881
5920 0.0178862
5922 0.0178811
5923 0.0178795
5924 0.0178783
5927 0.0178715
5928 0.017867
5929 0.0178665
5930 0.0178662
5931 0.0178615
5932 0.0178599
5934 0.0178588
5938 0.0178478
5939 0.0178437
5940 0.0178408
5941 0.0178401
5942 0.017833
5947 0.0178257
5948 0.0178167
5949 0.0178111
5950 0.0178084
5951 0.0178077
5952 0.0178004
5953 0.017791
5954 0.0177821
5955 0.0177738
5956 0.0177677
5957 0.0177613
5958 0.0177529
5959 0.0177442
5960 0.0177355
5961 0.0177282
5962 0.0177234
5965 0.0177159
5966 0.017708
5967 0.0177044
5968 0.0176968
5969 0.0176922
5972 0.017685
5973 0.017677
5974 0.0176713
5975 0.0176662
5976 0.0176605
5977 0.0176558
5978 0.0176481
5979 0.0176429
5980 0.0176363
5982 0.0176359
5983 0.0176267
5984 0.0176211
5985 0.0176183
5986 0.0176154
5988 0.0176079
5989 0.0176015
5990 0.0175985
5991 0.0175969
5994 0.0175867
5995 0.0175791
5996 0.0175731
5997 0.0175722
5998 0.0175713
6001 0.0175671
6002 0.0175668
6003 0.0175645
6004 0.0175581
6005 0.0175553
6007 0.0175463
6008 0.0175377
6009 0.0175341
6010 0.0175265
6011 0.0175217
6012 0.0175178
6014 0.0175156
6016 0.0175102
6017 0.0175047
6018 0.0174975
6019 0.0174923
6020 0.0174862
6021 0.0174809
6022 0.0174696
6023 0.0174607
6024 0.017451
6025 0.0174414
6026 0.0174321
6027 0.0174229
6028 0.0174141
6029 0.0174051
6030 0.0173962
6031 0.0173881
6032 0.0173788
6033 0.0173695
6034 0.01736
6035 0.0173505
6036 0.0173412
6037 0.0173329
6038 0.0173245
6039 0.01732
6040 0.0173192
6042 0.017313
6043 0.0173107
6045 0.0173025
6046 0.0172952
6047 0.017291
6050 0.017285
6051 0.0172787
6052 0.0172777
6053 0.017276
6054 0.0172746
6056 0.0172694
6057 0.0172672
6058 0.0172665
6059 0.0172657
6062 0.0172553
6063 0.0172551
6064 0.0172547
6065 0.0172468
6066 0.0172425
6067 0.0172413
6071 0.0172374
6073 0.0172343
6074 0.0172282
6075 0.0172216
6076 0.0172186
6077 0.017215
6078 0.0172118
6080 0.017211
6081 0.0172073
6083 0.0172037
6085 0.0171966
6086 0.0171911
6087 0.0171902
6088 0.0171895
6091 0.0171838
6093 0.0171836
6094 0.0171744
6095 0.0171705
6096 0.0171668
6097 0.0171642
6098 0.017164
6099 0.017159
6102 0.0171499
6103 0.0171457
6104 0.0171456
6105 0.0171455
6106 0.0171444
6107 0.017144
6108 0.0171431
6111 0.0171427
6112 0.0171335
6114 0.0171332
6115 0.0171226
6116 0.0171192
6117 0.0171152
6119 0.0171146
6121 0.0171144
6122 0.0171116
6124 0.0171115
6125 0.0171036
6126 0.0170994
6127 0.0170924
6128 0.0170844
6129 0.017075
6130 0.0170678
6131 0.0170589
6132 0.0170509
6133 0.0170432
6134 0.0170393
6135 0.0170358
6136 0.0170347
6138 0.0170329
6139 0.0170322
6140 0.0170297
6142 0.017025
6143 0.0170167
6144 0.0170113
6145 0.017011
6146 0.0170087
6148 0.0170084
6149 0.0170059
6150 0.0170056
6151 0.0169985
6153 0.0169968
6155 0.0169949
6156 0.0169883
6158 0.0169852
6159 0.0169793
6160 0.0169746
6161 0.0169719
6162 0.0169694
6164 0.0169644
6165 0.0169634
6166 0.0169633
6168 0.016962
6171 0.0169515
6172 0.0169474
6173 0.0169471
6174 0.0169469
6176 0.0169467
6178 0.0169449
6182 0.0169448
6183 0.0169365
6184 0.0169286
6186 0.0169272
6187 0.0169234
6188 0.016919
6190 0.0169163
6192 0.0169122
6193 0.0169112
6195 0.01691
6196 0.0169085
6197 0.016907
6200 0.0168927
6201 0.0168844
6202 0.0168818
6203 0.0168816
6204 0.0168804
6205 0.0168802
6208 0.0168797
6209 0.0168796
6210 0.0168789
6212 0.0168675
6213 0.0168594
6214 0.0168498
6215 0.0168429
6216 0.016842
6218 0.0168403
6220 0.0168399
6222 0.0168304
6223 0.0168251
6224 0.0168136
6225 0.0168048
6226 0.0167981
6227 0.0167955
6228 0.0167952
6229 0.0167917
6230 0.016788
6233 0.0167837
6237 0.0167764
6238 0.0167754
6241 0.0167747
6242 0.0167649
6243 0.0167626
6244 0.0167625
6245 0.0167619
6247 0.0167527
6248 0.0167479
6249 0.0167463
6251 0.0167388
6252 0.0167362
6253 0.0167306
6255 0.0167297
6256 0.0167228
6257 0.0167177
6258 0.0167118
6259 0.0167095
6260 0.0167086
6261 0.0167038
6262 0.0166953
6263 0.0166891
6264 0.0166846
6265 0.0166822
6267 0.0166729
6268 0.0166689
6269 0.0166629
6270 0.0166617
6274 0.0166511
6275 0.0166458
6276 0.0166432
6278 0.0166416
6279 0.0166409
6280 0.0166335
6281 0.0166277
6282 0.0166267
6283 0.0166244
6286 0.0166187
6287 0.0166112
6288 0.016609
6290 0.0166077
6291 0.0166076
6292 0.0166066
6294 0.0166056
6295 0.0165941
6296 0.0165867
6297 0.0165826
6298 0.016579
6299 0.0165747
6300 0.0165739
6301 0.0165728
6302 0.0165617
6303 0.0165544
6304 0.0165473
6305 0.0165441
6306 0.0165422
6308 0.0165407
6309 0.0165404
6310 0.0165391
6311 0.0165378
6312 0.0165348
6313 0.0165259
6314 0.0165201
6317 0.0165105
6318 0.016503
6319 0.0164965
6322 0.0164951
6326 0.0164879
6327 0.0164841
6328 0.0164769
6329 0.0164723
6330 0.016464
6331 0.0164559
6332 0.0164474
6333 0.0164403
6334 0.0164325
6335 0.0164252
6336 0.0164199
6337 0.0164164
6338 0.0164115
6339 0.0164062
6340 0.0163971
6341 0.0163893
6342 0.0163806
6343 0.0163723
6344 0.0163647
6345 0.0163569
6346 0.0163488
6347 0.0163402
6348 0.0163308
6349 0.0163217
6350 0.0163125
6351 0.0163035
6352 0.0162951
6353 0.0162859
6354 0.0162767
6355 0.0162676
6356 0.0162587
6357 0.0162492
6358 0.0162398
6359 0.0162304
6360 0.016221
6361 0.0162117
6362 0.0162024
6363 0.016194
6364 0.0161857
6365 0.0161765
6366 0.0161672
6367 0.0161579
6368 0.0161486
6369 0.0161393
6370 0.0161301
6371 0.0161209
6372 0.0161117
6373 0.0161026
6374 0.0160937
6375 0.0160845
6376 0.0160756
6377 0.0160665
6378 0.0160577
6379 0.0160503
6380 0.0160423
6381 0.0160385
6382 0.0160369
6384 0.0160292
6385 0.016025
6386 0.0160226
6387 0.0160217
6388 0.0160129
6389 0.0160026
6390 0.015993
6391 0.0159846
6392 0.0159764
6393 0.0159695
6394 0.0159609
6395 0.0159519
6396 0.0159433
6397 0.0159351
6398 0.0159281
6399 0.015922
6400 0.0159152
6401 0.0159071
6402 0.015903
6403 0.0158997
6404 0.0158949
6405 0.0158853
6406 0.0158763
6407 0.0158678
6408 0.0158594
6409 0.0158509
6410 0.0158426
6411 0.0158343
6412 0.0158274
6413 0.0158204
6414 0.0158132
6415 0.0158098
6418 0.015804
6419 0.0157957
6420 0.0157878
6421 0.0157814
6422 0.0157747
6423 0.0157708
6424 0.0157679
6425 0.015764
6426 0.0157612
6427 0.0157524
6430 0.0157479
6431 0.0157422
6432 0.0157345
6433 0.0157307
6434 0.0157258
6435 0.0157225
6440 0.0157145
6441 0.0157085
6442 0.0157074
6443 0.0157066
6444 0.0157007
6445 0.0156972
6447 0.0156947
6448 0.015688
6449 0.0156831
6450 0.0156817
6452 0.0156809
6453 0.0156801
6454 0.0156793
6456 0.0156746
6457 0.0156693
6460 0.0156621
6461 0.0156522
6462 0.0156483
6463 0.0156469
6464 0.0156467
6467 0.0156463
6469 0.0156459
6471 0.015636
6472 0.0156347
6474 0.0156247
6475 0.0156176
6476 0.0156103
6477 0.0156075
6478 0.0155996
6479 0.0155927
6480 0.0155896
6481 0.0155823
6482 0.0155744
6483 0.0155654
6484 0.0155566
6485 0.0155483
6486 0.0155401
6487 0.0155321
6488 0.0155243
6489 0.0155176
6490 0.0155094
6491 0.0155038
6492 0.015495
6493 0.0154866
6494 0.0154787
6495 0.0154703
6496 0.0154637
6497 0.0154563
6498 0.0154473
6499 0.0154383
6500 0.0154297
6501 0.015421
6502 0.015412
6503 0.0154037
6504 0.0153949
6505 0.0153875
6506 0.0153792
6507 0.0153712
6508 0.0153655
6509 0.0153577
6510 0.0153496
6511 0.0153423
6512 0.0153352
6513 0.015328
6514 0.0153208
6515 0.0153117
6516 0.0153026
6517 0.0152935
6518 0.0152845
6519 0.0152755
6520 0.0152667
6521 0.0152578
6522 0.0152489
6523 0.0152401
6524 0.0152317
6525 0.0152234
6526 0.015216
6527 0.01521
6528 0.0152038
6529 0.0151955
6530 0.0151868
6531 0.0151778
6532 0.0151688
6533 0.0151599
6534 0.0151511
6535 0.0151423
6536 0.0151337
6537 0.0151251
6538 0.0151163
6539 0.0151077
6540 0.0150993
6541 0.0150914
6542 0.0150827
6543 0.0150751
6544 0.0150674
6545 0.0150593
6546 0.0150507
6547 0.0150419
6548 0.0150331
6549 0.0150242
6550 0.0150154
6551 0.0150101
6552 0.0150049
6553 0.0149992
6554 0.0149949
6555 0.0149918
6556 0.0149828
6557 0.0149741
6558 0.0149662
6559 0.0149574
6560 0.0149487
6561 0.0149404
6562 0.014933
6563 0.0149257
6564 0.0149195
6565 0.0149156
6566 0.0149118
6567 0.0149098
6569 0.014903
6570 0.0148963
6571 0.0148912
6572 0.014883
6573 0.0148746
6574 0.0148667
6575 0.0148592
6576 0.0148525
6577 0.0148449
6578 0.0148378
6579 0.0148321
6580 0.0148284
6581 0.0148275
6584 0.0148255
6585 0.0148151
6586 0.0148097
6587 0.0148059
6590 0.0148056
6591 0.0148054
6594 0.0148003
6595 0.0147973
6596 0.0147925
6598 0.0147909
6599 0.0147845
6600 0.0147839
6602 0.0147777
6603 0.0147696
6604 0.0147635
6605 0.0147604
6606 0.0147539
6607 0.0147509
6608 0.0147448
6609 0.0147371
6610 0.0147316
6611 0.0147291
6612 0.0147226
6613 0.0147185
6614 0.0147139
6615 0.0147054
6616 0.0146982
6617 0.0146919
6618 0.0146892
6619 0.014682
6620 0.0146812
6622 0.0146718
6623 0.014663
6624 0.0146552
6625 0.0146476
6626 0.0146405
6627 0.0146326
6628 0.0146251
6629 0.0146191
6630 0.0146144
6631 0.0146067
6632 0.0146011
6633 0.0145965
6634 0.0145922
6635 0.0145874
6636 0.0145792
6637 0.0145751
6638 0.0145708
6639 0.0145662
6640 0.0145577
6641 0.0145476
6642 0.0145413
6643 0.0145358
6644 0.0145345
6646 0.0145312
6654 0.0145223
6655 0.0145201
6656 0.0145173
6657 0.0145091
6658 0.0145035
6660 0.0145034
6661 0.0145002
6662 0.0144975
6663 0.0144974
6664 0.0144944
6665 0.0144908
6666 0.014489
6667 0.0144867
6668 0.0144825
6669 0.0144714
6670 0.0144634
6671 0.0144574
6672 0.0144502
6673 0.0144443
6674 0.0144395
6675 0.0144373
6676 0.0144367
6677 0.0144311
6678 0.0144295
6680 0.0144268
6681 0.0144257
6683 0.0144156
6684 0.0144075
6685 0.0143997
6686 0.0143935
6687 0.014388
6688 0.0143862
6689 0.0143849
6691 0.0143841
6692 0.0143782
6693 0.0143692
6694 0.014367
6696 0.0143644
6698 0.0143614
6700 0.0143592
6702 0.0143568
6705 0.01435
6706 0.0143438
6707 0.0143369
6708 0.0143342
6709 0.0143317
6711 0.0143312
6713 0.0143306
6714 0.0143225
6715 0.0143189
6716 0.0143166
6718 0.0143144
6720 0.0143134
6721 0.0143103
6722 0.0143037
6725 0.0143021
6727 0.0143002
6730 0.014291
6731 0.014287
6732 0.0142844
6733 0.014284
6736 0.0142837
6737 0.0142787
6738 0.0142728
6739 0.0142723
6741 0.0142656
6742 0.0142563
6743 0.0142476
6744 0.0142395
6745 0.014233
6746 0.0142286
6747 0.0142269
6750 0.0142265
6752 0.0142261
6755 0.0142237
6756 0.0142216
6757 0.0142135
6758 0.0142085
6760 0.0142062
6761 0.0142016
6762 0.0141971
6763 0.0141968
6765 0.0141915
6766 0.0141862
6767 0.0141779
6768 0.0141691
6769 0.0141605
6770 0.0141535
6771 0.0141464
6772 0.0141392
6773 0.0141311
6774 0.0141227
6775 0.0141148
6776 0.0141062
6777 0.0140976
6778 0.0140891
6779 0.014081
6780 0.0140725
6781 0.0140645
6782 0.0140558
6783 0.0140475
6784 0.014039
6785 0.0140307
6786 0.0140226
6787 0.0140143
6788 0.0140061
6789 0.0139977
6790 0.0139894
6791 0.013981
6792 0.0139726
6793 0.0139663
6794 0.0139594
6795 0.013956
6796 0.0139537
6797 0.0139532
6798 0.0139483
6799 0.0139407
6800 0.0139325
6801 0.0139237
6802 0.0139153
6803 0.0139076
6804 0.013899
6805 0.0138906
6806 0.013882
6807 0.0138735
6808 0.013865
6809 0.0138568
6810 0.0138481
6811 0.0138396
6812 0.013831
6813 0.0138225
6814 0.0138165
6815 0.0138113
6816 0.0138094
6817 0.0138092
6818 0.0138023
6819 0.0137954
6820 0.0137879
6821 0.0137812
6822 0.0137731
6823 0.0137658
6824 0.0137571
6825 0.0137503
6826 0.013744
6827 0.0137371
6828 0.0137282
6829 0.0137205
6830 0.0137133
6831 0.0137047
6832 0.0136963
6833 0.0136878
6834 0.0136793
6835 0.013671
6836 0.0136625
6837 0.0136541
6838 0.0136457
6839 0.0136375
6840 0.0136293
6841 0.0136209
6842 0.0136125
6843 0.0136059
6844 0.0135993
6845 0.0135951
6846 0.0135899
6847 0.0135847
6848 0.0135772
6849 0.0135703
6850 0.0135623
6851 0.0135549
6852 0.0135476
6853 0.0135403
6854 0.0135323
6855 0.0135241
6856 0.0135159
6857 0.013508
6858 0.0134998
6859 0.0134914
6860 0.0134831
6861 0.0134748
6862 0.0134668
6863 0.0134588
6864 0.0134509
6865 0.0134434
6866 0.0134358
6867 0.0134281
6868 0.01342
6869 0.0134128
6870 0.0134066
6871 0.0133985
6872 0.0133906
6873 0.0133828
6874 0.0133765
6875 0.0133705
6876 0.0133619
6877 0.0133535
6878 0.0133454
6879 0.0133373
6880 0.0133292
6881 0.0133214
6882 0.0133135
6883 0.0133052
6884 0.0132971
6885 0.013289
6886 0.0132811
6887 0.0132736
6888 0.013266
6889 0.013259
6890 0.0132518
6891 0.0132447
6892 0.0132394
6893 0.0132312
6894 0.0132239
6895 0.0132163
6896 0.0132109
6897 0.0132077
6898 0.0132027
6899 0.0131963
6900 0.0131914
6901 0.0131861
6902 0.013181
6903 0.0131754
6904 0.0131714
6906 0.0131702
6907 0.0131617
6908 0.0131582
6910 0.0131578
6912 0.013157
6913 0.013152
6914 0.0131499
6915 0.0131498
6916 0.0131461
6917 0.01314
6919 0.0131399
6920 0.0131344
6923 0.013127
6924 0.0131267
6926 0.0131234
6927 0.0131218
6928 0.0131216
6929 0.013119
6930 0.013117
6932 0.0131164
6934 0.0131154
6935 0.0131074
6936 0.0131044
6937 0.0130997
6938 0.013093
6939 0.0130888
6944 0.0130861
6945 0.0130849
6946 0.0130822
6947 0.013078
6948 0.0130765
6949 0.0130694
6950 0.0130671
6951 0.013063
6952 0.0130611
6953 0.013058
6954 0.0130577
6955 0.0130501
6956 0.0130477
6957 0.0130476
6958 0.0130442
6959 0.0130406
6960 0.0130351
6962 0.0130348
6963 0.0130279
6966 0.0130252
6967 0.0130215
6968 0.0130156
6969 0.013009
6970 0.0130071
6971 0.0130054
6972 0.0130053
6973 0.0130029
6975 0.0129974
6976 0.012992
6977 0.0129886
6978 0.0129835
6979 0.0129749
6980 0.01297
6981 0.0129659
6982 0.0129631
6985 0.0129608
6986 0.0129607
6987 0.0129572
6988 0.012955
6989 0.0129528
6991 0.0129507
6992 0.0129495
6993 0.0129461
6995 0.0129421
6996 0.012935
6997 0.0129328
6998 0.0129327
6999 0.0129318
7000 0.0129316
7001 0.0129282
7002 0.0129272
7004 0.0129263
7005 0.0129255
7006 0.0129188
7008 0.0129167
7009 0.0129081
7010 0.0129023
7019 0.012898
7022 0.0128906
7025 0.0128849
7026 0.012883
7027 0.0128829
7028 0.0128823
7030 0.0128818
7032 0.0128796
7034 0.0128794
7037 0.0128716
7038 0.0128702
7041 0.0128697
7042 0.0128676
7044 0.0128675
7045 0.0128634
7047 0.0128631
7049 0.0128587
7050 0.0128559
7051 0.0128557
7052 0.0128546
7054 0.0128544
7055 0.0128441
7056 0.0128416
7058 0.0128371
7059 0.0128363
7062 0.0128333
7064 0.0128307
7065 0.012826
7067 0.012823
7068 0.0128228
7069 0.012818
7070 0.0128127
7071 0.0128079
7072 0.0128077
7073 0.0128049
7074 0.0128026
7075 0.0127954
7076 0.0127884
7077 0.0127829
7078 0.0127802
7081 0.0127791
7083 0.0127756
7084 0.0127708
7085 0.0127646
7086 0.0127645
7088 0.0127598
7089 0.0127577
7091 0.0127542
7092 0.0127502
7093 0.0127451
7094 0.0127439
7097 0.0127436
7098 0.0127407
7102 0.0127367
7103 0.0127307
7104 0.0127263
7105 0.0127248
7108 0.0127239
7109 0.0127193
7111 0.0127192
7113 0.0127185
7114 0.0127137
7115 0.0127127
7116 0.0127092
7119 0.0127066
7121 0.0127036
7123 0.0126979
7124 0.0126945
7127 0.0126944
7128 0.0126929
7129 0.0126868
7131 0.0126863
7132 0.0126779
7133 0.0126735
7134 0.0126716
7136 0.0126707
7137 0.0126695
7139 0.0126691
7140 0.0126623
7141 0.0126604
7143 0.0126589
7145 0.012657
7146 0.0126556
7148 0.0126553
7149 0.012645
7150 0.0126409
7151 0.0126384
7152 0.0126373
7153 0.0126367
7154 0.0126333
7155 0.0126324
7157 0.0126291
7158 0.0126273
7162 0.0126272
7163 0.0126182
7164 0.0126125
7165 0.0126083
7166 0.0126067
7168 0.0126052
7172 0.0126024
7173 0.012597
7174 0.0125939
7175 0.0125925
7176 0.0125892
7177 0.0125872
7178 0.0125843
7179 0.012575
7180 0.0125706
7181 0.0125686
7183 0.0125669
7185 0.0125659
7186 0.0125645
7188 0.0125625
7189 0.0125573
7190 0.0125547
7191 0.012552
7192 0.0125501
7194 0.01255
7199 0.0125441
7200 0.0125397
7201 0.0125355
7202 0.0125341
7203 0.0125321
7205 0.0125292
7206 0.012522
7207 0.0125154
7208 0.0125091
7209 0.0125045
7210 0.0125026
7212 0.0125013
7213 0.0125012
7214 0.0124946
7215 0.0124895
7216 0.0124877
7219 0.012477
7220 0.0124703
7221 0.0124679
7222 0.012466
7229 0.0124635
7232 0.012456
7233 0.0124546
7236 0.0124456
7237 0.0124397
7238 0.0124338
7239 0.012428
7240 0.0124224
7241 0.0124184
7242 0.0124158
7243 0.0124134
7244 0.0124133
7245 0.0124126
7247 0.0124111
7248 0.0124097
7249 0.0124087
7251 0.0124042
7252 0.0123938
7253 0.0123919
7255 0.0123912
7257 0.0123909
7258 0.012386
7259 0.0123843
7260 0.0123824
7261 0.0123789
7262 0.0123759
7266 0.0123691
7267 0.0123626
7268 0.0123604
7269 0.0123561
7270 0.0123542
7271 0.012354
7272 0.0123471
7273 0.0123427
7274 0.0123355
7275 0.0123295
7276 0.0123221
7277 0.0123168
7278 0.0123106
7279 0.0123061
7280 0.0123009
7281 0.0122961
7282 0.0122922
7283 0.012291
7285 0.0122849
7286 0.0122823
7287 0.0122752
7288 0.0122686
7289 0.0122618
7290 0.0122552
7291 0.0122493
7292 0.0122432
7293 0.012237
7294 0.0122306
7295 0.0122247
7296 0.0122209
7297 0.0122159
7298 0.0122153
7300 0.0122033
7301 0.012198
7302 0.0121953
7303 0.012195
7304 0.0121907
7305 0.0121897
7306 0.0121888
7308 0.0121872
7309 0.012185
7310 0.0121841
7312 0.0121831
7313 0.0121753
7314 0.0121697
7315 0.0121673
7317 0.012167
7318 0.0121646
7319 0.0121593
7320 0.0121574
7322 0.0121557
7328 0.012147
7329 0.0121419
7330 0.0121407
7332 0.0121355
7333 0.0121313
7334 0.0121311
7335 0.0121294
7336 0.0121248
7337 0.0121239
7339 0.0121192
7341 0.0121186
7342 0.0121152
7344 0.0121088
7345 0.0121081
7347 0.0121031
7350 0.0120951
7351 0.0120918
7352 0.0120911
7354 0.0120896
7355 0.0120892
7356 0.0120823
7357 0.0120756
7358 0.0120688
7359 0.0120619
7360 0.0120547
7361 0.0120475
7362 0.0120403
7363 0.012033
7364 0.0120258
7365 0.0120188
7366 0.0120124
7367 0.0120063
7368 0.0119999
7369 0.0119955
7370 0.0119895
7371 0.0119829
7372 0.0119809
7373 0.0119796
7374 0.0119786
7375 0.0119755
7376 0.0119703
7377 0.0119671
7378 0.0119606
7379 0.0119556
7380 0.0119535
7381 0.0119517
7382 0.0119516
7383 0.0119488
7384 0.0119427
7385 0.0119377
7386 0.0119354
7389 0.0119299
7390 0.0119253
7391 0.0119202
7392 0.0119189
7393 0.0119187
7397 0.0119176
7398 0.0119165
7399 0.0119136
7400 0.0119076
7401 0.011906
7402 0.0119057
7403 0.011905
7405 0.0118972
7406 0.0118928
7407 0.0118892
7411 0.0118883
7412 0.011888
7414 0.011887
7415 0.0118808
7416 0.0118763
7417 0.0118758
7419 0.0118726
7421 0.0118713
7422 0.0118645
7423 0.0118635
7425 0.0118626
7427 0.0118613
7428 0.0118608
7429 0.0118574
7430 0.0118499
7431 0.011848
7432 0.0118479
7434 0.0118391
7435 0.011831
7436 0.0118257
7438 0.0118256
7439 0.0118248
7441 0.0118238
7443 0.011822
7444 0.011819
7445 0.011815
7446 0.0118085
7447 0.0118064
7448 0.0117991
7449 0.0117951
7450 0.0117896
7451 0.0117878
7453 0.0117817
7455 0.0117814
7456 0.0117785
7457 0.011778
7458 0.0117741
7459 0.0117697
7460 0.0117646
7461 0.0117612
7463 0.0117604
7464 0.0117553
7465 0.0117522
7467 0.0117467
7468 0.0117401
7469 0.0117346
7470 0.011734
7471 0.0117332
7472 0.011728
7473 0.0117252
7476 0.0117196
7477 0.0117167
7478 0.0117099
7479 0.0117063
7482 0.0117023
7483 0.0116992
7484 0.0116966
7485 0.0116952
7486 0.0116945
7488 0.011692
7491 0.0116878
7492 0.011687
7494 0.0116821
7495 0.0116739
7496 0.0116702
7497 0.0116699
7500 0.0116697
7502 0.0116696
7503 0.0116693
7505 0.011665
7506 0.0116582
7509 0.0116522
7510 0.0116458
7511 0.0116426
7512 0.0116361
7513 0.0116324
7514 0.0116258
7515 0.0116198
7516 0.0116149
7517 0.0116106
7518 0.0116067
7519 0.0115984
7520 0.0115964
7521 0.0115957
7522 0.0115947
7524 0.0115916
7525 0.0115902
7528 0.0115893
7532 0.0115887
7533 0.0115815
7534 0.0115785
7535 0.011572
7538 0.0115716
7541 0.01157
7542 0.0115672
7544 0.0115646
7546 0.0115606
7549 0.011556
7550 0.0115494
7551 0.0115485
7553 0.0115474
7555 0.0115472
7558 0.0115466
7559 0.0115409
7561 0.01154
7562 0.0115323
7563 0.0115306
7564 0.01153
7565 0.0115252
7566 0.0115223
7567 0.0115215
7568 0.0115214
7570 0.011521
7572 0.0115189
7574 0.0115172
7575 0.0115147
7576 0.0115104
7577 0.0115078
7578 0.0115033
7579 0.0114972
7580 0.0114922
7581 0.0114884
7582 0.0114858
7586 0.0114821
7587 0.0114796
7592 0.0114715
7595 0.0114687
7598 0.0114681
7599 0.011468
7602 0.0114636
7603 0.0114632
7604 0.0114575
7605 0.0114532
7606 0.0114477
7607 0.0114433
7610 0.0114374
7611 0.0114353
7612 0.0114346
7613 0.0114345
7615 0.0114343
7617 0.0114312
7620 0.0114236
7621 0.0114212
7622 0.0114203
7623 0.011419
7625 0.0114176
7626 0.0114132
7627 0.0114125
7629 0.0114105
7631 0.0114098
7632 0.0114094
7634 0.0114081
7636 0.0114047
7637 0.0113986
7639 0.0113985
7641 0.0113981
