1 7929370.0
4 7691150.0
5 7560070.0
6 5746660.0
7 4394580.0
8 3543910.0
9 3053910.0
10 2798160.0
11 2734750.0
12 2467060.0
14 2234930.0
15 2153840.0
16 2072900.0
18 1913090.0
21 1757040.0
24 1694760.0
25 1682300.0
29 1598820.0
30 1562100.0
33 1485720.0
34 1413160.0
37 1357170.0
38 1338160.0
40 1302960.0
41 1255250.0
42 1197580.0
43 1135270.0
44 1087220.0
45 1039340.0
46 1019500.0
47 953902.0
48 923401.0
49 910310.0
52 854699.0
53 845551.0
54 835094.0
55 794990.0
56 750095.0
57 711877.0
58 688521.0
59 675421.0
60 663950.0
61 633300.0
62 603641.0
63 580187.0
65 573688.0
66 564945.0
67 529368.0
68 520346.0
70 508031.0
72 484464.0
73 472655.0
74 452139.0
77 433757.0
79 423696.0
80 403073.0
81 383225.0
82 368985.0
83 360554.0
84 343920.0
85 326631.0
86 310443.0
87 303770.0
90 297621.0
93 294121.0
94 285481.0
95 278332.0
97 277804.0
98 273024.0
99 272884.0
101 272197.0
102 267051.0
103 264318.0
104 263801.0
105 263208.0
106 260170.0
107 257403.0
108 253942.0
109 252137.0
110 248707.0
111 246258.0
112 243666.0
113 240936.0
114 237875.0
115 234990.0
116 232285.0
117 230254.0
118 227590.0
119 225504.0
120 224497.0
123 222486.0
124 220494.0
125 219544.0
127 219408.0
128 216077.0
129 214106.0
130 213836.0
131 212423.0
132 211713.0
133 209416.0
134 207004.0
135 205222.0
139 202983.0
140 202356.0
141 200155.0
142 198400.0
143 197410.0
144 196885.0
145 194750.0
146 192518.0
147 190253.0
148 188610.0
149 186447.0
152 184855.0
154 183515.0
155 182500.0
157 182250.0
158 179931.0
159 178434.0
162 177294.0
163 176226.0
165 174288.0
166 173345.0
167 172145.0
168 170797.0
171 168649.0
172 168325.0
173 167658.0
174 165810.0
175 164700.0
176 163075.0
177 161509.0
178 160913.0
179 159583.0
180 157629.0
181 156507.0
182 155767.0
185 153877.0
186 153743.0
187 153444.0
188 151778.0
189 150079.0
190 148791.0
191 147507.0
194 146411.0
195 146055.0
196 144877.0
197 143337.0
198 142200.0
199 140455.0
200 139437.0
201 138888.0
202 137464.0
204 136945.0
205 135650.0
206 134450.0
207 133050.0
208 131843.0
210 131353.0
211 130363.0
212 129270.0
213 128309.0
214 127647.0
215 126114.0
216 124804.0
217 123549.0
218 122335.0
219 121714.0
220 120393.0
221 119288.0
222 118347.0
223 117383.0
224 116206.0
225 115209.0
226 114960.0
227 113819.0
228 113246.0
229 112384.0
231 112050.0
232 111366.0
235 110692.0
236 110129.0
237 109807.0
240 109435.0
241 108957.0
242 108668.0
244 108616.0
245 108088.0
246 107950.0
247 107270.0
248 106971.0
249 106633.0
251 106467.0
252 106221.0
254 106142.0
255 106020.0
256 105378.0
257 104820.0
258 104538.0
259 104315.0
260 103892.0
261 103708.0
262 103266.0
265 102887.0
266 102834.0
268 102426.0
269 102084.0
270 101721.0
271 101539.0
272 101129.0
273 101102.0
275 100812.0
277 100650.0
278 100516.0
281 100076.0
282 99797.1
285 99296.1
286 99109.5
289 98876.8
296 98841.2
302 98833.9
307 98833.2
308 98829.1
309 98825.0
310 98821.1
311 98817.5
312 98814.3
313 98814.0
314 98813.4
315 98808.8
316 98807.7
318 98805.6
319 98805.4
320 98802.2
323 98800.0
326 98798.1
327 98797.3
328 98797.2
330 98795.2
331 98793.4
332 98791.8
333 98790.3
334 98788.5
335 98786.8
336 98785.1
337 98783.5
338 98781.8
339 98780.1
340 98778.5
341 98776.8
342 98775.0
343 98773.4
344 98771.7
345 98770.1
346 98769.3
349 98767.6
350 98766.0
351 98764.4
352 98762.9
353 98762.2
354 98761.6
355 98760.0
356 98758.4
357 98757.2
358 98755.5
359 98754.4
360 98753.0
361 98751.3
362 98749.7
363 98748.0
364 98746.3
365 98744.7
366 98744.6
367 98744.5
368 98742.8
369 98741.2
370 98740.0
371 98739.3
372 98737.6
373 98736.4
374 98734.6
375 98732.9
376 98731.3
377 98729.8
378 98728.3
379 98727.0
380 98725.3
381 98723.6
382 98722.0
383 98720.3
384 98718.6
385 98717.0
386 98715.4
387 98713.9
388 98712.2
389 98710.6
390 98708.9
391 98707.3
392 98705.6
393 98704.0
394 98702.4
395 98700.7
396 98699.0
397 98697.4
398 98695.8
399 98694.1
400 98692.5
401 98690.9
402 98689.3
403 98687.8
404 98686.1
405 98684.5
406 98682.8
407 98681.2
408 98679.6
409 98678.0
410 98676.4
411 98674.7
412 98673.2
413 98671.5
414 98669.9
415 98668.2
416 98666.6
417 98665.0
418 98663.6
419 98661.9
420 98660.3
421 98658.7
422 98657.2
423 98655.5
424 98653.8
425 98652.2
426 98650.6
427 98649.0
428 98647.3
429 98645.7
430 98644.1
431 98642.4
432 98640.8
433 98639.2
434 98637.6
435 98636.1
436 98634.6
437 98632.9
438 98631.3
439 98629.6
440 98628.0
441 98626.4
442 98624.7
443 98623.1
444 98621.5
445 98620.0
446 98618.3
447 98616.7
448 98615.1
449 98613.5
450 98611.9
451 98610.8
452 98609.3
453 98608.2
454 98606.7
455 98605.0
456 98603.3
457 98601.6
458 98600.0
459 98598.6
460 98597.1
461 98595.6
462 98593.9
463 98592.3
464 98590.9
465 98589.4
466 98587.9
467 98587.0
468 98585.3
469 98583.7
470 98582.3
471 98581.0
472 98579.4
473 98577.8
474 98576.3
475 98575.5
476 98574.6
477 98573.0
478 98571.5
479 98571.1
480 98569.8
481 98568.3
482 98566.8
483 98566.3
484 98565.6
485 98564.1
486 98562.9
487 98561.5
488 98560.5
489 98559.5
490 98558.3
491 98556.9
492 98555.9
493 98555.2
494 98553.9
495 98552.7
496 98551.5
497 98550.8
499 98550.2
500 98548.5
501 98546.8
502 98545.2
503 98543.7
504 98542.4
505 98541.0
506 98539.9
507 98538.4
508 98536.9
509 98535.4
510 98533.9
511 98532.5
512 98531.6
513 98531.3
514 98531.2
515 98529.8
516 98528.3
517 98526.8
518 98525.3
519 98523.9
520 98522.5
521 98521.1
522 98519.7
523 98518.2
524 98517.0
525 98515.7
526 98514.2
527 98512.8
528 98511.6
529 98510.9
530 98510.3
531 98508.8
532 98507.3
533 98505.8
534 98504.3
535 98502.9
536 98501.5
537 98500.0
538 98498.6
539 98497.2
540 98495.8
541 98494.4
542 98493.0
543 98491.5
544 98490.1
545 98488.6
546 98487.4
547 98485.9
548 98484.5
549 98483.0
550 98482.0
551 98481.7
553 98480.1
554 98478.6
555 98477.1
556 98475.7
557 98474.6
558 98473.2
559 98471.8
560 98470.4
561 98469.0
562 98467.5
563 98466.1
564 98464.7
565 98463.7
566 98462.6
567 98461.2
568 98459.7
569 98458.5
570 98457.0
571 98455.6
572 98454.2
573 98452.8
574 98451.4
575 98450.1
576 98448.8
577 98447.5
578 98446.1
579 98444.7
580 98443.3
581 98441.9
582 98440.5
583 98439.1
584 98437.7
585 98436.3
586 98434.9
587 98433.5
588 98432.1
589 98430.7
590 98429.3
591 98427.9
592 98426.5
593 98425.1
594 98423.7
595 98422.2
596 98421.0
597 98419.6
598 98418.2
599 98416.7
600 98415.4
601 98414.0
602 98412.6
603 98411.2
604 98409.8
605 98408.4
606 98407.2
607 98406.0
608 98404.6
609 98403.3
610 98401.8
611 98400.3
612 98398.8
613 98397.4
614 98396.3
615 98394.9
616 98393.5
617 98392.3
618 98390.9
619 98389.4
620 98388.2
621 98387.2
622 98386.4
623 98385.1
624 98383.6
625 98382.3
626 98380.9
627 98379.5
628 98378.3
629 98377.2
630 98375.7
631 98374.3
632 98373.0
633 98371.6
634 98370.2
635 98369.2
636 98367.8
637 98366.4
638 98365.1
639 98363.8
640 98362.7
641 98361.3
642 98360.0
643 98358.6
644 98357.2
645 98355.9
646 98355.0
647 98354.4
648 98354.0
649 98353.6
650 98352.1
651 98350.7
652 98349.3
653 98347.9
654 98346.5
655 98345.1
656 98343.7
657 98342.3
658 98340.9
659 98339.5
660 98338.1
661 98336.8
662 98336.5
664 98335.7
665 98334.3
666 98332.9
667 98331.5
668 98330.1
669 98328.7
670 98327.3
671 98325.9
672 98324.5
673 98323.1
674 98321.7
675 98320.3
676 98318.9
677 98317.5
678 98316.1
679 98314.7
680 98313.3
681 98311.9
682 98310.5
683 98309.1
684 98307.7
685 98306.3
686 98305.0
687 98304.8
689 98303.8
690 98302.5
691 98301.6
693 98301.2
694 98300.8
695 98299.4
696 98298.2
697 98297.2
698 98296.5
699 98295.0
700 98293.6
701 98292.2
702 98290.9
703 98289.6
704 98288.7
705 98287.9
706 98286.4
707 98285.0
708 98283.6
709 98282.2
710 98280.8
711 98279.5
712 98278.6
713 98278.1
714 98278.0
715 98277.4
716 98276.0
717 98274.6
718 98273.2
719 98271.9
720 98271.1
721 98269.7
722 98268.5
723 98267.1
724 98265.7
725 98264.3
726 98262.9
727 98261.5
728 98260.1
729 98258.7
730 98257.3
731 98255.9
732 98254.6
733 98253.6
734 98252.6
735 98251.8
736 98250.6
737 98249.4
738 98248.5
739 98247.6
740 98247.4
741 98245.6
742 98244.3
743 98243.0
744 98241.9
745 98241.7
746 98240.7
747 98239.2
748 98237.8
749 98236.8
750 98236.2
752 98235.7
753 98234.5
754 98234.1
755 98232.6
756 98231.6
757 98230.3
758 98229.0
759 98227.7
760 98226.5
761 98225.7
762 98224.5
763 98223.0
764 98221.6
765 98220.4
766 98219.3
767 98218.7
769 98218.3
770 98217.1
771 98216.3
772 98216.1
774 98215.1
775 98213.6
776 98212.9
777 98211.7
778 98210.7
779 98209.4
780 98208.0
781 98206.6
782 98205.3
783 98203.9
784 98202.7
785 98201.3
786 98200.0
787 98198.6
788 98197.5
789 98196.1
790 98194.8
791 98193.4
792 98192.4
793 98191.0
794 98189.7
795 98188.3
796 98187.4
797 98186.1
798 98184.8
799 98183.4
800 98182.1
801 98180.7
802 98180.2
804 98178.9
805 98177.7
806 98176.5
807 98175.6
808 98175.0
809 98174.3
810 98172.9
811 98171.8
812 98170.8
815 98169.5
816 98168.9
817 98168.2
819 98167.6
820 98166.2
821 98165.7
822 98164.5
823 98164.3
824 98162.8
825 98161.4
826 98160.2
827 98158.8
828 98157.5
829 98156.2
830 98154.9
831 98153.7
832 98152.5
833 98151.2
834 98150.1
835 98148.6
836 98147.3
837 98146.8
838 98145.5
839 98144.1
840 98142.8
841 98141.4
842 98140.1
843 98138.8
844 98137.5
845 98136.3
846 98135.4
847 98134.1
848 98132.8
849 98131.4
850 98130.1
851 98128.9
852 98127.6
853 98126.4
854 98125.2
855 98123.8
856 98122.6
857 98121.3
858 98120.0
859 98118.7
860 98117.5
861 98116.1
862 98114.8
863 98113.4
864 98112.8
865 98111.6
866 98110.3
867 98109.0
868 98107.6
869 98107.0
870 98105.8
871 98104.9
872 98103.9
873 98103.0
874 98101.7
875 98100.5
876 98099.3
877 98098.4
878 98097.1
879 98095.9
880 98094.7
881 98093.5
882 98092.2
883 98091.0
884 98090.2
885 98088.9
886 98087.7
887 98086.5
888 98085.6
889 98085.4
890 98084.0
891 98082.5
892 98081.1
893 98079.9
894 98078.6
895 98077.4
896 98076.1
897 98075.0
898 98073.8
899 98073.1
900 98072.3
901 98071.2
902 98070.7
903 98069.0
904 98067.7
905 98067.0
906 98065.8
907 98064.7
908 98063.8
909 98062.6
910 98061.6
911 98061.5
912 98060.8
913 98059.1
914 98058.1
916 98057.7
917 98057.0
918 98055.8
919 98054.8
920 98054.7
921 98054.1
922 98052.6
923 98051.4
924 98050.7
925 98049.6
927 98049.3
928 98048.1
929 98047.8
930 98046.6
931 98046.3
932 98044.9
933 98043.5
934 98042.3
935 98041.3
936 98040.3
937 98038.8
938 98037.5
939 98036.2
940 98034.9
941 98033.7
942 98032.4
943 98031.1
944 98029.8
945 98028.5
946 98027.2
947 98026.0
948 98024.8
949 98023.5
950 98022.2
951 98020.9
952 98019.6
953 98018.3
954 98017.0
955 98015.8
956 98015.2
957 98014.4
958 98014.0
959 98012.4
960 98011.1
961 98009.9
962 98008.7
963 98007.5
964 98006.2
965 98004.9
966 98003.6
967 98002.4
968 98001.1
969 97999.8
970 97998.6
971 97997.5
972 97996.6
974 97996.2
975 97995.2
976 97994.7
979 97993.7
980 97992.7
982 97992.2
983 97991.0
984 97990.1
985 97989.2
986 97988.5
987 97987.1
988 97986.0
989 97985.0
990 97984.3
991 97982.8
992 97981.8
993 97981.2
996 97979.8
997 97979.3
999 97979.0
1000 97977.7
1001 97976.5
1002 97975.8
1004 97975.5
1005 97974.6
1006 97974.2
1009 97973.0
1010 97972.0
1011 97971.4
1014 97970.9
1015 97969.4
1016 97969.2
1017 97968.1
1018 97967.0
1019 97966.5
1020 97965.0
1021 97963.7
1022 97962.5
1023 97961.7
1024 97960.8
1025 97959.6
1026 97958.3
1027 97957.0
1028 97955.8
1029 97954.9
1030 97953.5
1031 97952.3
1032 97951.0
1033 97950.0
1034 97948.8
1035 97947.5
1036 97946.1
1037 97944.9
1038 97943.6
1039 97942.3
1040 97941.0
1041 97939.7
1042 97938.5
1043 97938.0
1044 97937.6
1046 97936.3
1047 97935.0
1048 97933.6
1049 97932.4
1050 97931.2
1051 97930.0
1052 97929.0
1053 97927.7
1054 97926.4
1055 97925.2
1056 97924.0
1057 97922.7
1058 97921.4
1059 97920.2
1060 97919.0
1061 97917.7
1062 97916.5
1063 97915.2
1064 97914.0
1065 97912.8
1066 97911.7
1067 97910.4
1068 97909.2
1069 97907.9
1070 97907.2
1071 97906.6
1072 97905.8
1073 97904.8
1074 97903.9
1076 97903.6
1077 97902.4
1078 97901.8
1080 97900.6
1081 97900.3
1082 97899.8
1083 97898.4
1084 97897.1
1085 97895.9
1086 97894.7
1087 97893.6
1088 97892.1
1089 97891.0
1090 97890.3
1091 97889.5
1092 97888.3
1093 97887.0
1094 97885.7
1095 97884.4
1096 97883.2
1097 97881.9
1098 97880.7
1099 97879.4
1100 97878.2
1101 97877.0
1102 97875.7
1103 97874.5
1104 97873.2
1105 97872.0
1106 97870.8
1107 97869.5
1108 97868.3
1109 97867.0
1110 97865.7
1111 97864.5
1112 97863.2
1113 97862.0
1114 97860.8
1115 97859.5
1116 97858.3
1117 97857.0
1118 97855.7
1119 97854.5
1120 97853.2
1121 97852.0
1122 97850.8
1123 97849.5
1124 97848.3
1125 97847.0
1126 97845.7
1127 97844.5
1128 97843.3
1129 97842.0
1130 97840.7
1131 97839.4
1132 97838.2
1133 97837.0
1134 97835.7
1135 97834.4
1136 97833.2
1137 97832.0
1138 97830.7
1139 97829.4
1140 97828.2
1141 97827.0
1142 97825.7
1143 97824.4
1144 97823.2
1145 97822.0
1146 97820.7
1147 97819.4
1148 97818.2
1149 97817.0
1150 97815.7
1151 97814.5
1152 97813.2
1153 97812.0
1154 97810.7
1155 97809.5
1156 97808.3
1157 97807.0
1158 97805.8
1159 97804.6
1160 97803.3
1161 97802.1
1162 97800.9
1163 97799.7
1164 97798.6
1165 97797.4
1166 97796.1
1167 97794.9
1168 97793.7
1169 97792.5
1170 97791.4
1171 97790.1
1172 97788.8
1173 97787.6
1174 97786.5
1175 97785.2
1176 97784.0
1177 97782.8
1178 97781.5
1179 97780.2
1180 97778.9
1181 97777.7
1182 97776.5
1183 97775.2
1184 97774.0
1185 97772.7
1186 97771.6
1187 97770.3
1188 97769.1
1189 97767.8
1190 97766.7
1191 97765.4
1192 97764.2
1193 97762.9
1194 97761.8
1195 97760.5
1196 97759.3
1197 97758.1
1198 97757.1
1199 97755.8
1200 97754.5
1201 97753.2
1202 97752.0
1203 97750.8
1204 97749.6
1205 97748.3
1206 97747.1
1207 97745.8
1208 97744.8
1209 97743.5
1210 97742.2
1211 97741.0
1212 97739.8
1213 97738.6
1214 97737.3
1215 97736.3
1216 97735.1
1217 97734.4
1218 97733.0
1219 97731.7
1220 97730.5
1221 97729.2
1222 97728.2
1223 97726.9
1224 97725.7
1225 97724.4
1226 97723.3
1227 97722.0
1228 97720.9
1229 97719.7
1230 97718.4
1231 97717.4
1232 97716.1
1233 97714.9
1234 97713.6
1235 97712.5
1236 97711.2
1237 97710.0
1238 97708.8
1239 97707.8
1240 97706.5
1241 97705.2
1242 97704.0
1243 97702.8
1244 97701.8
1245 97700.5
1246 97699.3
1247 97698.0
1248 97696.9
1249 97695.7
1250 97694.6
1251 97693.3
1252 97692.0
1253 97690.9
1254 97689.7
1255 97688.5
1256 97687.5
1257 97686.7
1258 97686.1
1259 97684.9
1260 97683.7
1261 97682.5
1262 97681.2
1263 97680.1
1264 97678.8
1265 97677.9
1266 97677.2
1267 97675.9
1268 97674.7
1269 97673.5
1270 97672.3
1271 97671.1
1272 97669.9
1273 97668.7
1274 97667.5
1275 97666.5
1276 97665.3
1277 97664.0
1278 97662.9
1279 97661.9
1280 97660.7
1281 97659.6
1282 97658.4
1283 97657.2
1284 97656.0
1285 97654.9
1286 97654.0
1287 97653.8
1289 97652.7
1290 97651.8
1291 97650.7
1292 97649.5
1293 97648.3
1294 97647.2
1295 97647.0
1296 97645.8
1297 97644.5
1298 97643.6
1299 97643.3
1300 97642.3
1302 97642.0
1303 97640.7
1304 97639.6
1305 97639.1
1306 97638.6
1307 97637.5
1308 97636.4
1309 97635.4
1310 97634.7
1312 97634.5
1313 97633.3
1314 97632.9
1315 97631.9
1318 97630.6
1319 97629.5
1320 97628.8
1321 97628.5
1322 97627.2
1323 97626.0
1324 97625.0
1325 97624.0
1326 97623.0
1327 97621.8
1328 97620.6
1329 97619.4
1330 97618.3
1331 97617.3
1332 97616.3
1333 97615.3
1334 97614.2
1335 97613.2
1336 97612.0
1337 97610.7
1338 97609.5
1339 97608.4
1340 97607.4
1341 97606.2
1342 97605.1
1343 97604.2
1344 97602.9
1345 97601.8
1346 97601.0
1347 97600.4
1349 97600.0
1350 97598.9
1351 97598.7
1352 97597.5
1353 97596.9
1354 97596.1
1355 97594.7
1356 97593.5
1357 97592.4
1358 97591.3
1359 97590.3
1360 97589.4
1361 97588.1
1362 97586.9
1363 97585.7
1364 97584.5
1365 97583.4
1366 97582.8
1367 97581.9
1368 97581.3
1369 97580.2
1370 97579.1
1371 97578.1
1372 97577.5
1373 97576.4
1375 97576.0
1376 97574.9
1378 97573.8
1379 97572.8
1380 97572.2
1381 97571.3
1382 97570.1
1383 97568.9
1384 97567.7
1385 97566.5
1386 97565.4
1387 97565.2
1389 97564.2
1390 97563.1
1391 97562.0
1392 97560.9
1393 97559.8
1394 97558.8
1396 97558.6
1397 97557.9
1398 97557.0
1399 97556.6
1401 97556.3
1402 97555.0
1403 97553.9
1404 97553.4
1407 97552.4
1408 97551.8
1409 97551.5
1410 97550.0
1411 97548.8
1412 97547.7
1413 97546.6
1414 97545.7
1415 97544.9
1416 97543.7
1417 97542.7
1418 97541.7
1419 97540.9
1420 97540.7
1421 97539.2
1422 97538.0
1423 97536.8
1424 97535.8
1425 97534.6
1426 97533.5
1427 97532.3
1428 97531.1
1429 97530.0
1430 97529.2
1431 97528.9
1432 97528.4
1433 97527.1
1434 97525.8
1435 97524.6
1436 97523.5
1437 97522.8
1440 97521.7
1441 97520.6
1442 97519.8
1445 97519.3
1446 97518.0
1447 97516.8
1448 97515.9
1449 97515.2
1450 97514.4
1451 97513.9
1452 97512.8
1453 97512.0
1454 97511.0
1455 97510.5
1456 97509.9
1457 97508.5
1458 97507.4
1459 97506.3
1460 97505.3
1461 97504.4
1462 97503.3
1463 97502.2
1464 97501.1
1465 97500.1
1466 97499.0
1467 97497.8
1468 97496.7
1469 97496.0
1470 97494.8
1471 97493.7
1472 97492.5
1473 97491.4
1474 97490.2
1475 97489.1
1476 97488.0
1477 97486.9
1478 97485.8
1479 97484.6
1480 97483.7
1481 97482.7
1482 97481.8
1483 97480.8
1484 97479.7
1485 97478.8
1486 97478.7
1488 97477.4
1489 97476.2
1490 97475.3
1491 97474.6
1492 97473.7
1493 97472.9
1494 97472.3
1496 97472.1
1497 97471.0
1498 97470.7
1499 97469.4
1500 97468.6
1501 97468.0
1502 97466.9
1503 97465.7
1504 97464.6
1505 97463.4
1506 97462.3
1507 97461.2
1508 97460.2
1509 97459.2
1510 97458.0
1511 97456.8
1512 97455.7
1513 97454.8
1514 97453.6
1515 97452.5
1516 97451.4
1517 97450.3
1518 97449.6
1519 97448.5
1520 97447.4
1521 97446.2
1522 97445.1
1523 97444.0
1524 97443.0
1525 97441.8
1526 97440.8
1527 97439.7
1528 97438.5
1529 97437.4
1530 97436.3
1531 97435.1
1532 97434.1
1533 97432.9
1534 97431.9
1535 97430.8
1536 97429.7
1537 97428.6
1538 97428.2
1539 97427.2
1540 97426.2
1541 97424.9
1542 97423.9
1543 97422.8
1544 97421.7
1545 97420.7
1546 97419.7
1547 97418.6
1548 97417.5
1549 97416.4
1550 97415.3
1551 97414.2
1552 97413.1
1553 97412.0
1554 97410.9
1555 97409.8
1556 97408.7
1557 97407.6
1558 97406.5
1559 97405.5
1562 97405.3
1563 97404.3
1564 97403.3
1565 97402.4
1566 97401.9
1568 97401.8
1569 97400.4
1570 97399.3
1571 97398.6
1572 97398.0
1574 97397.8
1575 97396.7
1576 97396.0
1577 97394.9
1578 97394.0
1579 97392.9
1580 97391.8
1581 97390.7
1582 97389.6
1583 97388.6
1584 97387.8
1585 97387.5
1586 97386.6
1587 97385.6
1588 97384.7
1590 97384.6
1591 97384.0
1592 97382.8
1593 97381.6
1594 97380.6
1595 97379.5
1596 97378.5
1597 97377.5
1598 97376.7
1599 97375.6
1600 97374.6
1601 97373.5
1602 97372.6
1603 97371.5
1604 97370.5
1605 97369.5
1606 97368.4
1607 97367.2
1608 97366.1
1609 97365.0
1610 97364.0
1613 97363.1
1614 97362.2
1615 97361.7
1616 97361.6
1617 97361.2
1618 97360.0
1619 97359.0
1620 97358.2
1623 97357.2
1624 97356.5
1625 97355.8
1627 97355.3
1628 97354.3
1629 97353.8
1630 97353.6
1631 97353.4
1632 97352.1
1633 97350.9
1634 97349.8
1635 97348.8
1636 97347.8
1637 97346.7
1638 97345.7
1639 97344.7
1640 97343.7
1641 97343.0
1642 97341.8
1643 97340.7
1644 97339.7
1645 97338.7
1646 97337.8
1647 97336.7
1648 97335.6
1649 97334.5
1650 97333.5
1651 97332.6
1652 97331.9
1653 97331.4
1654 97330.3
1655 97329.2
1656 97328.1
1657 97326.9
1658 97325.8
1659 97324.7
1660 97323.6
1661 97322.5
1662 97321.4
1663 97320.4
1664 97319.4
1665 97318.4
1666 97317.3
1667 97316.2
1668 97315.1
1669 97314.0
1670 97313.0
1671 97312.3
1672 97312.2
1673 97311.9
1674 97310.7
1675 97309.7
1676 97309.3
1677 97309.0
1678 97307.9
1679 97307.3
1680 97306.1
1681 97305.0
1682 97303.9
1683 97302.8
1684 97301.8
1685 97300.8
1686 97299.7
1687 97298.6
1688 97297.6
1689 97296.8
1690 97296.5
1691 97296.0
1692 97294.9
1693 97293.7
1694 97292.7
1695 97291.6
1696 97290.6
1697 97289.5
1698 97288.6
1699 97287.6
1700 97286.7
1701 97286.0
1702 97284.9
1703 97283.9
1704 97282.9
1705 97281.9
1706 97280.9
1707 97279.9
1708 97278.8
1709 97278.0
1710 97277.0
1711 97276.2
1712 97275.8
1713 97274.6
1714 97273.5
1715 97272.4
1716 97271.4
1717 97270.4
1718 97269.6
1719 97269.1
1720 97268.0
1721 97267.0
1722 97266.0
1723 97265.0
1724 97264.1
1725 97262.9
1726 97262.0
1727 97261.1
1728 97260.3
1730 97260.1
1731 97259.1
1732 97258.4
1733 97257.6
1735 97257.2
1736 97256.2
1737 97255.7
1738 97255.0
1739 97254.6
1740 97253.5
1741 97252.4
1742 97251.4
1743 97250.4
1744 97249.3
1745 97248.3
1746 97247.3
1747 97246.2
1748 97245.2
1749 97244.1
1750 97243.2
1751 97242.1
1752 97241.1
1753 97240.1
1754 97239.0
1755 97238.0
1756 97236.9
1757 97236.0
1758 97235.0
1759 97233.9
1760 97233.2
1761 97232.4
1762 97231.9
1763 97230.9
1764 97229.8
1765 97228.8
1766 97227.8
1767 97226.9
1768 97225.9
1769 97224.9
1770 97223.9
1771 97222.9
1772 97222.0
1773 97221.1
1774 97220.5
1775 97219.6
1776 97218.8
1777 97218.0
1778 97217.5
1779 97216.3
1780 97215.3
1781 97214.4
1782 97213.8
1783 97213.1
1784 97212.4
1785 97211.7
1786 97211.3
1788 97211.0
1789 97209.8
1790 97208.8
1791 97207.9
1792 97207.4
1793 97206.9
1794 97206.0
1795 97204.8
1796 97203.8
1797 97202.8
1798 97201.7
1799 97200.7
1800 97199.7
1801 97198.7
1802 97197.7
1803 97196.7
1804 97195.8
1805 97194.7
1806 97193.7
1807 97192.6
1808 97192.3
1809 97191.9
1810 97190.9
1811 97189.8
1812 97188.8
1813 97187.8
1814 97186.7
1815 97186.0
1816 97185.3
1817 97184.5
1818 97183.4
1819 97182.4
1820 97181.4
1821 97180.4
1822 97179.4
1823 97178.5
1824 97177.5
1825 97176.5
1826 97175.5
1827 97174.6
1828 97173.7
1829 97172.7
1830 97171.7
1831 97170.7
1832 97169.7
1833 97168.7
1834 97167.8
1835 97167.3
1836 97166.3
1837 97165.3
1838 97164.3
1839 97163.5
1840 97162.7
1841 97162.1
1842 97161.8
1843 97160.7
1844 97159.6
1845 97158.6
1846 97157.6
1847 97156.6
1848 97155.6
1849 97154.7
1850 97153.8
1851 97153.2
1852 97152.9
1853 97151.9
1854 97151.1
1855 97150.7
1856 97149.4
1857 97148.3
1858 97147.6
1859 97146.6
1860 97145.7
1861 97144.7
1862 97143.8
1863 97143.0
1864 97142.0
1865 97141.0
1866 97140.0
1867 97139.1
1868 97138.4
1871 97137.4
1872 97136.5
1873 97136.3
1874 97135.7
1875 97134.9
1876 97134.0
1877 97133.0
1878 97132.1
1879 97131.2
1880 97130.7
1881 97130.3
1882 97129.1
1883 97128.1
1884 97127.0
1885 97126.1
1886 97125.2
1887 97124.2
1888 97123.2
1889 97122.2
1890 97121.2
1891 97120.2
1892 97119.3
1893 97118.3
1894 97117.3
1895 97116.3
1896 97115.3
1897 97114.3
1898 97113.3
1899 97112.4
1900 97111.8
1901 97111.5
1903 97110.5
1904 97109.5
1905 97108.6
1906 97107.7
1907 97106.9
1908 97106.6
1909 97105.7
1910 97105.1
1911 97104.2
1912 97103.8
1913 97102.7
1914 97101.7
1915 97101.0
1916 97100.2
1917 97099.2
1918 97098.3
1919 97097.3
1920 97096.3
1921 97095.3
1922 97094.4
1923 97093.7
1924 97093.4
1926 97092.5
1927 97091.7
1929 97091.5
1930 97090.7
1931 97090.0
1932 97089.4
1934 97089.0
1935 97088.1
1936 97087.5
1937 97087.3
1938 97086.3
1939 97085.3
1940 97084.4
1941 97083.4
1942 97082.4
1943 97081.4
1944 97080.5
1945 97080.2
1946 97079.9
1947 97079.2
1948 97078.3
1949 97077.5
1950 97077.1
1951 97076.0
1952 97075.1
1953 97074.2
1954 97073.5
1955 97072.5
1956 97071.6
1957 97070.8
1958 97069.8
1959 97068.9
1960 97067.9
1961 97067.0
1962 97066.1
1963 97065.2
1964 97064.4
1965 97063.7
1966 97062.6
1967 97061.7
1968 97060.8
1969 97059.8
1970 97058.9
1971 97058.6
1973 97057.8
1974 97056.9
1975 97056.0
1976 97055.2
1979 97054.5
1980 97053.6
1981 97053.0
1983 97052.9
1984 97051.9
1985 97051.0
1986 97050.4
1987 97049.6
1988 97048.8
1989 97047.8
1990 97046.8
1991 97045.8
1992 97044.9
1993 97044.0
1994 97043.2
1995 97042.3
1996 97041.3
1997 97040.4
1998 97039.5
1999 97038.6
2000 97037.7
2001 97036.8
2002 97035.8
2003 97034.9
2004 97033.9
2005 97033.0
2006 97032.0
2007 97031.1
2008 97030.2
2009 97029.2
2010 97028.3
2011 97027.3
2012 97026.4
2013 97025.4
2014 97024.5
2015 97023.6
2016 97022.9
2017 97021.9
2018 97021.0
2019 97020.1
2020 97019.3
2021 97018.3
2022 97017.4
2023 97016.5
2024 97015.8
2025 97014.8
2026 97013.9
2027 97013.0
2028 97012.2
2029 97011.2
2030 97010.5
2031 97010.3
2032 97010.2
2033 97009.3
2034 97008.3
2035 97007.4
2036 97006.6
2037 97005.7
2038 97004.8
2039 97003.9
2040 97003.0
2041 97002.1
2042 97001.2
2043 97000.3
2044 96999.4
2045 96998.6
2046 96997.8
2047 96996.7
2048 96995.7
2049 96994.8
2050 96994.4
2051 96994.0
2052 96993.0
2053 96992.1
2054 96991.2
2055 96990.4
2056 96989.7
2057 96989.4
2058 96988.5
2059 96987.5
2060 96986.6
2061 96985.6
2062 96984.8
2063 96983.8
2064 96983.1
2065 96982.2
2066 96981.3
2067 96980.3
2068 96979.4
2069 96978.5
2070 96978.0
2071 96977.8
2073 96976.8
2074 96975.9
2075 96975.0
2076 96974.1
2077 96973.3
2078 96972.8
2079 96972.1
2080 96971.6
2081 96970.8
2082 96970.1
2083 96969.8
2084 96968.7
2085 96967.8
2086 96967.1
2087 96966.2
2088 96965.3
2089 96964.5
2090 96963.8
2091 96963.3
2092 96963.1
2093 96962.0
2094 96961.0
2095 96960.1
2096 96959.2
2097 96958.3
2098 96957.5
2099 96956.7
2100 96955.7
2101 96954.8
2102 96953.9
2103 96953.0
2104 96952.1
2105 96951.3
2106 96950.4
2107 96949.5
2108 96948.5
2109 96947.8
2110 96947.3
2111 96946.8
2112 96945.9
2113 96944.9
2114 96944.0
2115 96943.1
2116 96942.2
2117 96941.4
2118 96940.9
2119 96940.7
2121 96939.8
2122 96938.9
2123 96938.0
2124 96937.1
2125 96936.2
2126 96935.3
2127 96934.4
2128 96933.5
2129 96932.7
2130 96932.1
2132 96932.0
2133 96931.2
2134 96930.5
2135 96930.3
2136 96929.3
2137 96928.4
2138 96927.8
2139 96927.0
2140 96926.1
2141 96925.3
2142 96924.4
2143 96923.5
2144 96922.7
2145 96921.9
2146 96921.2
2147 96920.5
2148 96919.6
2149 96918.8
2150 96918.0
2151 96917.2
2152 96916.3
2153 96915.4
2154 96914.4
2155 96913.6
2156 96912.8
2157 96911.9
2158 96911.0
2159 96910.2
2160 96909.5
2161 96909.0
2162 96908.3
2163 96907.4
2164 96906.5
2165 96905.6
2166 96904.7
2167 96903.8
2168 96902.9
2169 96902.1
2170 96901.6
2171 96900.9
2172 96900.5
2173 96899.6
2174 96898.7
2175 96897.8
2176 96896.9
2177 96896.1
2178 96895.3
2179 96894.7
2180 96893.8
2181 96893.0
2182 96892.6
2183 96892.0
2185 96891.7
2186 96890.7
2187 96889.9
2188 96889.5
2189 96889.2
2190 96888.8
2191 96887.8
2192 96886.8
2193 96885.9
2194 96885.0
2195 96884.1
2196 96883.2
2197 96882.4
2198 96881.7
2201 96880.9
2202 96880.2
2203 96879.4
2204 96878.8
2205 96878.4
2207 96878.0
2208 96877.1
2209 96876.5
2210 96875.8
2211 96875.2
2212 96874.6
2213 96873.8
2214 96873.1
2215 96872.2
2216 96871.4
2217 96870.6
2218 96869.8
2219 96869.5
2220 96869.2
2221 96868.8
2222 96867.8
2223 96866.9
2224 96866.0
2225 96865.2
2226 96864.6
2227 96863.8
2228 96863.0
2229 96862.1
2230 96861.3
2231 96860.4
2232 96859.7
2233 96858.9
2234 96858.2
2235 96857.5
2236 96856.6
2237 96855.8
2238 96855.0
2239 96854.3
2240 96853.5
2241 96853.1
2242 96852.5
2243 96851.5
2244 96850.6
2245 96849.8
2246 96849.2
2247 96848.4
2248 96847.6
2249 96846.7
2250 96845.8
2251 96845.0
2252 96844.5
2253 96843.9
2254 96843.4
2255 96842.5
2256 96841.7
2257 96840.9
2258 96840.4
2259 96839.8
2260 96838.9
2261 96838.0
2262 96837.1
2263 96836.4
2264 96836.2
2265 96836.0
2266 96835.8
2267 96835.4
2268 96834.5
2269 96833.7
2270 96833.3
2271 96832.4
2272 96831.6
2273 96830.7
2274 96829.9
2275 96829.1
2276 96828.3
2277 96827.6
2278 96827.0
2279 96826.2
2280 96825.6
2281 96825.3
2282 96824.3
2283 96823.4
2284 96822.6
2285 96821.8
2286 96821.1
2287 96820.3
2288 96819.6
2289 96819.1
2290 96819.0
2291 96818.8
2292 96817.9
2293 96817.2
2295 96817.1
2296 96816.7
2297 96815.9
2298 96815.2
2299 96814.5
2300 96813.9
2301 96813.0
2302 96812.2
2303 96811.7
2304 96811.4
2305 96810.9
2306 96810.0
2307 96809.2
2308 96808.3
2309 96807.6
2310 96807.1
2311 96806.6
2312 96805.7
2313 96804.9
2314 96804.1
2315 96803.3
2316 96802.5
2317 96801.8
2318 96801.5
2319 96800.6
2320 96799.8
2321 96799.1
2322 96798.2
2323 96797.3
2324 96796.5
2325 96795.9
2326 96795.1
2327 96794.3
2328 96793.5
2329 96792.7
2330 96791.9
2331 96791.2
2332 96790.7
2333 96790.4
2334 96790.0
2335 96789.2
2336 96788.6
2337 96788.0
2338 96787.7
2339 96786.7
2340 96785.8
2341 96785.0
2342 96784.6
2343 96784.0
2344 96783.7
2345 96782.8
2346 96782.0
2347 96781.2
2348 96780.4
2349 96779.7
2350 96779.1
2351 96778.5
2352 96777.8
2353 96777.0
2354 96776.2
2355 96775.5
2356 96774.8
2357 96774.3
2358 96773.6
2359 96772.8
2360 96772.0
2361 96771.2
2362 96770.4
2363 96769.6
2364 96768.9
2365 96768.8
2366 96768.7
2367 96768.3
2368 96767.5
2369 96766.7
2370 96766.0
2371 96765.5
2372 96764.8
2375 96763.9
2376 96763.1
2377 96762.4
2378 96761.8
2379 96761.3
2380 96760.8
2381 96760.0
2382 96759.1
2383 96758.5
2384 96757.7
2385 96757.1
2386 96756.4
2387 96755.7
2388 96755.0
2389 96754.4
2390 96753.5
2391 96752.8
2392 96752.0
2393 96751.3
2394 96750.5
2395 96749.7
2396 96748.9
2397 96748.1
2398 96747.3
2399 96746.5
2400 96745.7
2401 96744.9
2402 96744.1
2403 96743.3
2404 96742.5
2405 96741.7
2406 96740.9
2407 96740.2
2410 96739.8
2411 96739.2
2412 96738.8
2415 96738.0
2416 96737.2
2417 96736.6
2418 96736.1
2420 96736.0
2421 96735.2
2422 96734.8
2423 96734.0
2424 96733.6
2425 96732.8
2426 96732.0
2427 96731.2
2428 96730.4
2429 96729.7
2430 96728.9
2431 96728.2
2432 96727.4
2433 96726.6
2434 96725.8
2435 96725.0
2436 96724.3
2437 96724.2
2440 96723.5
2441 96722.9
2442 96722.6
2443 96722.4
2444 96722.3
2445 96721.8
2446 96720.8
2447 96720.0
2448 96719.2
2449 96718.5
2450 96718.1
2451 96717.5
2452 96717.2
2453 96716.3
2454 96715.5
2455 96714.7
2456 96713.9
2457 96713.1
2458 96712.3
2459 96711.6
2461 96711.5
2462 96711.4
2463 96710.7
2464 96710.1
2465 96709.7
2467 96709.4
2468 96708.7
2469 96708.1
2472 96707.4
2473 96706.9
2474 96706.4
2475 96706.2
2476 96705.3
2477 96704.6
2478 96703.8
2479 96703.0
2480 96702.3
2481 96701.6
2482 96701.1
2483 96700.7
2484 96699.9
2485 96699.1
2486 96698.5
2487 96698.1
2488 96697.6
2490 96697.4
2491 96696.6
2492 96696.0
2493 96695.8
2494 96695.2
2495 96694.4
2496 96693.7
2497 96693.1
2498 96693.0
2499 96692.8
2500 96692.0
2501 96691.3
2502 96690.6
2503 96690.0
2504 96689.3
2505 96688.7
2506 96688.2
2507 96687.4
2508 96686.6
2509 96685.9
2510 96685.5
2511 96684.8
2512 96684.0
2513 96683.3
2514 96682.6
2515 96681.9
2516 96681.8
2517 96681.7
2518 96680.8
2519 96679.9
2520 96679.2
2521 96678.7
2522 96678.5
2524 96678.3
2525 96677.5
2526 96676.9
2527 96676.3
2528 96675.5
2529 96674.8
2530 96674.1
2531 96673.4
2532 96672.8
2533 96672.0
2534 96671.3
2535 96670.5
2536 96669.8
2537 96669.0
2538 96668.4
2539 96667.6
2540 96666.9
2541 96666.1
2542 96665.5
2543 96664.7
2544 96664.0
2545 96663.3
2546 96662.6
2547 96661.8
2548 96661.5
2549 96660.7
2550 96659.9
2551 96659.2
2552 96658.5
2553 96658.0
2554 96657.3
2555 96656.6
2556 96655.9
2557 96655.2
2558 96654.4
2559 96653.7
2560 96653.2
2561 96652.5
2562 96651.9
2563 96651.2
2564 96650.7
2565 96650.5
2566 96649.7
2567 96648.8
2568 96648.1
2569 96647.3
2570 96646.6
2571 96645.9
2572 96645.3
2573 96644.5
2574 96643.7
2575 96643.0
2576 96642.3
2577 96641.6
2578 96640.8
2579 96640.2
2580 96639.7
2581 96638.9
2582 96638.2
2583 96637.5
2584 96636.8
2585 96636.1
2586 96635.4
2587 96634.6
2588 96634.0
2589 96633.3
2590 96632.7
2591 96631.9
2592 96631.5
2593 96631.2
2594 96630.5
2595 96629.7
2596 96629.0
2597 96628.4
2598 96627.6
2599 96627.0
2600 96626.3
2601 96625.6
2602 96624.9
2603 96624.2
2604 96623.5
2605 96622.8
2606 96622.2
2607 96621.7
2608 96620.9
2609 96620.2
2610 96619.6
2611 96619.0
2612 96618.5
2613 96617.8
2614 96617.1
2615 96616.4
2616 96615.6
2617 96615.3
2620 96614.6
2621 96613.9
2622 96613.3
2625 96612.8
2626 96612.0
2627 96611.3
2628 96610.6
2629 96609.9
2630 96609.2
2631 96608.7
2632 96608.2
2633 96607.7
2634 96607.0
2635 96606.3
2636 96605.6
2637 96604.9
2638 96604.2
2639 96603.6
2640 96603.1
2641 96602.8
2642 96602.0
2643 96601.3
2644 96600.6
2645 96599.9
2646 96599.2
2647 96598.6
2648 96597.9
2649 96597.2
2650 96596.5
2651 96595.8
2652 96595.1
2653 96594.5
2654 96593.8
2655 96593.2
2656 96592.5
2657 96591.9
2658 96591.5
2659 96591.0
2661 96590.7
2662 96590.1
2663 96589.8
2664 96589.2
2665 96588.5
2666 96588.0
2667 96587.3
2668 96586.7
2669 96586.1
2670 96585.6
2671 96585.3
2672 96585.1
2673 96584.2
2674 96583.4
2675 96582.7
2676 96582.1
2677 96581.7
2678 96581.2
2679 96580.5
2680 96579.8
2681 96579.1
2682 96578.4
2683 96577.7
2684 96577.0
2685 96576.3
2686 96575.6
2687 96574.9
2688 96574.2
2689 96573.5
2690 96572.8
2691 96572.1
2692 96571.4
2693 96570.7
2694 96570.0
2695 96569.3
2696 96568.6
2697 96567.9
2698 96567.2
2699 96566.5
2700 96565.8
2701 96565.1
2702 96564.4
2703 96563.8
2707 96563.1
2708 96562.4
2709 96561.7
2710 96561.0
2711 96560.3
2712 96559.6
2713 96558.9
2714 96558.3
2715 96558.1
2718 96557.5
2719 96556.8
2720 96556.2
2721 96555.6
2722 96555.0
2723 96554.6
2724 96553.9
2725 96553.2
2726 96552.5
2727 96551.9
2728 96551.3
2729 96550.7
2730 96550.2
2731 96549.6
2732 96549.0
2733 96548.4
2734 96547.8
2735 96547.3
2736 96546.5
2737 96546.0
2738 96545.7
2739 96545.1
2740 96544.4
2741 96543.7
2742 96543.0
2743 96542.3
2744 96541.6
2745 96541.0
2746 96540.8
2747 96540.4
2748 96540.3
2749 96540.0
2750 96539.4
2751 96538.8
2752 96538.3
2753 96537.6
2754 96537.0
2755 96536.3
2756 96536.1
2757 96535.9
2758 96535.6
2759 96535.3
2760 96534.7
2761 96534.1
2762 96533.7
2763 96533.4
2765 96533.1
2766 96532.5
2767 96532.1
2769 96531.9
2770 96531.3
2771 96530.8
2772 96530.5
2774 96530.2
2775 96529.5
2776 96528.9
2777 96528.4
2778 96528.1
2779 96527.8
2780 96527.1
2781 96526.4
2782 96525.8
2783 96525.3
2784 96524.7
2785 96524.1
2786 96523.5
2787 96522.9
2788 96522.4
2789 96521.9
2792 96521.3
2793 96520.8
2794 96520.2
2795 96519.7
2796 96519.4
2797 96519.0
2799 96518.7
2800 96518.1
2801 96517.4
2802 96516.8
2803 96516.4
2804 96516.3
2806 96515.5
2807 96514.8
2808 96514.3
2809 96513.7
2810 96513.1
2811 96512.5
2812 96511.8
2813 96511.4
2814 96510.9
2815 96510.5
2816 96509.8
2817 96509.2
2818 96508.6
2819 96508.0
2820 96507.3
2821 96506.8
2822 96506.5
2825 96506.0
2828 96505.3
2829 96504.8
2830 96504.2
2831 96503.8
2832 96503.2
2833 96502.6
2834 96502.0
2835 96501.4
2836 96500.8
2837 96500.3
2838 96499.8
2839 96499.3
2840 96498.6
2841 96498.0
2842 96497.4
2843 96496.8
2844 96496.2
2845 96495.5
2846 96494.9
2847 96494.4
2848 96493.9
2849 96493.3
2850 96492.6
2851 96492.1
2852 96491.5
2853 96490.9
2854 96490.2
2855 96489.7
2856 96489.1
2857 96488.6
2858 96488.1
2859 96487.6
2860 96487.0
2861 96486.4
2862 96485.9
2863 96485.4
2864 96485.3
2865 96484.7
2866 96484.0
2867 96483.6
2869 96483.4
2870 96483.3
2871 96482.6
2872 96482.0
2873 96481.4
2874 96480.8
2875 96480.3
2878 96479.9
2879 96479.3
2880 96478.7
2881 96478.1
2882 96477.5
2883 96477.0
2885 96476.9
2886 96476.7
2887 96476.3
2889 96475.8
2890 96475.3
2891 96475.0
2892 96474.6
2894 96474.4
2895 96473.8
2896 96473.5
2897 96473.3
2899 96473.1
2900 96472.5
2901 96471.9
2902 96471.4
2905 96470.8
2906 96470.4
2907 96470.2
2909 96469.9
2910 96469.3
2911 96468.8
2912 96468.4
2914 96468.2
2915 96467.7
2916 96467.3
2917 96466.7
2918 96466.2
2919 96466.0
2920 96465.5
2921 96465.0
2922 96464.4
2923 96463.8
2924 96463.4
2925 96463.2
2928 96462.5
2929 96462.1
2930 96461.6
2931 96461.2
2933 96461.1
2934 96460.4
2935 96459.9
2936 96459.5
2937 96459.1
2938 96458.9
2939 96458.2
2940 96457.7
2941 96457.1
2942 96456.5
2943 96455.8
2944 96455.4
2945 96455.1
2946 96454.7
2947 96454.2
2948 96453.6
2949 96453.0
2950 96452.3
2951 96451.9
2952 96451.5
2953 96451.4
2954 96451.2
2955 96450.6
2956 96450.1
2959 96449.6
2960 96449.1
2961 96448.9
2962 96448.4
2963 96448.0
2964 96447.5
2965 96447.1
2966 96446.5
2967 96446.1
2968 96445.5
2969 96445.1
2970 96444.6
2971 96444.0
2972 96443.4
2973 96442.8
2974 96442.2
2975 96441.7
2976 96441.4
2977 96441.2
2978 96441.1
2979 96440.9
2980 96440.3
2981 96439.7
2982 96439.1
2983 96438.5
2984 96437.9
2985 96437.4
2986 96437.2
2989 96436.6
2990 96436.1
2991 96435.7
2993 96435.5
2994 96435.0
2995 96434.8
2996 96434.5
2997 96434.4
2998 96433.7
2999 96433.2
3000 96432.7
3001 96432.2
3002 96431.6
3003 96431.0
3004 96430.4
3005 96429.9
3006 96429.5
3009 96428.9
3010 96428.4
3011 96428.3
3012 96428.2
3013 96427.8
3014 96427.1
3015 96426.5
3016 96425.9
3017 96425.4
3018 96425.2
3019 96424.8
3020 96424.5
3021 96423.9
3022 96423.3
3023 96422.7
3024 96422.1
3025 96421.5
3026 96420.9
3027 96420.3
3028 96419.7
3029 96419.2
3030 96419.1
3032 96418.6
3033 96418.1
3034 96417.9
3035 96417.4
3036 96416.8
3037 96416.3
3038 96415.8
3039 96415.3
3040 96414.9
3041 96414.5
3042 96414.0
3043 96413.6
3044 96413.0
3045 96412.6
3046 96412.0
3047 96411.5
3048 96411.1
3049 96410.8
3050 96410.2
3051 96409.7
3052 96409.4
3053 96409.2
3055 96408.9
3056 96408.4
3057 96408.2
3058 96407.6
3059 96407.2
3060 96406.6
3061 96406.1
3062 96405.6
3063 96405.3
3064 96405.0
3065 96404.4
3066 96403.9
3067 96403.3
3068 96402.8
3069 96402.6
3070 96402.2
3071 96401.6
3072 96401.1
3073 96400.7
3074 96400.4
3075 96400.1
3076 96399.6
3077 96399.1
3078 96398.6
3079 96398.0
3080 96397.5
3081 96397.1
3083 96397.0
3084 96396.4
3085 96396.0
3086 96395.9
3089 96395.3
3090 96394.8
3091 96394.3
3092 96393.9
3093 96393.8
3094 96393.3
3095 96392.7
3096 96392.1
3097 96391.6
3098 96391.4
3099 96391.2
3100 96390.7
3101 96390.1
3102 96389.6
3103 96389.1
3104 96388.5
3105 96388.2
3106 96388.1
3108 96387.4
3109 96386.9
3110 96386.4
3111 96385.9
3112 96385.4
3113 96384.9
3114 96384.4
3115 96383.8
3116 96383.3
3117 96382.8
3118 96382.3
3119 96381.8
3120 96381.7
3121 96381.4
3122 96381.3
3123 96380.6
3124 96380.1
3125 96379.6
3126 96379.2
3127 96378.7
3128 96378.2
3129 96377.9
3130 96377.6
3131 96377.1
3132 96376.7
3133 96376.3
3136 96375.8
3137 96375.5
3139 96375.1
3140 96374.8
3141 96374.5
3142 96374.3
3144 96374.0
3145 96373.4
3146 96373.1
3147 96372.8
3150 96372.3
3151 96372.1
3152 96371.6
3153 96371.2
3154 96370.7
3155 96370.3
3156 96369.9
3157 96369.8
3159 96369.5
3160 96368.9
3161 96368.4
3162 96367.9
3165 96367.4
3166 96367.1
3167 96366.8
3169 96366.6
3170 96366.1
3171 96365.9
3172 96365.5
3174 96365.4
3175 96364.9
3176 96364.7
3177 96364.6
3178 96364.0
3179 96363.7
3180 96363.2
3181 96362.7
3182 96362.2
3183 96361.7
3184 96361.2
3185 96360.7
3186 96360.2
3187 96359.8
3188 96359.4
3191 96358.8
3192 96358.3
3193 96357.8
3194 96357.3
3195 96356.8
3196 96356.3
3197 96355.8
3198 96355.3
3199 96354.9
3200 96354.6
3201 96354.5
3202 96354.3
3203 96353.8
3204 96353.4
3205 96352.9
3208 96352.5
3210 96352.2
3212 96352.1
3213 96351.5
3214 96351.2
3215 96351.0
3216 96350.5
3218 96350.1
3219 96349.9
3220 96349.8
3221 96349.3
3222 96348.8
3223 96348.3
3224 96347.8
3225 96347.4
3226 96347.0
3227 96346.5
3228 96346.1
3229 96345.9
3230 96345.4
3232 96345.3
3233 96344.8
3234 96344.3
3235 96343.8
3236 96343.4
3237 96343.2
3238 96342.6
3239 96342.3
3240 96341.9
3241 96341.8
3244 96341.2
3245 96340.9
3247 96340.7
3248 96340.4
3249 96339.9
3250 96339.5
3252 96339.4
3253 96339.1
3254 96338.7
3255 96338.5
3258 96338.2
3259 96337.7
3261 96337.2
3262 96337.1
3263 96336.8
3264 96336.4
3267 96335.9
3268 96335.7
3269 96335.5
3271 96335.3
3272 96334.8
3273 96334.4
3274 96334.0
3275 96333.7
3277 96333.5
3278 96333.0
3279 96332.9
3281 96332.7
3282 96332.3
3283 96331.9
3284 96331.5
3285 96331.4
3286 96331.3
3287 96331.0
3288 96330.5
3289 96330.1
3290 96329.9
3291 96329.7
3293 96329.6
3294 96329.1
3295 96329.0
3296 96328.4
3297 96328.0
3298 96327.6
3299 96327.2
3300 96326.7
3301 96326.3
3304 96325.9
3305 96325.6
3308 96325.1
3309 96324.8
3311 96324.5
3313 96324.0
3314 96323.7
3316 96323.5
3317 96323.1
3318 96322.7
3319 96322.5
3320 96322.1
3321 96321.7
3322 96321.2
3323 96320.9
3324 96320.6
3327 96320.2
3328 96319.9
3329 96319.4
3330 96318.9
3331 96318.5
3332 96318.1
3335 96317.6
3336 96317.2
3337 96316.9
3338 96316.8
3339 96316.3
3340 96315.8
3341 96315.3
3342 96314.9
3343 96314.7
3346 96314.2
3347 96313.8
3348 96313.5
3349 96313.3
3350 96313.0
3351 96312.5
3352 96312.0
3353 96311.6
3354 96311.1
3355 96310.6
3356 96310.2
3357 96309.8
3358 96309.4
3359 96309.1
3360 96308.6
3361 96308.1
3362 96307.6
3363 96307.2
3364 96306.8
3367 96306.4
3368 96306.2
3369 96306.0
3371 96305.8
3372 96305.3
3373 96305.2
3374 96305.0
3375 96304.6
3376 96304.3
3377 96304.0
3378 96303.5
3379 96303.2
3380 96302.7
3381 96302.3
3382 96301.9
3383 96301.5
3384 96301.3
3385 96300.9
3386 96300.5
3387 96300.4
3388 96299.8
3389 96299.4
3390 96299.2
3392 96299.0
3393 96298.6
3394 96298.2
3395 96298.0
3396 96297.7
3398 96297.5
3399 96297.0
3400 96296.9
3401 96296.5
3402 96296.4
3403 96296.3
3404 96295.8
3405 96295.3
3406 96294.9
3407 96294.6
3410 96294.1
3411 96293.8
3412 96293.4
3415 96293.0
3416 96292.9
3417 96292.4
3418 96292.0
3419 96291.6
3420 96291.3
3421 96291.1
3424 96290.7
3425 96290.4
3426 96290.0
3427 96289.6
3428 96289.1
3429 96288.7
3430 96288.4
3431 96288.0
3432 96287.7
3433 96287.3
3434 96286.9
3435 96286.5
3436 96286.2
3437 96286.0
3439 96285.8
3440 96285.3
3441 96285.0
3442 96284.9
3444 96284.7
3445 96284.2
3446 96283.7
3447 96283.2
3448 96282.8
3449 96282.5
3450 96282.1
3451 96281.7
3452 96281.2
3453 96280.8
3454 96280.6
3455 96280.3
3456 96280.1
3457 96279.6
3458 96279.1
3459 96278.7
3460 96278.3
3461 96277.9
3462 96277.5
3463 96277.2
3464 96276.8
3465 96276.4
3466 96276.0
3467 96275.6
3468 96275.3
3469 96274.9
3470 96274.5
3471 96274.3
3472 96274.2
3473 96273.7
3474 96273.2
3475 96272.8
3476 96272.7
3479 96272.1
3480 96271.7
3481 96271.6
3482 96271.2
3483 96271.1
3484 96270.6
3485 96270.1
3486 96269.8
3487 96269.6
3488 96269.1
3489 96268.8
3490 96268.6
3493 96268.2
3495 96267.9
3496 96267.8
3498 96267.7
3499 96267.2
3500 96266.7
3501 96266.4
3502 96266.0
3503 96265.7
3504 96265.4
3505 96265.1
3507 96265.0
3508 96264.6
3511 96264.5
3512 96264.4
3513 96264.3
3516 96264.2
3517 96264.1
3518 96264.0
3519 96263.8
3520 96263.7
3521 96263.5
3522 96263.4
3523 96263.3
3524 96263.1
3527 96263.0
3528 96262.9
3529 96262.7
3530 96262.6
3531 96262.5
3532 96262.4
3533 96262.3
3534 96262.2
3535 96262.1
3536 96262.0
3537 96261.9
3538 96261.7
3539 96261.6
3540 96261.4
3543 96261.3
3545 96261.1
3546 96260.9
3547 96260.8
3548 96260.7
3551 96260.6
3552 96260.5
3553 96260.4
3554 96260.3
3555 96260.2
3556 96260.1
3557 96260.0
3558 96259.9
3559 96259.8
3560 96259.7
3561 96259.6
3562 96259.5
3563 96259.4
3564 96259.3
3565 96259.2
