1 3987200000.0
14 3815050000.0
15 3656050000.0
16 3525310000.0
17 3396910000.0
18 3271260000.0
19 3144980000.0
20 3017290000.0
21 2898250000.0
22 2783810000.0
23 2672640000.0
24 2564920000.0
25 2463640000.0
26 2366930000.0
27 2273010000.0
28 2153170000.0
29 2069580000.0
30 1988260000.0
31 1904570000.0
32 1815330000.0
33 1718800000.0
34 1631600000.0
35 1543270000.0
36 1458230000.0
37 1375340000.0
38 1304380000.0
39 1238050000.0
40 1175930000.0
41 1091790000.0
42 1054420000.0
43 998446000.0
44 949081000.0
45 895291000.0
46 841940000.0
47 775322000.0
48 716314000.0
49 659735000.0
50 605539000.0
51 562213000.0
52 521009000.0
53 483491000.0
54 430618000.0
55 420453000.0
57 383293000.0
58 354435000.0
59 324699000.0
60 297673000.0
61 260939000.0
62 223332000.0
63 195715000.0
64 173945000.0
65 154554000.0
66 137476000.0
67 110712000.0
68 106602000.0
70 101839000.0
72 82152600.0
73 70054400.0
74 59438700.0
75 45842000.0
76 31496400.0
77 24644900.0
78 19277400.0
79 14903400.0
81 8208900.0
82 8126390.0
84 6780740.0
86 3070520.0
87 2163360.0
88 1887330.0
98 1612360.0
102 1404870.0
106 1085340.0
108 807010.0
109 780268.0
110 766484.0
111 673503.0
116 562922.0
119 503883.0
123 451886.0
131 304046.0
132 215117.0
134 104777.0
145 81213.3
149 64533.8
151 20719.4
158 17467.1
160 11903.1
162 8046.0
167 4687.18
173 3780.97
174 3112.43
177 2901.77
178 2046.75
181 1299.04
186 1092.08
187 1030.63
191 842.518
196 571.285
203 445.995
204 343.341
209 242.831
210 173.305
211 97.9593
214 93.205
224 74.5763
225 68.8346
227 60.2496
231 30.9194
241 26.7907
245 20.6349
246 17.711
250 15.1119
252 11.6795
254 11.2794
258 10.2699
259 8.9207
265 8.13851
272 7.53062
273 5.33496
274 4.97317
275 3.69365
276 3.12662
277 2.23249
281 2.12556
282 2.07985
283 1.73487
289 1.52909
295 1.30858
299 1.04823
301 0.599565
304 0.44177
312 0.388264
315 0.338012
317 0.331197
319 0.220661
323 0.190805
325 0.181498
326 0.158715
329 0.136253
332 0.12248
336 0.100983
342 0.095532
344 0.0836862
347 0.0712859
348 0.049586
349 0.0324933
351 0.0262177
352 0.0210524
