1 98.7522
10 26.6753
17 5.64877
25 3.40143
33 2.85324
34 2.4122
35 1.77314
36 1.2381
38 1.00056
42 0.790437
44 0.712467
45 0.609297
49 0.47239
53 0.413539
54 0.386267
58 0.385494
59 0.363266
63 0.346739
64 0.344785
65 0.33716
70 0.329118
71 0.328192
75 0.317408
81 0.313807
82 0.312215
84 0.311005
87 0.306696
89 0.305401
90 0.303747
92 0.303486
93 0.300678
94 0.300642
96 0.296542
98 0.296315
99 0.293906
102 0.293501
104 0.291132
107 0.288386
110 0.288093
111 0.287785
112 0.28559
114 0.284248
115 0.282354
117 0.282275
118 0.279645
119 0.27763
121 0.276789
122 0.27654
124 0.27346
127 0.272698
129 0.271038
132 0.268863
134 0.267392
135 0.265967
138 0.264178
142 0.262923
143 0.261929
145 0.260965
146 0.258838
148 0.256548
149 0.255379
150 0.253578
152 0.252305
153 0.250003
156 0.24796
159 0.247284
162 0.246833
164 0.244931
165 0.244876
167 0.243487
170 0.242838
173 0.242013
174 0.239951
177 0.238766
179 0.237431
180 0.23687
181 0.235425
182 0.234513
183 0.233699
184 0.233533
185 0.232377
186 0.229765
187 0.229476
189 0.226156
192 0.226123
193 0.224787
194 0.224182
195 0.223446
196 0.222733
197 0.221751
199 0.221404
200 0.219372
206 0.219305
207 0.218657
208 0.218287
210 0.217851
211 0.217035
212 0.215952
213 0.215591
214 0.214882
215 0.214284
216 0.213228
219 0.212123
221 0.211833
222 0.211063
225 0.210863
226 0.210786
227 0.209618
228 0.209155
230 0.208704
231 0.20803
232 0.206619
233 0.206083
236 0.205051
237 0.204327
239 0.204043
240 0.203668
241 0.202568
242 0.201938
244 0.201847
246 0.201513
247 0.20059
248 0.20045
252 0.200076
253 0.198842
256 0.198591
258 0.198381
259 0.197176
262 0.196409
263 0.196057
264 0.195417
265 0.194787
266 0.194458
269 0.193415
270 0.192589
271 0.19227
272 0.191974
276 0.190868
277 0.189842
278 0.189231
281 0.18827
284 0.18764
285 0.186816
286 0.185919
289 0.185014
292 0.184536
293 0.184492
294 0.184405
296 0.183467
297 0.182707
300 0.181824
303 0.180818
304 0.180624
305 0.180609
306 0.180351
307 0.180157
308 0.178832
309 0.178219
311 0.178115
312 0.177112
313 0.176247
315 0.176048
318 0.175071
319 0.174368
321 0.174267
322 0.173701
323 0.173195
324 0.172966
326 0.172439
327 0.171658
328 0.171579
330 0.170431
331 0.169523
332 0.168625
333 0.167813
334 0.167336
335 0.166816
338 0.166381
341 0.165526
342 0.164741
343 0.164385
350 0.164077
351 0.163991
353 0.163559
356 0.162782
357 0.16257
360 0.161922
361 0.161569
362 0.161412
363 0.161027
365 0.160037
370 0.159233
371 0.159152
373 0.158956
375 0.158446
378 0.157741
379 0.157551
381 0.157379
382 0.156608
384 0.156356
385 0.155949
387 0.155848
388 0.154784
389 0.154052
390 0.153931
394 0.152916
395 0.15262
396 0.152352
397 0.151915
398 0.151389
399 0.150741
400 0.150026
401 0.149404
402 0.148611
403 0.148423
404 0.147436
406 0.147129
407 0.146965
409 0.146541
411 0.146032
414 0.145582
415 0.145518
417 0.145301
419 0.144458
420 0.143591
422 0.143281
423 0.143213
424 0.143089
425 0.14283
427 0.142612
428 0.142537
430 0.141833
431 0.141094
435 0.140267
437 0.140028
440 0.139609
443 0.139409
447 0.139397
448 0.13897
450 0.138632
451 0.13827
452 0.138265
453 0.13818
454 0.138086
455 0.138081
456 0.137697
457 0.137412
458 0.136984
459 0.136514
460 0.13615
461 0.13581
462 0.135598
463 0.135534
467 0.135272
468 0.134797
469 0.134712
470 0.134478
471 0.13436
472 0.134257
473 0.133767
474 0.13349
477 0.133165
478 0.132979
481 0.132796
482 0.132487
485 0.132372
487 0.132024
488 0.131721
489 0.131683
490 0.131615
491 0.131362
492 0.131316
494 0.131004
495 0.130494
496 0.130175
497 0.129964
498 0.129732
499 0.129728
500 0.129719
503 0.129625
504 0.129475
505 0.128987
506 0.12867
507 0.12838
508 0.127962
509 0.127634
512 0.127232
513 0.12704
516 0.126937
517 0.126797
520 0.126595
521 0.126214
522 0.126146
524 0.125888
527 0.125522
530 0.125166
531 0.124955
534 0.124757
535 0.124698
537 0.124328
540 0.12394
543 0.123852
544 0.12378
546 0.123711
547 0.123499
548 0.123106
549 0.122903
552 0.122539
555 0.122354
556 0.122224
558 0.121952
561 0.12168
562 0.121534
564 0.121508
565 0.121437
566 0.121425
567 0.12105
568 0.121004
570 0.120743
571 0.1203
572 0.120135
577 0.119683
578 0.11962
579 0.119547
580 0.119328
581 0.118974
582 0.118673
584 0.118669
585 0.118657
586 0.118611
587 0.118194
588 0.117804
589 0.117667
592 0.117366
593 0.117136
594 0.116955
595 0.11694
596 0.116919
597 0.116906
599 0.116337
600 0.116141
601 0.115798
602 0.115703
603 0.115614
606 0.115538
607 0.115341
608 0.114919
611 0.114525
612 0.114275
615 0.11426
616 0.114236
617 0.113977
618 0.113737
619 0.113492
620 0.113273
621 0.113188
624 0.113152
625 0.113132
626 0.112934
627 0.112667
628 0.11253
631 0.112155
632 0.111969
633 0.111774
635 0.111652
637 0.111649
638 0.111418
639 0.111303
641 0.111233
642 0.110915
645 0.110626
646 0.11056
648 0.110357
649 0.110232
652 0.109905
653 0.109878
655 0.10941
656 0.109117
657 0.109116
661 0.108932
662 0.108616
666 0.108453
667 0.108385
669 0.108364
670 0.108361
671 0.108295
672 0.108175
673 0.108129
674 0.108119
675 0.108061
676 0.10787
678 0.107851
679 0.107789
681 0.107608
682 0.107481
683 0.107313
684 0.107175
685 0.107043
686 0.10691
687 0.106795
688 0.106672
690 0.106604
691 0.106549
692 0.106535
693 0.106373
694 0.106225
695 0.106138
696 0.106014
697 0.105972
698 0.105884
699 0.105695
700 0.105577
701 0.105538
702 0.105529
703 0.105361
704 0.105229
705 0.105108
706 0.105095
708 0.10498
710 0.104954
711 0.104763
712 0.104621
713 0.104539
714 0.104451
715 0.104365
718 0.104339
719 0.104309
720 0.104109
721 0.103974
722 0.103964
724 0.103853
725 0.103753
728 0.103559
729 0.103415
730 0.103284
731 0.103163
732 0.103024
733 0.102894
734 0.102811
735 0.102723
736 0.102551
737 0.102405
738 0.102279
739 0.102154
740 0.102034
741 0.101999
742 0.1019
743 0.101858
744 0.101841
745 0.101655
746 0.101522
747 0.101343
748 0.101222
749 0.101116
752 0.101076
753 0.100952
754 0.100822
756 0.100819
757 0.100698
758 0.100624
759 0.100577
760 0.100504
761 0.100425
762 0.10031
763 0.100191
766 0.100162
767 0.100158
769 0.0999702
770 0.0998793
771 0.0998035
772 0.0997272
773 0.0997237
775 0.0996477
777 0.0996393
778 0.0994554
779 0.0993576
780 0.0992266
781 0.0991696
782 0.099111
784 0.099063
787 0.0989071
789 0.0989021
790 0.0988362
791 0.0986994
792 0.0986948
793 0.0986606
794 0.0985194
795 0.09843
796 0.0983112
797 0.0982157
798 0.0981245
800 0.0981006
801 0.0979492
802 0.0978794
803 0.0977702
806 0.0977205
807 0.0977035
808 0.0976758
809 0.0974699
810 0.0973133
811 0.0971708
812 0.097085
813 0.0970087
814 0.0969967
815 0.0969421
818 0.0967573
819 0.0966122
820 0.0964883
821 0.0964274
824 0.0962924
825 0.0962176
826 0.0961387
827 0.096021
828 0.0959935
829 0.0959325
832 0.0957469
833 0.0956238
834 0.0955772
836 0.0955291
837 0.0954444
838 0.0954359
839 0.0954193
840 0.0953067
841 0.0951616
842 0.0950383
843 0.0949382
844 0.094891
845 0.0948697
846 0.0947285
847 0.0946758
848 0.0946162
849 0.0944714
850 0.0943031
851 0.0941804
852 0.0940424
853 0.0939409
856 0.0938668
857 0.0938319
859 0.0936746
860 0.0936389
861 0.0934936
862 0.0933091
863 0.0931697
864 0.09314
866 0.0930224
867 0.0929236
868 0.0928703
869 0.0927827
871 0.0927486
872 0.0925628
873 0.0924041
874 0.0923576
875 0.0923371
877 0.092259
880 0.0921915
881 0.0920125
882 0.0919176
883 0.0917585
884 0.0916782
889 0.0916312
890 0.0914596
891 0.0914064
892 0.0912658
893 0.0911471
894 0.0910874
895 0.0910078
896 0.0908868
897 0.0908103
899 0.090719
900 0.090651
901 0.0905544
902 0.0905098
905 0.0903732
906 0.0902761
907 0.0902192
908 0.0901761
909 0.0901393
910 0.0900993
911 0.0899119
912 0.089794
913 0.0897277
914 0.0896604
915 0.0895194
916 0.0893976
917 0.0892621
918 0.089192
919 0.0891519
920 0.0891099
921 0.0889896
922 0.0888737
923 0.0888237
924 0.0887545
926 0.0887249
927 0.0885942
928 0.0885729
930 0.0884651
931 0.0884058
932 0.0883617
934 0.0883223
935 0.0881611
936 0.0880555
937 0.0880265
938 0.0880207
941 0.0878803
942 0.0877879
945 0.0876404
946 0.0875285
947 0.0874994
948 0.0874018
950 0.0873824
951 0.087352
953 0.0872776
954 0.0871508
956 0.0871188
957 0.0869987
958 0.0869384
959 0.0869281
960 0.0869244
961 0.086874
963 0.0868393
965 0.0867689
966 0.0865964
967 0.086475
968 0.0864362
969 0.0863626
970 0.0861909
971 0.0860307
972 0.0858807
973 0.0857467
974 0.0856272
975 0.0855924
976 0.0855808
977 0.0855744
980 0.0853988
981 0.0852764
982 0.0851891
983 0.0851547
984 0.085012
986 0.0849889
987 0.0849248
989 0.0847774
990 0.0847279
991 0.0846877
994 0.0845215
997 0.0844675
998 0.0844327
999 0.0842836
1000 0.0842393
1003 0.0840933
1004 0.0840122
1009 0.0838558
1010 0.0837696
1011 0.0836549
1012 0.0835464
1013 0.0834273
1014 0.0833184
1015 0.0833096
1016 0.0833031
1017 0.0832014
1018 0.0830672
1019 0.0829515
1020 0.0828723
1022 0.0828565
1023 0.0827402
1024 0.0826592
1025 0.0826241
1027 0.0825915
1029 0.0825332
1030 0.0823736
1033 0.0823267
1034 0.0822091
1035 0.0821499
1036 0.0820118
1037 0.0820034
1039 0.0818734
1040 0.0817765
1041 0.0816834
1043 0.0816564
1044 0.0815502
1045 0.081437
1046 0.0814359
1050 0.0812947
1051 0.081278
1052 0.0812687
1053 0.081219
1054 0.0811752
1055 0.0811626
1057 0.081028
1058 0.0808812
1059 0.0808439
1060 0.0807373
1061 0.0806884
1062 0.0805808
1067 0.0804775
1069 0.0804743
1072 0.0803661
1075 0.080332
1076 0.0803161
1078 0.0802298
1079 0.08011
1080 0.0800661
1083 0.0799492
1084 0.0799443
1088 0.0798672
1089 0.0798395
1091 0.0797488
1092 0.0796091
1093 0.0795084
1094 0.0794752
1096 0.0794255
1097 0.0794112
1100 0.0792616
1101 0.0791896
1102 0.0791598
1104 0.0791372
1105 0.0790895
1106 0.0789303
1107 0.078847
1108 0.07883
1109 0.0787999
1110 0.0787615
1111 0.078598
1112 0.0784748
1113 0.0784009
1115 0.0783983
1116 0.0782923
1117 0.0781693
1118 0.0780473
1119 0.0779743
1120 0.0778882
1123 0.0777613
1124 0.0776984
1127 0.0776089
1128 0.0775711
1129 0.0774956
1131 0.0774815
1132 0.0774077
1135 0.0772916
1136 0.077211
1139 0.0771106
1140 0.0770616
1141 0.0770249
1143 0.0769178
1144 0.0768079
1145 0.0767424
1147 0.0767359
1148 0.076687
1149 0.0766685
1151 0.0765249
1152 0.0764766
1153 0.0764609
1155 0.0763106
1156 0.0762666
1157 0.0761529
1158 0.0760823
1160 0.0760662
1161 0.076011
1162 0.0759611
1163 0.0757999
1164 0.0756966
1165 0.0756514
1166 0.0755339
1167 0.0754113
1168 0.0754099
1169 0.0753822
1170 0.0752735
1172 0.0752691
1173 0.0751692
1174 0.0751369
1177 0.0750014
1178 0.0749605
1180 0.0748469
1183 0.0747498
1184 0.0746975
1185 0.0746636
1188 0.0746278
1190 0.0744921
1191 0.0743954
1192 0.0743308
1193 0.0743295
1195 0.0741941
1196 0.0741092
1198 0.0740831
1199 0.0739944
1200 0.0738937
1201 0.073818
1202 0.073776
1205 0.0736874
1206 0.0736299
1207 0.073591
1208 0.0734578
1209 0.0733511
1210 0.0732503
1211 0.0732206
1212 0.0732178
1213 0.0732132
1214 0.073111
1217 0.0729986
1218 0.0729608
1220 0.0729002
1223 0.0728012
1224 0.0727508
1225 0.0726889
1229 0.0726826
1230 0.0725744
1231 0.0725212
1233 0.0725103
1234 0.0724704
1235 0.0724111
1236 0.0723899
1237 0.0723858
1239 0.072245
1240 0.0722123
1241 0.0720758
1242 0.0720303
1243 0.0719157
1244 0.0718365
1245 0.0717523
1246 0.0717459
1248 0.071691
1249 0.0715463
1250 0.0714235
1251 0.0713357
1252 0.0712989
1253 0.0712668
1254 0.0712093
1255 0.0711439
1256 0.0711358
1258 0.071006
1259 0.0709133
1260 0.0709044
1262 0.0709029
1266 0.0707903
1267 0.0707444
1271 0.0706776
1272 0.0706216
1273 0.0705742
1274 0.0704867
1275 0.0704388
1277 0.0704205
1280 0.0704113
1281 0.0702777
1284 0.0702151
1285 0.0701735
1288 0.0701027
1290 0.0700038
1291 0.0699566
1292 0.0699473
1293 0.0698921
1296 0.0698042
1297 0.0697561
1298 0.069671
1303 0.0695664
1306 0.0695429
1309 0.0694106
1310 0.0693718
1312 0.069307
1313 0.0692627
1314 0.0692075
1315 0.0691891
1316 0.0691492
1319 0.0690129
1320 0.0689033
1321 0.0688558
1324 0.0688502
1328 0.0686867
1329 0.0686615
1332 0.0686172
1334 0.0684902
1335 0.0684244
1338 0.0683001
1339 0.0681871
1340 0.0681215
1341 0.0680894
1344 0.0680118
1345 0.0679331
1347 0.067903
1348 0.067865
1350 0.0678472
1351 0.0677326
1354 0.0676145
1355 0.0675855
1356 0.0674515
1357 0.0674003
1358 0.0673965
1360 0.067322
1361 0.0672588
1362 0.0671623
1363 0.0671041
1364 0.0670517
1367 0.0669261
1368 0.0668204
1369 0.0667972
1372 0.0667775
1373 0.0667231
1374 0.0667202
1376 0.0666828
1378 0.0666617
1379 0.0665387
1380 0.0664962
1381 0.0664916
1382 0.0664781
1385 0.0663701
1388 0.0663133
1389 0.0662842
1391 0.0662732
1392 0.0661517
1395 0.0660495
1396 0.0659782
1398 0.065977
1399 0.0659099
1402 0.0658564
1403 0.0658455
1406 0.0658436
1407 0.0657219
1408 0.0656911
1409 0.0656715
1412 0.0656594
1413 0.0655286
1414 0.0654733
1417 0.0654617
1418 0.0653918
1419 0.0653612
1423 0.0653589
1425 0.0653337
1426 0.0652544
1427 0.0652365
1429 0.0651941
1430 0.0651786
1432 0.0651636
1433 0.0651432
1434 0.0650993
1435 0.0650522
1436 0.065023
1437 0.0649789
1438 0.0649478
1439 0.0649051
1440 0.064868
1441 0.0648448
1442 0.0648324
1443 0.0647792
1444 0.0647251
1445 0.0646771
1446 0.0646315
1447 0.0645895
1448 0.0645607
1449 0.0645347
1450 0.0645302
1452 0.0644778
1453 0.0644153
1454 0.0643761
1455 0.0643436
1456 0.0643331
1457 0.0643324
1458 0.0643129
1459 0.0643057
1460 0.0642749
1461 0.0642287
1462 0.0641724
1463 0.0641427
1464 0.064122
1465 0.0640701
1466 0.0640499
1469 0.064023
1470 0.0639817
1471 0.0639297
1472 0.0639003
1475 0.0638415
1476 0.0638147
1477 0.0637581
1478 0.0637026
1479 0.0636516
1480 0.0636053
1481 0.0635567
1482 0.0635152
1483 0.0634871
1484 0.0634776
1485 0.0634672
1486 0.0634258
1487 0.0633762
1488 0.0633196
1489 0.0632626
1490 0.0632111
1491 0.0631597
1492 0.0631184
1493 0.0630993
1494 0.0630683
1495 0.0630651
1496 0.0630631
1497 0.0630204
1498 0.0629787
1499 0.06295
1500 0.0629288
1501 0.0629136
1504 0.0628435
1505 0.0628149
1506 0.0627786
1507 0.0627719
1508 0.0627661
1509 0.0627353
1510 0.0627274
1513 0.0627253
1514 0.0626608
1515 0.0626232
1516 0.0625756
1517 0.0625457
1521 0.0625422
1522 0.0625364
1524 0.0624815
1525 0.0624586
1526 0.0624564
1528 0.0624022
1529 0.0623953
1531 0.0623327
1532 0.0622852
1533 0.0622372
1534 0.0621993
1535 0.0621499
1536 0.0621232
1537 0.0621045
1538 0.0620449
1539 0.0619875
1540 0.0619337
1541 0.06188
1542 0.0618263
1543 0.0617758
1544 0.0617183
1545 0.0616624
1546 0.0616033
1547 0.0615449
1548 0.0614884
1549 0.0614302
1550 0.0613768
1551 0.0613204
1552 0.0612626
1553 0.0612069
1554 0.0611593
1555 0.0611297
1556 0.0611094
1557 0.0610902
1559 0.0610493
1560 0.0609934
1561 0.0609355
1562 0.060883
1563 0.0608294
1564 0.0607826
1565 0.0607297
1566 0.0606827
1567 0.0606477
1568 0.0606037
1569 0.0605946
1571 0.0605594
1572 0.0605407
1573 0.0605381
1574 0.0604821
1575 0.0604328
1576 0.0603841
1577 0.0603575
1578 0.0603164
1579 0.0602927
1580 0.0602897
1582 0.0602474
1583 0.0601989
1584 0.0601651
1585 0.0601354
1588 0.0600922
1590 0.0600896
1591 0.0600641
1592 0.060058
1593 0.0600354
1594 0.0599954
1596 0.0599818
1597 0.0599347
1598 0.0599118
1599 0.0598649
1600 0.059825
1601 0.0597902
1602 0.0597794
1603 0.0597522
1605 0.0597462
1606 0.0597115
1607 0.0596766
1608 0.0596251
1609 0.0595798
1610 0.059539
1611 0.0595262
1612 0.0595077
1613 0.0595006
1616 0.0594853
1617 0.0594508
1618 0.059395
1619 0.0593462
1620 0.059315
1621 0.059278
1622 0.0592485
1623 0.0592432
1624 0.059239
1626 0.0592279
1627 0.0591847
1628 0.0591425
1631 0.0590919
1632 0.0590465
1633 0.0590085
1635 0.0590059
1636 0.0589845
1638 0.0589696
1639 0.05892
1640 0.0588742
1641 0.058834
1642 0.0588025
1643 0.0587394
1644 0.0586847
1645 0.0586346
1646 0.0585791
1647 0.0585323
1648 0.058506
1649 0.0585
1651 0.0584584
1652 0.0584202
1653 0.0583597
1654 0.0583268
1655 0.0582781
1656 0.0582635
1658 0.0582507
1659 0.0582246
1660 0.058223
1661 0.058204
1662 0.0581456
1663 0.0581121
1664 0.0580623
1665 0.0580166
1666 0.0579841
1667 0.0579519
1670 0.0579471
1671 0.0579463
1672 0.0578995
1673 0.0578586
1674 0.0578251
1677 0.0577765
1678 0.057749
1679 0.0577372
1681 0.0577117
1682 0.0577014
1683 0.057664
1686 0.0576036
1687 0.0575924
1689 0.0575879
1690 0.057587
1692 0.0575714
1693 0.0575236
1694 0.0575073
1695 0.057463
1696 0.0574278
1699 0.0573974
1700 0.0573593
1701 0.0573501
1703 0.0573253
1704 0.0572937
1707 0.057269
1708 0.0572439
1710 0.0572147
1711 0.0571715
1712 0.0571353
1713 0.0571013
1714 0.0570884
1715 0.0570865
1716 0.0570753
1719 0.0570318
1720 0.0569981
1722 0.0569892
1723 0.0569808
1724 0.0569805
1725 0.0569404
1726 0.0569093
1727 0.0568968
1728 0.0568899
1729 0.0568623
1730 0.0568106
1731 0.0567831
1732 0.0567731
1733 0.0567679
1734 0.0567253
1735 0.0567016
1736 0.0567
1737 0.0566904
1738 0.0566893
1739 0.0566861
1740 0.0566272
1741 0.0565778
1742 0.0565436
1743 0.0565193
1744 0.0564949
1745 0.0564812
1747 0.0564471
1748 0.0564066
1750 0.0563987
1751 0.0563589
1752 0.0563211
1755 0.0563089
1756 0.0563017
1758 0.0562573
1759 0.0562254
1760 0.0562134
1761 0.0562076
1762 0.0561904
1764 0.0561781
1765 0.0561352
1766 0.0561261
1767 0.0561158
1768 0.0560655
1769 0.0560344
1770 0.0560207
1774 0.0560186
1775 0.0559718
1776 0.0559566
1777 0.0559435
1778 0.0559125
1779 0.0558651
1780 0.0558196
1781 0.0557837
1783 0.0557784
1784 0.0557289
1785 0.0556893
1786 0.055652
1787 0.0556216
1788 0.0556025
1789 0.0555874
1790 0.0555451
1791 0.0555128
1792 0.0554859
1793 0.0554311
1794 0.0553885
1795 0.0553409
1796 0.0553102
1797 0.0552866
1798 0.0552782
1799 0.0552743
1800 0.0552536
1802 0.0552293
1803 0.0551816
1804 0.0551415
1805 0.0551122
1806 0.0551007
1808 0.0550851
1809 0.0550698
1810 0.0550347
1811 0.0549875
1812 0.0549591
1813 0.0549427
1814 0.0549404
1817 0.0549298
1818 0.0548745
1819 0.0548368
1820 0.0548095
1823 0.0547653
1824 0.0547287
1825 0.0547109
1827 0.0546705
1828 0.0546409
1831 0.0545929
1832 0.0545698
1833 0.0545595
1834 0.054559
1838 0.0545116
1839 0.0544916
1840 0.0544867
1841 0.0544447
1842 0.054413
1845 0.0544039
1846 0.0543979
1847 0.0543955
1848 0.0543942
1849 0.0543531
1850 0.0543059
1851 0.0542919
1852 0.0542606
1855 0.0542248
1857 0.0542158
1859 0.0541672
1860 0.0541305
1863 0.0540883
1864 0.0540483
1865 0.0540251
1866 0.0539805
1867 0.0539586
1868 0.0539106
1869 0.0538693
1870 0.0538313
1871 0.0537863
1872 0.0537499
1873 0.0537064
1874 0.0536753
1875 0.0536412
1876 0.0536123
1877 0.0535885
1879 0.0535761
1880 0.0535306
1881 0.0534789
1882 0.0534373
1883 0.0534069
1884 0.0534038
1885 0.0534009
1886 0.053378
1887 0.0533671
1888 0.0533572
1889 0.0533227
1890 0.0532745
1891 0.0532332
1893 0.0532314
1894 0.0531901
1895 0.0531832
1897 0.0531688
1898 0.0531347
1899 0.0530969
1900 0.0530759
1901 0.0530714
1903 0.0530154
1904 0.0529741
1905 0.0529636
1907 0.052931
1908 0.0529001
1910 0.0528983
1911 0.0528638
1912 0.0528154
1913 0.0527898
1914 0.0527461
1915 0.0527104
1916 0.052671
1917 0.0526306
1918 0.0526052
1919 0.0525998
1921 0.0525512
1922 0.0525042
1923 0.0524678
1924 0.052431
1925 0.0524061
1926 0.0523721
1927 0.0523512
1928 0.0523263
1929 0.0523216
1930 0.0523211
1931 0.0522844
1932 0.0522665
1935 0.0522181
1936 0.0521972
1937 0.0521867
1939 0.0521614
1942 0.0521432
1944 0.0521359
1945 0.0520967
1948 0.0520787
1949 0.0520351
1950 0.0520026
1951 0.051956
1952 0.051913
1953 0.0518691
1954 0.0518265
1955 0.0517935
1956 0.0517736
1957 0.0517682
1958 0.0517658
1959 0.051718
1960 0.0516713
1961 0.0516295
1962 0.051585
1963 0.0515429
1964 0.0515007
1965 0.0514653
1966 0.0514285
1967 0.0513937
1968 0.0513494
1969 0.0513409
1971 0.0513183
1972 0.0512715
1973 0.0512261
1974 0.051183
1975 0.0511409
1976 0.0510995
1977 0.0510625
1978 0.0510243
1979 0.050988
1980 0.0509536
1981 0.0509224
1984 0.0508954
1985 0.0508899
1987 0.0508492
1988 0.0508104
1989 0.0507961
1990 0.0507742
1991 0.0507724
1992 0.050748
1993 0.0507039
1994 0.0506829
1995 0.050661
1996 0.0506368
1997 0.0506255
2001 0.0506062
2002 0.0505587
2003 0.0505396
2006 0.0505018
2009 0.0504996
2010 0.0504989
2011 0.0504603
2012 0.0504305
2013 0.0504021
2016 0.0503565
2017 0.0503285
2018 0.0503077
2019 0.0502871
2020 0.0502648
2022 0.0502641
2023 0.0502361
2025 0.0502273
2026 0.0502095
2030 0.0501867
2031 0.0501467
2032 0.0501422
2034 0.0501118
2037 0.0500692
2038 0.0500555
2039 0.050049
2040 0.0500211
2041 0.0499765
2042 0.0499451
2043 0.0499201
2046 0.0498719
2047 0.0498471
2048 0.0498282
2051 0.0498079
2052 0.0497724
2053 0.0497274
2054 0.0496895
2055 0.0496528
2056 0.0496406
2057 0.0496096
2058 0.0495854
2061 0.0495818
2062 0.0495379
2063 0.0495255
2065 0.0495131
2066 0.0494867
2067 0.0494593
2068 0.0494542
2070 0.0494468
2071 0.0494375
2072 0.0494155
2074 0.0493883
2075 0.049341
2076 0.0493021
2077 0.0492902
2078 0.0492611
2080 0.0492553
2081 0.0492548
2083 0.0492048
2084 0.0491695
2085 0.0491586
2086 0.0491322
2089 0.0490838
2090 0.049073
2091 0.0490681
2092 0.0490359
2095 0.0489948
2096 0.0489842
2098 0.0489575
2099 0.048915
2100 0.0488697
2101 0.0488261
2102 0.0487906
2103 0.0487611
2104 0.0487505
2105 0.0487441
2107 0.0487062
2108 0.0486796
2110 0.0486762
2111 0.0486547
2114 0.0486167
2115 0.048612
2117 0.0485666
2118 0.0485503
2119 0.0485177
2120 0.0485149
2122 0.0484938
2123 0.0484773
2124 0.0484567
2125 0.0484219
2126 0.0484072
2127 0.0483763
2130 0.0483404
2131 0.0483385
2133 0.0483311
2134 0.0483166
2135 0.0482666
2136 0.0482456
2137 0.0482306
2140 0.0482223
2141 0.0481939
2144 0.0481763
2147 0.0481472
2148 0.0481359
2150 0.0481189
2151 0.0481081
2154 0.0481031
2156 0.0480761
2157 0.0480289
2158 0.0479932
2159 0.047977
2160 0.0479626
2161 0.0479548
2163 0.047926
2164 0.0478948
2165 0.0478642
2166 0.0478416
2167 0.0478247
2171 0.0478182
2172 0.0477675
2173 0.047743
2174 0.0477369
2176 0.0477197
2177 0.0476953
2179 0.0476891
2180 0.0476447
2181 0.0476052
2182 0.0475908
2183 0.0475674
2184 0.0475564
2186 0.0475098
2187 0.04749
2188 0.0474679
2189 0.0474584
2190 0.0474482
2191 0.0474168
2192 0.0474031
2193 0.0473506
2194 0.0473107
2195 0.0472795
2196 0.0472562
2200 0.0472355
2201 0.0472237
2202 0.0471771
2203 0.0471548
2204 0.0471452
2207 0.0471087
2208 0.0471069
2209 0.0470987
2210 0.0470642
2211 0.0470514
2213 0.0470392
2214 0.046992
2215 0.0469822
2217 0.0469692
2220 0.0469271
2221 0.046907
2222 0.046885
2225 0.0468725
2228 0.0468176
2229 0.0467826
2230 0.046781
2234 0.0467505
2236 0.046746
2237 0.046713
2240 0.0466897
2241 0.0466564
2242 0.046641
2245 0.0466161
2246 0.0466113
2248 0.0465622
2249 0.0465425
2250 0.0465306
2252 0.0465223
2253 0.0465192
2254 0.0465118
2255 0.0465031
2256 0.0464604
2257 0.0464268
2258 0.0463967
2261 0.0463919
2262 0.0463835
2263 0.0463688
2264 0.046368
2265 0.0463551
2268 0.0463142
2269 0.0462936
2270 0.0462843
2271 0.046284
2272 0.046279
2274 0.0462621
2275 0.0462169
2276 0.0461847
2277 0.0461501
2278 0.046129
2279 0.0460948
2281 0.0460911
2284 0.0460891
2285 0.0460814
2286 0.0460512
2289 0.0460195
2290 0.0459913
2291 0.0459813
2292 0.0459455
2293 0.0459342
2295 0.0459064
2296 0.0458956
2297 0.0458582
2298 0.0458288
2299 0.0458149
2300 0.0457747
2301 0.0457471
2302 0.0457174
2305 0.0456948
2306 0.0456609
2307 0.0456366
2309 0.0456343
2310 0.0456001
2311 0.0455756
2316 0.0455445
2318 0.0455367
2321 0.0455154
2322 0.0454848
2323 0.0454821
2325 0.0454629
2326 0.0454334
2327 0.0454166
2330 0.0453798
2331 0.0453516
2332 0.0453233
2335 0.0453229
2336 0.0453195
2337 0.0452847
2339 0.0452733
2340 0.0452267
2341 0.0451889
2342 0.0451723
2343 0.0451463
2344 0.0451369
2349 0.0450822
2350 0.0450632
2353 0.0450318
2356 0.0450224
2359 0.0449826
2360 0.0449817
2361 0.0449765
2362 0.0449654
2363 0.0449624
2364 0.044939
2365 0.0448936
2366 0.0448616
2367 0.0448416
2368 0.0448354
2369 0.0448223
2370 0.0447904
2371 0.0447755
2372 0.0447416
2375 0.0447164
2376 0.0446854
2379 0.0446533
2382 0.044636
2385 0.0445931
2386 0.0445832
2389 0.04456
2391 0.0445499
2392 0.0445296
2393 0.0444931
2394 0.0444631
2395 0.0444428
2396 0.044423
2397 0.044411
2398 0.0443867
2401 0.0443563
2402 0.0443353
2404 0.0443218
2405 0.0442844
2408 0.0442503
2409 0.0442254
2410 0.0441925
2411 0.0441796
2413 0.0441774
2414 0.0441323
2415 0.044108
2416 0.044097
2417 0.0440952
2418 0.0440857
2420 0.0440699
2421 0.0440444
2423 0.0440337
2424 0.0440122
2426 0.0440056
2428 0.0439952
2429 0.0439608
2430 0.0439503
2431 0.0439286
2432 0.0439274
2433 0.0439122
2434 0.0438843
2435 0.0438506
2436 0.043842
2437 0.0438387
2438 0.0438181
2439 0.0438164
2441 0.0438116
2442 0.0437913
2443 0.0437464
2444 0.0437315
2445 0.0437172
2446 0.0437164
2447 0.0437154
2449 0.0437038
2451 0.0437011
2452 0.0436455
2453 0.0436094
2454 0.0435946
2456 0.0435918
2458 0.0435852
2459 0.0435703
2461 0.0435326
2463 0.0435239
2464 0.0434925
2465 0.0434543
2466 0.0434216
2467 0.0434123
2468 0.0433762
2469 0.0433645
2470 0.0433616
2471 0.0433187
2472 0.0432796
2474 0.0432761
2475 0.0432481
2476 0.0432102
2477 0.0431949
2478 0.0431526
2479 0.0431325
2480 0.0431045
2481 0.0430733
2482 0.0430433
2483 0.0430192
2485 0.0430034
2486 0.0429787
2487 0.0429671
2489 0.0429666
2492 0.0429242
2493 0.042924
2494 0.0429211
2495 0.0428883
2496 0.0428534
2497 0.0428323
2500 0.042797
2501 0.0427741
2502 0.0427518
2504 0.0427419
2505 0.0427077
2506 0.0426946
2507 0.0426816
2509 0.0426774
2510 0.0426671
2513 0.0426377
2514 0.0425995
2517 0.0425671
2518 0.0425598
2520 0.0425478
2522 0.0425447
2524 0.042501
2529 0.0424649
2530 0.0424426
2531 0.0424182
2534 0.0424009
2535 0.0423852
2537 0.0423722
2538 0.0423432
2541 0.0423108
2542 0.0422879
2543 0.0422838
2545 0.0422831
2546 0.0422814
2548 0.0422745
2549 0.0422341
2550 0.0422244
2552 0.0422177
2553 0.0422081
2554 0.042199
2555 0.0421729
2557 0.0421625
2558 0.0421501
2559 0.0421198
2562 0.0420919
2563 0.0420761
2564 0.0420717
2566 0.0420647
2568 0.042014
2569 0.042
2570 0.0419904
2571 0.0419849
2572 0.0419801
2573 0.0419703
2574 0.0419329
2575 0.0418959
2576 0.0418733
2577 0.0418427
2578 0.0418143
2579 0.0417938
2580 0.0417585
2581 0.0417559
2582 0.0417468
2583 0.0417423
2584 0.041736
2585 0.0416989
2586 0.0416827
2589 0.0416525
2591 0.041647
2592 0.0416324
2594 0.0416299
2595 0.0416061
2596 0.0415674
2597 0.0415439
2598 0.0415249
2599 0.0414918
2600 0.0414619
2601 0.0414426
2602 0.0414163
2603 0.0413992
2604 0.041383
2605 0.04136
2606 0.0413553
2608 0.0413487
2610 0.0413435
2611 0.0413411
2612 0.0412823
2613 0.0412479
2615 0.0412366
2618 0.0412365
2621 0.0412051
2622 0.0412048
2623 0.041195
2624 0.0411782
2625 0.0411621
2626 0.0411498
2627 0.0411492
2629 0.0411401
2630 0.0411325
2631 0.0411265
2634 0.0411111
2635 0.0410977
2636 0.0410906
2637 0.0410831
2638 0.0410762
2639 0.0410719
2640 0.0410546
2641 0.0410414
2642 0.0410315
2643 0.0410176
2644 0.041008
2645 0.0409938
2646 0.0409808
2647 0.0409681
2648 0.0409596
2649 0.0409551
2650 0.0409546
2652 0.0409404
2653 0.0409326
2654 0.0409243
2655 0.0409113
2656 0.0409029
2657 0.0408943
2658 0.0408791
2659 0.0408782
2661 0.0408644
2662 0.0408499
2663 0.0408353
2664 0.0408212
2665 0.0408073
2666 0.0407932
2667 0.040781
2668 0.0407754
2669 0.040771
2670 0.040763
2671 0.0407564
2672 0.0407441
2673 0.0407316
2674 0.0407161
2675 0.0407018
2676 0.0406908
2677 0.0406796
2678 0.0406675
2679 0.040653
2680 0.0406394
2681 0.0406251
2682 0.040611
2683 0.0405982
2684 0.0405845
2685 0.0405742
2686 0.0405688
2689 0.040554
2690 0.0405411
2691 0.0405279
2692 0.0405132
2693 0.0404992
2694 0.0404855
2695 0.0404746
2696 0.0404621
2697 0.0404548
2698 0.0404515
2700 0.0404444
2702 0.0404293
2703 0.0404145
2704 0.0404008
2705 0.0403871
2706 0.0403794
2707 0.0403645
2708 0.0403508
2709 0.0403386
2710 0.0403255
2711 0.040313
2712 0.0403024
2713 0.0402973
2714 0.040294
2716 0.0402787
2717 0.0402635
2718 0.0402486
2719 0.0402344
2720 0.0402202
2721 0.0402064
2722 0.0401923
2723 0.040179
2724 0.0401656
2725 0.0401522
2726 0.0401391
2727 0.0401267
2728 0.0401147
2729 0.0401026
2730 0.0400877
2731 0.0400729
2732 0.0400585
2733 0.0400437
2734 0.040029
2735 0.0400143
2736 0.0399996
2737 0.0399853
2738 0.0399707
2739 0.0399572
2740 0.0399427
2741 0.0399284
2742 0.0399186
2743 0.0399092
2744 0.0399036
2745 0.0398956
2746 0.0398833
2747 0.0398739
2748 0.0398567
2749 0.0398412
2750 0.0398261
2751 0.0398121
2752 0.0397981
2753 0.0397856
2754 0.0397715
2755 0.0397595
2756 0.0397444
2757 0.0397317
2758 0.0397237
2759 0.0397094
2760 0.0396934
2761 0.039678
2762 0.0396634
2763 0.0396501
2764 0.0396352
2765 0.0396212
2766 0.0396063
2767 0.0395917
2768 0.0395771
2769 0.0395629
2770 0.0395481
2771 0.0395348
2772 0.0395197
2773 0.0395048
2774 0.0394912
2775 0.0394785
2776 0.0394638
2777 0.0394503
2778 0.0394368
2779 0.0394287
2780 0.0394183
2781 0.0394073
2782 0.0393918
2783 0.0393776
2784 0.0393654
2785 0.0393561
2786 0.0393517
2787 0.0393355
2788 0.0393247
2789 0.0393161
2790 0.0393112
2791 0.0392952
2792 0.0392799
2793 0.0392649
2794 0.0392503
2795 0.039237
2796 0.0392236
2797 0.0392096
2798 0.0391964
2799 0.0391824
2800 0.0391695
2801 0.0391553
2802 0.0391421
2803 0.0391283
2804 0.0391152
2805 0.039101
2806 0.039087
2807 0.0390751
2808 0.0390621
2809 0.0390537
2810 0.0390486
2813 0.0390388
2814 0.0390235
2815 0.0390118
2816 0.0390056
2817 0.0390049
2818 0.0389897
2819 0.0389748
2820 0.038962
2821 0.0389549
2822 0.0389465
2823 0.0389349
2824 0.0389199
2825 0.0389077
2826 0.0388978
2827 0.0388871
2828 0.0388724
2829 0.0388579
2830 0.0388445
2831 0.0388331
2832 0.038823
2834 0.0388218
2835 0.0388065
2836 0.038792
2837 0.0387796
2838 0.0387727
2839 0.038759
2840 0.0387461
2841 0.038734
2842 0.0387271
2843 0.0387157
2844 0.0387013
2845 0.038687
2846 0.0386752
2847 0.0386646
2848 0.0386584
2849 0.0386507
2850 0.0386421
2851 0.0386331
2853 0.0386295
2854 0.0386142
2855 0.0386057
2856 0.0385994
2858 0.0385988
2859 0.0385918
2860 0.0385858
2861 0.0385715
2862 0.0385639
2863 0.0385506
2864 0.0385382
2865 0.0385276
2866 0.0385177
2867 0.0385162
2869 0.0385022
2870 0.0384865
2871 0.0384773
2872 0.0384713
2873 0.0384653
2874 0.0384609
2875 0.038459
2876 0.038451
2877 0.0384379
2878 0.038428
2879 0.0384144
2880 0.0384057
2881 0.0384039
2883 0.0384033
2884 0.0383987
2885 0.0383818
2886 0.0383699
2887 0.0383608
2888 0.0383486
2889 0.0383438
2890 0.038333
2891 0.0383197
2892 0.0383079
2893 0.0382998
2896 0.0382861
2897 0.0382785
2898 0.0382692
2899 0.038258
2900 0.0382482
2901 0.0382422
2902 0.0382341
2903 0.0382222
2904 0.0382133
2905 0.0382014
2906 0.0381981
2907 0.0381872
2908 0.0381751
2909 0.0381656
2912 0.0381515
2913 0.0381458
2914 0.0381371
2915 0.0381304
2916 0.038125
2917 0.0381154
2918 0.0381096
2920 0.0381044
2921 0.0380895
2922 0.0380761
2923 0.0380628
2924 0.038049
2925 0.0380351
2926 0.0380213
2927 0.0380082
2928 0.0379953
2929 0.0379827
2930 0.0379731
2931 0.0379688
2932 0.0379645
2934 0.0379517
2935 0.0379389
2936 0.0379263
2937 0.0379148
2938 0.0379041
2939 0.0378917
2940 0.0378844
2941 0.0378829
2942 0.0378828
2943 0.0378788
2945 0.0378654
2946 0.0378545
2947 0.0378428
2948 0.0378304
2949 0.0378183
2950 0.0378077
2951 0.0377948
2952 0.037785
2954 0.0377849
2955 0.0377739
2956 0.0377639
2957 0.0377548
2958 0.0377507
2960 0.0377494
2961 0.0377371
2962 0.0377332
2964 0.0377295
2965 0.0377171
2966 0.0377106
2968 0.037707
2969 0.0377
2970 0.037699
2971 0.0376872
2972 0.0376761
2973 0.0376649
2974 0.0376557
2975 0.0376494
2976 0.0376377
2977 0.0376246
2978 0.0376126
2979 0.0376007
2980 0.0375906
2981 0.0375782
2982 0.0375666
2983 0.0375565
2984 0.0375461
2985 0.0375359
2986 0.0375276
2987 0.0375181
2988 0.0375073
2989 0.0375012
2990 0.0374901
2991 0.0374809
2992 0.037468
2993 0.0374602
2994 0.0374521
2995 0.0374439
2996 0.0374345
2997 0.0374241
2999 0.0374227
3000 0.0374105
3001 0.0373985
3002 0.0373858
3003 0.0373738
3004 0.0373614
3005 0.0373494
3006 0.0373374
3007 0.0373254
3008 0.0373139
3009 0.0373022
3010 0.0372912
3011 0.0372801
3012 0.0372695
3013 0.03726
3014 0.0372522
3015 0.037249
3017 0.0372463
3018 0.0372347
3019 0.0372266
3020 0.0372149
3021 0.0372094
3022 0.0372076
3024 0.0371987
3026 0.037195
3027 0.0371794
3028 0.0371717
3029 0.0371631
3030 0.0371609
3033 0.0371597
3035 0.0371486
3036 0.0371451
3037 0.0371418
3038 0.037128
3039 0.0371157
3040 0.0371051
3041 0.0370955
3042 0.037088
3043 0.0370835
3044 0.0370783
3046 0.0370781
3047 0.0370756
3048 0.0370715
3049 0.0370572
3050 0.0370456
3051 0.0370394
3053 0.037037
3054 0.0370261
3055 0.0370247
3058 0.037021
3059 0.0370086
3060 0.0370031
3061 0.0369939
3062 0.0369909
3063 0.0369821
3064 0.0369686
3065 0.0369598
3066 0.0369512
3067 0.0369489
3069 0.0369416
3070 0.0369298
3071 0.0369221
3074 0.036909
3075 0.0369016
3076 0.0368936
3078 0.0368931
3079 0.0368803
3080 0.0368673
3081 0.0368562
3082 0.0368444
3083 0.0368373
3084 0.0368251
3085 0.0368141
3086 0.0368066
3087 0.0367984
3088 0.0367919
3089 0.0367801
3090 0.0367675
3091 0.0367571
3092 0.0367469
3093 0.0367443
3094 0.0367287
3095 0.0367218
3096 0.0367124
3097 0.0367075
3098 0.0366978
3099 0.0366898
3101 0.0366846
3102 0.0366804
3103 0.0366676
3104 0.0366617
3105 0.0366521
3106 0.0366459
3107 0.0366397
3108 0.0366335
3109 0.0366287
3110 0.0366134
3111 0.0366077
3112 0.0365954
3113 0.0365864
3114 0.0365779
3115 0.0365634
3116 0.0365527
3117 0.0365467
3118 0.0365434
3120 0.0365303
3121 0.0365175
3122 0.0365116
3123 0.0365041
3124 0.0364895
3125 0.0364786
3126 0.0364742
3127 0.0364726
3128 0.0364711
3129 0.0364578
3130 0.0364439
3131 0.0364307
3132 0.0364203
3133 0.0364096
3134 0.036402
3135 0.0363929
3136 0.0363837
3137 0.0363691
3138 0.0363606
3139 0.0363514
3140 0.0363405
3141 0.0363285
3142 0.0363185
3143 0.0363059
3144 0.0362988
3145 0.0362964
3146 0.0362881
3147 0.0362735
3148 0.0362657
3149 0.0362592
3150 0.0362493
3152 0.0362472
3153 0.0362362
3154 0.0362284
3155 0.0362179
3156 0.036209
3157 0.0362071
3159 0.0361988
3160 0.0361943
3161 0.0361813
3162 0.0361761
3163 0.0361658
3164 0.0361607
3165 0.0361544
3166 0.0361454
3167 0.0361391
3169 0.0361381
3170 0.0361238
3171 0.03612
3172 0.0361134
3175 0.0361077
3176 0.0360936
3177 0.0360904
3178 0.0360895
3179 0.0360769
3180 0.0360658
3181 0.0360545
3182 0.0360483
3183 0.0360411
3184 0.0360358
3185 0.0360208
3186 0.0360078
3187 0.0359977
3188 0.0359886
3189 0.0359797
3190 0.0359711
3191 0.0359704
3194 0.0359695
3195 0.0359551
3196 0.0359486
3197 0.0359448
3198 0.0359397
3199 0.0359325
3200 0.0359189
3201 0.0359147
3202 0.0359143
3205 0.0359014
3206 0.0358917
3207 0.0358821
3208 0.0358715
3209 0.0358639
3212 0.0358563
3213 0.0358443
3214 0.0358343
3215 0.0358292
3216 0.0358243
3217 0.0358165
3220 0.0358076
3221 0.0358041
3222 0.0358023
3223 0.0357909
3226 0.035778
3227 0.0357713
3228 0.0357626
3229 0.0357515
3230 0.0357462
3231 0.0357428
3232 0.0357295
3233 0.0357193
3234 0.0357066
3235 0.0356994
3237 0.0356982
3238 0.0356909
3239 0.0356837
3240 0.0356709
3241 0.0356586
3242 0.0356468
3243 0.0356344
3244 0.0356234
3245 0.0356127
3246 0.0356076
3247 0.035598
3248 0.0355914
3249 0.0355876
3250 0.0355826
3251 0.0355671
3252 0.0355524
3253 0.035538
3254 0.0355239
3255 0.0355108
3256 0.0354975
3257 0.0354841
3258 0.0354711
3259 0.035458
3260 0.0354468
3261 0.0354357
3262 0.035426
3263 0.0354166
3264 0.0354057
3265 0.0353963
3266 0.0353829
3267 0.0353729
3268 0.0353604
3269 0.035351
3270 0.0353452
3271 0.0353402
3272 0.0353311
3273 0.0353272
3274 0.0353094
3275 0.0352945
3276 0.0352871
3277 0.0352831
3278 0.0352826
3279 0.035281
3281 0.0352773
3282 0.0352735
3283 0.0352674
3284 0.0352522
3285 0.0352422
3287 0.0352409
3288 0.0352277
3289 0.0352219
3290 0.0352184
3292 0.0352079
3293 0.0351947
3294 0.0351835
3295 0.0351726
3296 0.0351646
3297 0.0351628
3298 0.0351586
3299 0.0351487
3300 0.0351372
3301 0.0351312
3302 0.0351198
3305 0.0351082
3306 0.0350991
3307 0.0350952
3308 0.0350929
3309 0.0350857
3310 0.0350852
3312 0.0350689
3313 0.0350584
3314 0.0350525
3315 0.0350412
3316 0.0350318
3317 0.035027
3318 0.0350258
3319 0.035024
3320 0.0350071
3321 0.0349921
3322 0.0349796
3323 0.0349719
3324 0.0349674
3326 0.0349597
3327 0.0349448
3328 0.0349299
3329 0.0349165
3330 0.0349036
3331 0.034891
3332 0.0348763
3333 0.0348622
3334 0.0348513
3335 0.0348379
3336 0.034824
3337 0.0348108
3338 0.0347988
3339 0.0347855
3340 0.0347723
3341 0.0347606
3342 0.034747
3343 0.0347339
3344 0.0347224
3345 0.0347128
3346 0.0346998
3347 0.0346908
3348 0.0346767
3349 0.0346628
3350 0.0346491
3351 0.0346361
3352 0.0346229
3353 0.0346104
3354 0.0345993
3355 0.0345869
3356 0.0345757
3357 0.0345636
3358 0.0345563
3359 0.0345445
3360 0.0345317
3361 0.0345194
3362 0.0345076
3363 0.0344975
3364 0.0344875
3365 0.0344814
3366 0.0344687
3367 0.0344567
3368 0.0344446
3369 0.0344363
3370 0.0344251
3371 0.0344192
3372 0.0344078
3373 0.034397
3374 0.0343846
3375 0.034373
3376 0.0343616
3377 0.0343515
3378 0.0343427
3379 0.0343338
3380 0.0343263
3381 0.0343192
3382 0.0343135
3383 0.0343004
3384 0.0342892
3385 0.0342792
3386 0.0342687
3387 0.0342626
3388 0.0342554
3389 0.0342523
3392 0.0342414
3393 0.0342327
3394 0.0342308
3395 0.0342266
3397 0.0342246
3398 0.0342238
3400 0.0342102
3401 0.0341998
3402 0.0341913
3403 0.034185
3406 0.0341834
3407 0.0341815
3408 0.0341739
3409 0.0341626
3410 0.034155
3411 0.0341524
3412 0.034146
3413 0.034141
3414 0.0341385
3415 0.0341278
3416 0.0341238
3417 0.03412
3418 0.0341131
3421 0.0341102
3422 0.0341035
3423 0.0340968
3424 0.0340877
3426 0.0340865
3429 0.0340757
3430 0.0340693
3431 0.0340667
3433 0.0340602
3434 0.0340554
3435 0.0340421
3436 0.0340315
3437 0.0340261
3438 0.0340188
3439 0.0340168
3442 0.034013
3444 0.0340102
3445 0.0339991
3446 0.0339968
3447 0.0339933
3448 0.03398
3449 0.0339767
3450 0.0339749
3451 0.0339726
3452 0.0339718
3453 0.0339623
3454 0.0339538
3455 0.0339431
3456 0.0339318
3457 0.0339214
3458 0.0339197
3460 0.0339086
3461 0.0339052
3462 0.0339047
3463 0.0338933
3464 0.0338889
3465 0.0338774
3466 0.0338713
3467 0.0338646
3468 0.0338616
3469 0.0338595
3472 0.0338579
3473 0.0338438
3474 0.0338312
3475 0.0338196
3476 0.0338109
3477 0.0338012
3478 0.0337891
3479 0.0337836
3480 0.0337781
3481 0.0337675
3482 0.0337547
3483 0.0337421
3484 0.0337294
3485 0.0337171
3486 0.0337049
3487 0.0336927
3488 0.0336799
3489 0.033668
3490 0.0336553
3491 0.0336424
3492 0.0336295
3493 0.0336167
3494 0.033604
3495 0.0335912
3496 0.0335787
3497 0.0335662
3498 0.0335537
3499 0.0335416
3500 0.0335293
3501 0.0335183
3502 0.0335064
3503 0.0334974
3504 0.0334849
3505 0.0334799
3506 0.0334705
3507 0.0334604
3508 0.0334439
3509 0.0334308
3510 0.0334214
3511 0.0334108
3512 0.0334061
3513 0.0333997
3514 0.033386
3515 0.0333729
3516 0.0333602
3517 0.0333477
3518 0.0333364
3519 0.0333271
3520 0.0333122
3521 0.0332993
3522 0.0332919
3523 0.0332857
3524 0.0332738
3525 0.0332661
3526 0.0332633
3529 0.0332611
3530 0.0332473
3531 0.0332349
3532 0.0332281
3533 0.0332189
3534 0.0332159
3535 0.0332067
3536 0.0332055
3538 0.0331963
3539 0.0331934
3540 0.0331806
3541 0.0331701
3542 0.0331624
3545 0.0331536
3546 0.0331488
3547 0.0331417
3548 0.0331351
3549 0.0331311
3551 0.0331239
3554 0.0331121
3555 0.033101
3556 0.033094
3557 0.0330899
3559 0.0330875
3562 0.0330753
3563 0.0330673
3564 0.0330599
3565 0.0330595
3566 0.0330543
3567 0.0330432
3568 0.0330365
3569 0.0330283
3570 0.0330237
3571 0.033017
3572 0.0330162
3573 0.0330099
3574 0.0330088
3575 0.0330054
3576 0.0329919
3577 0.0329838
3578 0.0329765
3579 0.0329758
3580 0.0329732
3582 0.0329713
3583 0.0329593
3584 0.0329546
3585 0.0329544
3586 0.032945
3587 0.0329432
3588 0.0329302
3589 0.0329215
3590 0.0329202
3591 0.0329198
3592 0.0329094
3593 0.0329079
3595 0.0329043
3596 0.0328913
3597 0.0328827
3598 0.0328729
3599 0.0328627
3600 0.0328521
3601 0.0328443
3602 0.0328413
3604 0.0328412
3607 0.0328311
3608 0.0328243
3609 0.0328172
3610 0.0328128
3611 0.0328067
3612 0.0328063
3613 0.0328025
3614 0.0327918
3615 0.0327851
3616 0.0327775
3617 0.0327755
3618 0.032772
3621 0.0327687
3622 0.0327603
3623 0.0327521
3627 0.0327494
3628 0.0327401
3630 0.0327399
3631 0.0327367
3632 0.0327359
3634 0.0327222
3635 0.0327194
3636 0.0327184
3637 0.0327106
3638 0.0327089
3642 0.0327037
3644 0.0326919
3645 0.0326904
3646 0.0326875
3647 0.0326815
3648 0.032675
3649 0.0326719
3650 0.032666
3651 0.0326563
3652 0.0326518
3653 0.0326517
3654 0.0326404
3655 0.0326302
3656 0.032624
3657 0.0326205
3658 0.0326163
3659 0.0326148
3661 0.0326036
3662 0.032592
3663 0.0325841
3664 0.0325741
3665 0.0325664
3666 0.0325633
3669 0.0325606
3670 0.0325594
3671 0.0325483
3672 0.0325413
3673 0.0325341
3674 0.0325299
3675 0.0325172
3676 0.0325149
3678 0.0325122
3680 0.0325028
3681 0.0324937
3682 0.0324848
3683 0.0324772
3684 0.0324762
3686 0.0324615
3687 0.0324502
3688 0.0324406
3689 0.0324382
3690 0.0324325
3691 0.0324231
3692 0.0324186
3693 0.0324161
3695 0.0324062
3696 0.0323952
3697 0.0323857
3698 0.0323803
3701 0.0323707
3702 0.0323658
3703 0.0323603
3704 0.0323537
3705 0.0323429
3706 0.0323356
3707 0.0323288
3708 0.0323227
3709 0.0323162
3712 0.0323091
3713 0.0323015
3714 0.0322921
3717 0.0322823
3718 0.0322768
3719 0.0322748
3720 0.0322743
3721 0.0322682
3722 0.0322625
3723 0.0322578
3724 0.0322571
3726 0.032246
3727 0.0322332
3728 0.0322247
3729 0.0322189
3730 0.0322098
3732 0.0322092
3734 0.0322076
3735 0.0322038
3736 0.0321915
3737 0.0321842
3738 0.032181
3739 0.0321701
3740 0.0321608
3741 0.0321563
3743 0.0321521
3745 0.0321407
3746 0.0321297
3747 0.0321192
3748 0.0321139
3749 0.0321014
3750 0.0320897
3751 0.03208
3752 0.0320766
3755 0.0320704
3756 0.0320653
3759 0.0320515
3760 0.0320441
3761 0.0320336
3762 0.0320286
3763 0.0320195
3764 0.0320102
3765 0.0320087
3767 0.0320072
3769 0.0319909
3770 0.0319809
3771 0.0319725
3773 0.0319716
3775 0.0319711
3778 0.0319584
3779 0.0319484
3780 0.03194
3781 0.0319307
3782 0.0319198
3783 0.0319093
3784 0.0319014
3785 0.0318937
3786 0.0318863
3787 0.031881
3788 0.0318721
3789 0.0318681
3790 0.0318565
3791 0.0318433
3792 0.0318333
3793 0.0318241
3794 0.0318141
3795 0.0318137
3798 0.0318128
3799 0.03181
3800 0.0317959
3801 0.0317864
3802 0.0317816
3803 0.0317748
3804 0.0317672
3805 0.0317623
3808 0.0317545
3811 0.0317408
3812 0.0317363
3813 0.0317349
3815 0.0317303
3816 0.0317257
3817 0.0317211
3818 0.0317182
3820 0.0317039
3821 0.0316941
3822 0.0316841
3823 0.0316758
3824 0.031674
3825 0.0316713
3826 0.0316707
3828 0.0316645
3829 0.031652
3830 0.0316405
3831 0.0316318
3832 0.0316264
3833 0.0316163
3834 0.03161
3835 0.0316067
3836 0.0316058
3837 0.0316029
3838 0.0315919
3839 0.0315807
3840 0.0315715
3841 0.0315649
3842 0.0315613
3843 0.031549
3844 0.0315376
3845 0.0315269
3846 0.0315177
3847 0.0315082
3848 0.0314985
3849 0.0314891
3850 0.0314809
3851 0.031479
3853 0.0314704
3854 0.0314586
3855 0.0314498
3856 0.0314482
3857 0.0314479
3858 0.0314375
3859 0.0314276
3860 0.0314202
3861 0.0314131
3862 0.0314035
3864 0.0314026
3865 0.0313915
3866 0.0313825
3867 0.0313748
3868 0.0313648
3869 0.0313553
3870 0.0313483
3871 0.0313396
3872 0.0313326
3873 0.03133
3874 0.0313179
3875 0.0313114
3876 0.0313015
3877 0.031291
3878 0.0312856
3879 0.0312845
3882 0.0312821
3883 0.0312728
3885 0.0312722
3886 0.0312618
3887 0.0312599
3888 0.0312494
3891 0.0312445
3892 0.0312367
3893 0.031226
3894 0.0312194
3895 0.0312115
3896 0.0311999
3897 0.0311904
3898 0.031181
3899 0.0311734
3900 0.0311661
3901 0.0311599
3902 0.0311575
3903 0.0311561
3904 0.0311533
3905 0.0311386
3906 0.0311281
3907 0.0311206
3908 0.0311193
3909 0.0311188
3910 0.0311132
3911 0.0311016
3912 0.0310908
3913 0.0310819
3914 0.0310738
3915 0.0310667
3916 0.0310538
3917 0.03105
3918 0.0310392
3919 0.0310281
3920 0.0310166
3921 0.031005
3922 0.0309939
3923 0.0309843
3924 0.0309752
3925 0.0309649
3926 0.0309544
3927 0.0309437
3928 0.0309331
3929 0.030922
3930 0.0309113
3931 0.0309012
3932 0.0308913
3933 0.0308823
3934 0.0308764
3935 0.0308738
3937 0.0308623
3938 0.0308495
3939 0.0308376
3940 0.0308259
3941 0.0308154
3942 0.0308048
3943 0.0307946
3944 0.0307829
3945 0.030775
3948 0.0307655
3949 0.030757
3950 0.0307487
3953 0.0307417
3957 0.0307398
3958 0.0307272
3959 0.0307217
3960 0.030718
3962 0.0307138
3963 0.0307014
3964 0.0306941
3965 0.0306908
3966 0.0306906
3967 0.0306781
3968 0.0306722
3969 0.0306655
3970 0.030653
3971 0.03065
3972 0.030637
3973 0.0306255
3974 0.0306153
3975 0.0306092
3976 0.0306013
3979 0.0305898
3980 0.0305827
3981 0.0305807
3982 0.0305804
3983 0.0305768
3984 0.0305764
3986 0.0305614
3987 0.0305527
3988 0.0305423
3989 0.0305383
3990 0.0305278
3991 0.030518
3992 0.0305097
3993 0.0304975
3994 0.030489
3995 0.0304822
3996 0.0304727
3997 0.0304602
3998 0.0304513
3999 0.0304446
4002 0.0304334
4003 0.0304264
4006 0.0304154
4007 0.0304075
4008 0.0304026
4009 0.0303957
4010 0.0303915
4011 0.0303779
4012 0.0303668
4013 0.0303595
4014 0.0303498
4015 0.0303397
4016 0.0303321
4017 0.0303276
4018 0.0303198
4021 0.0303085
4022 0.0303008
4023 0.0302991
4024 0.0302986
4027 0.0302867
4028 0.0302851
4029 0.0302837
4030 0.0302722
4031 0.0302619
4032 0.0302545
4033 0.0302531
4034 0.0302503
4035 0.0302384
4036 0.0302283
4037 0.0302229
4038 0.0302124
4039 0.030207
4040 0.0301991
4041 0.0301943
4042 0.0301847
4044 0.030183
4045 0.0301715
4046 0.0301628
4047 0.0301532
4048 0.0301426
4049 0.030132
4050 0.0301218
4051 0.0301122
4052 0.0301043
4053 0.0300971
4054 0.0300946
4055 0.0300799
4056 0.0300755
4057 0.0300654
4058 0.0300602
4059 0.0300572
4060 0.0300558
4062 0.0300526
4063 0.0300413
4064 0.0300355
4065 0.0300239
4066 0.0300179
4067 0.0300091
4068 0.0300017
4069 0.0300009
4071 0.0300006
4072 0.0299957
4073 0.0299854
4074 0.0299742
4075 0.0299657
4076 0.029957
4077 0.029948
4078 0.0299376
4079 0.0299305
4080 0.0299211
4081 0.0299108
4082 0.0299024
4083 0.0298947
4084 0.0298854
4085 0.029874
4086 0.0298632
4087 0.0298526
4088 0.0298424
4089 0.0298358
4090 0.0298287
4093 0.0298282
4095 0.0298167
4096 0.0298071
4097 0.0298004
4098 0.0297891
4099 0.0297849
4100 0.0297802
4101 0.0297715
4102 0.0297655
4104 0.029763
4105 0.0297612
4107 0.0297595
4108 0.0297467
4109 0.0297441
4110 0.0297352
4111 0.0297326
4112 0.0297324
4114 0.0297254
4116 0.0297239
4117 0.0297109
4118 0.0297066
4119 0.0297049
4121 0.0296933
4122 0.0296886
4123 0.0296808
4124 0.0296795
4126 0.0296699
4127 0.029659
4128 0.0296553
4131 0.0296432
4132 0.0296319
4133 0.0296221
4134 0.0296137
4135 0.0296029
4136 0.0295927
4137 0.029585
4138 0.0295754
4139 0.0295719
4142 0.0295619
4143 0.0295532
4144 0.0295455
4145 0.0295384
4146 0.0295369
4147 0.0295251
4148 0.0295171
4149 0.0295153
4150 0.0295152
4151 0.0295052
4152 0.0294992
4153 0.0294903
4154 0.0294894
4155 0.029486
4156 0.0294753
4157 0.0294702
4158 0.0294659
4159 0.0294584
4160 0.0294562
4162 0.0294551
4163 0.0294442
4164 0.0294373
4165 0.0294308
4168 0.0294256
4169 0.0294162
4170 0.0294146
4172 0.0294069
4173 0.0294014
4175 0.0294002
4176 0.0293898
4177 0.0293864
4178 0.0293817
4179 0.0293807
4183 0.0293682
4184 0.0293642
4185 0.0293568
4186 0.02935
4187 0.0293496
4188 0.0293469
4189 0.0293402
4191 0.0293364
4193 0.0293359
4194 0.0293233
4195 0.0293187
4196 0.0293119
4198 0.0293093
4199 0.0293004
4200 0.0292948
4201 0.0292865
4202 0.029279
4203 0.0292704
4206 0.0292604
4207 0.0292563
4208 0.0292526
4209 0.0292485
4210 0.0292461
4212 0.0292444
4213 0.029241
4215 0.0292379
4216 0.0292238
4217 0.0292185
4218 0.029212
4219 0.0292104
4221 0.0292051
4222 0.0292021
4223 0.0291961
4224 0.029187
4225 0.0291777
4226 0.0291771
4227 0.0291758
4228 0.0291722
4229 0.0291651
4232 0.0291529
4233 0.0291462
4234 0.0291407
4235 0.0291337
4236 0.0291294
4237 0.0291252
4238 0.0291235
4240 0.0291207
4241 0.0291106
4242 0.0291055
4245 0.0290985
4246 0.0290899
4247 0.0290873
4248 0.029083
4251 0.0290818
4252 0.0290787
4253 0.0290661
4254 0.0290585
4255 0.0290511
4256 0.0290464
4259 0.0290416
4261 0.0290407
4262 0.0290305
4263 0.0290267
4265 0.0290248
4266 0.0290175
4267 0.0290129
4271 0.0290127
4272 0.0290115
4274 0.0290059
4275 0.0289946
4276 0.0289893
4277 0.0289872
4278 0.0289812
4281 0.0289729
4282 0.0289712
4284 0.0289605
4285 0.0289596
4287 0.0289542
4288 0.0289438
4289 0.0289401
4291 0.0289298
4292 0.0289218
4293 0.0289161
4294 0.0289122
4295 0.0289073
4298 0.0288967
4299 0.0288946
4300 0.028892
4301 0.0288908
4303 0.0288785
4304 0.0288696
4305 0.0288603
4306 0.0288531
4307 0.0288467
4310 0.0288425
4312 0.0288409
4313 0.0288318
4314 0.0288276
4315 0.0288241
4316 0.0288209
4317 0.028819
4318 0.0288183
4321 0.0288123
4322 0.0288
4323 0.0287933
4324 0.0287927
4330 0.0287879
4331 0.0287853
4332 0.0287746
4333 0.02877
4334 0.0287606
4335 0.0287545
4336 0.028748
4337 0.0287436
4339 0.0287433
4340 0.0287384
4341 0.028732
4342 0.0287202
4343 0.0287107
4344 0.0287007
4345 0.0286911
4346 0.0286855
4347 0.0286766
4348 0.0286722
4349 0.0286697
4350 0.0286693
4351 0.0286594
4352 0.0286482
4353 0.0286376
4354 0.0286291
4355 0.0286214
4356 0.0286173
4361 0.0286119
4362 0.0286015
4363 0.0285991
4365 0.0285962
4366 0.0285873
4367 0.0285843
4368 0.0285815
4370 0.0285791
4371 0.0285786
4372 0.0285711
4373 0.0285678
4374 0.0285555
4375 0.028546
4376 0.0285397
4377 0.0285297
4378 0.0285264
4379 0.0285218
4380 0.028519
4381 0.0285087
4382 0.0284993
4383 0.0284918
4384 0.0284852
4385 0.0284812
4386 0.0284789
4390 0.0284761
4391 0.0284641
4392 0.0284553
4393 0.0284474
4394 0.0284415
4395 0.0284386
4396 0.0284382
4397 0.0284327
4398 0.0284304
4399 0.0284278
4400 0.0284176
4401 0.0284106
4402 0.0284013
4403 0.0283956
4404 0.0283914
4405 0.0283847
4406 0.0283813
4407 0.028379
4409 0.0283717
4411 0.02837
4412 0.0283606
4413 0.0283524
4414 0.0283443
4415 0.0283381
4416 0.0283341
4418 0.0283339
4419 0.0283271
4420 0.0283236
4421 0.0283186
4422 0.02831
4423 0.0283029
4424 0.0282988
4427 0.0282908
4428 0.0282844
4429 0.0282823
4430 0.0282803
4431 0.0282777
4433 0.0282731
4434 0.0282621
4435 0.0282612
4437 0.028257
4438 0.0282549
4440 0.0282494
4441 0.0282395
4442 0.0282328
4443 0.028228
4444 0.0282232
4445 0.0282119
4446 0.0282028
4447 0.0281947
4448 0.0281899
4449 0.0281882
4451 0.0281801
4452 0.0281743
4453 0.0281626
4454 0.0281536
4455 0.0281442
4456 0.0281388
4457 0.0281382
4458 0.0281371
4459 0.0281349
4460 0.0281327
4461 0.0281286
4462 0.0281175
4463 0.0281091
4464 0.0281005
4465 0.0280921
4466 0.02809
4467 0.0280889
4469 0.0280869
4470 0.0280785
4471 0.0280754
4472 0.0280741
4473 0.0280663
4474 0.0280645
4475 0.0280625
4477 0.0280534
4478 0.0280492
4479 0.0280479
4480 0.0280364
4481 0.0280357
4482 0.0280321
4483 0.028023
4484 0.0280131
4485 0.0280066
4486 0.0280025
4487 0.0280001
4488 0.0279997
4489 0.0279906
4490 0.0279856
4491 0.0279742
4492 0.0279709
4493 0.0279598
4494 0.0279504
4495 0.0279496
4496 0.0279494
4497 0.0279461
4498 0.0279455
4500 0.0279314
4501 0.02792
4502 0.0279134
4503 0.0279089
4504 0.0279048
4505 0.0278973
4507 0.027893
4510 0.0278821
4511 0.0278752
4512 0.0278717
4515 0.0278685
4516 0.0278593
4517 0.0278548
4518 0.0278527
4519 0.0278495
4521 0.0278451
4522 0.0278347
4523 0.027829
4524 0.0278278
4525 0.0278274
4526 0.027823
4527 0.0278222
4529 0.0278178
4530 0.0278048
4531 0.0277945
4532 0.0277943
4536 0.0277832
4537 0.0277764
4538 0.0277701
4539 0.0277656
4540 0.0277614
4541 0.0277517
4542 0.0277428
4543 0.0277385
4544 0.0277289
4545 0.0277216
4546 0.0277153
4547 0.027712
4548 0.0277087
4550 0.0277084
4551 0.0276959
4552 0.0276917
4553 0.0276898
4554 0.0276879
4555 0.0276844
4556 0.0276733
4557 0.0276659
4558 0.0276585
4559 0.0276517
4560 0.0276446
4561 0.0276381
4562 0.0276339
4565 0.0276239
4566 0.0276146
4567 0.0276131
4572 0.0276102
4573 0.0275999
4574 0.0275944
4575 0.0275933
4577 0.0275808
4578 0.0275734
4581 0.0275658
4582 0.0275595
4583 0.0275583
4584 0.0275532
4586 0.0275523
4587 0.0275425
4588 0.0275355
4589 0.0275354
4590 0.0275353
4591 0.0275292
4592 0.0275237
4594 0.0275231
4595 0.0275104
4596 0.0275014
4597 0.0274967
4598 0.0274965
4599 0.0274958
4602 0.0274902
4603 0.0274817
4604 0.0274715
4605 0.0274644
4606 0.0274613
4607 0.0274523
4608 0.0274471
4610 0.0274466
4611 0.0274391
4612 0.027432
4613 0.0274272
4616 0.0274211
4617 0.027417
4618 0.0274089
4619 0.0274086
4620 0.0274078
4622 0.0274038
4623 0.0273948
4625 0.0273944
4626 0.0273891
4627 0.0273851
4629 0.0273841
4630 0.0273731
4631 0.0273718
4632 0.0273708
4633 0.0273639
4634 0.0273635
4636 0.0273625
4640 0.0273491
4641 0.0273435
4642 0.0273348
4643 0.0273331
4644 0.0273241
4645 0.0273141
4646 0.0273066
4647 0.0273025
4648 0.0272953
4649 0.0272882
4650 0.0272853
4651 0.0272775
4652 0.0272708
4653 0.0272696
4654 0.0272687
4655 0.0272655
4658 0.0272646
4659 0.0272515
4660 0.0272426
4661 0.0272406
4662 0.0272335
4664 0.0272305
4665 0.0272228
4666 0.0272158
4667 0.0272103
4669 0.0272088
4670 0.0271977
4671 0.0271917
4672 0.0271843
4673 0.0271792
4674 0.027176
4675 0.0271682
4676 0.0271623
4677 0.0271584
4678 0.0271557
4679 0.027146
4680 0.0271429
4681 0.0271347
4682 0.0271265
4683 0.0271223
4684 0.027116
4685 0.0271146
4687 0.0271124
4688 0.0271073
4689 0.0270969
4690 0.0270946
4691 0.0270941
4692 0.027087
4694 0.0270847
4695 0.0270763
4696 0.027071
4697 0.0270684
4699 0.0270641
4702 0.0270527
4703 0.0270498
4704 0.0270496
4706 0.0270487
4707 0.0270433
4710 0.027035
4711 0.027028
4712 0.0270236
4715 0.027021
4716 0.0270206
4717 0.0270128
4718 0.027011
4719 0.0270087
4722 0.0270061
4724 0.0270024
4725 0.0269931
4726 0.0269872
4727 0.0269818
4729 0.0269782
4730 0.0269724
4731 0.0269671
4733 0.026967
4734 0.026959
4737 0.0269514
4738 0.0269464
4739 0.0269456
4741 0.0269446
4745 0.026934
4746 0.0269278
4748 0.0269261
4749 0.0269173
4750 0.0269099
4751 0.0269088
4753 0.0269033
4754 0.0268964
4755 0.0268934
4756 0.0268879
4757 0.0268758
4758 0.0268721
4759 0.0268672
4760 0.0268623
4761 0.0268569
4764 0.0268566
4767 0.0268474
4770 0.0268393
4771 0.0268345
4772 0.0268303
4773 0.0268269
4774 0.0268246
4776 0.026824
4777 0.0268184
4778 0.0268054
4779 0.0267978
4780 0.0267928
4781 0.0267846
4782 0.0267787
4783 0.0267686
4784 0.0267589
4785 0.0267499
4786 0.026749
4788 0.0267465
4789 0.0267362
4790 0.0267264
4791 0.0267172
4792 0.0267091
4793 0.0267017
4794 0.0266973
4795 0.0266931
4796 0.0266839
4798 0.0266833
4799 0.0266769
4800 0.0266684
4801 0.0266658
4805 0.026665
4806 0.0266561
4807 0.0266556
4809 0.0266506
4811 0.0266482
4812 0.0266433
4813 0.0266425
4814 0.0266398
4815 0.0266321
4816 0.0266253
4817 0.0266231
4821 0.0266216
4822 0.0266117
4823 0.0266087
4824 0.0266057
4825 0.0266036
4826 0.026596
4827 0.0265902
4830 0.0265861
4831 0.0265767
4832 0.0265721
4833 0.0265681
4834 0.0265621
4835 0.0265611
4836 0.0265592
4837 0.0265487
4838 0.0265422
4839 0.0265361
4840 0.0265332
4842 0.0265266
4843 0.0265235
4844 0.026517
4846 0.0265162
4847 0.0265059
4848 0.0264971
4849 0.0264913
4850 0.0264887
4851 0.0264873
4852 0.0264869
4853 0.0264826
4855 0.0264809
4856 0.0264696
4857 0.0264617
4858 0.0264539
4865 0.0264451
4868 0.0264383
4869 0.0264323
4870 0.026431
4872 0.0264284
4874 0.0264243
4875 0.0264194
4877 0.026417
4878 0.0264068
4879 0.026402
4881 0.0263991
4882 0.0263963
4884 0.0263957
4886 0.0263954
4887 0.0263936
4888 0.0263822
4889 0.0263747
4890 0.0263727
4892 0.0263719
4893 0.0263622
4894 0.0263563
4895 0.0263546
4896 0.026354
4897 0.0263496
4899 0.0263474
4902 0.02634
4904 0.026338
4905 0.0263311
4908 0.0263246
4909 0.0263232
4910 0.0263221
4911 0.0263175
4913 0.0263124
4914 0.0263025
4915 0.0262962
4916 0.0262937
4917 0.0262845
4918 0.0262775
4919 0.0262733
4920 0.0262654
4921 0.0262612
4924 0.0262575
4927 0.0262468
4928 0.0262466
4932 0.026238
4933 0.0262313
4934 0.0262307
4936 0.0262247
4937 0.0262238
4938 0.0262209
4939 0.0262114
4940 0.0262088
4942 0.0262003
4943 0.0261925
4944 0.0261846
4945 0.0261812
4946 0.026178
4949 0.0261685
4950 0.0261673
4952 0.0261644
4955 0.0261552
4957 0.0261541
4958 0.0261466
4959 0.0261388
4960 0.0261368
4961 0.0261283
4962 0.0261184
4963 0.0261089
4964 0.0261035
4965 0.0261004
4966 0.0260993
4968 0.0260907
4969 0.026083
4970 0.0260779
4971 0.0260674
4972 0.0260574
4973 0.0260477
4974 0.0260384
4975 0.026033
4976 0.026031
4980 0.026029
4981 0.0260261
4982 0.0260163
4983 0.0260101
4984 0.0260027
4987 0.0259984
4990 0.0259982
4991 0.02599
4993 0.0259878
4994 0.0259799
4999 0.0259779
