1 41.6979
3 16.055
4 10.1139
5 1.32421
9 0.787852
14 0.675386
15 0.662081
18 0.543549
19 0.453742
20 0.393372
21 0.306588
22 0.260458
23 0.176291
24 0.151719
25 0.130319
27 0.065083
28 0.0536848
29 0.0216124
32 0.0189282
33 0.0146569
35 0.0124441
38 0.0111513
47 0.011129
49 0.0111266
50 0.0111166
54 0.0111154
55 0.0111152
58 0.0111128
59 0.0111113
60 0.01111
62 0.0111089
63 0.0111085
66 0.011107
67 0.011106
68 0.0111051
69 0.0111047
70 0.0111033
71 0.0111023
72 0.0111011
73 0.0111
74 0.011099
75 0.011098
76 0.0110974
77 0.0110966
79 0.0110957
80 0.0110955
82 0.0110943
83 0.0110938
84 0.0110925
85 0.0110912
86 0.0110901
87 0.0110889
88 0.0110877
89 0.0110866
90 0.0110857
91 0.011085
92 0.0110838
93 0.0110825
94 0.0110813
95 0.0110802
96 0.0110791
97 0.0110781
98 0.0110769
99 0.011076
100 0.011075
102 0.011074
104 0.0110735
106 0.0110727
107 0.0110722
109 0.0110715
110 0.0110712
111 0.0110701
113 0.011069
114 0.011068
115 0.0110671
116 0.0110663
119 0.0110655
123 0.0110653
124 0.0110649
125 0.0110646
126 0.0110644
128 0.0110639
129 0.0110637
130 0.0110633
132 0.0110629
133 0.0110626
134 0.0110623
135 0.0110621
136 0.0110616
137 0.0110613
138 0.0110611
139 0.0110607
140 0.0110603
141 0.01106
142 0.0110597
143 0.0110593
144 0.0110591
145 0.0110589
147 0.0110586
149 0.0110582
150 0.0110579
151 0.0110577
153 0.0110574
154 0.0110571
157 0.0110568
158 0.0110566
159 0.0110562
160 0.011056
161 0.0110558
163 0.0110555
165 0.0110552
166 0.0110551
169 0.0110548
171 0.0110547
173 0.0110544
174 0.0110542
175 0.0110539
176 0.0110537
177 0.0110535
179 0.0110531
180 0.0110528
181 0.0110525
182 0.0110523
183 0.011052
184 0.0110519
185 0.0110515
186 0.0110513
187 0.0110511
189 0.0110509
191 0.0110506
192 0.0110503
193 0.01105
194 0.0110498
195 0.0110496
197 0.0110494
