1 2.09342
7 2.02532
10 1.87642
21 1.82847
23 1.78941
32 1.6469
34 1.53565
36 1.51476
37 1.28939
38 1.1335
40 1.09831
41 0.968474
43 0.761794
45 0.730143
46 0.57259
48 0.572588
62 0.559741
63 0.549721
64 0.525605
65 0.512543
66 0.494149
69 0.476323
76 0.467307
78 0.458911
79 0.449075
80 0.443705
81 0.432218
82 0.426937
84 0.418284
85 0.413046
86 0.409323
88 0.404826
90 0.395289
91 0.392214
92 0.389955
94 0.382526
95 0.380744
96 0.380321
97 0.376627
98 0.376293
99 0.376017
100 0.375773
101 0.365613
102 0.364585
103 0.363437
104 0.357005
105 0.352629
107 0.351336
108 0.350994
110 0.349601
124 0.347547
125 0.347176
128 0.345642
131 0.345101
134 0.344892
136 0.343383
137 0.341986
139 0.341978
140 0.340817
141 0.33981
143 0.339697
144 0.338533
145 0.338183
147 0.337997
149 0.337749
151 0.336514
152 0.33548
153 0.334495
154 0.333496
155 0.332751
156 0.332345
157 0.332135
158 0.332078
159 0.331083
160 0.330484
161 0.329397
162 0.32897
165 0.32841
166 0.328146
167 0.32792
168 0.327886
169 0.327732
170 0.327681
171 0.327242
173 0.327159
174 0.326124
175 0.32564
179 0.325613
182 0.325428
183 0.325353
184 0.324978
188 0.324277
189 0.324085
190 0.323931
191 0.323902
192 0.32375
194 0.323617
197 0.323436
198 0.32324
200 0.323192
201 0.32272
202 0.322463
204 0.322461
205 0.3223
207 0.322238
208 0.32203
210 0.32167
211 0.321513
212 0.321437
213 0.321426
214 0.32118
215 0.32095
216 0.320567
217 0.320308
218 0.320155
219 0.319955
220 0.319618
221 0.319235
222 0.318896
223 0.318696
224 0.318384
225 0.318281
226 0.318081
227 0.317965
228 0.317963
229 0.31772
230 0.31744
231 0.317375
233 0.317061
234 0.316913
236 0.316837
237 0.316441
238 0.316267
239 0.316178
240 0.316175
241 0.315961
242 0.315807
243 0.315685
244 0.315575
245 0.315454
248 0.31534
249 0.31531
250 0.315042
251 0.314699
252 0.314389
253 0.314089
254 0.313985
255 0.313797
258 0.313548
261 0.313366
263 0.313361
264 0.313359
265 0.313131
266 0.312994
267 0.312824
268 0.312628
269 0.312574
271 0.31243
272 0.312266
276 0.312012
278 0.312003
279 0.311943
281 0.31193
284 0.311861
285 0.311511
286 0.311463
287 0.311455
290 0.311321
291 0.311157
292 0.311151
293 0.311126
298 0.311003
299 0.310793
302 0.310763
304 0.310492
305 0.310263
309 0.310239
312 0.310134
313 0.309854
314 0.309694
317 0.309461
318 0.309277
319 0.309071
320 0.308959
321 0.308905
323 0.308763
324 0.30875
326 0.308598
329 0.308298
330 0.308236
331 0.308127
332 0.308124
333 0.308114
335 0.308053
336 0.307858
337 0.307823
339 0.30767
340 0.307612
341 0.307573
342 0.307355
343 0.307248
344 0.307085
345 0.307035
346 0.306927
347 0.3068
348 0.306566
349 0.306327
350 0.306214
351 0.306134
352 0.306005
353 0.30596
355 0.305834
356 0.305721
357 0.305407
358 0.305233
359 0.305104
360 0.304904
361 0.304771
362 0.304572
363 0.304331
364 0.304147
365 0.304117
367 0.303966
368 0.303815
369 0.303585
370 0.303482
371 0.303223
372 0.30312
373 0.302908
374 0.302801
375 0.302678
376 0.302649
377 0.302648
380 0.302569
381 0.302335
382 0.302253
383 0.302151
384 0.302012
386 0.301993
387 0.301941
389 0.301819
391 0.301814
392 0.301725
393 0.301675
394 0.30158
397 0.301394
398 0.301306
399 0.301228
401 0.301127
402 0.301011
405 0.300873
406 0.300834
407 0.300758
409 0.300726
410 0.300614
413 0.300587
414 0.300574
415 0.300563
417 0.300444
418 0.300364
420 0.300358
421 0.300188
422 0.300055
424 0.300032
425 0.299975
426 0.299834
427 0.299794
428 0.299792
429 0.299765
430 0.299685
433 0.29956
434 0.299554
437 0.299529
440 0.299411
445 0.299387
447 0.299377
448 0.299304
449 0.299269
454 0.299255
456 0.299254
458 0.299167
459 0.299151
460 0.299143
461 0.299116
462 0.299089
463 0.298993
466 0.298974
467 0.298972
468 0.298923
469 0.298875
470 0.298859
471 0.298855
472 0.298833
473 0.298736
476 0.298658
477 0.298601
478 0.298562
479 0.298552
480 0.298545
482 0.298542
484 0.298539
487 0.29845
488 0.298449
489 0.298447
491 0.29844
492 0.298369
493 0.298342
494 0.298324
495 0.298229
496 0.298176
498 0.298126
499 0.298107
500 0.298106
501 0.298102
503 0.298054
504 0.29798
507 0.297925
508 0.297922
509 0.297921
513 0.297875
516 0.297812
517 0.29781
518 0.297803
520 0.297782
521 0.297739
522 0.297717
523 0.297684
524 0.297681
525 0.297679
529 0.297658
530 0.297581
537 0.297574
538 0.297542
539 0.297519
540 0.297508
541 0.297483
542 0.297481
543 0.297458
544 0.297424
545 0.297394
546 0.297369
547 0.297335
548 0.297319
549 0.297287
550 0.297267
551 0.297234
552 0.297198
553 0.297164
554 0.29714
555 0.297115
556 0.297105
557 0.297084
558 0.297068
559 0.297047
560 0.297013
561 0.296978
562 0.296959
563 0.296934
564 0.296907
565 0.296887
567 0.296884
568 0.296876
572 0.296842
573 0.296819
574 0.296811
577 0.296801
578 0.29677
579 0.296751
580 0.29674
582 0.296732
584 0.296728
586 0.296707
587 0.296697
588 0.296671
589 0.296654
590 0.296622
591 0.296592
592 0.296574
593 0.296549
594 0.296535
595 0.296494
596 0.296472
597 0.296448
598 0.296445
600 0.296434
602 0.296426
603 0.296412
604 0.296389
607 0.296354
608 0.296335
609 0.296325
610 0.296305
611 0.296285
614 0.296272
615 0.296268
616 0.296243
617 0.29623
619 0.296209
622 0.296207
623 0.296201
624 0.296164
625 0.296148
626 0.296143
628 0.29613
629 0.296112
630 0.296106
632 0.296075
633 0.296064
634 0.296043
636 0.296041
637 0.296028
638 0.295998
639 0.295967
640 0.295937
641 0.29591
642 0.295887
647 0.295885
649 0.295856
650 0.295819
651 0.295804
652 0.295796
653 0.295786
656 0.295777
658 0.29577
659 0.295758
662 0.295722
663 0.295703
665 0.295696
666 0.295671
667 0.295647
668 0.295636
670 0.295633
672 0.295626
674 0.295614
675 0.295575
676 0.295544
677 0.295512
678 0.29549
679 0.295469
680 0.295438
681 0.295414
682 0.29541
683 0.295408
686 0.295399
688 0.295383
689 0.295366
692 0.295329
693 0.295308
694 0.295295
696 0.295293
697 0.295282
699 0.295278
701 0.295248
702 0.295227
703 0.295225
705 0.295196
706 0.295176
707 0.295149
708 0.295135
709 0.295123
710 0.295116
712 0.295103
713 0.295101
714 0.2951
715 0.295082
717 0.29507
718 0.295036
719 0.29501
722 0.295
723 0.294994
725 0.294985
726 0.294984
729 0.294983
730 0.294968
731 0.294939
732 0.294909
733 0.294894
734 0.294869
735 0.29485
736 0.294844
738 0.294814
739 0.294787
740 0.29476
741 0.294727
742 0.294697
743 0.294669
744 0.294641
745 0.294612
746 0.294587
747 0.294559
748 0.29453
749 0.294501
750 0.294473
751 0.294451
752 0.294432
753 0.294404
754 0.294375
755 0.294347
756 0.294325
757 0.294295
758 0.294266
759 0.294239
760 0.294212
761 0.294185
762 0.294157
763 0.294136
764 0.294119
765 0.294104
766 0.294084
767 0.294052
768 0.294028
769 0.294016
770 0.294002
771 0.294
772 0.293996
773 0.293992
774 0.293978
779 0.293943
780 0.293925
781 0.293924
782 0.293919
784 0.293914
785 0.293905
787 0.293879
788 0.293868
790 0.293861
791 0.293854
793 0.29385
794 0.293826
795 0.293823
797 0.293818
798 0.293817
803 0.29379
804 0.293777
805 0.293774
806 0.293771
809 0.293761
810 0.29376
812 0.293755
813 0.293741
814 0.293736
815 0.293735
816 0.293715
817 0.293708
818 0.293705
820 0.293685
821 0.293664
822 0.293659
824 0.293643
825 0.293624
828 0.293598
829 0.29358
830 0.293563
831 0.293548
832 0.293544
834 0.293522
835 0.293493
836 0.293464
837 0.293435
838 0.293406
839 0.293377
840 0.293349
841 0.293324
842 0.293299
843 0.293271
844 0.293244
845 0.293216
846 0.293189
847 0.293163
848 0.293138
849 0.293122
850 0.293108
851 0.293104
853 0.293098
856 0.29309
857 0.293062
858 0.293049
861 0.293042
862 0.29304
864 0.29301
865 0.293006
867 0.292982
868 0.292977
869 0.292973
870 0.292944
871 0.292924
872 0.292909
873 0.292903
875 0.292879
878 0.292862
879 0.292843
880 0.292833
881 0.292828
882 0.292824
883 0.29282
885 0.292799
886 0.292772
887 0.292757
888 0.292743
889 0.292739
891 0.292734
894 0.292701
895 0.292688
896 0.29268
898 0.292671
900 0.29267
902 0.292665
903 0.292643
904 0.292622
905 0.292618
907 0.292609
908 0.292586
909 0.292582
910 0.29258
913 0.292557
914 0.292542
915 0.292524
917 0.292522
918 0.292514
919 0.292513
921 0.292509
922 0.29249
923 0.292476
924 0.292471
925 0.29247
926 0.292454
927 0.292452
929 0.292414
930 0.292396
931 0.292379
932 0.292377
935 0.292376
936 0.292367
940 0.292351
941 0.292328
942 0.292313
943 0.292312
945 0.292285
946 0.292271
950 0.292256
951 0.292239
952 0.29223
956 0.292216
957 0.292199
958 0.292189
959 0.292183
961 0.292175
962 0.292174
963 0.29217
966 0.292147
967 0.292137
968 0.292121
970 0.292119
972 0.292117
974 0.292112
975 0.292086
976 0.292073
977 0.292068
979 0.292055
982 0.292027
983 0.292026
984 0.292023
985 0.292015
989 0.292013
990 0.292012
991 0.291989
993 0.291988
994 0.291965
997 0.291963
999 0.291961
1001 0.291939
1002 0.291908
1003 0.291899
1004 0.291895
1005 0.291893
1006 0.291879
1007 0.291855
1008 0.291843
1011 0.291832
1013 0.291816
1014 0.291793
1015 0.291767
1016 0.29175
1017 0.291749
1018 0.291746
1019 0.291714
1020 0.291688
1021 0.291667
1022 0.291651
1023 0.291639
1024 0.291622
1025 0.291594
1026 0.291567
1027 0.291541
1028 0.291516
1029 0.291491
1030 0.291467
1031 0.291457
1032 0.291448
1034 0.291443
1036 0.291441
1038 0.291408
1039 0.291389
1040 0.291383
1041 0.291378
1042 0.291369
1043 0.291348
1044 0.291317
1045 0.291288
1046 0.291262
1047 0.291234
1048 0.291207
1049 0.29118
1050 0.291153
1051 0.291131
1052 0.291111
1053 0.291097
1054 0.291087
1055 0.291081
1056 0.291076
1057 0.291065
1058 0.291055
1059 0.291031
1060 0.29101
1061 0.290987
1062 0.290963
1063 0.290945
1064 0.290942
1066 0.29092
1068 0.290915
1069 0.290894
1070 0.290886
1072 0.290868
1074 0.290863
1075 0.290846
1076 0.290836
1077 0.29083
1079 0.290829
1080 0.290813
1081 0.290798
1082 0.290796
1083 0.290794
1085 0.290789
1086 0.290763
1087 0.290755
1088 0.290753
1089 0.290752
1092 0.290751
1094 0.290722
1095 0.290702
1096 0.290678
1097 0.290669
1098 0.290665
1100 0.290661
1102 0.290635
1103 0.290616
1104 0.290603
1105 0.2906
1106 0.290599
1107 0.290587
1109 0.29057
1110 0.290557
1112 0.290552
1113 0.290524
1114 0.290503
1115 0.2905
1116 0.290497
1117 0.290487
1119 0.290484
1120 0.290478
1124 0.290461
1125 0.29044
1127 0.290432
1128 0.290414
1129 0.290408
1131 0.290402
1133 0.290398
1135 0.290388
1136 0.290379
1139 0.290352
1140 0.290348
1141 0.290342
1142 0.290317
1143 0.290301
1144 0.290275
1145 0.290253
1146 0.290241
1147 0.290228
1148 0.290224
1150 0.290216
1151 0.290201
1152 0.290191
1153 0.29017
1156 0.290145
1157 0.29014
1158 0.290139
1165 0.290118
1166 0.290095
1167 0.290081
1168 0.290078
1170 0.290053
1171 0.29004
1174 0.290019
1175 0.290014
1177 0.289998
1179 0.289989
1182 0.289984
1183 0.28998
1184 0.289957
1185 0.289944
1186 0.289939
1187 0.289938
1188 0.289926
1191 0.289895
1192 0.289886
1193 0.289881
1195 0.289876
1196 0.289873
1197 0.289872
1198 0.289867
1201 0.289847
1203 0.289845
1204 0.289814
1205 0.289797
1208 0.289795
1209 0.289787
1210 0.289779
1212 0.289753
1213 0.289737
1214 0.28973
1216 0.289705
1217 0.289681
1218 0.289661
1219 0.289643
1220 0.289618
1221 0.2896
1222 0.289598
1223 0.289591
1224 0.289569
1225 0.289566
1226 0.289564
1227 0.289557
1229 0.289544
1232 0.289513
1233 0.289498
1234 0.289485
1235 0.28948
1236 0.289475
1237 0.289466
1238 0.289448
1239 0.28943
1240 0.2894
1241 0.289381
1242 0.289357
1243 0.289337
1244 0.289329
1245 0.289328
1246 0.289312
1247 0.289289
1248 0.289269
1249 0.289252
1250 0.289247
1252 0.289246
1254 0.289227
1255 0.289191
1256 0.289181
1257 0.289177
1259 0.289172
1262 0.289165
1263 0.289146
1264 0.289127
1265 0.289116
1267 0.289093
1268 0.28907
1269 0.28906
1270 0.289054
1271 0.289045
1272 0.289023
1273 0.289005
1274 0.288987
1275 0.288968
1276 0.288954
1277 0.288948
1278 0.288947
1280 0.288935
1281 0.288919
1282 0.288912
1284 0.288906
1288 0.288903
1291 0.288879
1292 0.288864
1295 0.288847
1296 0.288834
1297 0.288825
1298 0.288807
1301 0.288805
1303 0.288797
1305 0.288775
1306 0.288758
1308 0.288751
1309 0.288728
1310 0.288711
1311 0.288708
1312 0.288706
1313 0.288695
1315 0.288694
1316 0.288693
1317 0.288672
1318 0.28865
1319 0.288635
1320 0.288622
1321 0.288594
1322 0.288568
1323 0.288542
1324 0.288518
1325 0.288498
1326 0.288479
1327 0.288455
1328 0.288431
1329 0.288409
1330 0.288385
1331 0.288361
1332 0.288339
1333 0.288329
1334 0.288318
1336 0.288313
1337 0.288283
1338 0.28826
1339 0.288253
1340 0.288236
1341 0.288216
1342 0.288208
1343 0.288197
1345 0.288193
1348 0.288182
1349 0.288173
1350 0.288148
1351 0.288135
1354 0.288125
1355 0.288112
1357 0.288106
1358 0.288082
1359 0.288073
1361 0.288054
1362 0.288041
1363 0.288032
1364 0.288024
1365 0.288022
1366 0.288021
1367 0.288013
1368 0.287988
1369 0.287974
1370 0.287954
1371 0.287932
1372 0.287909
1373 0.287883
1374 0.287857
1375 0.287832
1376 0.287813
1377 0.287795
1378 0.287777
1379 0.287755
1380 0.287739
1381 0.287716
1382 0.287697
1383 0.287688
1384 0.287681
1387 0.287654
1388 0.287629
1389 0.287608
1390 0.287596
1391 0.287588
1392 0.287567
1393 0.287543
1394 0.287531
1395 0.287521
1396 0.287515
1399 0.287514
1400 0.287485
1401 0.287462
1402 0.287447
1405 0.287422
1406 0.287404
1409 0.287396
1411 0.287378
1412 0.287361
1413 0.287347
1414 0.287342
1416 0.287332
1417 0.287325
1420 0.287294
1421 0.287291
1422 0.28729
1423 0.287272
1424 0.287259
1425 0.287249
1426 0.287241
1427 0.287226
1428 0.28722
1429 0.287215
1433 0.287186
1434 0.287167
1435 0.287161
1437 0.287154
1439 0.28715
1442 0.287127
1443 0.287122
1445 0.287104
1448 0.287081
1449 0.287066
1452 0.287058
1453 0.287054
1455 0.287046
1456 0.287019
1457 0.286994
1458 0.286975
1459 0.286957
1460 0.286935
1461 0.286913
1462 0.28691
1463 0.286909
1464 0.286908
1466 0.286904
1468 0.286886
1469 0.286859
1470 0.286858
1472 0.28683
1473 0.286811
1474 0.286792
1476 0.286786
1478 0.286785
1479 0.286784
1481 0.286763
1482 0.286739
1483 0.286713
1484 0.286688
1485 0.286665
1486 0.286639
1487 0.286617
1488 0.286591
1489 0.286566
1490 0.286541
1491 0.286515
1492 0.28649
1493 0.286466
1494 0.286445
1495 0.286425
1496 0.286407
1497 0.286391
1498 0.286382
1499 0.286381
1500 0.28638
1501 0.286376
1502 0.286357
1503 0.286342
1504 0.286319
1505 0.286299
1508 0.286268
1509 0.286257
1512 0.286241
1514 0.286231
1515 0.286224
1516 0.286221
1517 0.286212
1518 0.286196
1520 0.286195
1521 0.286167
1522 0.286149
1523 0.286128
1524 0.286119
1525 0.286097
1526 0.28608
1527 0.286069
1528 0.286056
1529 0.286044
1530 0.286024
1531 0.286
1532 0.285977
1533 0.285954
1534 0.285942
1535 0.28591
1536 0.285889
1537 0.285873
1538 0.285866
1540 0.28586
1541 0.285856
1542 0.285848
1543 0.285828
1544 0.285821
1547 0.285791
1548 0.285777
1553 0.285765
1555 0.285749
1556 0.285732
1557 0.285723
1559 0.285717
1560 0.285694
1561 0.285674
1562 0.285665
1563 0.285658
1564 0.285651
1565 0.285626
1566 0.285615
1567 0.285596
1568 0.285577
1569 0.285566
1572 0.28555
1573 0.285536
1576 0.285514
1577 0.285489
1578 0.285474
1579 0.285467
1580 0.285466
1581 0.285451
1582 0.285443
1583 0.285438
1585 0.28541
1586 0.285391
1587 0.285376
1588 0.285349
1589 0.285322
1590 0.285295
1591 0.285268
1592 0.285242
1593 0.285218
1594 0.285193
1595 0.28517
1596 0.285146
1597 0.285123
1598 0.285101
1599 0.28508
1600 0.285057
1601 0.285035
1602 0.285013
1603 0.284992
1604 0.284972
1605 0.284965
1606 0.284947
1608 0.284943
1610 0.284938
1611 0.284918
1612 0.2849
1613 0.284892
1614 0.284882
1620 0.284877
1621 0.284866
1622 0.284863
1623 0.284837
1624 0.284819
1627 0.284792
1628 0.284781
1629 0.284778
1630 0.284777
1631 0.284768
1633 0.284763
1635 0.28475
1636 0.284722
1637 0.284704
1638 0.284675
1639 0.284654
1640 0.284637
1641 0.284611
1642 0.284583
1643 0.284557
1644 0.284529
1645 0.284501
1646 0.284473
1647 0.284447
1648 0.28442
1649 0.284393
1650 0.284367
1651 0.284344
1652 0.284317
1653 0.284289
1654 0.284262
1655 0.28424
1656 0.28422
1657 0.284194
1658 0.28417
1659 0.284144
1660 0.284122
1661 0.284101
1662 0.284086
1663 0.284068
1664 0.284052
1665 0.28403
1666 0.284002
1667 0.283974
1668 0.283947
1669 0.283925
1670 0.283912
1671 0.283907
1672 0.283906
1673 0.283883
1674 0.283869
1675 0.283854
1678 0.283841
1679 0.283816
1680 0.283803
1681 0.283794
1685 0.283782
1686 0.283757
1687 0.283748
1690 0.283747
1691 0.283746
1693 0.283733
1695 0.283728
1696 0.283702
1697 0.283679
1698 0.283669
1701 0.283652
1702 0.283644
1703 0.283624
1704 0.283621
1705 0.283617
1707 0.283615
1708 0.283594
1709 0.283573
1712 0.283563
1713 0.283559
1714 0.283557
1716 0.283538
1717 0.28351
1718 0.283485
1719 0.283465
1720 0.28344
1721 0.283421
1722 0.283403
1723 0.283389
1724 0.283374
1725 0.283366
1726 0.283365
1727 0.283342
1728 0.283337
1729 0.283323
1732 0.283292
1733 0.283279
1734 0.28326
1735 0.283245
1736 0.283234
1740 0.283224
1741 0.283221
1743 0.283212
1744 0.283195
1745 0.283191
1746 0.28319
1747 0.283183
1750 0.283164
1751 0.283144
1752 0.283133
1753 0.283132
1754 0.283131
1755 0.283129
1758 0.283109
1759 0.283095
1760 0.283081
1761 0.283053
1762 0.283052
1764 0.283024
1765 0.283
1766 0.282988
1767 0.282969
1771 0.282965
1774 0.28295
1775 0.282949
1776 0.282941
1777 0.282919
1778 0.282915
1780 0.282898
1781 0.282883
1782 0.282863
1783 0.282852
1784 0.282848
1786 0.282839
1788 0.282824
1789 0.282821
1790 0.282816
1791 0.282782
1792 0.282767
1793 0.282752
1794 0.282748
1795 0.282747
1801 0.28273
1802 0.282729
1803 0.282727
1804 0.282698
1805 0.282696
1806 0.282684
1807 0.282669
1808 0.282651
1809 0.282639
1810 0.282623
1811 0.282613
1812 0.282606
1814 0.282593
1815 0.282585
1816 0.282583
1817 0.282561
1818 0.282529
1819 0.28252
1820 0.282514
1823 0.282513
1825 0.28251
1827 0.282501
1829 0.282495
1830 0.28247
1831 0.282466
1833 0.282453
1834 0.282425
1835 0.282403
1836 0.282386
1837 0.282369
1838 0.282354
1839 0.282349
1841 0.282341
1842 0.282326
1843 0.282316
1846 0.282289
1847 0.28228
1848 0.282277
1849 0.282274
1855 0.282265
1856 0.282241
1857 0.282236
1859 0.282232
1860 0.282216
1862 0.282215
1863 0.282185
1864 0.282177
1866 0.282175
1867 0.282174
1868 0.282159
1869 0.282146
1870 0.282122
1871 0.282119
1875 0.28209
1876 0.282068
1877 0.282048
1878 0.282041
1880 0.282031
1881 0.282019
1882 0.282013
1883 0.282011
1884 0.282002
1885 0.281976
1886 0.281956
1887 0.281937
1888 0.281929
1889 0.281909
1890 0.281903
1893 0.2819
1896 0.281878
1897 0.281857
1898 0.28185
1901 0.281829
1902 0.28181
1907 0.281808
1908 0.281806
1910 0.281798
1911 0.281778
1912 0.281765
1913 0.281755
1918 0.281752
1920 0.281725
1921 0.281721
1923 0.28171
1926 0.281695
1927 0.281691
1929 0.281689
1931 0.281667
1932 0.281642
1933 0.281619
1934 0.281609
1935 0.281595
1936 0.281594
1937 0.281586
1940 0.281566
1941 0.281553
1942 0.281548
1943 0.281546
1944 0.281534
1948 0.281529
1949 0.281506
1950 0.281492
1951 0.281489
1953 0.281482
1954 0.281464
1955 0.281456
1957 0.281447
1960 0.281423
1961 0.281402
1963 0.2814
1964 0.281392
1967 0.281385
1968 0.281364
1969 0.281354
1970 0.28134
1971 0.281332
1972 0.281317
1973 0.281314
1974 0.281282
1975 0.281267
1976 0.281254
1981 0.281252
1982 0.281241
1986 0.281218
1987 0.281201
1990 0.28118
1991 0.281168
1996 0.281165
1998 0.281158
2001 0.281139
2002 0.281127
2003 0.281119
2006 0.281113
2009 0.281108
2010 0.281107
2012 0.28109
2013 0.28108
2014 0.281061
2017 0.281052
2018 0.281047
2019 0.281043
2021 0.281019
2022 0.280997
2023 0.280986
2024 0.280966
2025 0.280955
2026 0.28094
2027 0.280919
2028 0.280898
2029 0.280887
2031 0.280885
2032 0.280872
2033 0.280856
2034 0.28085
2035 0.280843
2037 0.280828
2039 0.280824
2040 0.28079
2041 0.280768
2042 0.280758
2043 0.280756
2044 0.280755
2046 0.280754
2050 0.280751
2051 0.280742
2052 0.280732
2053 0.280705
2054 0.280697
2055 0.280679
2057 0.280675
2058 0.28066
2060 0.280653
2061 0.280634
2062 0.280629
2065 0.280624
2066 0.280608
2069 0.280599
2070 0.280591
2071 0.280569
2072 0.280555
2073 0.280553
2074 0.28055
2075 0.280521
2076 0.280496
2077 0.280475
2078 0.280464
2079 0.280456
2081 0.28045
2082 0.280449
2083 0.28043
2084 0.280421
2086 0.280408
2087 0.280387
2088 0.280371
2089 0.280367
2090 0.280362
2095 0.280342
2096 0.280337
2098 0.280315
2099 0.280312
2101 0.2803
2102 0.280287
2103 0.28027
2105 0.28026
2107 0.280238
2108 0.280219
2109 0.280214
2111 0.280193
2112 0.280171
2113 0.280156
2114 0.280148
2115 0.280142
2117 0.280137
2118 0.280119
2119 0.280108
2120 0.280095
2122 0.280083
2123 0.28006
2124 0.280051
2125 0.280046
2127 0.280045
2130 0.280043
2132 0.280029
2133 0.280007
2134 0.279995
2135 0.279994
2139 0.279975
2140 0.279961
2142 0.279952
2143 0.279942
2144 0.279938
2145 0.279929
2147 0.279915
2148 0.279893
2149 0.279881
2150 0.279871
2152 0.279859
2155 0.279857
2156 0.279849
2157 0.279828
2159 0.279823
2160 0.2798
2161 0.279785
2163 0.279784
2164 0.279782
2169 0.279775
2170 0.279749
2171 0.279727
2172 0.279717
2173 0.279699
2174 0.279683
2175 0.279656
2176 0.279638
2177 0.279616
2178 0.279595
2179 0.279577
2180 0.279572
2182 0.279552
2183 0.279529
2186 0.279513
2187 0.279486
2190 0.279478
2191 0.279475
2195 0.279457
2196 0.279446
2197 0.279428
2198 0.279422
2200 0.279398
2201 0.279384
2202 0.279366
2203 0.279363
2204 0.279361
2205 0.279355
2207 0.279342
2208 0.279327
2209 0.279321
2211 0.279305
2212 0.27928
2213 0.27927
2215 0.279269
2216 0.279247
2217 0.279237
2219 0.279234
2221 0.279228
2223 0.279205
2224 0.279187
2227 0.279171
2228 0.279151
2229 0.279142
2231 0.279127
2232 0.279124
2234 0.279105
2235 0.279079
2236 0.279058
2237 0.279036
2238 0.279019
2239 0.278993
2240 0.278972
2241 0.27895
2242 0.278933
2243 0.278925
2245 0.278916
2246 0.27891
2248 0.27889
2249 0.278878
2250 0.27887
2251 0.278868
2252 0.278858
2253 0.278857
2255 0.27883
2256 0.278804
2257 0.278796
2258 0.278788
2260 0.278771
2262 0.278766
2265 0.278744
2266 0.278725
2267 0.278717
2268 0.27869
2269 0.278668
2270 0.278651
2271 0.278638
2274 0.278616
2275 0.2786
2276 0.278594
2278 0.27859
2279 0.278589
2280 0.278578
2281 0.278572
2282 0.278564
2284 0.27855
2285 0.278523
2286 0.278504
2287 0.278489
2291 0.278484
2294 0.278461
2296 0.278459
2297 0.278443
2298 0.278437
2300 0.278436
2301 0.278407
2302 0.278398
2303 0.278397
2304 0.278391
2308 0.278369
2311 0.278357
2314 0.278335
2315 0.27832
2316 0.278307
2317 0.278292
2319 0.278291
2321 0.278283
2322 0.278264
2323 0.278245
2324 0.27823
2325 0.278217
2326 0.278196
2327 0.278182
2330 0.278154
2331 0.278145
2332 0.278142
2334 0.278119
2335 0.2781
2336 0.278094
2340 0.278087
2341 0.278065
2342 0.278042
2344 0.278041
2345 0.278037
2347 0.278034
2348 0.278021
2349 0.277995
2350 0.277982
2352 0.277981
2353 0.277978
2354 0.277957
2355 0.277932
2356 0.277904
2357 0.277878
2358 0.277855
2359 0.277839
2360 0.27782
2361 0.277793
2362 0.277767
2363 0.277749
2364 0.277733
2365 0.277712
2366 0.277707
2368 0.277687
2369 0.277657
2370 0.27763
2371 0.277611
2372 0.277588
2373 0.277565
2374 0.277548
2375 0.277523
2376 0.277498
2377 0.277471
2378 0.277445
2379 0.277428
2380 0.277411
2381 0.277392
2382 0.277365
2383 0.277343
2384 0.277317
2385 0.277295
2386 0.277279
2387 0.277269
2388 0.277264
2390 0.277242
2391 0.277215
2392 0.277189
2393 0.277164
2394 0.27714
2395 0.277114
2396 0.277096
2398 0.277089
2399 0.277066
2400 0.277049
2401 0.277024
2402 0.277001
2403 0.276996
2405 0.276992
2407 0.276976
2408 0.276953
2409 0.27693
2410 0.276904
2411 0.276882
2412 0.276859
2413 0.27684
2414 0.276824
2415 0.276822
2417 0.276805
2420 0.276797
2421 0.276778
2422 0.276756
2423 0.276747
2424 0.276714
2425 0.2767
2426 0.276678
2427 0.276677
2428 0.276672
2429 0.276666
2431 0.276665
2432 0.276663
2434 0.276659
2436 0.276654
2437 0.276624
2438 0.276599
2439 0.276573
2440 0.276551
2441 0.276539
2442 0.276529
2443 0.276526
2445 0.276519
2447 0.276515
2451 0.276489
2452 0.276464
2453 0.276443
2454 0.276426
2455 0.276406
2456 0.276401
2459 0.2764
2461 0.276397
2462 0.276388
2463 0.276364
2464 0.276338
2465 0.276321
2466 0.276309
2467 0.276295
2468 0.27627
2473 0.276257
2475 0.276237
2476 0.276233
2477 0.276232
2480 0.276228
2481 0.276227
2482 0.276195
2483 0.276169
2484 0.276153
2485 0.276141
2486 0.276137
2488 0.276132
2491 0.276131
2492 0.276109
2493 0.276093
2494 0.276087
2495 0.276082
2497 0.27608
2499 0.276079
2500 0.276055
2502 0.276054
2503 0.276039
2504 0.276025
2507 0.276001
2508 0.275991
2510 0.275987
2512 0.275985
2515 0.27598
2517 0.275966
2518 0.27594
2519 0.275934
2521 0.275933
2522 0.275916
2523 0.2759
2525 0.275898
2528 0.275896
2529 0.275872
2530 0.275854
2531 0.275834
2533 0.275833
2534 0.275816
2535 0.275803
2536 0.275788
2537 0.275786
2540 0.275784
2541 0.275778
2543 0.275767
2544 0.27574
2548 0.275738
2551 0.275714
2552 0.275699
2553 0.275692
2556 0.275677
2559 0.275644
2560 0.275631
2561 0.275627
2563 0.275622
2564 0.275615
2565 0.275597
2566 0.275581
2567 0.275571
2572 0.275539
2573 0.275514
2574 0.275494
2575 0.275477
2576 0.27546
2577 0.275449
2579 0.275447
2581 0.27544
2582 0.275432
2583 0.275415
2584 0.275393
2585 0.275382
2586 0.275377
2589 0.275369
2590 0.275341
2591 0.27533
2592 0.275323
2593 0.275312
2595 0.275299
2597 0.275296
2599 0.27529
2600 0.275287
2602 0.275263
2603 0.275261
2604 0.275258
2607 0.275243
2610 0.275226
2612 0.275215
2613 0.275205
2614 0.275201
2615 0.275183
2616 0.27517
2617 0.275162
2618 0.27515
2620 0.275135
2621 0.275117
2622 0.275098
2623 0.275093
2625 0.275073
2626 0.275072
2630 0.275051
2631 0.275037
2632 0.275015
2633 0.27501
2634 0.275
2635 0.274999
2636 0.274998
2637 0.274982
2638 0.274964
2639 0.274941
2640 0.274932
2641 0.274917
2642 0.274905
2643 0.274901
2644 0.274893
2645 0.274891
2646 0.274876
2647 0.274844
2648 0.27484
2649 0.274838
2650 0.274826
2651 0.274824
2652 0.274823
2654 0.274814
2656 0.2748
2657 0.274785
2658 0.274768
2659 0.274756
2660 0.274736
2661 0.274728
2663 0.274726
2666 0.274724
2667 0.274698
2668 0.274678
2669 0.274676
2670 0.274669
2673 0.274642
2674 0.274636
2676 0.274635
2677 0.274633
2678 0.274624
2680 0.27461
2682 0.274606
2683 0.274578
2684 0.274572
2685 0.274571
2686 0.274561
2687 0.274542
2688 0.274528
2689 0.274497
2690 0.274476
2691 0.274463
2692 0.27445
2693 0.274439
2701 0.274414
2702 0.274411
2704 0.274408
2706 0.274376
2707 0.274361
2708 0.274353
2710 0.274345
2711 0.274344
2712 0.27434
2714 0.274323
2715 0.274315
2716 0.274302
2718 0.274277
2719 0.274262
2720 0.274256
2721 0.274255
2722 0.274252
2723 0.274246
2724 0.274237
2725 0.274236
2728 0.274218
2729 0.2742
2731 0.274199
2733 0.274198
2734 0.274179
2737 0.274163
2738 0.27416
2740 0.274154
2743 0.274123
2744 0.274117
2746 0.274107
2750 0.274103
2751 0.27408
2752 0.274067
2753 0.274051
2754 0.274048
2755 0.274046
2756 0.274039
2757 0.274011
2758 0.273995
2759 0.273989
2761 0.273974
2762 0.273952
2763 0.27393
2764 0.27391
2765 0.273891
2766 0.273866
2767 0.273848
2768 0.273842
2769 0.27384
2772 0.273815
2773 0.273802
2774 0.273794
2775 0.273792
2776 0.273782
2779 0.273778
2780 0.273746
2783 0.273733
2784 0.273707
2785 0.27369
2786 0.273683
2787 0.273678
2788 0.273674
2789 0.273672
2790 0.273655
2793 0.273628
2794 0.273616
2795 0.273613
2797 0.273605
2798 0.273587
2800 0.273573
2801 0.273554
2802 0.273549
2804 0.273539
2805 0.273538
2806 0.273524
2807 0.273516
2808 0.273511
2811 0.273505
2812 0.273503
2813 0.273474
2814 0.27345
2815 0.273441
2816 0.273439
2817 0.273438
2818 0.273435
2819 0.273434
2823 0.273432
2825 0.273417
2826 0.273387
2828 0.273384
2829 0.273358
2830 0.273342
2831 0.273324
2832 0.273314
2833 0.273308
2834 0.273306
2835 0.273305
2837 0.27329
2838 0.273262
2839 0.273236
2840 0.273218
2841 0.273189
2842 0.273162
2843 0.273136
2844 0.273111
2845 0.273086
2846 0.273063
2847 0.273037
2848 0.273014
2849 0.272988
2850 0.272964
2851 0.272948
2853 0.272946
2854 0.272918
2855 0.272893
2856 0.272871
2857 0.272855
2858 0.272843
2859 0.272837
2861 0.272831
2862 0.27283
2863 0.272808
2864 0.272788
2866 0.272785
2867 0.27276
2872 0.272757
2873 0.272756
2874 0.272749
2876 0.272747
2877 0.272737
2878 0.272708
2879 0.272684
2880 0.272662
2881 0.272638
2882 0.272625
2883 0.272614
2884 0.27261
2886 0.272595
2888 0.27258
2890 0.272556
2891 0.272544
2892 0.272535
2893 0.272528
2894 0.272517
2896 0.272513
2897 0.272489
2898 0.272472
2899 0.272458
2900 0.272441
2901 0.272433
2902 0.272428
2903 0.272406
2904 0.272381
2905 0.272367
2906 0.272352
2907 0.272334
2908 0.272321
2909 0.272311
2910 0.272288
2911 0.272267
2912 0.27225
2913 0.272235
2914 0.272218
2917 0.272189
2918 0.272176
2920 0.272175
2924 0.27217
2925 0.272166
2926 0.272157
2927 0.272132
2928 0.27213
2929 0.272127
2930 0.272105
2931 0.272087
2932 0.272064
2933 0.272058
2934 0.272055
2935 0.272043
2936 0.272031
2937 0.272019
2938 0.272002
2939 0.271978
2940 0.271959
2941 0.271932
2942 0.271905
2943 0.271879
2944 0.271855
2945 0.27183
2946 0.271806
2947 0.271782
2948 0.271761
2949 0.271737
2950 0.271714
2951 0.27169
2952 0.271667
2953 0.27166
2957 0.271645
2958 0.271618
2959 0.271597
2960 0.271573
2961 0.271562
2962 0.27154
2963 0.271514
2964 0.271493
2965 0.271475
2966 0.271456
2967 0.271442
2968 0.27144
2972 0.271415
2973 0.271393
2974 0.271382
2975 0.271364
2976 0.271347
2979 0.271334
2980 0.271313
2981 0.271307
2983 0.271304
2985 0.271279
2986 0.271264
2987 0.271246
2989 0.271239
2990 0.271228
2991 0.271215
2992 0.271194
2993 0.271179
2994 0.271176
2996 0.271167
2997 0.271165
2998 0.271152
2999 0.271147
3000 0.271125
3001 0.271102
3002 0.271092
3003 0.271077
3004 0.271063
3008 0.271061
3009 0.271036
3010 0.271018
3011 0.27101
3012 0.271009
3014 0.270991
3015 0.270983
3016 0.270965
3019 0.27095
3020 0.270941
3021 0.270939
3022 0.270916
3023 0.270906
3026 0.2709
3028 0.270887
3029 0.270875
3030 0.270847
3031 0.270825
3032 0.270809
3033 0.270805
3035 0.270781
3036 0.270758
3037 0.270732
3038 0.270714
3039 0.270693
3040 0.270679
3041 0.270663
3042 0.270652
3043 0.270635
3044 0.270627
3046 0.270625
3047 0.270617
3049 0.27059
3050 0.270583
3053 0.270575
3056 0.270552
3057 0.270539
3059 0.270538
3060 0.270532
3062 0.27051
3063 0.27049
3068 0.270467
3069 0.270446
3070 0.270438
3072 0.270437
3074 0.270434
3076 0.270405
3077 0.270385
3080 0.270367
3081 0.270353
3082 0.270352
3084 0.270343
3085 0.270338
3086 0.270316
3087 0.270297
3088 0.270277
3089 0.270269
3091 0.270268
3092 0.270239
3093 0.270233
3095 0.270223
3096 0.27022
3098 0.270204
3099 0.270196
3100 0.270182
3101 0.27018
3102 0.270179
3103 0.270155
3104 0.270133
3105 0.270116
3107 0.270115
3108 0.270092
3109 0.270088
3110 0.270085
3111 0.270078
3112 0.270076
3113 0.270074
3114 0.270069
3115 0.270063
3117 0.270053
3118 0.270032
3120 0.270031
3122 0.270028
3124 0.270027
3125 0.270023
3127 0.270003
3128 0.269995
3129 0.269988
3132 0.269963
3133 0.269952
3135 0.26995
3137 0.269944
3140 0.269937
3141 0.269919
3143 0.269918
3144 0.2699
3145 0.269898
3148 0.269896
3151 0.269864
3152 0.269848
3153 0.269836
3154 0.269835
3157 0.269819
3158 0.269799
3159 0.269789
3161 0.269787
3163 0.269776
3166 0.269757
3167 0.269747
3168 0.269739
3169 0.26972
3170 0.269711
3174 0.26971
3176 0.269703
3177 0.269676
3178 0.269668
3179 0.269663
3180 0.269661
3182 0.26966
3183 0.269636
3186 0.269632
3188 0.26963
3189 0.269629
3190 0.269627
3191 0.269618
3192 0.269585
3193 0.269568
3194 0.269558
3195 0.269545
3196 0.269521
3197 0.26952
3205 0.269488
3206 0.26947
3209 0.269448
3210 0.269429
3211 0.269413
3212 0.269404
3213 0.269399
3214 0.26939
3216 0.269384
3218 0.269357
3219 0.269329
3220 0.269304
3221 0.269284
3222 0.269253
3223 0.269227
3224 0.269214
3225 0.269188
3226 0.26916
3227 0.269134
3228 0.269108
3229 0.269083
3230 0.269056
3231 0.269029
3232 0.269003
3233 0.268984
3234 0.268968
3235 0.268954
3236 0.268949
3237 0.268946
3238 0.268936
3239 0.268918
3240 0.268893
3241 0.268865
3242 0.268839
3243 0.268813
3244 0.268794
3245 0.26877
3246 0.268762
3247 0.268759
3248 0.268757
3250 0.268754
3253 0.268725
3254 0.268707
3255 0.268687
3257 0.268684
3258 0.268666
3259 0.268665
3260 0.268661
3261 0.268646
3262 0.268634
3264 0.268621
3265 0.2686
3266 0.268581
3267 0.268565
3268 0.268552
3269 0.268549
3270 0.268541
3271 0.268514
3272 0.268497
3273 0.268495
3275 0.268491
3277 0.268483
3278 0.268464
3280 0.26846
3281 0.268445
3282 0.268426
3283 0.268403
3285 0.268397
3286 0.268374
3287 0.268357
3288 0.268346
3289 0.268333
3290 0.268322
3294 0.268308
3295 0.268289
3296 0.268267
3297 0.268244
3298 0.268222
3299 0.268211
3302 0.268182
3303 0.268168
3304 0.268161
3306 0.26815
3307 0.268134
3308 0.268114
3309 0.268109
3310 0.268082
3312 0.268077
3313 0.268061
3314 0.268046
3315 0.268033
3322 0.268007
3323 0.267985
3324 0.267975
3325 0.267957
3326 0.267945
3327 0.267932
3330 0.26791
3331 0.267896
3332 0.267887
3333 0.267886
3334 0.267885
3335 0.267883
3336 0.267874
3339 0.267853
3341 0.267852
3342 0.267824
3343 0.26781
3345 0.267807
3346 0.267798
3348 0.26779
3350 0.26777
3351 0.267753
3352 0.267734
3353 0.267724
3354 0.267706
3356 0.267699
3357 0.267679
3358 0.267672
3360 0.267667
3363 0.267665
3364 0.267661
3367 0.267647
3368 0.267622
3369 0.267608
3371 0.2676
3372 0.267598
3374 0.267574
3375 0.26756
3376 0.267545
3377 0.26754
3379 0.267534
3380 0.267524
3381 0.267507
3382 0.267492
3383 0.267472
3384 0.267459
3385 0.26745
3386 0.26744
3387 0.267439
3388 0.267434
3390 0.267429
3391 0.267401
3392 0.267381
3393 0.267372
3394 0.267358
3395 0.267351
3399 0.267344
3400 0.267322
3401 0.267311
3403 0.267293
3405 0.267292
3407 0.267291
3408 0.267269
3409 0.267251
3412 0.267229
3413 0.267211
3414 0.267202
3416 0.267193
3417 0.267184
3418 0.267169
3419 0.267163
3420 0.267161
3421 0.267139
3423 0.267134
3424 0.267121
3425 0.267112
3427 0.267103
3428 0.267078
3431 0.267062
3432 0.26705
3433 0.267033
3434 0.267021
3436 0.267016
3439 0.266997
3440 0.266981
3441 0.266959
3442 0.26694
3443 0.266922
3444 0.266909
3445 0.266902
3446 0.266888
3447 0.266881
3450 0.266863
3451 0.266846
3452 0.266821
3453 0.266816
3455 0.266799
3460 0.266784
3461 0.266764
3462 0.266747
3463 0.266732
3464 0.266717
3465 0.266704
3468 0.26668
3469 0.266658
3470 0.266653
3472 0.266632
3473 0.266625
3474 0.266624
3475 0.266607
3476 0.266598
3479 0.266584
3480 0.266557
3481 0.266541
3482 0.266538
3484 0.266533
3488 0.266516
3489 0.266504
3492 0.266484
3494 0.26648
3495 0.266462
3496 0.266449
3497 0.266437
3499 0.266434
3502 0.266422
3503 0.26641
3504 0.266399
3505 0.266396
3507 0.26637
3508 0.266346
3509 0.266338
3511 0.266335
3512 0.266332
3513 0.266331
3514 0.266327
3515 0.266316
3517 0.266315
3518 0.266288
3519 0.266268
3520 0.266264
3521 0.26624
3524 0.266229
3528 0.266207
3529 0.266194
3530 0.266188
3532 0.266172
3533 0.266158
3534 0.266141
3535 0.266139
3536 0.266138
3537 0.266127
3542 0.266113
3544 0.266109
3545 0.266087
3546 0.266084
3547 0.266081
3548 0.266058
3551 0.266037
3552 0.266013
3553 0.265993
3554 0.26597
3555 0.26595
3556 0.265929
3557 0.265915
3558 0.265913
3559 0.265907
3560 0.265888
3561 0.265881
3564 0.265859
3565 0.265846
3566 0.265842
3567 0.26584
3570 0.265825
3571 0.265824
3572 0.265822
3573 0.265815
3575 0.265799
3576 0.265774
3577 0.265768
3579 0.265761
3580 0.265745
3582 0.265725
3583 0.265711
3584 0.265692
3586 0.265689
3589 0.265663
3590 0.265641
3591 0.265622
3592 0.26561
3593 0.26559
3594 0.265583
3595 0.265571
3596 0.265562
3597 0.265556
3598 0.265525
3601 0.265496
3602 0.265478
3603 0.265467
3604 0.265459
3605 0.265457
3606 0.265451
3608 0.265448
3611 0.265418
3612 0.265407
3613 0.265389
3614 0.265377
3617 0.265352
3618 0.265337
3619 0.265313
3620 0.265299
3621 0.265282
3622 0.265276
3624 0.265269
3625 0.265259
3626 0.265233
3627 0.265221
3628 0.265201
3629 0.265175
3630 0.265162
3631 0.265139
3632 0.265119
3633 0.265108
3634 0.265087
3635 0.265079
3637 0.265069
3638 0.265051
3641 0.265021
3642 0.265011
3643 0.264995
3644 0.264984
3645 0.264978
3646 0.264974
3647 0.264965
3649 0.264957
3650 0.264945
3651 0.264922
3652 0.264915
3653 0.264914
3654 0.264893
3655 0.264883
3658 0.264865
3659 0.264848
3661 0.264846
3662 0.264833
3663 0.264827
3665 0.264823
3667 0.26481
3668 0.264788
3669 0.264782
3670 0.26478
3671 0.264769
3672 0.264747
3673 0.264733
3674 0.264724
3679 0.264696
3680 0.264679
3681 0.264666
3682 0.264665
3686 0.264642
3689 0.264635
3690 0.264632
3691 0.264621
3694 0.264594
3695 0.26458
3698 0.26457
3699 0.264549
3700 0.264532
3701 0.264501
3702 0.264478
3703 0.264463
3704 0.264445
3707 0.264442
3708 0.26444
3713 0.264412
3714 0.264402
3717 0.264388
3718 0.264366
3719 0.264351
3720 0.264344
3722 0.264334
3723 0.264328
3725 0.264317
3728 0.264301
3730 0.264271
3731 0.26427
3735 0.264257
3737 0.264252
3739 0.264242
3742 0.264215
3743 0.264196
3745 0.264191
3746 0.26418
3750 0.264179
3751 0.264176
3752 0.264154
3753 0.264134
3754 0.264112
3755 0.264103
3756 0.26408
3757 0.264066
3758 0.264053
3760 0.264047
3762 0.264044
3763 0.264041
3764 0.264026
3765 0.264012
3766 0.264008
3769 0.263973
3770 0.263964
3771 0.263948
3773 0.263947
3775 0.26394
3777 0.263919
3778 0.263904
3781 0.263875
3782 0.263846
3783 0.263819
3784 0.263796
3785 0.263771
3786 0.26375
3787 0.263724
3788 0.263699
3789 0.263673
3790 0.263648
3791 0.263636
3792 0.263628
3793 0.263604
3794 0.263585
3795 0.263564
3796 0.263545
3797 0.263516
3798 0.26349
3799 0.263465
3800 0.263439
3801 0.263414
3802 0.263388
3803 0.263362
3804 0.263335
3805 0.263309
3806 0.263283
3807 0.263258
3808 0.263233
3809 0.263213
3810 0.263189
3811 0.263173
3812 0.26316
3813 0.263151
3814 0.263133
3815 0.263116
3816 0.263106
3817 0.263082
3818 0.263067
3819 0.263039
3820 0.263013
3821 0.262992
3822 0.262965
3823 0.262956
3824 0.262932
3825 0.26292
3826 0.262917
3828 0.2629
3829 0.262893
3830 0.262892
3831 0.262877
3832 0.262856
3834 0.262853
3835 0.262833
3836 0.262811
3837 0.262808
3838 0.262803
3839 0.262788
3840 0.262776
3841 0.262767
3843 0.262766
3845 0.262736
3846 0.262712
3847 0.262692
3848 0.262684
3850 0.262663
3851 0.262646
3852 0.262628
3853 0.262622
3855 0.262607
3856 0.262593
3857 0.26258
3858 0.262575
3859 0.262573
3860 0.262554
3861 0.262537
3862 0.262512
3863 0.262489
3864 0.262468
3865 0.262449
3866 0.262433
3867 0.262427
3869 0.262416
3872 0.262394
3873 0.262389
3875 0.262371
3876 0.262368
3877 0.262365
3881 0.262359
3882 0.262334
3883 0.262326
3885 0.262307
3888 0.262288
3889 0.262269
3890 0.262246
3891 0.262244
3892 0.262243
3893 0.262226
3894 0.262209
3895 0.262196
3896 0.262164
3897 0.262142
3898 0.262121
3899 0.262101
3900 0.262092
3901 0.262083
3902 0.26208
3908 0.262047
3909 0.262041
3910 0.26204
3913 0.262021
3914 0.262017
3916 0.262009
3917 0.261999
3918 0.26199
3919 0.261977
3920 0.261957
3921 0.261955
3923 0.261951
3925 0.26194
3927 0.261912
3928 0.261895
3929 0.261889
3933 0.261866
3934 0.261855
3935 0.261837
3936 0.261826
3937 0.261817
3938 0.261813
3940 0.26181
3941 0.261788
3942 0.26176
3943 0.261733
3944 0.261706
3945 0.261682
3946 0.261657
3947 0.26164
3948 0.26162
3949 0.261607
3950 0.261602
3951 0.2616
3952 0.26158
3953 0.26157
3954 0.261552
3955 0.261529
3956 0.261508
3957 0.261506
3958 0.261499
3959 0.261466
3960 0.261446
3961 0.261436
3964 0.261419
3965 0.261416
3967 0.261406
3969 0.261392
3970 0.261383
3971 0.26138
3972 0.261354
3973 0.261342
3974 0.261333
3976 0.261332
3977 0.261328
3978 0.261327
3979 0.261304
3981 0.261302
3982 0.261274
3983 0.261259
3984 0.261244
3987 0.261235
3989 0.261228
3990 0.261209
3991 0.261204
3992 0.261179
3993 0.261175
3994 0.261174
3995 0.26115
3996 0.261149
3998 0.261122
3999 0.261098
4000 0.261077
4003 0.26107
4005 0.261061
4006 0.261059
4007 0.261042
4008 0.261032
4009 0.26101
4010 0.260998
4011 0.260976
4012 0.260959
4013 0.260944
4014 0.26093
4015 0.260916
4016 0.260907
4017 0.260895
4020 0.260875
4022 0.260853
4023 0.260836
4024 0.26082
4026 0.260819
4027 0.260806
4028 0.260798
4029 0.260788
4032 0.260773
4033 0.260764
4034 0.260763
4035 0.260749
4038 0.260725
4039 0.26071
4040 0.260704
4042 0.260701
4043 0.260699
4044 0.260692
4045 0.260691
4046 0.26069
4047 0.260687
4049 0.260662
4050 0.260631
4051 0.260617
4053 0.260608
4055 0.260607
4056 0.260599
4057 0.260596
4058 0.26057
4059 0.260561
4060 0.26056
4061 0.260559
4062 0.260533
4063 0.260512
4064 0.260488
4065 0.260467
4066 0.260446
4067 0.26043
4068 0.260414
4069 0.260404
4071 0.260382
4072 0.260362
4073 0.260339
4074 0.260319
4075 0.260305
4076 0.260299
4077 0.260273
4078 0.26025
4079 0.260238
4082 0.260237
4083 0.26023
4084 0.260219
4085 0.260196
4086 0.260184
4087 0.260176
4089 0.260161
4090 0.260155
4093 0.260136
4094 0.260115
4097 0.260097
4098 0.260089
4099 0.260088
4100 0.260085
4103 0.260077
4106 0.260044
4107 0.26003
4108 0.26001
4109 0.259992
4110 0.259985
4112 0.259984
4116 0.259981
4119 0.259951
4120 0.259942
4122 0.259937
4123 0.259918
4124 0.259908
4126 0.259899
4128 0.259897
4129 0.259896
4130 0.259891
4132 0.259859
4133 0.259833
4134 0.259805
4135 0.259778
4136 0.259752
4137 0.259728
4138 0.259702
4139 0.259676
4140 0.259657
4141 0.259637
4142 0.259609
4143 0.259583
4144 0.259559
4145 0.259532
4146 0.259506
4147 0.259483
4148 0.259458
4149 0.259436
4150 0.259415
4151 0.259402
4152 0.25939
4153 0.25938
4155 0.259368
4156 0.25934
4157 0.259316
4158 0.259299
4159 0.259273
4160 0.259268
4161 0.259262
4163 0.259248
4164 0.25924
4166 0.259227
4168 0.259196
4169 0.259184
4171 0.259174
4172 0.259153
4173 0.259138
4174 0.259121
4177 0.259112
4178 0.259108
4180 0.259095
4181 0.259082
4182 0.259053
4183 0.259028
4184 0.259009
4185 0.259
4186 0.258993
4188 0.258992
4191 0.258984
4192 0.258973
4194 0.25897
4195 0.258943
4196 0.25894
4200 0.258911
4201 0.258896
4202 0.258887
4207 0.258873
4208 0.258852
4209 0.258848
4212 0.258847
4213 0.258817
4214 0.258792
4215 0.258776
4216 0.258774
4224 0.258766
4225 0.258755
4226 0.258727
4229 0.258703
4230 0.258691
4231 0.258685
4237 0.258675
4238 0.258655
4239 0.258652
4240 0.258644
4241 0.258613
4242 0.258587
4243 0.258574
4244 0.258555
4247 0.258552
4248 0.258551
4249 0.258547
4250 0.258546
4251 0.258538
4253 0.258512
4254 0.258495
4257 0.258478
4258 0.258459
4261 0.258457
4265 0.258454
4266 0.258437
4267 0.258409
4268 0.258395
4269 0.258384
4272 0.25836
4273 0.258353
4276 0.258351
4278 0.25835
4279 0.258347
4280 0.258342
4282 0.258326
4283 0.258301
4284 0.258284
4285 0.258268
4288 0.258256
4292 0.258254
4294 0.258229
4295 0.258212
4298 0.258193
4299 0.258182
4300 0.258177
4303 0.258175
4308 0.258148
4309 0.258136
4311 0.258132
4314 0.25811
4315 0.258094
4316 0.258074
4317 0.258055
4318 0.258039
4319 0.258033
4320 0.258022
4321 0.258015
4322 0.258014
4323 0.258007
4325 0.257999
4326 0.257972
4327 0.257948
4328 0.257931
4329 0.257922
4332 0.257917
4334 0.257907
4336 0.257886
4337 0.257875
4338 0.257869
4339 0.257851
4342 0.257837
4344 0.257828
4345 0.257812
4346 0.257809
4347 0.257808
4348 0.257798
4349 0.257778
4350 0.257772
4353 0.257743
4354 0.257732
4355 0.257721
4356 0.257713
4361 0.257703
4362 0.257696
4363 0.257684
4365 0.257678
4366 0.257653
4367 0.257649
4370 0.257637
4371 0.257635
4372 0.257615
4373 0.25761
4374 0.257591
4375 0.257587
4376 0.257586
4377 0.257581
4379 0.257563
4380 0.25755
4383 0.257529
4384 0.257508
4385 0.257502
4389 0.25749
4390 0.257489
4392 0.257483
4393 0.25746
4394 0.257452
4395 0.257447
4396 0.257442
4397 0.257434
4398 0.257407
4399 0.257391
4400 0.257388
4401 0.257382
4402 0.257368
4403 0.257367
4405 0.257361
4406 0.257328
4407 0.257303
4408 0.2573
4410 0.257296
4412 0.257268
4413 0.257243
4414 0.257221
4415 0.257217
4416 0.257216
4417 0.257214
4419 0.257208
4421 0.257206
4422 0.257189
4423 0.257177
4424 0.257171
4427 0.25716
4428 0.257132
4429 0.257127
4430 0.257126
4431 0.257124
4433 0.257116
4434 0.257114
4436 0.257104
4437 0.257084
4438 0.257077
4439 0.257075
4440 0.257064
4442 0.257062
4447 0.257037
4448 0.257016
4449 0.257007
4450 0.256996
4452 0.256995
4456 0.256992
4457 0.256986
4459 0.25696
4460 0.256943
4462 0.256934
4463 0.256911
4464 0.256892
4465 0.256882
4466 0.256869
4467 0.256855
4468 0.25685
4469 0.256843
4471 0.256833
4473 0.256827
4474 0.256819
4475 0.256797
4476 0.256786
4477 0.256782
4478 0.256779
4480 0.256767
4481 0.256756
4482 0.256742
4483 0.256729
4484 0.256714
4485 0.25671
4486 0.256705
4487 0.2567
4490 0.256677
4491 0.256664
4492 0.256658
4493 0.256638
4494 0.256632
4495 0.256631
4496 0.256626
4497 0.256625
4498 0.256624
4499 0.256606
4500 0.256582
4501 0.256573
4502 0.256552
4503 0.256541
4504 0.256537
4505 0.256533
4508 0.256508
4512 0.256507
4513 0.256496
4515 0.25649
4517 0.256479
4518 0.256464
4519 0.256459
4521 0.25645
4522 0.256424
4523 0.256422
4524 0.256421
4525 0.256414
4527 0.256394
4528 0.25637
4529 0.256355
4532 0.256353
4534 0.256334
4535 0.256311
4536 0.256304
4537 0.256303
4540 0.25629
4542 0.256282
4543 0.256257
4544 0.25625
4545 0.256248
4547 0.256243
4548 0.25622
4549 0.256195
4550 0.256188
4554 0.256174
4555 0.256144
4556 0.256124
4557 0.256106
4559 0.256105
4564 0.25608
4565 0.256076
4567 0.256062
4570 0.256046
4571 0.256039
4573 0.256021
4574 0.25602
4576 0.256016
4577 0.255986
4578 0.255959
4579 0.255938
4580 0.255928
4581 0.255926
4582 0.255924
4583 0.255915
4584 0.2559
4585 0.255897
4586 0.255892
4587 0.255866
4588 0.255839
4589 0.255826
4590 0.255806
4591 0.255805
4595 0.255801
4596 0.255786
4598 0.255783
4599 0.25576
4600 0.255743
4604 0.255734
4605 0.255715
4606 0.255707
4607 0.255692
4609 0.255689
4610 0.255688
4611 0.25567
4612 0.255659
4613 0.255645
4614 0.255636
4616 0.255618
4617 0.255615
4618 0.255602
4619 0.255593
4621 0.255592
4622 0.255589
4623 0.255576
4626 0.255551
4627 0.255537
4628 0.255525
4629 0.25552
4633 0.255515
4635 0.255487
4636 0.255473
4637 0.255471
4638 0.25547
4640 0.255459
4641 0.255435
4642 0.255423
4643 0.255418
4645 0.255417
4647 0.255411
4648 0.255407
4649 0.255396
4650 0.255393
4651 0.255382
4652 0.255354
4653 0.255334
4654 0.25533
4661 0.255319
4663 0.255318
4664 0.255308
4665 0.255276
4666 0.255259
4669 0.255241
4673 0.255235
4675 0.25523
4677 0.255205
4680 0.255187
4681 0.255176
4682 0.255168
4683 0.255166
4685 0.255165
4687 0.255162
4688 0.255161
4691 0.255131
4692 0.255127
4693 0.255123
4694 0.255114
4696 0.255107
4697 0.255081
4701 0.255079
4704 0.255055
4705 0.255031
4706 0.255013
4707 0.255012
4708 0.255009
4709 0.254975
4710 0.254954
4711 0.254947
4712 0.25494
4714 0.254939
4715 0.254938
4716 0.254933
4718 0.25492
4719 0.254916
4720 0.254899
4721 0.254873
4722 0.254865
4729 0.254838
4730 0.254836
4732 0.25481
4733 0.254793
4734 0.254776
4735 0.254761
4738 0.254744
4739 0.254737
4741 0.254721
4742 0.254717
4747 0.254709
4748 0.254683
4749 0.254678
4751 0.254674
4754 0.254667
4755 0.254645
4756 0.254634
4758 0.254629
4759 0.254628
4761 0.254624
4762 0.254602
4763 0.254595
4766 0.254593
4767 0.254583
4769 0.254581
4771 0.254578
4772 0.254551
4773 0.254546
4774 0.254544
4775 0.254532
4776 0.254516
4780 0.254505
4783 0.254493
4784 0.254472
4785 0.254453
4786 0.254438
4788 0.254436
4789 0.254421
4790 0.254403
4791 0.254394
4793 0.25437
4794 0.254362
4795 0.254357
4797 0.254334
4798 0.254317
4799 0.254294
4800 0.254292
4801 0.254285
4802 0.254266
4803 0.254252
4804 0.254249
4805 0.254241
4807 0.254239
4809 0.254237
4810 0.254217
4811 0.254194
4812 0.254185
4813 0.254184
4814 0.254178
4816 0.254168
4817 0.254146
4818 0.254133
4821 0.25413
4822 0.254129
4823 0.254121
4826 0.254092
4828 0.254088
4829 0.254067
4830 0.254062
4833 0.254059
4834 0.254039
4835 0.254024
4838 0.254
4839 0.253988
4842 0.253983
4846 0.253956
4847 0.253941
4849 0.253939
4850 0.253933
4853 0.253904
4854 0.253891
4855 0.253881
4856 0.253872
4857 0.25387
4858 0.253866
4859 0.253861
4860 0.253837
4861 0.253827
4862 0.253812
4863 0.25381
4865 0.253809
4866 0.253787
4867 0.253769
4868 0.253758
4872 0.25375
4873 0.253729
4874 0.253713
4875 0.253709
4880 0.253702
4881 0.253682
4882 0.25366
4883 0.25365
4884 0.253633
4885 0.253625
4886 0.253623
4887 0.253604
4888 0.253603
4889 0.253597
4892 0.253575
4894 0.253549
4895 0.253537
4896 0.253535
4897 0.253533
4900 0.253518
4901 0.253503
4902 0.253486
4905 0.253469
4906 0.253467
4908 0.253451
4909 0.253439
4910 0.253435
4911 0.253419
4913 0.253414
4914 0.253399
4915 0.253375
4916 0.253363
4917 0.253346
4919 0.253344
4921 0.253342
4922 0.253338
4923 0.253335
4924 0.25331
4925 0.253305
4926 0.253304
4927 0.253292
4930 0.253263
4931 0.253251
4932 0.253238
4933 0.253227
4934 0.25321
4935 0.253194
4936 0.253169
4937 0.253146
4938 0.253125
4939 0.253107
4940 0.253096
4941 0.253077
4942 0.253071
4943 0.253062
4944 0.253047
4947 0.253026
4948 0.253001
4949 0.252983
4950 0.252972
4951 0.252961
4952 0.252948
4953 0.252928
4954 0.252901
4955 0.252883
4956 0.252873
4958 0.252869
4959 0.252852
4960 0.252828
4965 0.252816
4966 0.252799
4967 0.252797
4969 0.252788
4970 0.252772
4971 0.252759
4972 0.252729
4973 0.252705
4974 0.252685
4975 0.252675
4976 0.252663
4977 0.252657
4981 0.252653
4983 0.252639
4984 0.252608
4985 0.252596
4986 0.252586
4988 0.252585
4989 0.25258
4991 0.25255
4992 0.252531
4993 0.252518
4994 0.2525
4995 0.252475
4996 0.252451
4997 0.252425
4998 0.252404
4999 0.252388
5000 0.252372
5001 0.252351
5002 0.252337
5003 0.25233
5005 0.252304
5006 0.252288
5007 0.252277
5008 0.252246
5009 0.252221
5010 0.252207
5011 0.252203
5012 0.252202
5013 0.252194
5014 0.252193
5017 0.252174
5020 0.252153
5021 0.252147
5022 0.252144
5025 0.252134
5026 0.252102
5027 0.252094
5029 0.252075
5030 0.252065
5031 0.252061
5032 0.252047
5033 0.252046
5034 0.252044
5035 0.252024
5036 0.252003
5037 0.251998
5039 0.251974
5040 0.251953
5041 0.251933
5042 0.251929
5043 0.251922
5044 0.251919
5046 0.251917
5048 0.251883
5049 0.251865
5050 0.251856
5051 0.251847
5052 0.251843
5053 0.251835
5054 0.251821
5055 0.251805
5059 0.251803
5060 0.251778
5061 0.251762
5062 0.251761
5065 0.251756
5066 0.251731
5067 0.251714
5068 0.251708
5070 0.251706
5073 0.251694
5074 0.25167
5075 0.251649
5076 0.251636
5077 0.251629
5079 0.251618
5080 0.251599
5081 0.25159
5082 0.251568
5083 0.251567
5084 0.251564
5085 0.251559
5086 0.251549
5087 0.251523
5088 0.251505
5089 0.251496
5090 0.251492
5091 0.251488
5094 0.251465
5095 0.251455
5102 0.251431
5105 0.25142
5106 0.251414
5109 0.25139
5110 0.251371
5112 0.251363
5114 0.251357
5115 0.251343
5116 0.251326
5117 0.251325
5122 0.251297
5123 0.251278
5124 0.25127
5125 0.251255
5126 0.251252
5130 0.251249
5132 0.251231
5133 0.251212
5134 0.251191
5137 0.251184
5138 0.251163
5139 0.251143
5140 0.251133
5141 0.251121
5142 0.251106
5144 0.251102
5147 0.251079
5148 0.25106
5149 0.251051
5150 0.251025
5151 0.25101
5152 0.250994
5154 0.250991
5155 0.250967
5156 0.250953
5157 0.250929
5158 0.250927
5160 0.250905
5161 0.250878
5163 0.250876
5164 0.250866
5166 0.250865
5168 0.250844
5169 0.250823
5170 0.250812
5171 0.250799
5174 0.250772
5175 0.250749
5176 0.250729
5177 0.250717
5178 0.250694
5179 0.250687
5180 0.250684
5181 0.250671
5182 0.250667
5184 0.25065
5185 0.250649
5186 0.250642
5187 0.250622
5190 0.250591
5191 0.250575
5192 0.250572
5195 0.250571
5196 0.250557
5199 0.250546
5200 0.250526
5201 0.250517
5202 0.250496
5203 0.250487
5204 0.250471
5205 0.250468
5207 0.250447
5208 0.250435
5209 0.250415
5210 0.250395
5211 0.250388
5212 0.25037
5213 0.250364
5214 0.250357
5215 0.250355
5217 0.250322
5218 0.2503
5219 0.250283
5220 0.250271
5221 0.250258
5224 0.250247
5225 0.250236
5227 0.250231
5228 0.250224
5229 0.250208
5230 0.250203
5231 0.2502
5232 0.250196
5235 0.250168
5236 0.250159
5237 0.250145
5238 0.250143
5239 0.250134
5241 0.250133
5243 0.250113
5244 0.250101
5245 0.250091
5247 0.250064
5248 0.250056
5249 0.250053
5250 0.25005
5251 0.250031
5252 0.250024
5257 0.25001
5258 0.249994
5259 0.249973
5260 0.249957
5261 0.249942
5263 0.249935
5265 0.249929
5266 0.249921
5267 0.249908
5268 0.2499
5269 0.249899
5270 0.249881
5271 0.249877
5272 0.249876
5275 0.249844
5276 0.249829
5277 0.249817
5278 0.249812
5280 0.249804
5283 0.249786
5284 0.249779
5285 0.249762
5287 0.24976
5288 0.249736
5290 0.249735
5293 0.249733
5294 0.249725
5295 0.249715
5296 0.249714
5297 0.249711
5298 0.249682
5299 0.249664
5300 0.249644
5301 0.249643
5303 0.249611
5304 0.24959
5305 0.249586
5307 0.249581
5308 0.24958
5309 0.249574
5311 0.24956
5313 0.249548
5314 0.24953
5315 0.249509
5316 0.249501
5317 0.249475
5318 0.249444
5319 0.249417
5320 0.249391
5321 0.249365
5322 0.24934
5323 0.249323
5324 0.249305
5325 0.249296
5326 0.249292
5328 0.249286
5330 0.249266
5331 0.249243
5332 0.249214
5333 0.249188
5334 0.249161
5335 0.249134
5336 0.249106
5337 0.24908
5338 0.249053
5339 0.249026
5340 0.249005
5341 0.248977
5342 0.24895
5343 0.248927
5344 0.248901
5345 0.248874
5346 0.248847
5347 0.248821
5348 0.248815
5349 0.248797
5352 0.248786
5354 0.248773
5355 0.248749
5356 0.248738
5357 0.24872
5358 0.248705
5359 0.248695
5360 0.248689
5362 0.248687
5364 0.248665
5365 0.248664
5367 0.24863
5368 0.248627
5369 0.248626
5372 0.248602
5373 0.248596
5374 0.248595
5377 0.248586
5378 0.248582
5380 0.248558
5381 0.248535
5382 0.24852
5383 0.248507
5384 0.248475
5385 0.248459
5386 0.248452
5390 0.248441
5391 0.248426
5393 0.248415
5394 0.248403
5396 0.248402
5397 0.248383
5398 0.24836
5399 0.248354
5400 0.248351
5401 0.248341
5402 0.24834
5403 0.248328
5404 0.248323
5405 0.248288
5406 0.248266
5407 0.248254
5408 0.24825
5410 0.248229
5411 0.248202
5412 0.248186
5413 0.248182
5414 0.248179
5415 0.248173
5417 0.248158
5418 0.248149
5420 0.248134
5421 0.248114
5422 0.248102
5423 0.248087
5425 0.248086
5426 0.248074
5429 0.248073
5431 0.248067
5432 0.248045
5433 0.248038
5434 0.248037
5437 0.248036
5438 0.248005
5439 0.247994
5440 0.247989
5442 0.247986
5443 0.247984
5445 0.247977
5446 0.247957
5447 0.247947
5448 0.247943
5450 0.24794
5455 0.247904
5456 0.247894
5457 0.247893
5458 0.247881
5459 0.247876
5460 0.247873
5462 0.247868
5463 0.247853
5464 0.247843
5466 0.247842
5467 0.247816
5468 0.247796
5469 0.24778
5473 0.247778
5474 0.24776
5475 0.24775
5476 0.247745
5479 0.247744
5482 0.247716
5483 0.247704
5485 0.247702
5486 0.247697
5487 0.247694
5488 0.247691
5490 0.247661
5491 0.247651
5492 0.247633
5493 0.247624
5494 0.24761
5495 0.247608
5497 0.247595
5498 0.247564
5499 0.247532
5500 0.247504
5501 0.247478
5502 0.247459
5503 0.24744
5504 0.24742
5505 0.247413
5506 0.247384
5507 0.247356
5508 0.247328
5509 0.247301
5510 0.247275
5511 0.247256
5512 0.24725
5513 0.247226
5514 0.247218
5515 0.247217
5516 0.247196
5517 0.247176
5518 0.247164
5519 0.247153
5520 0.24713
5521 0.247114
5522 0.247097
5524 0.247089
5525 0.247067
5526 0.247061
5528 0.247049
5529 0.247047
5530 0.247046
5531 0.247033
5532 0.247024
5533 0.247022
5535 0.24699
5536 0.246969
5537 0.246954
5538 0.246939
5539 0.246931
5540 0.246914
5541 0.246913
5542 0.246911
5546 0.246901
5547 0.246877
5548 0.246855
5550 0.246852
5553 0.246829
5554 0.246818
5555 0.24681
5556 0.246808
5557 0.246803
5558 0.2468
5559 0.246779
5560 0.246761
5561 0.246755
5562 0.246729
5563 0.246706
5564 0.246694
5565 0.246693
5567 0.246683
5568 0.24667
5569 0.246662
5570 0.246626
5571 0.246603
5572 0.246594
5573 0.246586
5574 0.246566
5575 0.246561
5577 0.24656
5578 0.246554
5583 0.246524
5584 0.246511
5586 0.246509
5587 0.246502
5588 0.246476
5589 0.246469
5591 0.246462
5593 0.246458
5595 0.246433
5596 0.246417
5597 0.246392
5598 0.246381
5599 0.246372
5600 0.246344
5601 0.246319
5602 0.246292
5603 0.246267
5604 0.246242
5605 0.246216
5606 0.246191
5607 0.246172
5610 0.246157
5611 0.246149
5613 0.246142
5615 0.246132
5617 0.246131
5618 0.24612
5620 0.246111
5621 0.246088
5622 0.246077
5627 0.246057
5629 0.246056
5630 0.246032
5631 0.246022
5632 0.246009
5633 0.246005
5635 0.24598
5637 0.245979
5638 0.245961
5639 0.245951
5640 0.24594
5643 0.245939
5645 0.245926
5646 0.245906
5647 0.245892
5648 0.245886
5651 0.245881
5654 0.245859
5655 0.245848
5656 0.245847
5657 0.245845
5662 0.245814
5663 0.245801
5664 0.245793
5666 0.24579
5668 0.245778
5669 0.24577
5670 0.245763
5671 0.245736
5672 0.24573
5673 0.245726
5674 0.245725
5675 0.245722
5676 0.245702
5677 0.245677
5678 0.24567
5681 0.245661
5682 0.245646
5683 0.245617
5684 0.245598
5685 0.245579
5686 0.245556
5687 0.245537
5688 0.245523
5689 0.245522
5691 0.245512
5692 0.245493
5693 0.245473
5695 0.245462
5696 0.245441
5697 0.245422
5698 0.245409
5699 0.245407
5700 0.245405
5701 0.245399
5705 0.245376
5706 0.245357
5707 0.245338
5708 0.245325
5709 0.245317
5711 0.245312
5712 0.245284
5713 0.245275
5714 0.245274
5716 0.245272
5717 0.245266
5721 0.245253
5722 0.24523
5723 0.245225
5724 0.245223
5725 0.245216
5726 0.245201
5727 0.245181
5728 0.245163
5729 0.245161
5731 0.245156
5735 0.245133
5736 0.245121
5737 0.245098
5738 0.24509
5740 0.245064
5741 0.245043
5742 0.245019
5743 0.245004
5744 0.244985
5745 0.244972
5746 0.244964
5748 0.244955
5750 0.244929
5751 0.244906
5752 0.244888
5753 0.244865
5754 0.24485
5755 0.24484
5756 0.244823
5757 0.244818
5761 0.244817
5762 0.244807
5763 0.244787
5766 0.244757
5767 0.24475
5769 0.244738
5770 0.244722
5775 0.244711
5776 0.244691
5777 0.244674
5778 0.244646
5779 0.244621
5780 0.244598
5781 0.244585
5782 0.244565
5783 0.244558
5784 0.244542
5785 0.244528
5786 0.244516
5787 0.244512
5788 0.244495
5789 0.244482
5790 0.244464
5791 0.244458
5792 0.244446
5793 0.244445
5794 0.244426
5795 0.244401
5796 0.244388
5797 0.244379
5798 0.244372
5800 0.244369
5801 0.244364
5805 0.244361
5806 0.244329
5807 0.244319
5812 0.244292
5813 0.244281
5814 0.244273
5815 0.24427
5816 0.244265
5818 0.244248
5819 0.244226
5821 0.24422
5822 0.244201
5823 0.244191
5824 0.244186
5825 0.244168
5827 0.244166
5830 0.244162
5832 0.244136
5833 0.244118
5834 0.244104
5835 0.244099
5838 0.244086
5839 0.244058
5840 0.244048
5841 0.244026
5842 0.244009
5843 0.243996
5844 0.24398
5845 0.243977
5846 0.243976
5847 0.243968
5849 0.24395
5850 0.243935
5851 0.243906
5852 0.243881
5853 0.243861
5854 0.243838
5855 0.243833
5856 0.243831
5857 0.243822
5858 0.243814
5860 0.243813
5862 0.243808
5863 0.243802
5864 0.243773
5865 0.243754
5866 0.243729
5867 0.243713
5868 0.243695
5870 0.243693
5871 0.243681
5872 0.243671
5873 0.243665
5876 0.243657
5877 0.24363
5878 0.243602
5879 0.243575
5880 0.243549
5881 0.243523
5882 0.243496
5883 0.243469
5884 0.243443
5885 0.243417
5886 0.243391
5887 0.243366
5888 0.243344
5889 0.243318
5890 0.2433
5891 0.243278
5892 0.243257
5893 0.243242
5894 0.243237
5896 0.243228
5898 0.243205
5899 0.243187
5901 0.243183
5902 0.243155
5903 0.243139
5904 0.243133
5905 0.243129
5909 0.243114
5910 0.243111
5911 0.243092
5912 0.243089
5914 0.243069
5915 0.243067
5917 0.243045
5918 0.243024
5919 0.243019
5920 0.243018
5923 0.243
5924 0.242986
5925 0.242984
5927 0.242959
5928 0.24294
5929 0.242936
5930 0.242932
5931 0.242909
5932 0.242882
5933 0.242857
5934 0.242831
5935 0.242807
5936 0.242782
5937 0.24276
5938 0.242738
5939 0.242728
5940 0.242712
5941 0.24271
5943 0.242689
5944 0.242674
5945 0.242653
5946 0.242625
5947 0.242603
5948 0.242588
5949 0.242577
5950 0.242572
5953 0.242565
5954 0.242548
5958 0.242524
5960 0.242523
5961 0.242517
5962 0.242498
5965 0.242481
5966 0.242468
5967 0.242464
5968 0.242462
5969 0.242459
5971 0.242427
5972 0.2424
5973 0.242375
5974 0.242363
5975 0.242357
5976 0.242349
5978 0.242338
5979 0.242334
5980 0.242327
5983 0.242295
5984 0.242271
5985 0.242255
5986 0.242248
5987 0.24224
5989 0.242237
5990 0.242229
5991 0.242227
5994 0.242214
5995 0.242192
5997 0.242191
5999 0.242188
6000 0.242168
6001 0.242162
6003 0.242161
6006 0.24216
6009 0.24215
6010 0.242148
6011 0.242137
6012 0.242111
6013 0.242103
6015 0.24208
6016 0.242065
6017 0.242058
6019 0.242041
6020 0.242024
6021 0.242015
6022 0.242008
6024 0.24199
6025 0.241959
6026 0.241932
6027 0.241905
6028 0.241879
6029 0.241854
6030 0.241828
6031 0.241802
6032 0.241788
6033 0.241775
6034 0.241769
6035 0.241767
6036 0.241763
6037 0.241762
6038 0.241758
6040 0.241748
6041 0.241733
6042 0.241698
6043 0.241674
6044 0.241651
6045 0.241631
6046 0.241609
6047 0.241596
6048 0.241574
6049 0.241548
6050 0.241523
6051 0.2415
6052 0.241477
6053 0.241458
6054 0.241453
6056 0.241448
6057 0.241427
6058 0.241408
6059 0.241386
6060 0.241379
6061 0.241371
6062 0.241353
6065 0.241337
6067 0.241321
6069 0.241318
6070 0.241305
6072 0.241302
6075 0.241274
6076 0.241255
6077 0.241245
6078 0.24123
6079 0.241228
6080 0.241223
6081 0.241212
6082 0.241191
6083 0.24117
6084 0.24115
6085 0.241142
6087 0.241136
6088 0.241102
6089 0.24108
6090 0.24107
6091 0.24105
6093 0.241046
6095 0.241041
6096 0.24103
6098 0.241027
6099 0.241024
6100 0.241012
6101 0.240996
6102 0.240993
6104 0.240985
6105 0.240972
6107 0.24096
6108 0.240937
6109 0.240925
6110 0.24092
6112 0.240906
6114 0.240904
6115 0.240886
6118 0.240879
6119 0.240877
6120 0.240875
6125 0.240864
6126 0.240832
6127 0.240817
6128 0.240814
6130 0.2408
6133 0.240792
6135 0.240787
6136 0.240786
6137 0.240766
6138 0.240738
6140 0.240736
6141 0.240735
6143 0.240722
6144 0.240719
6146 0.240699
6147 0.240696
6149 0.240689
6150 0.240674
6151 0.240668
6153 0.240656
6154 0.24063
6155 0.240619
6156 0.24061
6158 0.240605
6165 0.240583
6166 0.24056
6168 0.240555
6169 0.24054
6170 0.240524
6171 0.240512
6172 0.240497
6173 0.240486
6174 0.240477
6175 0.240472
6177 0.240452
6178 0.240435
6179 0.240424
6180 0.240418
6181 0.240405
6182 0.240385
6183 0.240378
6186 0.240373
6189 0.240361
6192 0.24035
6193 0.240324
6194 0.240315
6197 0.240307
6199 0.2403
6200 0.240299
6201 0.240275
6202 0.240268
6203 0.240256
6205 0.24025
6206 0.240229
6209 0.240202
6210 0.240189
6211 0.240185
6213 0.240178
6214 0.240159
6215 0.240147
6219 0.240146
6222 0.240115
6223 0.240098
6224 0.240078
6225 0.24007
6226 0.240062
6232 0.240042
6233 0.24003
6234 0.240013
6236 0.240006
6239 0.239982
6240 0.239965
6241 0.239963
6242 0.239962
6243 0.239959
6244 0.239958
6245 0.239937
6246 0.239931
6247 0.239898
6248 0.23988
6249 0.239871
6251 0.239858
6252 0.239856
6257 0.239839
6260 0.239812
6261 0.239795
6265 0.239791
6266 0.23978
6267 0.239779
6268 0.23977
6270 0.239749
6271 0.239746
6273 0.23974
6274 0.239711
6275 0.239687
6276 0.23968
6278 0.239675
6279 0.239674
6280 0.239673
6281 0.239672
6282 0.239668
6285 0.239636
6286 0.239621
6287 0.239597
6288 0.239586
6290 0.239582
6292 0.239577
6293 0.239565
6294 0.239563
6296 0.239562
6297 0.239536
6298 0.239528
6299 0.239509
6300 0.2395
6301 0.23947
6302 0.239456
6303 0.239445
6304 0.239436
6305 0.239435
6306 0.239432
6307 0.239419
6308 0.239414
6309 0.2394
6314 0.239369
6315 0.239349
6316 0.239337
6317 0.239327
6318 0.239324
6320 0.239315
6321 0.23931
6323 0.239298
6324 0.239289
6325 0.239279
6326 0.239272
6329 0.23924
6330 0.23923
6331 0.239227
6333 0.239222
6335 0.239219
6336 0.239217
6338 0.239211
6339 0.239187
6340 0.239166
6341 0.239155
6342 0.239126
6343 0.239116
6344 0.239104
6345 0.2391
6346 0.239098
6350 0.239097
6351 0.23907
6352 0.239053
6354 0.239047
6355 0.239023
6356 0.239013
6357 0.239002
6358 0.238991
6359 0.23899
6360 0.238988
6361 0.238977
6362 0.238975
6363 0.238954
6364 0.23895
6365 0.238918
6366 0.238897
6367 0.238886
6368 0.23887
6369 0.238864
6370 0.238863
6371 0.238861
6372 0.238859
6373 0.238834
6374 0.238807
6375 0.238779
6376 0.238753
6377 0.238726
6378 0.238699
6379 0.238672
6380 0.238645
6381 0.238618
6382 0.238591
6383 0.238564
6384 0.238537
6385 0.23851
6386 0.238483
6387 0.238457
6388 0.238454
6390 0.23844
6391 0.238432
6394 0.238417
6395 0.238412
6397 0.238405
6398 0.238394
6399 0.238388
6400 0.238356
6401 0.238334
6402 0.238328
6404 0.238311
6405 0.2383
6406 0.238286
6407 0.238272
6408 0.238253
6410 0.238251
6412 0.23825
6413 0.238223
6414 0.238199
6415 0.23818
6416 0.238172
6417 0.238161
6418 0.238143
6419 0.23813
6422 0.238102
6423 0.238093
6426 0.238088
6431 0.238073
6432 0.238051
6433 0.238039
6434 0.238017
6436 0.238016
6437 0.237997
6438 0.237992
6441 0.237991
6442 0.237984
6443 0.237982
6444 0.237969
6447 0.237938
6448 0.237926
6449 0.237924
6451 0.237919
6452 0.237917
6453 0.237897
6454 0.237887
6455 0.237868
6456 0.237839
6457 0.237819
6458 0.237805
6461 0.237789
6462 0.237782
6463 0.237778
6464 0.237775
6465 0.237769
6468 0.237741
6469 0.237733
6472 0.23773
6473 0.237729
6474 0.237726
6476 0.237698
6477 0.237682
6478 0.237672
6480 0.237659
6481 0.237635
6483 0.237634
6484 0.237621
6485 0.237615
6486 0.237613
6489 0.237596
6490 0.237581
6495 0.237556
6496 0.237544
6497 0.237539
6499 0.237536
6503 0.237509
6504 0.237508
6505 0.237507
6506 0.237503
6507 0.2375
6509 0.237491
6510 0.237469
6511 0.23746
6512 0.237455
6514 0.237454
6515 0.237451
6517 0.237446
6518 0.237418
6521 0.237403
6522 0.237398
6526 0.237385
6527 0.237365
6528 0.237355
6529 0.237351
6530 0.237333
6531 0.23732
6532 0.237313
6537 0.237312
6538 0.237285
6539 0.237274
6540 0.237272
6541 0.23727
6544 0.237247
6545 0.237229
6546 0.237224
6548 0.237219
6550 0.237214
6552 0.237207
6553 0.237178
6554 0.237164
6555 0.237157
6556 0.237156
6557 0.23715
6558 0.237131
6564 0.237128
6565 0.237096
6566 0.237093
6570 0.23707
6571 0.237069
6573 0.237048
6574 0.237039
6575 0.237038
6576 0.237037
6577 0.237035
6578 0.237008
6579 0.236984
6580 0.236979
6581 0.236966
6583 0.236965
6584 0.236957
6586 0.236933
6587 0.23692
6588 0.236916
6590 0.236912
6591 0.236904
6592 0.236895
6593 0.236865
6594 0.236853
6595 0.236836
6596 0.236818
6597 0.236809
6598 0.236804
6599 0.236798
6600 0.236779
6601 0.236759
6602 0.236753
6603 0.236749
6604 0.236743
6605 0.236719
6606 0.236699
6607 0.236686
6608 0.236669
6609 0.236656
6611 0.236652
6612 0.236634
6613 0.236611
6614 0.236607
6615 0.236606
6616 0.236604
6618 0.236601
6619 0.236596
6620 0.236594
6621 0.236578
6622 0.23655
6623 0.236527
6624 0.23651
6625 0.236498
6626 0.236497
6627 0.236477
6628 0.236451
6629 0.236428
6630 0.236425
6632 0.2364
6633 0.236396
6635 0.23637
6636 0.236359
6637 0.236353
6638 0.236352
6640 0.236351
6641 0.236339
6642 0.23633
6643 0.236329
6646 0.236326
6647 0.236294
6648 0.236269
6649 0.236251
6650 0.236236
6651 0.236222
6652 0.236211
6655 0.236193
6657 0.236192
6659 0.236171
6660 0.236159
6661 0.236155
6662 0.236153
6664 0.236144
6665 0.236121
6666 0.236102
6667 0.23609
6668 0.236081
6669 0.236075
6670 0.23605
6671 0.236031
6673 0.23603
6674 0.236006
6675 0.236002
6676 0.236
6677 0.235972
6678 0.235965
6680 0.235964
6683 0.235953
6685 0.235949
6686 0.235923
6689 0.2359
6690 0.235881
6692 0.23588
6693 0.235871
6695 0.235862
6696 0.235856
6697 0.235851
6698 0.235827
6699 0.235816
6700 0.235809
6701 0.235797
6702 0.235772
6703 0.235756
6704 0.235734
6705 0.235712
6706 0.235692
6707 0.235672
6708 0.235653
6709 0.235647
6710 0.235636
6711 0.235621
6712 0.235603
6713 0.235583
6714 0.235567
6715 0.235563
6716 0.235551
6719 0.23554
6720 0.235536
6721 0.235505
6722 0.235484
6723 0.235478
6724 0.235474
6725 0.235462
6727 0.23546
6728 0.23545
6729 0.235443
6730 0.235436
6732 0.23542
6733 0.235392
6734 0.235374
6735 0.235348
6736 0.235329
6737 0.235304
6738 0.235282
6739 0.235259
6740 0.235238
6741 0.235232
6743 0.235219
6744 0.235201
6745 0.235189
6746 0.235184
6748 0.23517
6749 0.235163
6750 0.23516
6751 0.235132
6752 0.235105
6753 0.235078
6754 0.235051
6755 0.235024
6756 0.234997
6757 0.234971
6758 0.234958
6761 0.234952
6763 0.234944
6764 0.234919
6765 0.234909
6766 0.234908
6770 0.234881
6771 0.234856
6772 0.234847
6773 0.234832
6774 0.23482
6776 0.234795
6777 0.234771
6778 0.234749
6779 0.234734
6780 0.234714
6783 0.234689
6784 0.234673
6785 0.234669
6787 0.234656
6788 0.234643
6789 0.234639
6790 0.23462
6793 0.234598
6794 0.234582
6795 0.234563
6796 0.234556
6799 0.234554
6801 0.234545
6802 0.234521
6803 0.234512
6804 0.234503
6806 0.234487
6807 0.23448
6808 0.234479
6809 0.234478
6810 0.234442
6811 0.234436
6812 0.234434
6813 0.234416
6814 0.234402
6815 0.234392
6817 0.234389
6820 0.234386
6821 0.234369
6822 0.234345
6823 0.234318
6824 0.234293
6825 0.234269
6826 0.234243
6827 0.234219
6828 0.234199
6829 0.234182
6830 0.234161
6831 0.234136
6832 0.234127
6833 0.234122
6835 0.234121
6836 0.23412
6837 0.234113
6838 0.234112
6839 0.234097
6840 0.234072
6841 0.234054
6842 0.234033
6845 0.234015
6846 0.233991
6849 0.233983
6851 0.233974
6852 0.233973
6854 0.23395
6855 0.233945
6857 0.233944
6858 0.233927
6859 0.233923
6860 0.23391
6861 0.233905
6862 0.233904
6863 0.233874
6864 0.233857
6865 0.233853
6867 0.233829
6868 0.233817
6869 0.233815
6870 0.233804
6871 0.233797
6872 0.233779
6873 0.233774
6875 0.233745
6876 0.233729
6877 0.233721
6878 0.233717
6879 0.23371
6880 0.233702
6881 0.233684
6884 0.233673
6885 0.233653
6886 0.233641
6887 0.233625
6889 0.233624
6891 0.233614
6892 0.233603
6893 0.233584
6894 0.233576
6895 0.233566
6896 0.23356
6898 0.233556
6899 0.233538
6902 0.233509
6903 0.233491
6904 0.233489
6909 0.233488
6910 0.233473
6912 0.233464
6913 0.233444
6914 0.233427
6917 0.233412
6918 0.233406
6922 0.233396
6923 0.233388
6924 0.233385
6925 0.233382
6928 0.233353
6929 0.233333
6930 0.233329
6936 0.23332
6938 0.23331
6939 0.233287
6940 0.233282
6941 0.23328
6942 0.23326
6943 0.233243
6944 0.233228
6945 0.233209
6948 0.233188
6949 0.233172
6950 0.233152
6951 0.233133
6954 0.23313
6955 0.233125
6956 0.233108
6957 0.233092
6958 0.233073
6959 0.233057
6960 0.233044
6961 0.233017
6962 0.233007
6963 0.232984
6964 0.232967
6965 0.232952
6966 0.232949
6968 0.232946
6970 0.232916
6971 0.232897
6972 0.232895
6973 0.232893
6974 0.232868
6975 0.232867
6976 0.232862
6978 0.232854
6979 0.232839
6980 0.232816
6981 0.232809
6982 0.232806
6983 0.232789
6984 0.232784
6986 0.232775
6988 0.232758
6989 0.232737
6990 0.232724
6991 0.232717
6992 0.232714
6995 0.232708
6998 0.232681
6999 0.232673
7000 0.232656
7001 0.232647
7004 0.232636
7007 0.232621
7008 0.23262
7009 0.232601
7010 0.232584
7011 0.232568
7012 0.232558
7013 0.232554
7015 0.232533
7016 0.232523
7017 0.232505
7018 0.232497
7020 0.23248
7021 0.23247
7024 0.232464
7025 0.232437
7026 0.232431
7028 0.232424
7029 0.232416
7030 0.232413
7033 0.232399
7034 0.232377
7035 0.232369
7037 0.232368
7038 0.232359
7039 0.232332
7040 0.232331
7041 0.232326
7045 0.23232
7046 0.232296
7047 0.232276
7048 0.232269
7051 0.23225
7052 0.23224
7054 0.232235
7055 0.232225
7056 0.232219
7057 0.232197
7058 0.23219
7059 0.232188
7060 0.232176
7061 0.232175
7062 0.23217
7063 0.232153
7064 0.232134
7066 0.232133
7067 0.232111
7068 0.232093
7069 0.232077
7072 0.232072
7075 0.23207
7076 0.232049
7077 0.232032
7078 0.232028
7079 0.232027
7081 0.232017
7082 0.232002
7083 0.231982
7084 0.231978
7086 0.231974
7088 0.231957
7090 0.231955
7091 0.231951
7092 0.231941
7093 0.231923
7094 0.231913
7095 0.2319
7096 0.231879
7097 0.23187
7099 0.231868
7104 0.23184
7105 0.231826
7106 0.23182
7108 0.231812
7111 0.231809
7113 0.231788
7115 0.231779
7116 0.231778
7117 0.231758
7118 0.231737
7119 0.231731
7120 0.231723
7121 0.231711
7122 0.2317
7123 0.231674
7124 0.231651
7125 0.231626
7126 0.231609
7127 0.231597
7128 0.231581
7129 0.231562
7130 0.231534
7131 0.231511
7132 0.231489
7133 0.231464
7134 0.23144
7135 0.231418
7136 0.231399
7137 0.231385
7138 0.231382
7139 0.231381
7140 0.231369
7141 0.231363
7142 0.231332
7143 0.23131
7144 0.231286
7145 0.231269
7146 0.231254
7147 0.231242
7148 0.231233
7150 0.231229
7152 0.231223
7154 0.231221
7155 0.231198
7156 0.231195
7160 0.231167
7163 0.231154
7164 0.231149
7165 0.231147
7166 0.231137
7167 0.231132
7168 0.231104
7169 0.23109
7170 0.231074
7173 0.231054
7174 0.23103
7175 0.231015
7176 0.230989
7177 0.230962
7178 0.230936
7179 0.230913
7180 0.230887
7181 0.230862
7182 0.230838
7183 0.230813
7184 0.230788
7185 0.23077
7186 0.23075
7187 0.230739
7188 0.230732
7189 0.230729
7191 0.230717
7192 0.230716
7194 0.230685
7195 0.230663
7196 0.23065
7197 0.230629
7199 0.230628
7201 0.230624
7202 0.230617
7203 0.230616
7205 0.230615
7206 0.230593
7207 0.230592
7211 0.230564
7212 0.230553
7214 0.230543
7216 0.230537
7219 0.230531
7220 0.23051
7221 0.230504
7223 0.230502
7229 0.230471
7230 0.230456
7231 0.230447
7232 0.230444
7233 0.230439
7234 0.230419
7235 0.230404
7236 0.2304
7238 0.230387
7240 0.230385
7241 0.230369
7243 0.230355
7244 0.230341
7245 0.23033
7246 0.230319
7247 0.2303
7248 0.230278
7249 0.230254
7250 0.23024
7251 0.230215
7252 0.230192
7253 0.230172
7254 0.23015
7255 0.230127
7256 0.230103
7257 0.230086
7258 0.230062
7259 0.230037
7260 0.230013
7261 0.229989
7262 0.229966
7263 0.229948
7264 0.229926
7265 0.229908
7266 0.229889
7267 0.229866
7268 0.229842
7269 0.229818
7270 0.229794
7271 0.229772
7272 0.229754
7273 0.229741
7274 0.229727
7275 0.229705
7276 0.229685
7277 0.229661
7278 0.229636
7279 0.229612
7280 0.22959
7281 0.229572
7282 0.229557
7283 0.229536
7284 0.229513
7285 0.2295
7288 0.229491
7289 0.229489
7290 0.229461
7291 0.229432
7292 0.229405
7293 0.229383
7294 0.229363
7295 0.229357
7296 0.229355
7297 0.229351
7298 0.22933
7299 0.229313
7300 0.229297
7302 0.229294
7303 0.229272
7304 0.229264
7305 0.22925
7306 0.229241
7307 0.229221
7310 0.229207
7311 0.229187
7312 0.229185
7314 0.22917
7315 0.229156
7316 0.229134
7319 0.229112
7320 0.229094
7321 0.229084
7322 0.229082
7326 0.229074
7327 0.22906
7328 0.229035
7329 0.229023
7331 0.229022
7332 0.22902
7334 0.229012
7335 0.22899
7336 0.228986
7338 0.228978
7340 0.228972
7343 0.228946
7344 0.228937
7345 0.228929
7346 0.228916
7347 0.228905
7348 0.228904
7349 0.2289
7350 0.228878
7352 0.228873
7355 0.228848
7356 0.228831
7357 0.228812
7358 0.228801
7359 0.228791
7360 0.228788
7361 0.228778
7363 0.228771
7364 0.228747
7365 0.228728
7366 0.228721
7368 0.228715
7369 0.228708
7371 0.228704
7373 0.228698
7374 0.228669
7375 0.228658
7376 0.228657
7377 0.228645
7378 0.228625
7379 0.228613
7380 0.228595
7381 0.228593
7382 0.22859
7385 0.228574
7386 0.228554
7387 0.228528
7388 0.228522
7390 0.228512
7393 0.228485
7394 0.228476
7395 0.228466
7396 0.228463
7397 0.22846
7399 0.228434
7400 0.228409
7401 0.228388
7402 0.228368
7403 0.228357
7406 0.228337
7407 0.22833
7408 0.228313
7409 0.228308
7411 0.2283
7412 0.228289
7415 0.228273
7416 0.228256
7418 0.228251
7419 0.228229
7421 0.228226
7422 0.228213
7423 0.22821
7426 0.228207
7427 0.228193
7428 0.228176
7429 0.22817
7430 0.228167
7431 0.228154
7432 0.228141
7433 0.228134
7435 0.228118
7436 0.228094
7437 0.22809
7439 0.228077
7440 0.228075
7442 0.228071
7447 0.228064
7448 0.228027
7449 0.228013
7450 0.228011
7451 0.228008
7454 0.227985
7455 0.227971
7456 0.227959
7457 0.227954
7459 0.227949
7460 0.227947
7461 0.227927
7462 0.227897
7463 0.227873
7464 0.227852
7465 0.227833
7466 0.227807
7467 0.227784
7468 0.22776
7469 0.227738
7470 0.227727
7471 0.227722
7472 0.22772
7475 0.227694
7476 0.227666
7477 0.227653
7478 0.227638
7479 0.227637
7480 0.227636
7482 0.227622
7483 0.227616
7484 0.227613
7485 0.227605
7486 0.227604
7487 0.227597
7488 0.227572
7489 0.22757
7491 0.227544
7492 0.227526
7493 0.227506
7494 0.227503
7496 0.227499
7498 0.227493
7500 0.227466
7501 0.227441
7502 0.22742
7505 0.227403
7507 0.227401
7508 0.227397
7512 0.227384
7513 0.227382
7515 0.227349
7516 0.227322
7517 0.227296
7518 0.227272
7519 0.227246
7520 0.227222
7521 0.227205
7522 0.227199
7523 0.227188
7524 0.227185
7525 0.227167
7526 0.227157
7528 0.227156
7529 0.227144
7530 0.22712
7531 0.227093
7532 0.227068
7533 0.227048
7534 0.227025
7535 0.227006
7536 0.226983
7537 0.226978
7540 0.226973
7541 0.226967
7542 0.226945
7543 0.226933
7544 0.226919
7545 0.226901
7546 0.226896
7547 0.226893
7548 0.226882
7549 0.226878
7553 0.226853
7554 0.226827
7555 0.226817
7556 0.226815
7557 0.226812
7558 0.226805
7559 0.226787
7560 0.226769
7561 0.226763
7563 0.226753
7565 0.226752
7566 0.226728
7567 0.226708
7568 0.226703
7569 0.226696
7571 0.226673
7572 0.226653
7573 0.226643
7574 0.226637
7576 0.226629
7578 0.226624
7580 0.226614
7581 0.226583
7582 0.226575
7583 0.226573
7584 0.226569
7585 0.226564
7587 0.226562
7588 0.226537
7589 0.226522
7594 0.226504
7595 0.226481
7596 0.22646
7597 0.226451
7598 0.226444
7599 0.226434
7600 0.226408
7601 0.226385
7602 0.226367
7603 0.226349
7605 0.226348
7606 0.226339
7607 0.226337
7609 0.226306
7610 0.226286
7611 0.226281
7613 0.22627
7614 0.226263
7617 0.226239
7618 0.226218
7619 0.226205
7622 0.226184
7623 0.226159
7624 0.226148
7625 0.22614
7626 0.226138
7627 0.226132
7628 0.226117
7629 0.226091
7630 0.226067
7631 0.226051
7632 0.226034
7633 0.22602
7634 0.226015
7635 0.226005
7636 0.225986
7637 0.225977
7638 0.225958
7640 0.225957
7641 0.225953
7643 0.225932
7645 0.225926
7647 0.225922
7648 0.225901
7649 0.225896
7651 0.22589
7656 0.225864
7657 0.225848
7659 0.225846
7660 0.225842
7661 0.22583
7664 0.225829
7667 0.225816
7668 0.225787
7669 0.225769
7670 0.225757
7672 0.225755
7675 0.225742
7676 0.225719
7677 0.225705
7678 0.225699
7679 0.225696
7680 0.225675
7681 0.225663
7682 0.225643
7683 0.225618
7684 0.225613
7686 0.225607
7688 0.225596
7689 0.225573
7691 0.225572
7695 0.22557
7696 0.225544
7697 0.22552
7698 0.225506
7701 0.22549
7702 0.22548
7703 0.225472
7705 0.225469
7706 0.225467
7707 0.225454
7709 0.225433
7710 0.225416
7711 0.225402
7712 0.225381
7713 0.225365
7714 0.225346
7715 0.225327
7716 0.225308
7717 0.225299
7718 0.225294
7720 0.225288
7722 0.225262
7723 0.22525
7724 0.225229
7725 0.22522
7726 0.225215
7728 0.225208
7730 0.225203
7731 0.225176
7732 0.225164
7733 0.225162
7735 0.225156
7736 0.225155
7737 0.22515
7740 0.225115
7741 0.22511
7742 0.225109
7743 0.22509
7744 0.225075
7746 0.225073
7747 0.225061
7748 0.225058
7751 0.225047
7752 0.225024
7753 0.225002
7754 0.224995
7755 0.224989
7757 0.224974
7758 0.224942
7759 0.224925
7760 0.224915
7761 0.224909
7763 0.224897
7764 0.224896
7765 0.22489
7766 0.224883
7767 0.224853
7768 0.224843
7769 0.224841
7771 0.22481
7772 0.224789
7775 0.224786
7778 0.224781
7779 0.224772
7780 0.224771
7781 0.22477
7783 0.224744
7784 0.224734
7785 0.224704
7786 0.224695
7787 0.224693
7790 0.224688
7792 0.224674
7793 0.224666
7794 0.224651
7795 0.22464
7798 0.224611
7799 0.224588
7800 0.224577
7801 0.224563
7802 0.224534
7803 0.224508
7804 0.224486
7805 0.224463
7806 0.224448
7807 0.224422
7808 0.224395
7809 0.224369
7810 0.224343
7811 0.224317
7812 0.224291
7813 0.224267
7814 0.22424
7815 0.224215
7816 0.22419
7817 0.224168
7818 0.224143
7819 0.224125
7820 0.224114
7821 0.224097
7822 0.224078
7823 0.224054
7824 0.224026
7825 0.224
7826 0.223973
7827 0.223947
7828 0.223921
7829 0.223898
7830 0.223874
7831 0.22385
7832 0.223825
7833 0.223798
7834 0.223772
7835 0.223748
7836 0.223721
7837 0.223695
7838 0.223672
7839 0.223656
7840 0.223647
7841 0.223632
7842 0.223618
7843 0.223591
7844 0.223565
7845 0.223539
7846 0.223516
7847 0.223487
7848 0.223461
7849 0.223434
7850 0.223408
7851 0.223382
7852 0.22336
7853 0.223341
7854 0.22333
7857 0.223319
7858 0.223316
7860 0.223284
7861 0.223258
7862 0.223253
7864 0.223233
7865 0.223225
7868 0.223216
7869 0.223215
7870 0.223213
7872 0.223188
7873 0.223166
7874 0.223146
7875 0.223124
7876 0.223103
7877 0.223082
7878 0.223076
7880 0.223069
7881 0.223044
7882 0.223037
7884 0.223034
7885 0.223012
7886 0.223003
7887 0.222995
7890 0.222972
7891 0.22296
7892 0.222946
7894 0.222945
7895 0.222919
7896 0.222912
7897 0.222897
7898 0.222885
7902 0.22288
7903 0.222869
7904 0.222855
7905 0.222837
7907 0.222813
7908 0.222795
7909 0.222789
7913 0.222765
7914 0.222757
7916 0.222752
7918 0.222738
7919 0.222725
7920 0.222718
7921 0.222686
7922 0.222678
7923 0.222658
7924 0.222641
7925 0.222623
7926 0.2226
7927 0.222571
7928 0.222544
7929 0.222518
7930 0.222495
7931 0.222469
7932 0.222445
7933 0.222424
7934 0.2224
7935 0.222377
7936 0.222355
7937 0.22233
7938 0.222309
7939 0.222288
7940 0.222264
7941 0.222242
7942 0.222225
7943 0.222203
7944 0.22218
7945 0.222155
7946 0.222142
7947 0.222114
7948 0.222092
7949 0.222075
7950 0.222066
7951 0.22205
7952 0.222041
7953 0.222028
7954 0.221998
7955 0.221971
7956 0.221944
7957 0.221919
7958 0.221901
7959 0.221878
7960 0.221855
7961 0.221836
7962 0.221812
7963 0.221792
7964 0.22177
7965 0.221753
7966 0.221731
7967 0.221712
7968 0.2217
7969 0.221694
7971 0.221691
7972 0.221684
7974 0.221683
7975 0.22166
7976 0.221635
7977 0.221608
7978 0.221586
7979 0.221564
7980 0.221547
7981 0.221544
7983 0.221541
7985 0.221533
7986 0.22153
7987 0.22151
7988 0.221481
7989 0.221455
7990 0.221433
7991 0.221412
7992 0.221394
7993 0.221381
7994 0.221361
7997 0.221359
7999 0.221352
8000 0.221349
8001 0.221322
8002 0.221296
8003 0.221271
8004 0.221248
8005 0.221231
8006 0.22121
8007 0.221204
8008 0.221182
8009 0.221156
8010 0.221134
8011 0.221117
8014 0.221111
8016 0.221097
8017 0.221079
8018 0.221067
8019 0.221048
8021 0.221045
8022 0.221024
8023 0.221018
8024 0.221007
8025 0.220984
8026 0.220982
8028 0.22098
8030 0.22096
8031 0.220935
8032 0.220919
8033 0.220903
8034 0.220885
8035 0.220866
8037 0.220865
8038 0.220839
8039 0.220826
8040 0.220811
8041 0.220792
8042 0.220772
8043 0.220754
8044 0.220742
8045 0.220736
8046 0.220734
8047 0.220717
8048 0.220705
8050 0.220704
8051 0.220678
8052 0.220656
8053 0.22064
8054 0.220618
8055 0.2206
8056 0.220597
8060 0.220579
8062 0.220577
8063 0.220554
8064 0.220532
8065 0.22053
8066 0.220525
8067 0.220518
8068 0.220512
8069 0.22051
8070 0.220495
8071 0.220482
8073 0.22048
8075 0.220457
8076 0.22043
8077 0.220408
8078 0.220393
8079 0.220384
8080 0.220375
8081 0.220374
8084 0.220354
8085 0.220336
8086 0.220313
8087 0.220287
8088 0.220262
8089 0.220238
8090 0.220222
8091 0.220203
8092 0.220177
8093 0.220155
8094 0.220129
8095 0.220104
8096 0.22008
8097 0.220057
8098 0.220047
8101 0.220044
8103 0.220017
8104 0.219993
8105 0.219977
8106 0.219971
8107 0.219967
8108 0.219945
8109 0.219923
8110 0.219905
8111 0.219891
8112 0.219881
8114 0.219878
8115 0.219854
8116 0.219835
8117 0.219822
8118 0.219815
8120 0.219812
8121 0.21981
8122 0.219802
8124 0.219793
8125 0.219769
8126 0.21976
8127 0.219756
8128 0.219734
8129 0.219725
8130 0.219711
8133 0.219699
8134 0.21968
8135 0.219679
8136 0.219677
8137 0.219657
8138 0.219653
8139 0.219631
8140 0.219614
8141 0.219609
8142 0.219605
8145 0.21958
8146 0.219563
8147 0.219559
8149 0.219558
8150 0.219548
8151 0.219537
8152 0.219523
8153 0.219515
8155 0.219498
8156 0.219489
8157 0.219488
8158 0.219467
8159 0.219444
8160 0.219437
8162 0.21943
8164 0.219421
8165 0.219403
8166 0.219376
8167 0.219355
8168 0.219344
8169 0.219334
8170 0.219323
8171 0.219293
8172 0.219279
8173 0.219273
8174 0.219271
8175 0.21926
8177 0.219259
8178 0.219243
8179 0.219222
8180 0.219213
8181 0.21921
8183 0.219181
8184 0.219167
8185 0.219151
8186 0.219147
8187 0.219146
8189 0.219141
8192 0.219127
8193 0.219105
8194 0.219093
8195 0.219084
8196 0.21908
8197 0.219079
8199 0.219072
8200 0.219044
8201 0.219039
8203 0.219032
8204 0.219029
8205 0.219023
8207 0.219022
8209 0.219015
8210 0.218988
8211 0.218977
8212 0.21896
8213 0.218943
8214 0.21893
8216 0.218929
8218 0.218918
8219 0.218915
8221 0.218896
8222 0.218874
8223 0.218856
8224 0.21885
8226 0.218839
8227 0.218833
8228 0.218811
8229 0.218805
8230 0.218803
8231 0.218781
8232 0.218776
8233 0.218774
8234 0.218766
8235 0.218754
8237 0.218738
8238 0.218722
8239 0.218721
8241 0.2187
8242 0.218695
8243 0.218694
8244 0.21869
8246 0.218681
8249 0.218677
8250 0.218645
8251 0.218638
8253 0.218629
8254 0.218616
8255 0.218606
8256 0.218605
8257 0.218599
8259 0.218596
8260 0.218577
8262 0.218551
8263 0.218535
8264 0.218522
8266 0.21852
8268 0.218519
8269 0.218514
8271 0.218505
8273 0.21848
8274 0.218468
8277 0.218443
8278 0.218433
8279 0.218419
8280 0.218414
8282 0.218408
8283 0.218407
8284 0.218399
8285 0.218387
8288 0.218358
8289 0.218339
8290 0.218317
8291 0.218302
8292 0.218276
8293 0.218253
8294 0.218229
8295 0.218203
8296 0.218179
8297 0.218153
8298 0.218129
8299 0.218107
8300 0.218082
8301 0.218059
8302 0.218051
8303 0.218042
8308 0.21801
8309 0.217991
8310 0.217979
8313 0.217963
8314 0.217947
8315 0.217933
8318 0.217931
8319 0.217924
8321 0.217911
8322 0.217885
8323 0.217877
8324 0.21786
8325 0.217841
8326 0.217816
8327 0.217799
8328 0.217792
8331 0.217788
8332 0.217784
8334 0.217776
8335 0.217752
8336 0.217749
8337 0.217747
8338 0.217742
8340 0.217732
8341 0.217731
8342 0.217729
8343 0.2177
8346 0.217683
8347 0.217674
8348 0.217653
8349 0.217632
8350 0.217627
8351 0.217623
8352 0.217611
8353 0.217589
8354 0.217566
8355 0.217549
8356 0.217544
8358 0.217522
8359 0.217521
8361 0.217487
8362 0.217466
8363 0.217452
8364 0.217451
8366 0.217434
8367 0.217422
8368 0.217419
8370 0.217416
8371 0.217412
8374 0.217383
8375 0.217356
8376 0.217341
8377 0.217328
8378 0.217327
8379 0.217324
8381 0.217323
8382 0.217319
8383 0.217318
8384 0.217311
8386 0.21729
8387 0.217282
8389 0.217274
8392 0.217251
8393 0.217247
8394 0.217246
8395 0.217242
8397 0.217233
8398 0.217224
8400 0.21722
8401 0.217192
8402 0.217176
8403 0.217167
8404 0.217162
8406 0.217147
8407 0.217143
8408 0.217142
8409 0.217108
8410 0.217079
8411 0.217059
8412 0.217043
8413 0.217026
8415 0.217025
8416 0.21702
8417 0.217018
8419 0.21701
8422 0.216988
8425 0.216987
8427 0.216957
8428 0.216942
8429 0.216928
8430 0.216924
8432 0.216911
8433 0.216905
8435 0.216882
8436 0.216864
8437 0.216844
8438 0.21682
8439 0.216798
8440 0.216772
8441 0.216751
8442 0.216726
8443 0.216701
8444 0.216677
8445 0.216659
8446 0.216636
8447 0.216618
8448 0.216599
8449 0.216591
8450 0.21659
8451 0.216564
8452 0.216541
8453 0.216516
8454 0.216494
8455 0.216471
8456 0.216452
8457 0.21645
8459 0.216425
8460 0.216401
8461 0.216383
8462 0.216369
8463 0.216356
8464 0.216344
8465 0.216317
8466 0.216297
8467 0.216273
8468 0.216252
8469 0.216236
8470 0.21621
8471 0.216198
8472 0.216193
8473 0.21619
8474 0.216188
8477 0.216168
8480 0.216146
8482 0.216145
8483 0.216118
8484 0.216101
8487 0.216081
8488 0.216079
8490 0.216064
8493 0.216044
8494 0.216027
8495 0.216011
8496 0.215983
8497 0.215961
8498 0.215942
8499 0.215929
8500 0.215923
8502 0.215906
8503 0.215897
8504 0.215889
8505 0.21588
8508 0.215849
8509 0.215842
8510 0.215841
8512 0.21584
8513 0.215838
8514 0.215835
8515 0.215834
8517 0.215817
8520 0.21579
8521 0.215776
8522 0.215769
8523 0.215746
8524 0.215739
8525 0.215738
8526 0.215735
8528 0.215715
8529 0.215699
8530 0.215689
8531 0.215666
8532 0.215646
8533 0.215619
8534 0.215602
8535 0.215578
8536 0.215555
8537 0.215528
8538 0.215502
8539 0.21548
8540 0.215455
8541 0.215436
8542 0.215429
8544 0.215421
8548 0.215405
8549 0.215383
8550 0.215359
8551 0.215345
8552 0.215316
8553 0.215292
8554 0.215278
8555 0.21527
8556 0.215269
8557 0.215252
8558 0.215244
8559 0.215241
8560 0.21524
8561 0.215217
8562 0.215197
8563 0.21517
8564 0.215146
8565 0.215135
8566 0.215104
8567 0.215082
8568 0.215064
8569 0.215039
8570 0.215013
8571 0.214987
8572 0.214961
8573 0.214936
8574 0.214922
8575 0.214906
8576 0.214894
8577 0.214883
8578 0.21486
8579 0.214848
8581 0.214847
8582 0.214821
8583 0.214795
8584 0.21477
8585 0.214746
8586 0.214721
8587 0.214697
8588 0.214677
8589 0.214659
8590 0.21464
8591 0.214626
8592 0.214614
8593 0.214591
8594 0.214569
8595 0.214543
8596 0.214516
8597 0.214489
8598 0.214462
8599 0.214435
8600 0.214408
8601 0.214381
8602 0.214354
8603 0.214327
8604 0.2143
8605 0.214273
8606 0.214247
8607 0.214221
8608 0.214197
8609 0.214172
8610 0.214146
8611 0.214119
8612 0.214092
8613 0.214066
8614 0.214039
8615 0.214012
8616 0.213985
8617 0.213959
8618 0.213933
8619 0.213906
8620 0.213879
8621 0.213852
8622 0.213826
8623 0.213805
8624 0.213791
8625 0.213776
8626 0.213768
8627 0.21376
8629 0.213753
8631 0.21373
8632 0.213706
8633 0.213682
8634 0.21366
8635 0.213644
8636 0.213627
8637 0.213612
8638 0.213605
8639 0.2136
8640 0.213576
8641 0.213553
8642 0.213532
8643 0.213513
8644 0.2135
8645 0.213479
8646 0.213452
8647 0.21343
8648 0.21341
8649 0.213399
8650 0.213389
8651 0.213384
8652 0.213381
8653 0.213367
8654 0.213365
8657 0.213363
8658 0.213334
8659 0.213314
8661 0.213312
8662 0.213291
8663 0.213281
8664 0.213272
8665 0.21327
8666 0.213255
8667 0.213242
8669 0.213238
8670 0.213214
8671 0.213197
8672 0.213176
8673 0.21317
8674 0.213146
8675 0.213124
8676 0.21311
8677 0.213103
8678 0.213089
8681 0.213069
8682 0.213051
8684 0.213046
8685 0.213027
8686 0.213012
8688 0.21301
8689 0.213006
8691 0.212996
8692 0.212993
8693 0.212989
8694 0.212975
8695 0.212957
8696 0.212948
8698 0.21294
8699 0.212912
8700 0.212893
8701 0.212887
8702 0.212883
8703 0.212881
8704 0.212875
8705 0.212874
8706 0.212857
8707 0.212845
8710 0.212825
8711 0.2128
8712 0.212796
8713 0.212791
8714 0.212789
8716 0.212785
8718 0.212765
8719 0.212741
8720 0.21274
8721 0.212738
8722 0.212714
8723 0.212692
8724 0.212674
8725 0.212669
8726 0.212643
8728 0.212642
8729 0.212626
8730 0.212622
8732 0.212604
8733 0.212597
8735 0.212595
8736 0.212582
8739 0.212552
8740 0.212541
8741 0.212537
8742 0.212536
8743 0.212525
8744 0.212524
8746 0.212519
8748 0.212488
8749 0.21248
8750 0.212476
8751 0.212457
8752 0.212441
8753 0.212433
8756 0.21243
8757 0.212415
8760 0.212389
8761 0.212381
8762 0.212372
8763 0.212371
8764 0.21237
8766 0.212364
8768 0.212332
8769 0.212313
8770 0.212304
8771 0.212292
8772 0.212289
8773 0.21228
8774 0.212268
8776 0.212266
8777 0.212252
8778 0.212251
8780 0.212249
8781 0.212224
8782 0.212204
8783 0.212196
8784 0.212189
8786 0.212184
8789 0.212166
8790 0.212156
8791 0.212152
8792 0.21215
8793 0.212136
8795 0.212131
8796 0.212123
8797 0.212102
8799 0.21209
8800 0.212087
8801 0.212084
8802 0.212073
8803 0.212056
8805 0.212055
8807 0.212048
8808 0.212025
8809 0.212007
8810 0.212005
8811 0.212001
8813 0.211996
8814 0.211995
8816 0.21197
8817 0.21195
8818 0.211939
8819 0.211926
8820 0.211912
8821 0.211897
8822 0.211875
8823 0.211861
8824 0.211835
8825 0.211816
8826 0.211809
8828 0.211787
8829 0.211772
8830 0.211765
8832 0.211752
8833 0.211744
8834 0.211739
8837 0.211706
8838 0.211702
8839 0.2117
8840 0.211695
8842 0.211685
8845 0.211662
8846 0.21165
8847 0.211622
8848 0.211596
8849 0.211573
8850 0.211552
8851 0.211533
8852 0.211516
8853 0.211511
8854 0.211496
8856 0.211491
8859 0.21147
8860 0.211453
8861 0.211452
8864 0.211441
8865 0.211437
8867 0.211408
8868 0.211397
8869 0.211392
8870 0.21139
8871 0.211376
8874 0.211364
8875 0.211355
8876 0.211342
8877 0.211333
8879 0.211321
8881 0.211319
8884 0.211296
8885 0.211282
8886 0.21127
8887 0.211267
8893 0.211236
8894 0.211231
8896 0.211221
8897 0.211219
8898 0.211207
8899 0.211189
8900 0.21118
8901 0.211174
8904 0.211172
8905 0.211141
8906 0.211118
8907 0.211108
8908 0.211105
8910 0.211101
8911 0.211098
8914 0.211073
8915 0.211064
8916 0.211058
8917 0.211055
8921 0.211054
8922 0.211028
8923 0.211015
8924 0.211013
8926 0.211002
8929 0.210996
8930 0.210984
8931 0.210964
8932 0.210953
8933 0.210943
8934 0.210932
8939 0.210918
8940 0.210893
8941 0.210891
8942 0.210888
8943 0.210873
8946 0.210856
8947 0.210844
8950 0.210823
8951 0.210814
8953 0.210795
8954 0.210774
8955 0.21076
8956 0.210753
8958 0.210737
8959 0.210712
8960 0.210694
8961 0.210682
8962 0.210673
8967 0.210666
8968 0.210641
8971 0.21062
8972 0.210609
8974 0.210597
8975 0.210579
8976 0.210569
8980 0.210553
8981 0.21055
8985 0.210537
8986 0.210508
8987 0.210495
8988 0.210494
8991 0.210492
8993 0.210486
8994 0.210471
8995 0.210463
8997 0.210456
8998 0.210443
9000 0.21044
9001 0.210413
9002 0.210403
9003 0.210398
9005 0.210386
9006 0.210374
9008 0.210373
9011 0.21035
9012 0.210339
9013 0.210321
9014 0.210305
9016 0.210303
9017 0.210302
9021 0.210283
9023 0.210276
9024 0.210253
9025 0.210252
9027 0.210242
9028 0.210225
9029 0.210199
9030 0.210193
9031 0.210189
9032 0.210176
9033 0.210159
9034 0.210151
9035 0.210147
9037 0.210132
9038 0.210122
9039 0.210106
9042 0.210081
9043 0.210062
9044 0.210047
9045 0.210042
9046 0.210041
9048 0.21004
9053 0.210019
9054 0.21
9056 0.209997
9057 0.209989
9058 0.209978
9059 0.209962
9060 0.20996
9061 0.20995
9062 0.209946
9064 0.209944
9065 0.209939
9066 0.209925
9068 0.209915
9069 0.209892
9070 0.209882
9071 0.20987
9078 0.209865
9079 0.209853
9080 0.209833
9081 0.209819
9082 0.209817
9083 0.209809
9084 0.209792
9085 0.209777
9086 0.209771
9087 0.20977
9088 0.209763
9090 0.209752
9092 0.20973
9094 0.209727
9095 0.209708
9096 0.209699
9097 0.20969
9098 0.209687
9100 0.20968
9103 0.209678
9105 0.209642
9106 0.209626
9107 0.20962
9109 0.209617
9110 0.209615
9112 0.209605
9115 0.209579
9116 0.209558
9117 0.209541
9118 0.209531
9121 0.209518
9123 0.209496
9124 0.209483
9125 0.209472
9126 0.20947
9127 0.209466
9128 0.209464
9129 0.209458
9132 0.209439
9134 0.209412
9135 0.2094
9137 0.209399
9140 0.209378
9141 0.209369
9142 0.209357
9145 0.209343
9146 0.209332
9149 0.209302
9150 0.209295
9152 0.209281
9153 0.209277
9154 0.209275
9157 0.209273
9158 0.209258
9159 0.209241
9160 0.20923
9161 0.209208
9162 0.209187
9163 0.209173
9164 0.209163
9165 0.209159
9169 0.20913
9170 0.209124
9171 0.209116
9173 0.209112
9174 0.20911
9175 0.209098
9177 0.20909
9178 0.209086
9180 0.209069
9181 0.209041
9182 0.209017
9183 0.209003
9184 0.208991
9187 0.208981
9189 0.208979
9190 0.208969
9191 0.208953
9193 0.208948
9194 0.208946
9196 0.208911
9197 0.208894
9198 0.208887
9200 0.208879
9201 0.208875
9203 0.208874
9205 0.208863
9206 0.208831
9207 0.208802
9208 0.208778
9209 0.208759
9210 0.208747
9211 0.208741
9216 0.208739
9217 0.208723
9219 0.208721
9220 0.208694
9221 0.208688
9222 0.208683
9224 0.208657
9225 0.208638
9226 0.208613
9227 0.208596
9230 0.20858
9231 0.208575
9232 0.20857
9233 0.208546
9234 0.208524
9235 0.208515
9236 0.208513
9237 0.208509
9238 0.208488
9239 0.208462
9240 0.208439
9241 0.208414
9242 0.208389
9243 0.208364
9244 0.20834
9245 0.208317
9246 0.208294
9247 0.208272
9248 0.208249
9249 0.20823
9250 0.208212
9251 0.208191
9252 0.208178
9253 0.208176
9254 0.20817
9255 0.208152
9256 0.208146
9258 0.20813
9259 0.208104
9260 0.208079
9261 0.20806
9262 0.208039
9263 0.208029
9264 0.208026
9266 0.208006
9267 0.207994
9268 0.207991
9269 0.20799
9270 0.207971
9272 0.207963
9273 0.207944
9274 0.207935
9276 0.207932
9277 0.207912
9278 0.207908
9279 0.207903
9280 0.207892
9281 0.207885
9283 0.207861
9284 0.207847
9285 0.207841
9286 0.207812
9287 0.20781
9288 0.207809
9289 0.207785
9290 0.207765
9291 0.207751
9292 0.20773
9293 0.207722
9295 0.207714
9296 0.207705
9298 0.207701
9299 0.207674
9300 0.207669
9301 0.207665
9302 0.207651
9304 0.207648
9305 0.207637
9306 0.207615
9307 0.207606
9308 0.207587
9309 0.207574
9310 0.207569
9311 0.207566
9312 0.207547
9313 0.207523
9314 0.207503
9315 0.207488
9316 0.207465
9317 0.207446
9318 0.207444
9319 0.207442
9320 0.207432
9321 0.207419
9323 0.207414
9326 0.207391
9329 0.207364
9330 0.207344
9331 0.207342
9332 0.207338
9333 0.207328
9335 0.207327
9337 0.207313
9338 0.207308
9339 0.207306
9340 0.20728
9341 0.207253
9342 0.207227
9343 0.207214
9344 0.207201
9345 0.207197
9347 0.207173
9348 0.20716
9349 0.207148
9351 0.207134
9352 0.20713
9353 0.207124
9354 0.207102
9355 0.207083
9356 0.207074
9358 0.20707
9359 0.207069
9361 0.207043
9362 0.207032
9363 0.207025
9365 0.207019
9367 0.207015
9368 0.207006
9370 0.20699
9371 0.206964
9372 0.206944
9373 0.206935
9378 0.206928
9382 0.206902
9383 0.206882
9384 0.206878
9386 0.206872
9387 0.206845
9388 0.206833
9390 0.206832
9391 0.206817
9392 0.20681
9393 0.206802
9394 0.206798
9395 0.206791
9396 0.206789
9397 0.206771
9398 0.206761
9399 0.206759
9400 0.20673
9401 0.206709
9402 0.206699
9403 0.206698
9406 0.206697
9408 0.206685
9410 0.206684
9411 0.206666
9412 0.206646
9415 0.206628
9416 0.20662
9417 0.206615
9419 0.206611
9421 0.206602
9422 0.206596
9423 0.206592
9424 0.206584
9425 0.206581
9427 0.206547
9428 0.206523
9429 0.206509
9430 0.206488
9431 0.206487
9432 0.206482
9433 0.206477
9434 0.206473
9435 0.20646
9438 0.206454
9440 0.206431
9442 0.20643
9443 0.206409
9444 0.206399
9445 0.206391
9447 0.206381
9449 0.206375
9451 0.206371
9453 0.206338
9454 0.206313
9455 0.206287
9456 0.206263
9457 0.206241
9458 0.206219
9459 0.206198
9460 0.206189
9463 0.206176
9464 0.206167
9465 0.206166
9466 0.206144
9467 0.206124
9468 0.206112
9469 0.206104
9470 0.206103
9471 0.206093
9472 0.206067
9473 0.206062
9475 0.206043
9476 0.206034
9477 0.206025
9478 0.206023
9479 0.206007
9480 0.205983
9481 0.205976
9482 0.205975
9484 0.205974
9485 0.205949
9486 0.20593
9487 0.205909
9488 0.205885
9489 0.205873
9490 0.205859
9491 0.205852
9493 0.205827
9494 0.205803
9495 0.205781
9496 0.205762
9497 0.205754
9498 0.205729
9499 0.205705
9500 0.205695
9501 0.205672
9502 0.205654
9503 0.205645
9505 0.205641
9506 0.205638
9507 0.205617
9508 0.205608
9510 0.205603
9511 0.205581
9512 0.205556
9513 0.205534
9514 0.205513
9515 0.205489
9516 0.205466
9517 0.205444
9518 0.205428
9519 0.20542
9522 0.205408
9523 0.205394
9524 0.205367
9525 0.205354
9526 0.205331
9527 0.205318
9528 0.205312
9529 0.205308
9530 0.205303
9533 0.205277
9534 0.205276
9536 0.205257
9538 0.205253
9539 0.205224
9540 0.205204
9543 0.205187
9544 0.205176
9545 0.205165
9546 0.205141
9547 0.205131
9548 0.205128
9549 0.205115
9550 0.205101
9551 0.205085
9552 0.205076
9555 0.205069
9556 0.205064
9557 0.205062
9558 0.205057
9559 0.205028
9560 0.205025
9562 0.205021
9563 0.205018
9565 0.205015
9566 0.204988
9567 0.204979
9568 0.204976
9569 0.204971
9570 0.20497
9571 0.204958
9572 0.204931
9573 0.204921
9577 0.20491
9578 0.204887
9579 0.204862
9580 0.204841
9581 0.204822
9582 0.204796
9583 0.204776
9584 0.204764
9585 0.20476
9587 0.204733
9588 0.204704
9589 0.204679
9590 0.204661
9591 0.204642
9592 0.204636
9594 0.20463
9595 0.204627
9596 0.204622
9597 0.204619
9600 0.204592
