1 1580.97
13 329.308
14 69.8426
23 69.7669
26 58.9637
30 44.8772
31 42.9521
34 41.4443
37 31.5572
38 28.6476
39 27.4581
40 26.6049
41 26.2594
42 25.7783
43 24.9477
44 23.4487
49 22.931
60 22.6655
61 22.5702
67 22.5531
69 22.4121
74 22.4007
75 22.3687
79 22.3401
88 22.3344
93 22.3276
100 22.3248
103 22.324
104 22.3239
106 22.3176
108 22.311
115 22.3107
117 22.3097
118 22.3086
121 22.3078
126 22.3077
128 22.3076
133 22.3065
134 22.3051
137 22.3043
138 22.3034
143 22.3033
146 22.3021
150 22.3016
151 22.3007
152 22.2993
153 22.2983
154 22.2976
155 22.2967
156 22.2965
158 22.2961
159 22.2955
162 22.2953
163 22.2945
165 22.2942
175 22.2938
176 22.2936
177 22.2931
178 22.2928
179 22.2924
180 22.2921
181 22.2916
182 22.2912
183 22.2909
184 22.2903
185 22.2899
186 22.2894
187 22.2889
188 22.2884
189 22.288
190 22.2876
193 22.2875
195 22.2874
197 22.2873
200 22.2872
201 22.2869
204 22.2865
207 22.2864
211 22.2863
213 22.2859
214 22.2858
215 22.2857
219 22.2854
220 22.2852
223 22.285
227 22.2849
231 22.2845
232 22.2844
235 22.2842
238 22.2838
239 22.2835
240 22.2834
243 22.2833
245 22.2832
246 22.283
250 22.2829
254 22.2827
255 22.2826
260 22.2825
262 22.2824
