1 0.0267291
31 0.0248552
44 0.0233586
47 0.0229296
50 0.0215526
55 0.02047
56 0.0198898
59 0.0180108
61 0.016913
63 0.0163465
66 0.0157141
67 0.0152806
72 0.0138342
73 0.013534
74 0.0133601
79 0.0122567
92 0.012114
94 0.0118901
99 0.0117156
100 0.0116278
101 0.0115387
102 0.0113917
103 0.011386
106 0.0112779
107 0.0111603
108 0.0110037
109 0.0108328
110 0.0107379
111 0.0107156
113 0.0106762
115 0.0106205
116 0.0105202
117 0.0103567
121 0.0103557
122 0.0103445
124 0.0100721
125 0.0100113
127 0.00993808
130 0.00976976
131 0.00971982
132 0.00965971
134 0.00961953
135 0.00958017
136 0.00957582
138 0.00950284
139 0.00926343
140 0.00918346
141 0.00917472
143 0.00911703
144 0.00897763
147 0.00886804
148 0.00880489
151 0.008797
154 0.00854877
156 0.0085219
157 0.00850796
158 0.00843224
160 0.00837853
161 0.00834791
162 0.00824917
163 0.00811961
164 0.00804833
166 0.00804498
168 0.00772531
171 0.00769531
172 0.00767742
173 0.00755089
174 0.00747275
177 0.00734164
178 0.00728385
179 0.0071303
180 0.00694509
182 0.00694246
183 0.00674445
184 0.00657523
185 0.00641839
186 0.00629202
187 0.0062745
190 0.00621521
193 0.00604238
199 0.00604134
200 0.00603036
201 0.00601383
202 0.00597731
203 0.00592113
206 0.00585567
207 0.00582015
208 0.00579392
209 0.00572986
210 0.00570533
211 0.00568897
214 0.00567493
217 0.00558505
218 0.0055607
219 0.00555244
220 0.00554105
223 0.00548651
224 0.0054759
228 0.00544476
232 0.0054102
233 0.00538929
234 0.00538521
238 0.00536959
239 0.00536737
242 0.00531505
243 0.00531357
244 0.00530712
245 0.00528172
246 0.0051913
247 0.00516684
248 0.00516305
249 0.00515819
250 0.0051536
251 0.00511064
252 0.00508508
253 0.00506757
254 0.00506172
258 0.00506062
259 0.00501716
260 0.00499387
262 0.00498425
263 0.00496251
269 0.00495964
274 0.0049476
275 0.00493257
278 0.00491871
279 0.0049182
281 0.00490025
282 0.00488847
283 0.00488825
285 0.00488152
286 0.0048738
287 0.00485423
288 0.00482994
289 0.00481933
290 0.00480854
293 0.00480599
296 0.0048036
299 0.00480019
300 0.00479698
301 0.00477559
304 0.0047564
305 0.00475163
306 0.00475096
307 0.00474645
309 0.00474066
313 0.00473265
314 0.00471602
315 0.00471324
316 0.00471012
317 0.0047062
318 0.00469622
319 0.00468519
322 0.00467489
323 0.00467465
324 0.00467309
326 0.00465882
327 0.00465121
328 0.00465106
330 0.0046469
334 0.00464076
335 0.0046405
336 0.00462746
338 0.00462577
340 0.0046251
341 0.00461297
343 0.00460925
345 0.00460587
351 0.00459967
354 0.00459828
355 0.0045948
356 0.00458985
357 0.00458537
358 0.00458077
359 0.00457771
360 0.00457575
361 0.00457022
362 0.00456493
363 0.00455985
364 0.00455598
365 0.00455033
366 0.00454736
369 0.00454265
370 0.00453904
371 0.00453651
372 0.0045353
373 0.00453465
374 0.00453024
377 0.00452414
378 0.00452318
380 0.00451783
381 0.00451598
382 0.00451534
385 0.00451522
386 0.00450947
388 0.00450856
389 0.00450226
390 0.0045003
392 0.0044986
393 0.00449672
394 0.00449636
396 0.00449378
398 0.0044886
401 0.00448322
402 0.00447933
404 0.00447851
405 0.00447548
406 0.00447338
407 0.00447278
408 0.00447228
409 0.00447212
410 0.00446672
413 0.00446123
414 0.00445723
415 0.00445412
417 0.00445219
419 0.00445119
421 0.00445093
422 0.00444804
424 0.00444629
425 0.00443999
426 0.00443647
427 0.0044312
428 0.00442824
429 0.00442726
430 0.00442645
431 0.00442372
432 0.0044222
433 0.00442119
434 0.00441752
435 0.00441666
436 0.00441479
437 0.00440929
440 0.00440222
441 0.00439951
444 0.00439825
445 0.00439822
448 0.00439779
449 0.00439525
450 0.00439181
452 0.00439033
453 0.00438474
454 0.00438218
455 0.00438057
456 0.00437711
459 0.00437264
462 0.00436868
465 0.00436772
466 0.00436527
467 0.00436496
471 0.00436221
472 0.00435607
473 0.00435511
475 0.00434952
476 0.00434614
477 0.00434267
478 0.00433991
480 0.0043399
481 0.0043398
483 0.00433944
485 0.0043329
486 0.00433202
490 0.00432666
493 0.00432255
494 0.00432
495 0.00431777
496 0.00431731
498 0.00431064
499 0.00430756
500 0.00430466
501 0.00430429
503 0.00430222
504 0.00429652
505 0.00428977
506 0.00428416
507 0.00428159
508 0.00427863
511 0.00427407
512 0.00427206
513 0.00427079
516 0.00426897
517 0.00426435
518 0.00426196
523 0.00425652
524 0.00425585
526 0.00425114
529 0.00424989
530 0.00424648
533 0.00424122
536 0.00423678
539 0.00423464
540 0.00423411
542 0.00422974
544 0.00422968
545 0.00422744
546 0.00422361
547 0.0042227
549 0.00421753
550 0.00421294
552 0.00421263
555 0.00421054
556 0.00420589
557 0.00420263
558 0.00419968
559 0.00419919
561 0.00419675
562 0.00419173
563 0.00418835
564 0.00418531
565 0.00418133
566 0.00418053
569 0.00417884
570 0.00417808
572 0.00417234
574 0.00417093
575 0.00416746
578 0.00416462
579 0.00416356
580 0.00416064
581 0.00415948
582 0.00415769
583 0.00415605
585 0.0041513
586 0.00414772
589 0.00414587
592 0.00414487
593 0.00414377
594 0.0041434
597 0.00414334
599 0.00414264
600 0.00413622
601 0.00413575
605 0.0041303
606 0.00413027
607 0.00413004
611 0.00412881
612 0.00412658
613 0.00412474
614 0.00411797
615 0.00411715
616 0.00411634
617 0.00411314
618 0.00411029
619 0.00410499
620 0.00410215
621 0.00409943
623 0.00409777
624 0.00409599
626 0.00409544
628 0.00409152
629 0.00409013
630 0.0040894
631 0.00408655
632 0.00408276
635 0.00407924
637 0.00407912
638 0.00407642
639 0.00407624
640 0.0040745
643 0.00407031
645 0.00406869
646 0.00406713
648 0.00406682
649 0.0040641
651 0.00405936
652 0.00405769
653 0.0040556
654 0.00405488
656 0.00405046
657 0.00404844
659 0.0040484
660 0.00404541
662 0.00404182
663 0.0040401
664 0.00403902
665 0.00403885
669 0.00403624
670 0.00403068
671 0.00402687
672 0.0040263
673 0.00402598
674 0.0040233
675 0.00402185
677 0.00402059
678 0.0040187
679 0.00401707
680 0.00401509
681 0.00401337
686 0.00400952
689 0.00400857
691 0.0040077
692 0.00400691
693 0.00400674
694 0.00400638
696 0.00400011
697 0.00399862
698 0.00399653
702 0.00399475
704 0.00399444
705 0.00399055
706 0.00398621
707 0.00398572
709 0.00398507
710 0.00398418
711 0.00398107
714 0.00397752
715 0.00397412
718 0.00397209
719 0.00396669
720 0.00396373
721 0.00396045
723 0.00395996
724 0.0039595
725 0.00395804
728 0.00395745
729 0.00395724
731 0.0039556
732 0.00395117
736 0.00395077
738 0.00394985
740 0.00394945
741 0.00394896
742 0.00394738
743 0.00394679
744 0.00394658
747 0.00394537
748 0.00394434
749 0.00394428
751 0.00394251
753 0.00394245
754 0.00394121
755 0.00394092
757 0.00393885
758 0.00393738
759 0.00393639
760 0.00393623
761 0.00393462
762 0.00393414
763 0.00393401
764 0.00393355
765 0.00393315
767 0.00393246
768 0.00393053
769 0.00392894
770 0.00392777
771 0.00392735
773 0.00392652
774 0.00392625
778 0.00392381
779 0.00392261
780 0.00392104
781 0.00391987
784 0.0039197
786 0.00391857
787 0.00391758
788 0.00391737
789 0.00391706
790 0.00391702
791 0.00391487
792 0.00391338
793 0.00391298
794 0.00391146
795 0.00390922
796 0.00390855
799 0.00390672
800 0.00390488
801 0.00390342
802 0.00390254
803 0.00390134
806 0.00390062
807 0.00389848
808 0.00389733
811 0.00389612
812 0.00389588
813 0.00389411
814 0.00389318
815 0.00389251
816 0.00389101
819 0.00388888
820 0.00388788
821 0.00388732
822 0.00388704
823 0.00388683
824 0.0038853
825 0.00388496
826 0.00388469
827 0.00388418
828 0.00388172
829 0.00388032
830 0.00387897
831 0.00387721
832 0.00387694
833 0.00387683
834 0.00387673
836 0.00387504
837 0.00387283
838 0.00387063
839 0.00386852
840 0.00386643
841 0.00386503
842 0.00386414
843 0.00386261
844 0.00386047
845 0.00385843
846 0.00385633
847 0.00385439
848 0.00385234
849 0.00385024
850 0.00384816
851 0.00384682
852 0.00384512
853 0.00384391
854 0.00384356
856 0.0038414
857 0.0038391
858 0.00383716
859 0.00383566
860 0.00383399
861 0.003832
862 0.00383028
863 0.00383001
864 0.00382997
865 0.00382931
866 0.00382918
867 0.0038276
868 0.00382581
869 0.00382343
870 0.00382117
871 0.00381911
872 0.00381694
873 0.00381481
874 0.00381292
875 0.00381114
876 0.00380976
878 0.00380969
879 0.00380912
880 0.00380715
881 0.00380542
882 0.00380425
883 0.00380316
884 0.00380121
885 0.00379932
886 0.003798
887 0.00379615
888 0.00379456
889 0.00379256
890 0.00379101
891 0.00379036
892 0.0037901
893 0.00378967
894 0.00378691
895 0.00378459
896 0.00378278
897 0.00378135
900 0.00377982
901 0.00377898
902 0.00377847
903 0.00377799
905 0.00377781
906 0.00377568
907 0.00377368
908 0.00377197
909 0.00377059
911 0.00377007
912 0.00376815
913 0.00376808
914 0.00376793
915 0.003766
916 0.00376419
917 0.00376362
918 0.00376354
919 0.0037615
920 0.00376069
921 0.00376025
922 0.00375908
923 0.00375778
924 0.00375705
925 0.003755
926 0.00375405
927 0.00375252
928 0.00375079
929 0.00374982
930 0.00374862
931 0.00374735
934 0.00374542
935 0.00374394
936 0.00374204
937 0.00374061
938 0.00373941
939 0.00373904
940 0.00373882
943 0.00373679
945 0.00373659
946 0.00373476
947 0.00373383
948 0.0037323
949 0.00373193
950 0.00373119
951 0.00372823
952 0.00372756
954 0.0037258
955 0.00372367
956 0.00372263
957 0.00372204
959 0.00372089
963 0.00372076
964 0.0037182
965 0.00371713
966 0.003717
967 0.00371664
968 0.00371525
969 0.0037129
970 0.00371107
971 0.00370911
972 0.00370726
973 0.00370601
974 0.00370569
975 0.00370549
976 0.00370473
977 0.00370213
978 0.00370122
980 0.00369877
981 0.0036965
982 0.00369528
983 0.00369409
984 0.00369286
985 0.00369267
986 0.00369217
987 0.00368954
988 0.00368912
990 0.00368729
991 0.00368544
992 0.00368282
993 0.00368034
994 0.00367817
995 0.0036763
996 0.00367463
997 0.00367337
998 0.00367274
999 0.00367248
1000 0.00367173
1001 0.00367019
1002 0.00366862
1003 0.00366732
1004 0.00366483
1005 0.00366255
1006 0.00366103
1007 0.00366016
1008 0.00365843
1009 0.00365727
1012 0.00365512
1013 0.00365324
1014 0.00365169
1015 0.00365036
1016 0.00364799
1017 0.00364599
1018 0.00364567
1020 0.00364372
1021 0.0036429
1022 0.00364043
1023 0.00363875
1024 0.00363645
1025 0.00363446
1026 0.00363305
1027 0.00363187
1028 0.00363011
1029 0.00362894
1030 0.00362746
1031 0.00362534
1032 0.003625
1034 0.00362208
1035 0.0036196
1036 0.00361699
1037 0.0036148
1038 0.00361331
1039 0.00361223
1040 0.00361162
1041 0.00361151
1043 0.00360874
1044 0.00360727
1045 0.0036045
1046 0.00360336
1047 0.00360097
1048 0.00359852
1049 0.00359641
1050 0.00359494
1051 0.00359422
1053 0.00359368
1054 0.00359248
1055 0.0035924
1056 0.00358962
1057 0.00358754
1058 0.00358602
1059 0.00358475
1060 0.00358338
1061 0.00358195
1062 0.00358076
1063 0.0035775
1064 0.00357661
1065 0.00357416
1066 0.00357219
1067 0.00356964
1068 0.00356724
1069 0.00356585
1070 0.00356488
1071 0.00356405
1075 0.00356098
1076 0.003558
1077 0.00355559
1078 0.00355331
1079 0.00355113
1080 0.00354944
1081 0.00354707
1082 0.00354499
1083 0.00354443
1085 0.0035432
1086 0.0035412
1087 0.00353783
1088 0.00353473
1089 0.00353251
1090 0.00353016
1091 0.00352783
1092 0.00352592
1093 0.00352562
1094 0.00352543
1095 0.00352359
1096 0.00352115
1097 0.00352108
1098 0.00352047
1099 0.00352018
1100 0.00351945
1101 0.00351625
1102 0.00351358
1103 0.00351092
1104 0.00350882
1107 0.00350735
1108 0.00350421
1109 0.00350348
1110 0.00350183
1111 0.00350166
1113 0.00349902
1114 0.00349681
1115 0.00349461
1116 0.00349312
1117 0.00349123
1119 0.00349083
1120 0.00348737
1121 0.00348407
1122 0.00348145
1123 0.00347833
1124 0.0034749
1125 0.00347148
1126 0.00346806
1127 0.00346467
1128 0.0034613
1129 0.00345782
1130 0.00345433
1131 0.00345082
1132 0.00344732
1133 0.00344381
1134 0.00344029
1135 0.00343678
1136 0.00343326
1137 0.00342975
1138 0.00342621
1139 0.00342287
1140 0.00341925
1141 0.00341568
1142 0.00341211
1143 0.00340854
1144 0.00340498
1145 0.00340142
1146 0.00339787
1147 0.0033943
1148 0.00339083
1149 0.00338719
1150 0.00338363
1151 0.00338001
1152 0.00337641
1153 0.0033728
1154 0.0033692
1155 0.00336561
1156 0.003362
1157 0.00335844
1158 0.0033548
1159 0.00335205
1160 0.00335052
1161 0.00334796
1162 0.00334574
1163 0.00334453
1164 0.00334346
1165 0.00334324
1166 0.00334102
1167 0.00334048
1169 0.00333645
1170 0.00333248
1171 0.00332857
1172 0.00332477
1173 0.00332095
1174 0.00331715
1175 0.00331366
1176 0.00331027
1177 0.00330668
1178 0.00330443
1179 0.0033023
1182 0.00330076
1183 0.00329893
1185 0.0032981
1186 0.00329793
1187 0.00329361
1188 0.00328971
1189 0.00328592
1190 0.0032825
1191 0.00327997
1192 0.00327831
1193 0.00327655
1194 0.00327332
1195 0.00327253
1197 0.00326978
1198 0.00326638
1199 0.00326335
1200 0.00326064
1201 0.00325663
1202 0.00325268
1203 0.00324868
1204 0.00324479
1205 0.00324097
1206 0.00323725
1207 0.00323332
1208 0.00322971
1209 0.00322569
1210 0.00322172
1211 0.00321812
1212 0.00321426
1213 0.00321067
1214 0.00320732
1215 0.00320547
1216 0.00320347
1217 0.00319981
1218 0.0031982
1219 0.00319625
1220 0.00319607
1221 0.00319175
1222 0.00318759
1223 0.00318343
1224 0.00317937
1225 0.0031755
1226 0.00317149
1227 0.00316764
1228 0.00316421
1229 0.0031617
1230 0.00315856
1231 0.00315562
1232 0.00315288
1233 0.00314928
1234 0.0031462
1235 0.00314203
1236 0.00313803
1237 0.00313406
1238 0.00312997
1239 0.00312583
1240 0.00312181
1241 0.00311799
1242 0.00311442
1243 0.00311041
1244 0.0031063
1245 0.0031024
1246 0.00309883
1247 0.00309563
1248 0.0030926
1249 0.00308961
1250 0.00308589
1251 0.00308233
1252 0.00307883
1253 0.00307537
1254 0.00307152
1255 0.0030676
1256 0.00306366
1257 0.00305991
1258 0.00305645
1259 0.00305253
1260 0.00304888
1261 0.00304485
1262 0.00304089
1263 0.00303732
1264 0.00303353
1265 0.00302976
1266 0.00302598
1267 0.00302414
1268 0.00302139
1269 0.00301786
1270 0.00301479
1271 0.00301202
1272 0.00300852
1273 0.00300526
1274 0.00300166
1275 0.00299904
1276 0.00299736
1277 0.00299428
1278 0.00299101
1279 0.00298937
1280 0.00298863
1281 0.00298854
1282 0.00298463
1283 0.00298102
1284 0.00297763
1285 0.00297404
1286 0.00297055
1287 0.00296717
1288 0.00296376
1289 0.0029606
1290 0.00295744
1291 0.00295443
1292 0.00295141
1293 0.00294863
1294 0.00294629
1295 0.00294495
1296 0.00294449
1298 0.00294232
1299 0.0029387
1300 0.00293527
1301 0.00293223
1302 0.00292898
1303 0.00292598
1304 0.0029231
1305 0.00292055
1306 0.00291839
1307 0.00291702
1308 0.0029168
1312 0.00291374
1313 0.00291112
1314 0.00290944
1315 0.00290665
1316 0.00290393
1317 0.00290097
1318 0.0028985
1319 0.00289619
1320 0.00289475
1321 0.00289276
1322 0.00289175
1323 0.00288945
1324 0.00288709
1325 0.00288475
1326 0.00288424
1327 0.00288421
1328 0.00288166
1329 0.00287896
1330 0.00287653
1331 0.00287409
1332 0.00287197
1333 0.00287074
1334 0.0028688
1335 0.00286715
1336 0.00286527
1337 0.00286348
1338 0.00286245
1339 0.0028609
1340 0.00286036
1341 0.00285816
1342 0.0028564
1343 0.00285424
1344 0.00285237
1345 0.00285041
1346 0.00284894
1347 0.00284788
1348 0.0028464
1349 0.00284553
1350 0.00284494
1351 0.00284392
1352 0.00284231
1353 0.002842
1355 0.00284002
1356 0.00283878
1357 0.00283779
1358 0.00283758
1360 0.00283715
1364 0.00283702
1365 0.00283527
1366 0.00283442
1367 0.00283423
1368 0.00283292
1370 0.0028326
1371 0.00283163
1372 0.00283068
1373 0.00282948
1374 0.00282886
1375 0.00282786
1376 0.00282753
1378 0.00282639
1379 0.00282499
1380 0.0028241
1381 0.00282282
1382 0.00282205
1383 0.00282142
1384 0.00282068
1385 0.00282055
1386 0.00282042
1387 0.00282004
1390 0.00281914
1391 0.00281824
1392 0.00281803
1393 0.00281781
1394 0.0028171
1395 0.00281699
1396 0.0028168
1399 0.00281672
1401 0.00281665
1402 0.00281639
1403 0.00281583
1404 0.00281512
1405 0.00281472
1407 0.00281456
1410 0.00281406
1411 0.0028135
1412 0.00281335
1413 0.00281334
1414 0.00281322
1418 0.0028131
1420 0.00281273
1424 0.00281258
1425 0.00281213
1426 0.00281177
1429 0.00281143
1430 0.00281085
1432 0.00281082
1435 0.00281049
1436 0.00281029
1439 0.00280981
1440 0.00280976
1441 0.00280969
1442 0.00280957
1443 0.00280926
1445 0.00280923
1446 0.00280904
1447 0.00280895
1449 0.00280875
1450 0.00280848
1451 0.00280843
1452 0.00280826
1453 0.00280785
1454 0.00280768
1456 0.00280754
1457 0.00280717
1458 0.00280693
1460 0.00280688
1461 0.0028066
1462 0.00280648
1463 0.00280607
1465 0.00280603
1466 0.00280583
1470 0.00280581
1472 0.00280577
1474 0.00280566
