1 11303.8
4 11117.3
5 11042.0
6 9557.14
7 8318.61
8 7341.53
9 7156.4
11 6711.35
12 6121.57
13 5786.65
17 5500.6
18 5238.96
19 5121.62
20 4909.7
21 4810.79
22 4581.82
23 4406.93
24 4322.14
26 4248.52
27 4053.85
29 3949.46
30 3934.02
31 3923.72
32 3854.61
33 3743.4
34 3636.29
35 3531.79
36 3442.41
37 3344.18
38 3249.08
39 3161.25
40 3070.48
41 2985.1
42 2899.65
43 2851.75
44 2754.61
45 2670.93
46 2599.21
47 2560.25
49 2546.29
50 2470.03
51 2422.11
52 2344.67
53 2309.56
54 2297.77
55 2292.03
56 2201.77
57 2130.6
58 2062.78
59 2004.19
60 1952.62
63 1891.91
64 1843.67
65 1788.06
66 1742.07
67 1696.78
68 1658.85
69 1626.38
70 1579.14
71 1539.38
72 1520.56
73 1458.9
74 1435.97
75 1407.86
78 1361.95
79 1345.91
80 1343.93
82 1291.86
83 1251.08
84 1237.17
86 1234.16
87 1209.09
88 1200.23
89 1198.96
90 1175.62
91 1141.49
92 1134.13
94 1116.98
96 1101.65
97 1090.43
98 1085.07
99 1079.02
101 1074.62
102 1061.07
104 1049.78
105 1044.02
108 1030.99
109 1023.39
110 1018.86
112 1016.85
113 1006.54
115 1001.93
116 997.86
117 995.757
118 995.314
119 993.71
120 989.043
121 985.47
122 981.379
123 979.515
124 977.682
125 973.607
126 970.553
127 966.287
128 962.868
129 959.012
130 955.587
131 952.436
132 950.756
133 947.649
134 944.266
135 941.053
136 938.376
137 935.969
138 933.314
139 931.044
140 928.532
141 926.861
142 926.636
144 923.52
145 922.624
147 922.159
149 919.792
150 918.072
151 917.363
152 916.496
154 915.673
155 914.839
156 914.646
157 914.13
158 912.529
159 911.141
160 910.222
162 910.122
166 909.956
167 909.212
168 908.676
169 908.115
170 907.875
171 907.519
172 907.076
173 906.661
174 906.397
175 906.214
177 905.904
178 905.716
180 905.709
181 905.28
182 905.205
183 904.891
187 904.863
190 904.652
191 904.578
192 904.482
193 904.397
194 904.276
195 904.168
197 904.155
198 904.1
201 904.032
202 904.016
203 904.007
204 903.955
205 903.903
206 903.855
207 903.821
208 903.795
209 903.765
210 903.715
211 903.67
212 903.629
213 903.605
216 903.575
217 903.568
220 903.528
222 903.515
223 903.509
224 903.502
225 903.498
227 903.489
228 903.471
229 903.47
230 903.464
231 903.457
232 903.456
234 903.447
235 903.441
236 903.437
238 903.435
239 903.428
240 903.421
241 903.415
244 903.412
245 903.405
246 903.399
247 903.394
250 903.39
251 903.384
252 903.381
253 903.375
254 903.374
256 903.368
257 903.364
258 903.358
259 903.353
260 903.349
261 903.345
262 903.342
263 903.338
264 903.333
265 903.329
268 903.325
269 903.322
270 903.32
272 903.318
273 903.313
274 903.309
278 903.306
279 903.305
280 903.301
281 903.297
282 903.294
283 903.292
284 903.289
285 903.288
286 903.283
287 903.28
288 903.279
289 903.276
290 903.274
291 903.272
292 903.269
293 903.266
294 903.263
295 903.261
298 903.259
299 903.257
300 903.255
301 903.253
302 903.252
304 903.251
305 903.25
307 903.249
