1 16.1741
5 5.04217
9 4.69443
11 4.3146
18 4.17374
29 4.16572
32 4.16316
35 4.10142
37 4.09233
39 4.09039
42 4.07735
45 4.07536
47 4.07253
50 4.07058
51 4.06006
52 4.05701
53 4.05205
54 4.04999
56 4.04869
58 4.04083
61 4.03822
63 4.03438
64 4.02709
65 4.01995
66 4.01235
67 4.0052
68 3.99771
69 3.99044
70 3.98718
71 3.97935
72 3.97171
73 3.96508
74 3.95957
75 3.95632
76 3.95046
78 3.94734
79 3.94103
80 3.93856
83 3.93143
84 3.92702
86 3.92065
87 3.91868
88 3.91828
90 3.9107
91 3.90548
92 3.9004
93 3.89316
94 3.8861
95 3.87923
96 3.87246
97 3.86559
98 3.8604
99 3.85554
100 3.85015
101 3.8438
102 3.83536
103 3.82718
104 3.82058
105 3.81596
106 3.81308
107 3.81212
109 3.80325
110 3.79792
111 3.79573
112 3.78776
113 3.77987
114 3.77212
115 3.76449
116 3.75705
117 3.74967
118 3.74223
119 3.73491
120 3.72752
121 3.72014
122 3.71286
123 3.70554
124 3.69828
125 3.69227
126 3.68507
127 3.6798
128 3.67804
129 3.67708
130 3.67096
131 3.66451
133 3.66325
135 3.65877
136 3.65719
138 3.65492
139 3.65244
142 3.64759
143 3.64664
145 3.6434
146 3.64118
147 3.63763
148 3.63424
149 3.6311
150 3.62874
151 3.62632
152 3.62524
153 3.6203
154 3.61699
155 3.61572
156 3.61202
157 3.60821
158 3.60475
159 3.60124
160 3.598
161 3.59453
162 3.59096
163 3.5874
164 3.58387
165 3.58044
166 3.57704
167 3.5737
168 3.57025
169 3.56703
170 3.56356
171 3.56019
172 3.55667
173 3.55317
174 3.55104
175 3.54725
176 3.5441
177 3.54191
178 3.5382
179 3.53465
180 3.5312
181 3.52792
182 3.52445
183 3.52115
184 3.51768
185 3.5143
186 3.51097
187 3.50767
188 3.50433
189 3.50103
190 3.49831
191 3.4955
192 3.49194
193 3.48846
194 3.48504
195 3.48464
196 3.48456
197 3.48364
199 3.4795
200 3.47713
202 3.47589
203 3.47305
204 3.47171
205 3.46895
206 3.46798
207 3.4668
208 3.46343
209 3.46214
210 3.46191
211 3.45947
212 3.45698
213 3.45474
214 3.45229
216 3.45126
217 3.44908
218 3.44876
220 3.44538
221 3.44217
222 3.43939
223 3.43634
224 3.43388
225 3.43369
226 3.43314
227 3.42879
228 3.42602
229 3.42465
231 3.42362
233 3.42076
235 3.41798
238 3.41694
240 3.41559
241 3.41422
245 3.41227
246 3.41084
248 3.41051
249 3.40903
250 3.40779
251 3.40651
252 3.40517
253 3.40397
254 3.40279
255 3.40195
256 3.40172
257 3.40085
258 3.3992
259 3.3983
261 3.39811
262 3.39755
263 3.39604
264 3.39501
266 3.39473
267 3.39326
268 3.39259
269 3.39135
270 3.39085
271 3.38969
273 3.38896
274 3.38738
275 3.38634
276 3.38487
277 3.38398
278 3.38261
279 3.38154
280 3.37999
281 3.37899
282 3.37734
283 3.37648
284 3.37484
285 3.37357
286 3.3722
287 3.37064
288 3.3693
289 3.36765
290 3.36605
291 3.36445
292 3.36286
293 3.3613
294 3.35972
295 3.35816
296 3.35658
297 3.35503
298 3.35345
299 3.35191
300 3.35033
301 3.3488
302 3.34721
303 3.34601
304 3.34519
305 3.34348
306 3.34184
307 3.34092
308 3.33985
309 3.33902
310 3.3381
312 3.33795
313 3.33633
314 3.33604
317 3.33436
318 3.33333
319 3.33211
320 3.33118
321 3.32986
324 3.32834
325 3.32826
327 3.32742
328 3.32561
329 3.32446
330 3.32307
331 3.32173
332 3.32082
333 3.31975
334 3.31883
335 3.31726
336 3.31579
337 3.31445
338 3.31309
339 3.31225
340 3.31198
341 3.31016
342 3.30851
343 3.30736
344 3.30623
347 3.30477
348 3.30351
349 3.30342
351 3.30145
352 3.29995
353 3.29871
354 3.29774
355 3.29623
356 3.29455
357 3.293
358 3.29147
359 3.29006
360 3.28853
361 3.28699
362 3.28588
363 3.28438
364 3.28286
365 3.2813
366 3.27981
367 3.27839
368 3.27687
369 3.27543
370 3.27394
371 3.2725
372 3.27181
373 3.27006
374 3.2685
375 3.26715
376 3.26594
379 3.26441
380 3.26298
381 3.2616
382 3.26087
383 3.25936
384 3.25881
385 3.25738
386 3.25614
387 3.25524
388 3.25391
389 3.25376
390 3.25331
391 3.25165
392 3.25015
393 3.24969
394 3.24852
395 3.24751
396 3.24616
399 3.24475
400 3.24457
402 3.24453
404 3.24441
405 3.24347
406 3.24137
407 3.24009
408 3.23944
410 3.23873
412 3.23725
413 3.23631
415 3.23611
416 3.23482
417 3.23413
418 3.234
419 3.23293
420 3.23131
421 3.2304
422 3.23008
423 3.2297
424 3.22918
425 3.22743
426 3.22586
427 3.22434
428 3.22277
429 3.22121
430 3.21966
431 3.21812
432 3.21657
433 3.2154
434 3.21382
435 3.21236
436 3.21101
437 3.2099
438 3.20857
439 3.20701
440 3.20549
441 3.204
442 3.2026
443 3.20137
444 3.20007
445 3.1989
446 3.19821
447 3.19689
448 3.19573
449 3.19524
450 3.19363
451 3.19206
452 3.19142
453 3.1906
456 3.19027
457 3.18836
458 3.18747
461 3.18631
462 3.18552
463 3.18486
466 3.18333
467 3.1827
469 3.182
470 3.18089
471 3.17978
472 3.17899
473 3.17749
474 3.17688
475 3.17506
476 3.17385
477 3.1734
479 3.17275
480 3.17169
481 3.17074
483 3.1702
484 3.16911
485 3.16872
487 3.1679
488 3.16651
489 3.16577
490 3.16566
492 3.16552
493 3.16467
494 3.16277
496 3.16151
497 3.16062
498 3.15992
500 3.15845
501 3.15709
503 3.15686
504 3.15594
505 3.15582
506 3.15581
508 3.15412
509 3.15366
511 3.15216
512 3.15119
513 3.15044
514 3.14981
515 3.14801
516 3.14644
517 3.14502
518 3.14384
519 3.14232
520 3.14081
521 3.13934
522 3.13785
523 3.1364
524 3.13492
525 3.1334
526 3.1319
527 3.1304
528 3.12889
529 3.1274
530 3.12598
531 3.12456
532 3.12312
533 3.12162
534 3.12016
535 3.11866
536 3.11716
537 3.11566
538 3.11418
539 3.11272
540 3.11124
541 3.10986
542 3.10836
543 3.10695
544 3.10552
545 3.10403
546 3.10254
547 3.10105
548 3.09957
549 3.09813
550 3.09664
551 3.09522
552 3.09397
553 3.09276
554 3.09157
555 3.09004
556 3.08862
557 3.08708
558 3.08559
559 3.08414
560 3.08285
561 3.08148
562 3.08018
563 3.07865
564 3.07719
565 3.07579
566 3.07433
567 3.0731
568 3.07181
569 3.07029
570 3.06886
571 3.06741
572 3.066
573 3.06453
574 3.0631
575 3.06171
576 3.06028
577 3.05893
578 3.05746
579 3.05606
580 3.05472
581 3.05326
582 3.0518
583 3.05041
584 3.04898
585 3.04763
586 3.04651
587 3.04502
588 3.04361
589 3.04238
590 3.04102
591 3.03956
592 3.03829
593 3.03714
594 3.0357
595 3.03426
596 3.03289
597 3.03144
598 3.03
599 3.02858
600 3.02717
601 3.02582
602 3.0244
603 3.02296
604 3.02151
605 3.02008
606 3.01864
607 3.0172
608 3.01577
609 3.01438
610 3.01295
611 3.01153
612 3.01013
613 3.00871
614 3.00735
615 3.00593
616 3.00455
617 3.0032
618 3.0018
619 3.00043
620 2.99903
621 2.99764
622 2.9962
623 2.99478
624 2.99336
625 2.99195
626 2.99053
627 2.9894
628 2.98815
629 2.98672
630 2.98555
631 2.98434
632 2.98288
633 2.98145
634 2.98005
635 2.97866
636 2.97742
637 2.9761
638 2.97472
639 2.97336
640 2.97219
641 2.97079
642 2.96959
643 2.96834
644 2.9669
645 2.96564
646 2.96424
647 2.96291
648 2.96152
649 2.96016
650 2.95888
651 2.95747
652 2.95607
653 2.95476
654 2.95341
655 2.95207
656 2.95076
657 2.94936
658 2.94798
659 2.94675
660 2.94539
661 2.94415
662 2.94276
663 2.94141
664 2.94013
665 2.93879
666 2.93741
667 2.93619
668 2.93497
669 2.93423
670 2.93379
671 2.93232
672 2.93081
673 2.92943
674 2.92807
675 2.92682
676 2.92571
677 2.9243
678 2.92293
679 2.9217
680 2.92063
681 2.91948
682 2.9181
683 2.91673
684 2.91536
685 2.914
686 2.91264
687 2.91127
688 2.90996
689 2.90857
690 2.90721
691 2.90585
692 2.9045
693 2.90324
694 2.90188
695 2.90056
696 2.89931
697 2.89803
698 2.89674
699 2.89536
700 2.89402
701 2.89269
702 2.89136
703 2.89004
704 2.88869
705 2.88734
706 2.88615
707 2.88482
708 2.88365
709 2.88258
710 2.88167
711 2.88057
712 2.8795
713 2.87823
714 2.877
715 2.87575
716 2.8745
717 2.87325
718 2.872
719 2.87076
720 2.87002
721 2.86878
722 2.86748
723 2.86638
724 2.86576
725 2.86456
726 2.86331
727 2.86205
728 2.86082
729 2.85957
730 2.85833
731 2.85709
732 2.85587
733 2.85462
734 2.8534
735 2.85217
736 2.85093
737 2.84971
738 2.84877
739 2.84815
740 2.8473
741 2.84598
742 2.84476
743 2.84351
744 2.84232
745 2.84183
746 2.84037
747 2.83971
748 2.83916
749 2.83908
750 2.83835
752 2.83788
753 2.83677
755 2.8358
756 2.83541
759 2.83471
760 2.83375
763 2.83275
765 2.83271
766 2.8323
768 2.83163
769 2.83073
770 2.82993
771 2.82974
772 2.82944
773 2.8286
774 2.82819
775 2.82662
777 2.82613
778 2.82529
779 2.82495
781 2.82458
782 2.82298
783 2.82218
784 2.82069
785 2.81977
786 2.81833
787 2.81726
788 2.81589
789 2.81476
790 2.81342
791 2.81219
792 2.8109
793 2.80963
794 2.80844
795 2.80714
796 2.80584
797 2.80458
798 2.8033
799 2.80202
800 2.80135
801 2.80036
802 2.8
803 2.79994
804 2.79858
805 2.79778
806 2.79714
808 2.79687
809 2.79617
812 2.79578
813 2.79576
814 2.79575
815 2.79556
817 2.79527
818 2.79485
819 2.79438
820 2.79392
821 2.79383
822 2.79346
823 2.79332
824 2.79262
825 2.79213
826 2.79199
827 2.79161
828 2.79137
829 2.79112
830 2.79056
831 2.79002
832 2.78948
833 2.78895
834 2.78842
835 2.78789
836 2.78736
837 2.78684
838 2.78631
839 2.78578
840 2.78525
841 2.78473
842 2.78421
843 2.78368
844 2.78316
845 2.78298
847 2.78295
848 2.78254
849 2.78225
850 2.78219
851 2.78208
852 2.78181
853 2.7813
854 2.781
856 2.78077
857 2.78044
858 2.78009
859 2.77969
860 2.77964
862 2.77894
863 2.77851
864 2.77827
866 2.77806
867 2.77788
868 2.77778
869 2.77732
870 2.777
871 2.77668
872 2.77649
873 2.77593
874 2.77552
875 2.77515
876 2.7748
877 2.7747
878 2.7744
881 2.77377
883 2.77333
884 2.77326
885 2.77312
886 2.77308
888 2.77253
889 2.77209
891 2.77205
892 2.77178
894 2.77132
895 2.77093
898 2.77062
899 2.77023
900 2.77013
902 2.76994
904 2.76971
905 2.76913
906 2.76871
907 2.76843
908 2.76797
909 2.76764
912 2.76714
913 2.76687
914 2.76682
916 2.76642
917 2.7664
918 2.76625
919 2.76565
920 2.76522
921 2.76518
922 2.76495
923 2.76491
925 2.76433
926 2.76386
927 2.76371
928 2.76317
929 2.76295
930 2.76278
931 2.76224
932 2.7617
933 2.7612
934 2.76085
935 2.76032
936 2.75983
937 2.75937
938 2.75886
939 2.75834
940 2.75783
941 2.75731
942 2.75682
943 2.7563
944 2.75579
945 2.75528
946 2.75489
947 2.75441
948 2.75393
949 2.75345
950 2.75293
951 2.75241
952 2.7519
953 2.75139
954 2.75089
955 2.75037
956 2.74987
957 2.74936
958 2.74884
959 2.74859
960 2.74829
961 2.74807
962 2.74783
963 2.7474
964 2.74701
965 2.74665
966 2.74663
967 2.74648
968 2.74582
969 2.74543
971 2.74527
972 2.74497
973 2.74481
974 2.7447
975 2.7443
976 2.74398
977 2.74386
978 2.74317
979 2.74272
980 2.74267
981 2.74254
984 2.74199
985 2.74159
986 2.74118
988 2.74105
989 2.74076
990 2.74029
991 2.74
992 2.73958
993 2.73926
994 2.73898
997 2.7384
998 2.73813
1001 2.7379
1002 2.73765
1003 2.73709
1004 2.73665
1005 2.73618
1006 2.7357
1007 2.73547
1008 2.73496
1009 2.73465
1010 2.73424
1011 2.73401
1012 2.7337
1013 2.73315
1014 2.73265
1015 2.73217
1016 2.73178
1017 2.73129
1018 2.7308
1019 2.73032
1020 2.72996
1021 2.72949
1022 2.729
1023 2.72852
1024 2.72806
1025 2.72759
1026 2.72722
1027 2.72685
1028 2.72656
1029 2.72643
1030 2.72591
1031 2.7254
1032 2.72492
1033 2.72444
1034 2.72396
1035 2.72348
1036 2.72301
1037 2.72264
1038 2.72236
1039 2.72207
1040 2.72159
1041 2.72116
1042 2.72086
1043 2.72058
1044 2.72024
1046 2.72021
1047 2.71968
1050 2.71929
1051 2.71888
1052 2.71877
1054 2.71826
1055 2.71775
1056 2.71725
1057 2.71675
1058 2.71625
1059 2.71575
1060 2.71525
1061 2.71475
1062 2.71425
1063 2.71376
1064 2.71371
1066 2.71319
1067 2.71269
1068 2.71222
1069 2.71173
1070 2.71123
1071 2.71073
1072 2.71024
1073 2.70975
1074 2.70926
1075 2.70876
1076 2.70826
1077 2.70776
1078 2.7073
1079 2.70681
1080 2.70631
1081 2.70582
1082 2.70539
1083 2.70493
1084 2.70442
1085 2.70392
1086 2.70342
1087 2.70292
1088 2.70245
1089 2.70195
1090 2.7015
1091 2.70101
1092 2.70051
1093 2.70002
1094 2.69953
1095 2.69903
1096 2.69853
1097 2.69803
1098 2.69753
1099 2.69703
1100 2.69654
1101 2.69609
1102 2.69561
1103 2.69514
1104 2.69469
1105 2.69419
1106 2.69368
1107 2.69319
1108 2.69269
1109 2.69219
1110 2.69169
1111 2.6912
1112 2.69078
1113 2.69031
1114 2.68983
1115 2.68934
1116 2.68885
1117 2.6884
1118 2.6879
1119 2.68741
1120 2.68698
1121 2.68655
1122 2.68607
1123 2.6856
1124 2.68512
1125 2.68465
1126 2.68416
1127 2.68366
1128 2.68316
1129 2.68266
1130 2.68217
1131 2.68171
1132 2.68121
1133 2.68072
1134 2.68023
1135 2.67974
1136 2.67925
1137 2.67877
1138 2.67828
1139 2.6778
1140 2.67737
1141 2.67695
1142 2.67647
1143 2.67598
1144 2.67549
1145 2.67504
1146 2.67455
1147 2.67409
1148 2.6736
1149 2.67316
1150 2.67266
1151 2.67219
1152 2.67172
1153 2.6713
1154 2.6708
1155 2.67042
1156 2.66995
1157 2.66948
1158 2.66899
1159 2.66852
1160 2.66806
1161 2.66766
1162 2.66716
1163 2.66668
1164 2.66621
1165 2.66578
1166 2.6653
1167 2.66483
1168 2.66435
1169 2.66387
1170 2.66345
1171 2.66296
1172 2.66248
1173 2.66203
1174 2.66162
1175 2.66112
1176 2.66063
1177 2.6602
1178 2.65976
1179 2.65928
1180 2.6588
1181 2.65833
1182 2.65785
1183 2.6574
1184 2.65692
1185 2.65647
1186 2.65603
1187 2.65554
1188 2.65506
1189 2.6546
1190 2.65414
1191 2.65367
1192 2.6532
1193 2.65274
1194 2.65232
1195 2.65187
1196 2.65146
1197 2.65096
1198 2.6505
1199 2.65007
1200 2.64964
1201 2.64916
1202 2.64868
1203 2.64821
1204 2.64784
1205 2.6476
1206 2.64713
1207 2.64664
1208 2.64617
1209 2.6457
1210 2.64522
1211 2.64474
1212 2.64426
1213 2.64378
1214 2.6433
1215 2.64283
1216 2.64239
1217 2.64192
1218 2.64147
1219 2.64107
1220 2.64059
1221 2.6401
1222 2.63962
1223 2.63914
1224 2.63867
1225 2.63834
1226 2.63787
1227 2.63743
1228 2.63695
1229 2.63647
1230 2.63599
1231 2.63552
1232 2.63521
1233 2.63472
1234 2.63425
1235 2.63377
1236 2.63331
1237 2.63299
1238 2.63269
1239 2.63234
1240 2.63202
1241 2.63149
1242 2.63103
1243 2.63057
1244 2.63016
1245 2.6297
1246 2.62922
1247 2.62874
1248 2.62826
1249 2.62779
1250 2.62732
1251 2.62691
1252 2.62664
1253 2.62644
1254 2.62602
1255 2.62551
1256 2.62503
1257 2.62456
1258 2.6241
1259 2.62366
1260 2.62334
1261 2.62301
1262 2.62292
1264 2.62242
1265 2.62194
1266 2.62148
1267 2.62109
1268 2.62061
1269 2.62014
1270 2.61967
1271 2.6192
1272 2.61872
1273 2.61825
1274 2.61778
1275 2.61731
1276 2.61684
1277 2.61637
1278 2.6159
1279 2.61544
1280 2.61497
1281 2.61449
1282 2.61405
1283 2.61358
1284 2.61312
1285 2.61265
1286 2.61218
1287 2.61171
1288 2.61124
1289 2.61077
1290 2.6103
1291 2.60983
1292 2.60936
1293 2.6089
1294 2.60844
1295 2.60803
1296 2.60761
1297 2.60714
1298 2.60667
1299 2.6062
1300 2.60573
1301 2.60527
1302 2.60481
1303 2.60437
1304 2.60391
1305 2.60344
1306 2.60298
1307 2.60253
1308 2.60206
1309 2.6016
1310 2.60116
1311 2.60071
1312 2.60028
1313 2.59978
1314 2.59933
1315 2.5989
1316 2.59844
1317 2.59797
1318 2.5975
1319 2.59704
1320 2.59658
1321 2.59612
1322 2.59576
1323 2.59526
1324 2.59482
1325 2.59435
1326 2.59388
1327 2.59341
1328 2.59295
1329 2.59252
1330 2.59204
1331 2.59159
1332 2.59112
1333 2.59066
1334 2.59021
1335 2.58975
1336 2.58929
1337 2.58886
1338 2.58842
1339 2.58797
1340 2.58752
1341 2.58707
1342 2.58661
1343 2.58616
1344 2.5857
1345 2.58524
1346 2.58478
1347 2.58432
1348 2.58387
1349 2.58343
1350 2.58299
1351 2.58257
1352 2.5821
1353 2.58164
1354 2.58118
1355 2.58075
1356 2.58029
1357 2.57983
1358 2.57939
1359 2.57895
1360 2.5785
1361 2.57804
1362 2.57762
1363 2.57715
1364 2.57672
1365 2.57631
1366 2.57584
1367 2.57539
1368 2.57497
1369 2.57453
1370 2.57416
1371 2.57385
1372 2.5734
1373 2.57293
1374 2.57247
1375 2.57201
1376 2.5716
1377 2.57116
1378 2.5707
1379 2.57025
1380 2.57016
1381 2.57014
1382 2.56969
1383 2.5692
1384 2.56873
1385 2.56829
1386 2.56794
1387 2.56756
1388 2.56731
1389 2.56704
1390 2.56657
1391 2.56612
1392 2.5657
1393 2.56525
1394 2.56482
1395 2.56438
1396 2.56394
1397 2.5635
1398 2.56306
1399 2.56262
1400 2.56218
1401 2.56177
1402 2.56135
1403 2.56091
1404 2.56051
1405 2.56012
1406 2.55965
1407 2.5592
1408 2.55875
1409 2.55832
1410 2.55787
1411 2.55743
1412 2.55699
1413 2.55654
1414 2.55609
1415 2.55565
1416 2.55528
1417 2.55481
1418 2.55438
1419 2.55393
1420 2.55349
1421 2.55305
1422 2.55271
1423 2.55233
1424 2.55186
1425 2.55142
1426 2.55097
1427 2.55052
1428 2.55008
1429 2.54963
1430 2.54919
1431 2.54875
1432 2.54831
1433 2.54818
1436 2.54773
1437 2.54759
1440 2.54731
1441 2.54719
1443 2.54669
1444 2.54654
1447 2.54611
1448 2.54593
1450 2.54582
1451 2.54545
1452 2.5453
1453 2.54515
1456 2.54467
1457 2.54456
1458 2.54425
1459 2.54409
1460 2.54357
1461 2.54307
1462 2.54263
1463 2.54223
1464 2.54182
1465 2.54138
1466 2.54093
1467 2.5405
1468 2.54016
1469 2.53997
1470 2.53984
1472 2.53956
1473 2.53924
