1 3367980000.0
10 3209030000.0
11 3054700000.0
12 2981050000.0
13 2837030000.0
14 2697920000.0
15 2584870000.0
16 2470800000.0
17 2356320000.0
18 2242200000.0
19 2129360000.0
20 2018750000.0
21 1908750000.0
22 1806840000.0
23 1698120000.0
24 1614080000.0
25 1530690000.0
26 1445060000.0
27 1358750000.0
28 1273850000.0
29 1192780000.0
30 1106280000.0
31 1033890000.0
32 953075000.0
33 888014000.0
34 824415000.0
35 760701000.0
36 698476000.0
37 639744000.0
38 586566000.0
39 529823000.0
40 485564000.0
41 432561000.0
42 391063000.0
43 350953000.0
44 311273000.0
45 273386000.0
46 238965000.0
47 209567000.0
48 178516000.0
49 156568000.0
50 128839000.0
51 108696000.0
52 90117400.0
53 72473500.0
54 56488900.0
55 43069700.0
56 32885800.0
57 22788300.0
58 16987000.0
59 9976310.0
60 6077120.0
61 3305970.0
62 3270670.0
63 844908.0
74 543676.0
75 409078.0
76 357519.0
78 208694.0
81 172873.0
83 131205.0
85 107868.0
92 62299.5
96 21017.1
102 14290.5
106 9029.23
107 4221.44
113 2706.99
115 2630.89
116 2128.45
118 1851.54
119 1091.42
123 864.272
127 223.553
133 160.099
137 151.201
139 121.876
140 106.46
142 67.2957
143 54.4601
144 42.8435
145 20.3697
150 16.8571
151 16.3509
152 13.5108
156 10.4768
159 7.80528
161 6.50461
165 4.44228
169 1.88146
170 1.33792
177 1.05074
179 0.875491
183 0.583185
184 0.531403
186 0.48641
188 0.477546
193 0.435668
200 0.31729
201 0.240137
202 0.162127
203 0.150274
204 0.134504
205 0.093651
206 0.063254
208 0.0409022
209 0.0127411
214 0.0124465
