1 22.4125
14 21.5905
15 19.7077
22 12.7677
23 9.92387
27 8.0282
31 7.36542
32 7.18448
33 7.08082
37 6.35082
38 3.32557
39 2.97708
40 2.87745
42 2.83016
44 2.64377
52 2.36986
54 2.34316
55 2.23665
59 2.21841
60 2.18146
66 2.17425
71 2.14648
73 2.10386
75 2.0712
76 2.06104
77 2.05208
78 2.02483
79 2.01777
80 2.01524
81 1.98616
82 1.96973
83 1.92961
84 1.89636
86 1.88812
87 1.8846
88 1.87766
89 1.85534
90 1.84344
92 1.83151
93 1.83144
95 1.81133
96 1.78962
97 1.78711
98 1.78284
100 1.78145
103 1.75139
104 1.72186
105 1.70854
107 1.70704
108 1.67404
109 1.67368
110 1.67054
111 1.66594
112 1.66513
115 1.62742
116 1.62304
117 1.62157
119 1.61583
120 1.60252
122 1.59891
123 1.59867
124 1.59725
126 1.56462
127 1.53861
128 1.51333
129 1.50296
130 1.49715
131 1.48778
132 1.47177
134 1.47004
138 1.467
145 1.46052
147 1.46003
150 1.45561
153 1.45123
155 1.4502
157 1.44941
159 1.4429
161 1.44278
164 1.44066
165 1.43331
166 1.42999
167 1.42612
168 1.42075
169 1.4184
174 1.41348
177 1.41334
179 1.41025
184 1.40484
190 1.40447
193 1.40332
195 1.40328
196 1.40261
197 1.40055
199 1.39965
200 1.39831
202 1.39609
208 1.39368
209 1.39302
211 1.39159
214 1.38713
215 1.38677
216 1.38673
217 1.38656
218 1.3862
220 1.38584
221 1.38264
222 1.38263
225 1.38158
227 1.3812
228 1.38113
232 1.38036
234 1.37793
235 1.37571
236 1.37361
237 1.37327
239 1.37289
240 1.3727
241 1.37147
242 1.37098
244 1.37094
245 1.37093
246 1.37065
247 1.36992
251 1.36754
252 1.36559
253 1.36517
255 1.36511
256 1.36378
257 1.36362
258 1.36361
260 1.3636
261 1.36261
263 1.3619
264 1.36088
267 1.36081
268 1.36077
270 1.36051
272 1.35953
273 1.35839
276 1.35755
277 1.35686
278 1.35675
279 1.35629
281 1.35571
282 1.35524
283 1.35493
284 1.35249
285 1.35232
286 1.35227
287 1.35223
288 1.35159
292 1.35064
293 1.35
294 1.34964
295 1.34928
296 1.34813
297 1.34688
298 1.34671
300 1.3463
301 1.34623
302 1.34611
303 1.34502
306 1.34287
307 1.34285
308 1.34214
309 1.34121
310 1.34083
313 1.34075
315 1.34021
316 1.34018
317 1.33953
320 1.33847
321 1.33748
322 1.33716
323 1.33713
326 1.33647
327 1.33587
328 1.33585
330 1.33577
331 1.33544
332 1.33526
333 1.33508
334 1.33456
335 1.33388
336 1.3336
338 1.3335
339 1.33285
340 1.33247
341 1.33236
343 1.33229
345 1.33198
347 1.33166
348 1.33095
349 1.33091
350 1.33044
353 1.3296
354 1.32942
357 1.32937
359 1.32911
363 1.32898
364 1.32888
365 1.32881
367 1.32841
368 1.32827
369 1.32824
370 1.32804
373 1.32782
376 1.3278
378 1.32769
379 1.32729
380 1.32716
381 1.32694
382 1.32661
383 1.32629
384 1.32601
385 1.3257
386 1.32542
387 1.32521
388 1.32492
389 1.3246
390 1.32425
391 1.32391
392 1.32359
393 1.32325
394 1.32294
395 1.32285
397 1.32284
399 1.32274
400 1.32271
401 1.32248
403 1.32239
