1 41.6817
3 16.0392
4 10.1058
5 1.32274
9 0.789171
14 0.675885
15 0.660592
18 0.542981
19 0.452287
20 0.390054
21 0.303879
22 0.261566
23 0.176134
24 0.149936
25 0.131305
26 0.063527
27 0.048285
28 0.0194794
31 0.0173641
32 0.0126827
33 0.0121401
36 0.0119543
38 0.0116899
39 0.011516
41 0.0112394
43 0.0112037
47 0.0112017
49 0.0111851
50 0.0111767
53 0.0111762
56 0.0111709
57 0.0111706
58 0.0111691
60 0.0111686
61 0.0111676
62 0.0111667
63 0.0111662
65 0.0111659
66 0.0111656
68 0.0111651
69 0.0111647
70 0.0111646
71 0.0111642
73 0.0111639
74 0.0111638
75 0.0111637
76 0.0111632
77 0.0111628
78 0.0111625
79 0.0111624
81 0.011162
82 0.0111619
83 0.0111615
85 0.0111612
86 0.0111608
87 0.0111605
88 0.0111602
89 0.0111601
90 0.0111597
91 0.0111594
92 0.0111591
93 0.0111587
94 0.0111583
95 0.011158
96 0.0111578
97 0.0111576
98 0.0111573
99 0.011157
100 0.0111568
103 0.0111563
104 0.0111561
107 0.0111557
108 0.0111555
109 0.0111552
110 0.011155
111 0.0111548
113 0.0111544
114 0.0111542
117 0.0111538
118 0.0111535
120 0.0111534
121 0.0111532
