1 34.3398
16 30.9315
20 30.7669
24 30.652
26 30.0102
28 26.6499
30 25.7407
32 25.5797
33 25.1748
35 24.8466
38 23.9284
40 23.491
42 20.0426
43 17.3458
44 15.6988
45 14.9123
47 14.683
48 14.622
49 13.7336
50 13.5107
52 13.3915
53 10.0701
54 8.34659
55 6.85038
59 6.8191
62 6.80787
63 6.40287
68 5.74597
69 4.46857
74 3.68074
76 3.67274
78 3.56615
79 3.49843
80 3.36868
81 3.19199
93 3.18881
98 3.1818
99 3.0296
100 2.91264
102 2.89938
103 2.75194
106 2.64054
107 2.59467
110 2.58672
111 2.55867
115 2.37244
122 2.35799
123 2.214
124 2.15715
125 2.04776
126 1.9441
127 1.90497
128 1.90222
131 1.88242
133 1.87676
134 1.86725
135 1.85699
139 1.83149
145 1.81924
146 1.80501
147 1.79169
149 1.78521
153 1.78287
154 1.78286
155 1.7822
156 1.78016
158 1.77976
161 1.75592
162 1.7516
164 1.74808
169 1.74145
170 1.73377
175 1.72448
176 1.72089
181 1.72059
183 1.71624
184 1.70694
192 1.706
193 1.70571
199 1.7023
202 1.70152
203 1.70032
204 1.69864
205 1.6973
207 1.69664
208 1.6951
211 1.69421
212 1.69383
214 1.6901
215 1.68917
219 1.68872
221 1.68674
228 1.68647
229 1.68592
230 1.68513
231 1.68291
234 1.68284
236 1.68271
237 1.68195
239 1.68146
244 1.68099
246 1.68098
249 1.68081
250 1.68058
251 1.67862
256 1.67857
258 1.67778
259 1.67651
260 1.67586
263 1.67582
268 1.67535
269 1.67534
273 1.67515
275 1.67503
276 1.67413
279 1.67384
281 1.67365
289 1.67345
291 1.67341
294 1.67313
295 1.67312
299 1.67271
305 1.67248
306 1.67242
307 1.67232
308 1.67182
311 1.67149
314 1.67133
315 1.67113
316 1.67033
319 1.66985
321 1.66974
322 1.66971
327 1.66956
