1 70.5752
8 18.8712
13 4.33838
21 4.24848
25 2.49565
26 1.01214
33 0.918069
34 0.896222
35 0.77533
36 0.749453
37 0.743938
38 0.694628
43 0.675105
45 0.666254
46 0.660035
48 0.655875
50 0.647233
51 0.642277
53 0.636146
54 0.626794
55 0.616896
56 0.616579
58 0.615211
59 0.615189
60 0.601065
61 0.599442
63 0.583881
64 0.576553
65 0.568606
66 0.564674
68 0.560488
69 0.556759
70 0.553938
71 0.546253
73 0.544053
74 0.532692
75 0.530041
79 0.523866
80 0.517279
83 0.512824
84 0.509719
87 0.505695
89 0.503631
90 0.501129
91 0.500342
93 0.494621
94 0.490899
95 0.488413
96 0.482929
97 0.480447
98 0.478935
100 0.477033
101 0.471974
103 0.471819
104 0.467886
105 0.464834
106 0.463323
107 0.458864
109 0.458475
110 0.453056
111 0.450791
112 0.45074
114 0.446522
116 0.444493
117 0.439939
118 0.438995
120 0.437884
121 0.435563
123 0.433067
124 0.429059
125 0.426253
128 0.423468
129 0.422304
130 0.417828
131 0.41546
134 0.410531
135 0.407712
138 0.405052
139 0.402985
141 0.402409
142 0.399445
143 0.396527
144 0.394095
146 0.390245
147 0.387122
150 0.384181
151 0.380509
152 0.378206
153 0.376999
156 0.372186
157 0.372063
159 0.368987
160 0.365783
163 0.361847
164 0.358518
165 0.35504
166 0.352993
169 0.350065
170 0.347917
171 0.346234
172 0.345654
173 0.343182
174 0.340952
175 0.336658
176 0.333835
177 0.331356
178 0.330364
181 0.326192
182 0.323897
185 0.323846
186 0.322526
187 0.321251
188 0.317573
189 0.314388
192 0.311897
193 0.311002
195 0.308938
198 0.305299
199 0.305218
201 0.304653
202 0.303511
203 0.299507
204 0.296097
205 0.293233
207 0.292061
208 0.290734
211 0.28911
214 0.287262
215 0.287164
217 0.284356
218 0.28189
220 0.281254
221 0.277733
222 0.274952
225 0.272776
228 0.271012
230 0.269867
231 0.267919
232 0.265298
233 0.264993
235 0.263903
236 0.261007
240 0.259572
241 0.259561
243 0.259401
245 0.257653
246 0.256132
247 0.254836
248 0.253777
249 0.252876
252 0.251187
253 0.249773
254 0.248399
255 0.247539
256 0.247404
258 0.245752
259 0.244503
260 0.243419
261 0.242157
262 0.241523
263 0.240067
264 0.238568
265 0.23718
266 0.236182
267 0.235803
268 0.235155
269 0.234826
270 0.234413
271 0.232772
272 0.231464
274 0.231339
278 0.23002
279 0.229099
282 0.227956
283 0.227136
284 0.22691
285 0.226725
286 0.22537
287 0.225054
288 0.224
289 0.222915
290 0.221737
291 0.221253
292 0.220056
293 0.219825
294 0.219057
297 0.217424
298 0.217032
300 0.216873
301 0.21572
303 0.215448
304 0.214635
305 0.214027
308 0.213989
310 0.212584
312 0.212516
313 0.211355
315 0.211167
316 0.210456
317 0.2098
319 0.209263
320 0.208978
321 0.207578
324 0.206374
326 0.206266
327 0.20517
328 0.20431
330 0.204159
331 0.203407
332 0.203019
334 0.202208
335 0.201104
336 0.200777
337 0.199819
340 0.199632
341 0.199459
342 0.198202
343 0.197483
344 0.196813
345 0.195795
346 0.194833
347 0.193993
348 0.193612
350 0.193117
351 0.191796
352 0.190972
353 0.190322
355 0.189894
356 0.188885
357 0.188262
358 0.18716
359 0.186845
360 0.18604
361 0.184794
364 0.184368
365 0.183943
366 0.183221
369 0.182054
370 0.181143
371 0.180182
372 0.180147
374 0.179018
376 0.178888
377 0.177832
379 0.177526
380 0.177384
381 0.177151
382 0.176634
383 0.176456
385 0.175848
386 0.175454
387 0.175403
388 0.175389
389 0.174819
390 0.174236
391 0.173723
392 0.173511
393 0.172884
394 0.172378
395 0.171906
396 0.171696
397 0.171156
398 0.170885
399 0.170302
400 0.170003
401 0.169614
402 0.169264
404 0.169174
405 0.168647
406 0.168149
407 0.167932
408 0.167584
409 0.16712
410 0.166664
411 0.166314
413 0.166222
414 0.165665
415 0.165444
416 0.165019
417 0.164603
418 0.164464
421 0.163963
422 0.163936
423 0.163881
424 0.163551
425 0.163066
426 0.162699
427 0.162204
428 0.161796
429 0.161361
430 0.160956
431 0.160478
432 0.160027
433 0.159684
434 0.159595
435 0.159033
436 0.158607
437 0.158037
438 0.157779
439 0.157473
440 0.157385
441 0.157294
442 0.156809
443 0.156793
444 0.15673
445 0.156129
446 0.155601
447 0.155055
448 0.154535
449 0.154023
450 0.153513
451 0.152984
452 0.152524
453 0.152094
454 0.151593
455 0.151171
456 0.150772
457 0.150376
458 0.149959
459 0.149521
460 0.149083
461 0.148856
462 0.148797
464 0.148203
465 0.147912
466 0.147716
468 0.147556
469 0.147286
470 0.146886
471 0.146594
472 0.146372
473 0.146303
475 0.146077
476 0.145547
477 0.145129
478 0.144964
482 0.144869
483 0.144457
484 0.144264
485 0.144225
486 0.14398
487 0.143474
488 0.143316
489 0.143085
490 0.142834
491 0.14252
494 0.141931
495 0.141449
496 0.141191
497 0.14087
500 0.140797
501 0.14056
502 0.140035
503 0.139774
504 0.139473
505 0.139243
506 0.138976
507 0.138889
508 0.138863
510 0.138451
511 0.138384
512 0.138294
513 0.137839
514 0.137468
515 0.137348
516 0.137317
518 0.137097
520 0.136935
521 0.136483
522 0.136098
527 0.135596
528 0.13521
529 0.134989
530 0.134937
532 0.134456
533 0.134075
534 0.133817
535 0.133413
537 0.133343
538 0.133169
539 0.132812
540 0.132682
543 0.132301
546 0.132256
547 0.13212
548 0.131783
549 0.131482
550 0.131404
551 0.131202
552 0.131151
554 0.131037
555 0.130593
556 0.130441
557 0.130232
559 0.129965
560 0.129798
561 0.129487
562 0.129164
565 0.129103
566 0.129049
567 0.128599
568 0.128357
570 0.128192
571 0.127861
572 0.12774
573 0.127579
574 0.127513
577 0.126989
578 0.126714
579 0.126613
583 0.126382
584 0.125893
585 0.125752
586 0.125523
587 0.125217
589 0.125212
590 0.124838
591 0.124508
592 0.124192
593 0.124155
597 0.123716
598 0.123647
600 0.123291
601 0.123194
602 0.122886
605 0.122702
606 0.122296
607 0.122138
608 0.121853
609 0.121753
610 0.121431
611 0.121138
613 0.121025
614 0.120754
617 0.120728
619 0.12063
620 0.120426
621 0.120301
622 0.120213
623 0.120037
625 0.119988
626 0.119784
627 0.119571
628 0.119379
629 0.119249
630 0.119088
631 0.118888
632 0.11871
633 0.11851
634 0.118317
635 0.118218
636 0.118035
637 0.117878
638 0.117703
639 0.117666
640 0.117635
641 0.117441
642 0.117264
643 0.117104
644 0.117074
646 0.116911
647 0.116777
648 0.116574
649 0.116383
650 0.116195
651 0.116017
652 0.115891
653 0.115737
654 0.115668
655 0.115444
656 0.115222
657 0.115008
658 0.114809
659 0.114609
660 0.114419
661 0.114219
662 0.114045
663 0.113851
664 0.113675
665 0.113529
668 0.113522
669 0.113497
670 0.113304
671 0.113162
672 0.113052
675 0.11292
676 0.112767
677 0.112674
678 0.112615
680 0.112549
681 0.112376
682 0.112295
683 0.112182
684 0.112105
686 0.112023
687 0.111854
688 0.11171
689 0.111542
690 0.11137
691 0.111208
692 0.111047
693 0.110896
694 0.110728
695 0.110563
696 0.110393
697 0.110241
698 0.110077
699 0.109938
700 0.109781
701 0.109629
702 0.109473
703 0.109381
706 0.109196
707 0.108948
708 0.108826
709 0.10875
710 0.108627
711 0.108538
714 0.108366
715 0.108221
716 0.108104
717 0.107994
718 0.107834
719 0.107696
720 0.107539
721 0.107386
722 0.107228
723 0.107146
726 0.106973
727 0.106898
728 0.106832
731 0.106677
732 0.106577
733 0.106432
734 0.106396
737 0.106206
738 0.106066
739 0.105981
740 0.105883
741 0.105739
742 0.105652
743 0.105637
744 0.105549
745 0.105332
746 0.105184
747 0.105107
748 0.104951
750 0.104906
751 0.104757
752 0.10458
753 0.104419
754 0.104406
756 0.104193
757 0.104036
758 0.103885
759 0.103799
760 0.103642
761 0.10352
762 0.10343
763 0.103284
764 0.103114
765 0.102999
766 0.102879
767 0.102777
770 0.102625
771 0.102478
773 0.102473
774 0.102346
775 0.102267
776 0.102194
777 0.10218
778 0.102087
781 0.101884
782 0.101731
783 0.101673
784 0.101615
785 0.101599
786 0.101582
788 0.101491
789 0.101336
790 0.101248
791 0.101161
792 0.101088
793 0.101063
795 0.100869
796 0.10072
797 0.100644
800 0.100488
801 0.100373
802 0.100299
803 0.100196
804 0.100136
806 0.100052
807 0.0998905
808 0.0998135
809 0.0997614
812 0.0997132
813 0.0996704
814 0.099553
815 0.0995145
816 0.0994507
817 0.099407
818 0.0993882
820 0.0992011
821 0.0990366
822 0.0989246
823 0.0988936
824 0.0987955
826 0.0987259
827 0.0987094
828 0.0986622
829 0.0984947
830 0.0983801
831 0.0983454
832 0.0982201
833 0.0980657
834 0.0980343
836 0.0978541
837 0.09771
838 0.0975831
839 0.0974769
840 0.0974146
841 0.0972555
844 0.0970939
845 0.0969494
848 0.0968188
849 0.0967396
851 0.0966868
852 0.0965316
853 0.0964496
854 0.096349
855 0.0962076
856 0.0961288
857 0.0960323
859 0.0959711
860 0.0958213
861 0.0957416
862 0.0956005
863 0.0955443
864 0.0954366
865 0.0953883
866 0.0952266
867 0.0950747
868 0.0949535
869 0.0948198
870 0.094783
871 0.0947081
873 0.0946485
874 0.0944774
875 0.0944069
876 0.0942566
877 0.094159
880 0.094004
881 0.0938499
882 0.0937046
883 0.0935764
884 0.0934454
885 0.0933506
886 0.0932114
887 0.0930339
888 0.0928723
889 0.0928274
890 0.0926672
891 0.092558
892 0.0924067
893 0.0923297
894 0.0921631
895 0.0920388
896 0.0919051
897 0.0918156
898 0.0917377
899 0.0915992
900 0.091534
901 0.0913912
902 0.0913173
903 0.0911382
904 0.0910493
905 0.0909847
906 0.0908736
907 0.0908682
908 0.0907806
909 0.0907725
910 0.0907596
911 0.0905654
912 0.090503
913 0.0904252
914 0.0902889
916 0.0902765
917 0.0901662
918 0.090019
919 0.0899337
922 0.0897776
923 0.0896916
924 0.0895417
925 0.0893766
926 0.0892471
927 0.0891114
928 0.0890239
929 0.0888745
930 0.0887206
931 0.0885786
932 0.0884515
933 0.0883273
934 0.0881863
935 0.0880688
936 0.0879196
937 0.0877906
938 0.087644
939 0.0875198
940 0.0873926
941 0.0872451
942 0.0871226
943 0.0869722
944 0.086831
945 0.0866898
946 0.0865493
947 0.0863987
948 0.0862544
949 0.0861076
950 0.0859665
951 0.0858138
952 0.0856712
953 0.0855316
954 0.0853784
955 0.0852267
956 0.0850741
957 0.0849223
958 0.0847745
959 0.0846233
960 0.0844749
961 0.0843273
962 0.084178
963 0.0840437
964 0.0838936
965 0.0837464
966 0.0836143
967 0.0834681
968 0.083346
969 0.083204
970 0.0830736
971 0.0829823
972 0.0828797
973 0.0828334
974 0.0826798
975 0.0825535
976 0.0824294
977 0.0823629
978 0.0823541
979 0.0822967
980 0.0822041
981 0.0820605
982 0.0819526
983 0.0818069
984 0.0817135
985 0.0815775
986 0.0815571
988 0.0814363
989 0.0814267
990 0.0813997
991 0.0812441
992 0.0811164
993 0.0810666
996 0.0809742
997 0.0808473
998 0.0807702
999 0.0806902
1002 0.0806119
1004 0.0805851
1005 0.0804812
1008 0.0804365
1009 0.0803836
1010 0.0803305
1011 0.0802934
1013 0.0801476
1014 0.080082
1016 0.0800772
1019 0.0799499
1020 0.0799355
1021 0.0798569
1022 0.0798277
1023 0.0797817
1024 0.0797333
1026 0.0797306
1027 0.0796491
1028 0.0795802
1029 0.0795134
1030 0.0794561
1031 0.0793974
1032 0.079371
1033 0.0793209
1034 0.0792569
1035 0.0791951
1036 0.0791199
1037 0.0790457
1038 0.0789723
1039 0.0788992
1040 0.0788291
1041 0.0787578
1042 0.0786916
1043 0.0786185
1044 0.0785466
1045 0.078476
1046 0.0784319
1047 0.0783846
1048 0.0783606
1050 0.0783555
1051 0.0782849
1052 0.0782177
1053 0.0781577
1054 0.0781128
1055 0.0780959
1056 0.0780411
1057 0.0779869
1058 0.0779487
1059 0.0778883
1060 0.0778547
1061 0.0778378
1064 0.0777628
1065 0.0777317
1066 0.0776839
1068 0.0776754
1069 0.077616
1070 0.0775786
1071 0.0775193
1072 0.077478
1073 0.0774394
1074 0.0773952
1075 0.077375
1076 0.0772917
1077 0.0772332
1078 0.077178
1079 0.0771295
1080 0.0771019
1081 0.0770536
1082 0.0770198
1083 0.0769891
1084 0.0769763
1085 0.0768978
1086 0.0768392
1087 0.0767799
1088 0.0767424
1089 0.0766776
1090 0.0766272
1091 0.0766268
1093 0.0765835
1094 0.0765163
1095 0.0764446
1096 0.0763754
1097 0.0763109
1098 0.0762466
1099 0.076194
1100 0.0761275
1101 0.0760742
1102 0.0760321
1103 0.075959
1104 0.0758863
1105 0.0758145
1106 0.075745
1107 0.0756777
1108 0.075619
1109 0.0755433
1110 0.075482
1111 0.075409
1112 0.0753365
1113 0.0752629
1114 0.0751922
1115 0.0751211
1116 0.0750516
1117 0.0749845
1118 0.0749146
1119 0.0748541
1120 0.074795
1121 0.0747604
1122 0.074698
1123 0.0746256
1124 0.0745555
1125 0.0744875
1126 0.0744334
1127 0.0743784
1128 0.0743183
1129 0.0742533
1130 0.0742244
1131 0.0741977
1132 0.0741215
1133 0.0740526
1134 0.0739967
1135 0.0739399
1136 0.0738884
1137 0.0738246
1138 0.0737638
1139 0.0737033
1140 0.0736465
1141 0.0736043
1142 0.0735552
1143 0.0735062
1144 0.0734403
1145 0.0733756
1146 0.0733117
1147 0.0732485
1148 0.0731896
1149 0.073141
1150 0.0730944
1151 0.0730782
1152 0.0730359
1153 0.0729689
1154 0.0729022
1155 0.0728359
1156 0.0727701
1157 0.0727061
1158 0.0726441
1159 0.072582
1160 0.0725177
1161 0.0724538
1162 0.0723947
1163 0.072334
1164 0.0722786
1165 0.0722202
1166 0.0721719
1167 0.0721155
1168 0.0720686
1169 0.0720058
1170 0.0719451
1171 0.0718862
1172 0.0718295
1173 0.0717699
1174 0.0717186
1175 0.0716743
1176 0.0716388
1177 0.0715804
1178 0.0715266
1179 0.0714689
1180 0.071419
1181 0.0713799
1182 0.0713783
1185 0.071357
1186 0.0712851
1187 0.0712239
1188 0.0711746
1189 0.0711457
1190 0.0711111
1191 0.0710716
1192 0.0710292
1193 0.0709711
1194 0.0709166
1195 0.0708683
1196 0.0708238
1197 0.0707859
1198 0.0707612
1199 0.0707277
1201 0.0707231
1202 0.0706546
1203 0.070598
1204 0.0705572
1206 0.0705537
1209 0.0704972
1210 0.0704567
1211 0.0704299
1213 0.0704276
1214 0.0703643
1215 0.0703209
1216 0.0702755
1217 0.0702625
1218 0.070224
1220 0.0702233
1221 0.0701558
1222 0.0701199
1223 0.0700957
1224 0.0700439
1225 0.0700067
1226 0.0699893
1229 0.0699223
1230 0.0698872
1231 0.0698675
1232 0.069864
1233 0.0698463
1234 0.069781
1235 0.0697544
1236 0.0696882
1237 0.069639
1238 0.0696384
1239 0.0696263
1240 0.0695719
1241 0.0695103
1242 0.0694563
1243 0.0694144
1244 0.069379
1246 0.0693568
1247 0.0693204
1248 0.0692643
1249 0.069226
1250 0.069201
1253 0.0691357
1254 0.0690978
1255 0.0690541
1256 0.0690526
1258 0.0690149
1259 0.0689968
1260 0.0689933
1261 0.0689193
1262 0.0688681
1263 0.0688119
1264 0.0687665
1265 0.068723
1266 0.0686945
1267 0.0686832
1268 0.0686368
1271 0.0685636
1272 0.0685182
1273 0.0684951
1276 0.068442
1277 0.0684312
1278 0.0684173
1279 0.0683477
1280 0.0682821
1281 0.068229
1282 0.0681728
1283 0.0681431
1287 0.0681298
1288 0.0680658
1289 0.0680093
1290 0.067961
1291 0.0679117
1292 0.0678887
1293 0.0678299
1294 0.067771
1295 0.0677147
1296 0.0676633
1297 0.067627
1298 0.067589
1301 0.0675258
1302 0.0674803
1303 0.0674395
1304 0.0674039
1305 0.0673736
1306 0.0673099
1307 0.0672543
1308 0.0671962
1309 0.0671509
1310 0.0671205
1311 0.0670824
1312 0.0670723
1313 0.0670032
1314 0.0669451
1315 0.0668921
1316 0.0668595
1318 0.0668522
1319 0.0668235
1320 0.0667716
1321 0.0667415
1322 0.066721
1323 0.0666997
1324 0.0666266
1325 0.0666017
1326 0.0665626
1327 0.0665267
1328 0.0664988
1329 0.066442
1330 0.0663842
1331 0.0663309
1332 0.0662795
1333 0.0662276
1334 0.066184
1335 0.0661365
1336 0.0661167
1337 0.0661061
1338 0.0660294
1339 0.0659657
1340 0.0659405
1341 0.0659253
1342 0.0659154
1344 0.0659095
1345 0.0658492
1346 0.0657927
1347 0.0657401
1348 0.0656998
1349 0.0656783
1350 0.0656414
1351 0.0656022
1352 0.0655731
1353 0.0655319
1354 0.065518
1355 0.0654906
1358 0.0654256
1359 0.0653988
1360 0.0653841
1361 0.065341
1362 0.0653302
1363 0.0653117
1366 0.0652549
1367 0.0652141
1368 0.0651955
1369 0.0651584
1370 0.0651467
1372 0.0651105
1373 0.0651021
1374 0.0650548
1375 0.0650266
1377 0.0650265
1378 0.064976
1379 0.0649528
1382 0.0649004
1383 0.0648716
1384 0.0648613
1385 0.0648108
1386 0.0647811
1387 0.064723
1388 0.0646694
1389 0.0646195
1390 0.0645721
1391 0.064527
1392 0.0644849
1393 0.0644752
1394 0.0644223
1395 0.0643626
1396 0.0643081
1397 0.0642787
1398 0.064217
1399 0.0641834
1400 0.0641598
1401 0.0641183
1403 0.0641002
1404 0.0640835
1405 0.0640222
1406 0.0639761
1407 0.063944
1408 0.0639128
1409 0.0638842
1410 0.0638706
1411 0.063822
1412 0.0637676
1413 0.0637164
1414 0.0636776
1417 0.0636695
1418 0.0636686
1419 0.0636048
1420 0.0635557
1421 0.0635332
1422 0.063515
1423 0.0634863
1424 0.063429
1425 0.0634253
1426 0.0634176
1427 0.0633596
1428 0.0633087
1429 0.0632642
1430 0.0632089
1431 0.0631624
1432 0.0631139
1433 0.0630725
1434 0.0630423
1435 0.0630128
1436 0.0630061
1437 0.0629745
1438 0.0629136
1439 0.0628751
1440 0.0628621
1441 0.0628527
1442 0.0628379
1444 0.0628148
1445 0.0627587
1446 0.0627293
1447 0.0626787
1450 0.0626397
1451 0.062597
1452 0.0625577
1455 0.0625076
1456 0.0624574
1457 0.0624079
1458 0.0623651
1459 0.0623297
1460 0.0622996
1461 0.0622561
1462 0.0622213
1463 0.0621571
1464 0.0621031
1465 0.0620487
1466 0.0619958
1467 0.0619453
1468 0.0619062
1469 0.0618431
1470 0.0617853
1471 0.0617418
1472 0.0616864
1473 0.0616303
1474 0.0615788
1475 0.0615223
1476 0.0614645
1477 0.0614064
1478 0.0613486
1479 0.0612915
1480 0.0612361
1481 0.0612017
1482 0.0611414
1483 0.0610826
1484 0.0610258
1485 0.0609718
1486 0.0609414
1487 0.0608832
1488 0.0608277
1489 0.0607755
1490 0.0607527
1491 0.0606959
1492 0.0606426
1493 0.0605937
1494 0.0605394
1495 0.0605217
1496 0.0604917
1498 0.0604347
1499 0.0603999
1500 0.0603589
1503 0.0603201
1504 0.0602783
1505 0.0602351
1506 0.0602229
1507 0.0601783
1508 0.0601469
1509 0.0601239
1510 0.0601179
1511 0.0601061
1512 0.0600385
1513 0.0599926
1514 0.0599651
1515 0.0599618
1516 0.0599543
1518 0.0599541
1519 0.0599031
1520 0.0598693
1521 0.0598487
1522 0.0597933
1523 0.0597437
1524 0.0596972
1525 0.0596586
1526 0.0596122
1527 0.0595688
1528 0.0595225
1529 0.0594827
1530 0.0594378
1531 0.0593976
1532 0.0593559
1533 0.0593154
1534 0.0592801
1535 0.0592491
1536 0.0591981
1537 0.0591406
1538 0.0590852
1539 0.0590349
1540 0.0590066
1541 0.058996
1544 0.0589882
1545 0.0589329
1546 0.0588801
1547 0.0588319
1550 0.0587887
1551 0.05877
1552 0.0587448
1553 0.0587373
1556 0.058683
1557 0.0586289
1558 0.0586174
1560 0.0585951
1563 0.0585338
1564 0.0584989
1565 0.0584472
1566 0.0584025
1567 0.0583627
1568 0.0583129
1569 0.0583005
1572 0.0582332
1573 0.0582033
1574 0.058181
1575 0.0581679
1576 0.0581222
1577 0.05809
1579 0.0580329
1580 0.0579818
1581 0.0579472
1582 0.0579273
1583 0.0578999
1584 0.0578649
1585 0.057816
1586 0.0577672
1587 0.0577269
1588 0.0576998
1589 0.0576853
1592 0.0576576
1593 0.0576029
1594 0.0575807
1596 0.057571
1597 0.0575242
1598 0.0575076
1599 0.057491
1600 0.0574678
1601 0.0574064
1602 0.0573632
1603 0.0573245
1604 0.0572867
1605 0.0572438
1606 0.057217
1607 0.0571947
1608 0.0571679
1609 0.0571197
1610 0.0570763
1611 0.0570511
1612 0.0570102
1613 0.0569701
1614 0.0569559
1617 0.0569098
1618 0.0568858
1620 0.0568821
1621 0.0568502
1622 0.0568093
1623 0.0567981
1624 0.056781
1625 0.0567319
1627 0.0567317
1628 0.0566937
1629 0.0566535
1630 0.0566218
1631 0.0565867
1632 0.0565791
1633 0.0565578
1635 0.0565506
1636 0.0564908
1637 0.05646
1638 0.0564341
1639 0.0564277
1640 0.0564028
1643 0.0563517
1644 0.0563325
1645 0.0563229
1646 0.056283
1647 0.0562322
1648 0.0562093
1649 0.0561835
1650 0.0561403
1651 0.0561044
1654 0.0560583
1655 0.0560106
1656 0.0559663
1657 0.0559329
1658 0.0559276
1660 0.0558921
1661 0.0558297
1662 0.0557867
1663 0.0557513
1664 0.0557379
1668 0.0557313
1669 0.0556756
1670 0.0556413
1671 0.055604
1672 0.0555865
1676 0.0555808
1677 0.0555264
1678 0.0554977
1679 0.055467
1680 0.0554307
1681 0.0554145
1682 0.0554063
1684 0.0553967
1685 0.0553456
1686 0.0553046
1687 0.0552633
1688 0.0552253
1689 0.0551918
1690 0.0551648
1691 0.0551462
1692 0.0551219
1693 0.0550793
1694 0.055055
1695 0.0550154
1696 0.054988
1699 0.0549588
1700 0.054913
1703 0.054865
1704 0.0548316
1705 0.0548262
1707 0.0547823
1708 0.0547315
1709 0.0546922
1710 0.0546413
1711 0.0545942
1712 0.0545456
1713 0.0544981
1714 0.0544541
1715 0.0544101
1716 0.0543738
1717 0.0543454
1718 0.0543285
1719 0.0543278
1720 0.054317
1721 0.0542656
1722 0.0542151
1723 0.0541688
1725 0.0541614
1726 0.0541271
1727 0.0540983
1728 0.0540585
1731 0.0540245
1732 0.0540053
1734 0.0539983
1735 0.0539327
1736 0.0539136
1737 0.0539009
1738 0.0538823
1739 0.0538591
1743 0.0538021
1744 0.053761
1745 0.0537467
1746 0.0537141
1749 0.0537028
1750 0.0536874
1751 0.0536361
1752 0.0535913
1753 0.0535836
1754 0.0535536
1757 0.053504
1758 0.053472
1759 0.0534509
1760 0.0534401
1761 0.0533974
1762 0.0533945
1764 0.0533631
1765 0.0533181
1768 0.0532768
1769 0.0532488
1770 0.0532389
1771 0.0532363
1772 0.0532335
1773 0.0532281
1774 0.0531627
1775 0.0531182
1776 0.0531085
1777 0.0530957
1779 0.0530713
1781 0.053059
1782 0.0530101
1783 0.0529665
1784 0.0529274
1785 0.052896
1786 0.0528678
1790 0.0528518
1791 0.0528136
1792 0.0527973
1793 0.0527942
1795 0.0527661
1797 0.0527445
1798 0.0526918
1799 0.0526902
1800 0.052679
1801 0.0526436
1802 0.0526048
1805 0.0525588
1806 0.0525143
1807 0.0524725
1808 0.052437
1809 0.0524134
1810 0.0523763
1811 0.0523412
1812 0.0522929
1813 0.0522479
1814 0.0522042
1815 0.0521601
1816 0.0521204
1817 0.0520791
1818 0.0520401
1819 0.0520097
1820 0.0519799
1821 0.0519371
1822 0.0518928
1823 0.0518501
1824 0.0518115
1825 0.0517933
1826 0.0517493
1827 0.0517267
1828 0.0517051
1829 0.0516686
1830 0.0516375
1832 0.0516227
1833 0.0515813
1835 0.0515799
1836 0.0515664
1837 0.0515531
1839 0.0515304
1840 0.0514881
1841 0.0514545
1842 0.0514239
1843 0.0514026
1844 0.0513686
1845 0.051352
1847 0.0513383
1848 0.0512784
1849 0.0512726
1851 0.0512496
1854 0.0512192
1856 0.0512017
1857 0.0511671
1859 0.0511649
1861 0.0511339
1862 0.0511201
1863 0.0510899
1864 0.0510859
1865 0.0510822
1866 0.051021
1867 0.0509965
1868 0.0509671
1869 0.0509497
1870 0.0509461
1871 0.0509402
1872 0.0508877
1873 0.0508376
1874 0.0507933
1876 0.0507928
1877 0.0507752
1879 0.0507672
1880 0.0507194
1881 0.0506778
1882 0.050651
1883 0.0506125
1886 0.0505898
1887 0.0505416
1888 0.0504998
1889 0.0504702
1890 0.0504333
1891 0.0504329
1893 0.050416
1894 0.0503618
1895 0.0503235
1896 0.0502901
1898 0.0502884
1899 0.0502581
1901 0.0502451
1902 0.0502028
1903 0.0501773
1904 0.0501486
1905 0.0501014
1906 0.0500718
1907 0.0500291
1908 0.0499931
1909 0.0499477
1910 0.0499058
1911 0.0498655
1913 0.049863
1914 0.0498173
1915 0.049797
1916 0.0497627
1917 0.0497379
1918 0.0497023
1919 0.0496835
1920 0.049683
1921 0.0496725
1922 0.0496123
1923 0.049563
1924 0.0495504
1925 0.0495299
1927 0.0495156
1929 0.0494915
1930 0.0494432
1931 0.0494067
1932 0.0493903
1935 0.0493551
1936 0.0493184
1937 0.0493115
1939 0.0492607
1940 0.049219
1943 0.0491868
1944 0.0491496
1945 0.0491074
1946 0.0490803
1947 0.0490314
1948 0.0490124
1949 0.049005
1950 0.0489993
1951 0.0489717
1952 0.0489341
1954 0.0489299
1955 0.0488837
1956 0.0488395
1957 0.0488047
1958 0.0487643
1959 0.0487246
1960 0.0486888
1961 0.0486834
1963 0.048649
1964 0.0486075
1965 0.0485828
1966 0.0485708
1967 0.0485254
1970 0.0485195
1971 0.0485133
1972 0.0484684
1973 0.0484365
1976 0.04841
1977 0.0484027
1979 0.0483895
1982 0.0483468
1983 0.0483229
1984 0.0483048
1986 0.0482986
1987 0.0482735
1990 0.04824
1991 0.0482113
1994 0.0481994
1995 0.0481626
1997 0.0481617
1998 0.0481196
1999 0.0480852
2000 0.0480493
2001 0.0480086
2002 0.0479684
2003 0.0479283
2004 0.047889
2005 0.0478496
2006 0.0478102
2007 0.0477779
2008 0.0477584
2009 0.0477285
2010 0.0476853
2011 0.0476457
2012 0.0476017
2013 0.0475591
2014 0.0475188
2015 0.0474842
2017 0.047483
2018 0.0474676
2019 0.0474632
2020 0.0474337
2022 0.0474125
2023 0.0473705
2024 0.0473343
2025 0.0473044
2026 0.0473003
2028 0.0472997
2029 0.0472848
2030 0.0472293
2031 0.0471844
2032 0.0471679
2034 0.0471654
2035 0.0471284
2038 0.0471046
2039 0.0470821
2041 0.0470563
2042 0.0470252
2043 0.0470112
2044 0.046969
2045 0.0469498
2048 0.0469062
2049 0.0468938
2051 0.0468916
2052 0.0468522
2053 0.0468294
2054 0.0468166
2055 0.0467809
2058 0.0467543
2059 0.0467213
2060 0.0466805
2061 0.0466454
2062 0.0466368
2063 0.0466307
2064 0.0466009
2065 0.0465699
2066 0.0465653
2067 0.0465415
2069 0.0465303
2070 0.0464847
2071 0.046447
2072 0.0464246
2073 0.0464109
2074 0.0463894
2076 0.0463829
2077 0.0463472
2078 0.0463134
2079 0.0463015
2081 0.0462946
2082 0.0462575
2083 0.0462443
2084 0.0462277
2086 0.0462087
2087 0.0462038
2089 0.0461851
2091 0.0461447
2092 0.0461403
2094 0.0461046
2095 0.0460675
2096 0.0460412
2097 0.0460168
2099 0.0460142
2101 0.046003
2102 0.04597
2103 0.0459585
2104 0.0459555
2108 0.0459035
2111 0.0458929
2112 0.045854
2113 0.0458293
2116 0.0457899
2117 0.0457555
2118 0.0457364
2119 0.0457054
2120 0.0456749
2121 0.0456358
2122 0.0456051
2123 0.0455641
2124 0.045526
2125 0.0454993
2126 0.0454843
2129 0.0454394
2130 0.0454001
2131 0.0453681
2132 0.0453351
2133 0.0453001
2134 0.0452814
2135 0.0452479
2136 0.0452142
2137 0.045185
2138 0.045177
2139 0.0451256
2140 0.0450931
2141 0.0450655
2143 0.0450513
2145 0.0450464
2146 0.0450142
2149 0.0450134
2150 0.0449951
2151 0.0449844
2152 0.0449823
2154 0.0449655
2155 0.0449523
2156 0.0449407
2157 0.0449235
2158 0.0449068
2159 0.0448905
2160 0.0448745
2161 0.04486
2162 0.0448447
2163 0.0448306
2164 0.0448169
2165 0.0448033
2166 0.0447931
2167 0.0447776
2168 0.044767
2169 0.0447532
2170 0.0447378
2171 0.0447217
2172 0.0447063
2173 0.0446926
2174 0.0446806
2175 0.0446656
2176 0.0446516
2177 0.0446372
2178 0.0446242
2179 0.044612
2180 0.044601
2181 0.0445913
2182 0.0445866
2183 0.0445704
2184 0.0445542
2185 0.044541
2186 0.0445252
2187 0.0445101
2188 0.044495
2189 0.0444808
2190 0.0444661
2191 0.0444521
2192 0.0444387
2193 0.0444253
2194 0.0444139
2195 0.0444023
2196 0.0443994
2197 0.0443925
2198 0.0443811
2199 0.0443655
2200 0.0443494
2201 0.0443353
2202 0.0443212
2203 0.0443196
2205 0.0443074
2206 0.0442931
2207 0.0442772
2208 0.0442665
2209 0.0442562
2210 0.0442514
2211 0.0442483
2212 0.0442395
2213 0.044232
2214 0.044219
2215 0.0442035
2216 0.0441938
2219 0.044178
2220 0.044165
2221 0.0441502
2222 0.0441348
2223 0.0441202
2224 0.0441088
2225 0.0440992
2226 0.0440847
2227 0.0440687
2228 0.0440526
2229 0.0440366
2230 0.0440206
2231 0.0440046
2232 0.0439888
2233 0.0439727
2234 0.0439566
2235 0.0439406
2236 0.0439245
2237 0.0439084
2238 0.0438923
2239 0.0438763
2240 0.0438628
2241 0.0438481
2242 0.0438406
2243 0.0438284
2244 0.0438148
2245 0.0437973
2246 0.0437799
2247 0.0437627
2248 0.043746
2249 0.0437418
2250 0.0437278
2251 0.0437122
2252 0.0436957
2253 0.0436786
2254 0.043662
2255 0.0436453
2256 0.0436288
2257 0.0436128
2258 0.0435968
2259 0.0435814
2260 0.0435664
2261 0.0435537
2262 0.0435398
2263 0.0435269
2264 0.0435152
2265 0.0435054
2266 0.0434872
2267 0.0434783
2268 0.0434633
2269 0.0434506
2270 0.0434411
2271 0.0434234
2272 0.0434099
2273 0.0433934
2274 0.0433771
2275 0.0433619
2276 0.0433468
2277 0.0433338
2278 0.0433222
2279 0.043306
2280 0.0432896
2281 0.0432795
2282 0.0432631
2283 0.0432489
2284 0.0432329
2285 0.0432214
2286 0.0432086
2287 0.0431923
2288 0.0431762
2289 0.0431611
2290 0.0431482
2291 0.0431437
2292 0.0431253
2293 0.0431137
2294 0.0430987
2295 0.0430824
2296 0.0430671
2297 0.0430604
2298 0.0430425
2299 0.0430284
2300 0.0430174
2301 0.0430014
2302 0.042984
2303 0.0429672
2304 0.0429512
2305 0.0429358
2306 0.04292
2307 0.0429068
2308 0.0428907
2309 0.0428757
2310 0.042863
2311 0.0428541
2312 0.042848
2313 0.0428323
2314 0.0428146
2315 0.0427976
2316 0.0427825
2317 0.0427671
2318 0.0427544
2319 0.0427431
2320 0.0427314
2321 0.0427147
2322 0.0426977
2323 0.042681
2324 0.0426645
2325 0.0426483
2326 0.0426324
2327 0.0426169
2328 0.0426025
2329 0.0425892
2330 0.0425774
2331 0.0425624
2332 0.0425539
2333 0.0425373
2334 0.0425209
2335 0.0425051
2336 0.0424929
2337 0.0424786
2338 0.0424657
2339 0.0424579
2340 0.0424415
2341 0.0424256
2342 0.0424101
2343 0.0423941
2344 0.0423792
2345 0.0423633
2346 0.0423474
2347 0.0423329
2348 0.042317
2349 0.0423011
2350 0.0422856
2351 0.042271
2352 0.0422553
2353 0.0422444
2354 0.0422375
2355 0.0422242
2356 0.0422104
2357 0.0421941
2358 0.0421784
2359 0.0421637
2360 0.0421479
2361 0.0421322
2362 0.0421165
2363 0.0421031
2364 0.0420906
2365 0.042079
2366 0.042066
2367 0.042054
2368 0.042038
2369 0.0420221
2370 0.0420063
2371 0.0419906
2372 0.0419751
2373 0.0419623
2374 0.0419523
2375 0.041943
2376 0.041933
2377 0.0419228
2378 0.0419069
2379 0.0418916
2380 0.0418769
2381 0.041871
2382 0.0418586
2383 0.0418535
2384 0.0418463
2385 0.0418327
2386 0.041816
2387 0.0418006
2388 0.0417917
2389 0.0417821
2390 0.0417719
2393 0.0417561
2394 0.0417446
2395 0.0417287
2396 0.0417131
2397 0.0416983
2400 0.0416891
2401 0.041679
2402 0.0416714
2403 0.0416581
2404 0.0416472
2405 0.0416421
2406 0.0416345
2407 0.0416303
2408 0.0416297
2409 0.0416296
2410 0.0416082
2411 0.041595
2412 0.0415781
2413 0.0415739
2415 0.0415709
2416 0.0415588
2417 0.0415438
2418 0.0415374
2419 0.0415211
2420 0.041505
2421 0.041489
2422 0.0414732
2423 0.0414576
2424 0.0414427
2425 0.0414278
2426 0.0414123
2427 0.0413972
2428 0.0413829
2429 0.0413676
2432 0.0413618
2433 0.0413498
2434 0.0413348
2435 0.0413203
2436 0.0413059
2437 0.0412918
2438 0.0412778
2439 0.0412642
2440 0.0412503
2441 0.0412373
2442 0.041225
2443 0.0412201
2444 0.0412105
2445 0.0411971
2446 0.0411823
2447 0.0411707
2448 0.0411594
2449 0.0411531
2450 0.0411464
2452 0.0411452
2453 0.0411295
2454 0.0411162
2455 0.0411049
2457 0.0411037
2458 0.0410901
2459 0.0410824
2460 0.0410718
2461 0.0410639
2462 0.0410571
2463 0.0410565
2464 0.0410474
2465 0.0410296
2466 0.0410183
2467 0.0410073
2469 0.0410056
2470 0.0410055
2471 0.0410003
2472 0.0409854
2473 0.0409719
2474 0.040959
2475 0.0409487
2476 0.0409385
2477 0.0409268
2478 0.0409183
2479 0.0409124
2480 0.040912
2481 0.0409064
2482 0.0408864
2483 0.0408704
2484 0.0408593
2485 0.0408548
2486 0.0408489
2488 0.0408444
2489 0.0408298
2490 0.0408152
2491 0.0408007
2492 0.0407871
2493 0.0407741
2494 0.0407597
2495 0.0407457
2496 0.0407314
2497 0.0407174
2498 0.0407051
2499 0.04069
2500 0.0406755
2501 0.0406615
2502 0.0406472
2503 0.0406344
2504 0.0406205
2505 0.040607
2506 0.0405943
2507 0.0405812
2508 0.0405679
2509 0.0405532
2510 0.0405383
2511 0.0405235
2512 0.0405088
2513 0.0404944
2514 0.0404798
2515 0.0404664
2516 0.0404522
2517 0.0404374
2518 0.0404227
2519 0.0404084
2520 0.0403938
2521 0.0403794
2522 0.0403653
2523 0.0403506
2524 0.0403359
2525 0.0403212
2526 0.0403065
2527 0.0402919
2528 0.0402779
2529 0.0402636
2530 0.0402489
2531 0.0402343
2532 0.0402197
2533 0.0402056
2534 0.0401911
2535 0.0401764
2536 0.0401616
2537 0.0401469
2538 0.0401332
2539 0.0401188
2540 0.0401039
2541 0.0400891
2542 0.0400743
2543 0.0400595
2544 0.0400448
2545 0.0400308
2546 0.0400176
2547 0.0400028
2548 0.0399883
2549 0.0399733
2550 0.0399585
2551 0.0399437
2552 0.0399288
2553 0.0399142
2554 0.0398994
2555 0.0398846
2556 0.0398698
2557 0.039855
2558 0.0398402
2559 0.0398254
2560 0.0398106
2561 0.0397958
2562 0.0397817
2563 0.0397668
2564 0.0397521
2565 0.0397373
2566 0.0397224
2567 0.039708
2568 0.0396933
2569 0.0396785
2570 0.0396637
2571 0.039649
2572 0.0396352
2573 0.0396203
2574 0.0396053
2575 0.0395905
2576 0.0395757
2577 0.0395614
2578 0.0395464
2579 0.0395316
2580 0.0395168
2581 0.0395027
2582 0.0394878
2583 0.039473
2584 0.0394583
2585 0.0394466
2586 0.0394341
2587 0.0394187
2588 0.0394038
2589 0.0393893
2590 0.039375
2591 0.0393615
2592 0.0393464
2593 0.0393315
2594 0.0393165
2595 0.0393016
2596 0.0392867
2597 0.0392719
2598 0.0392604
2599 0.0392552
2600 0.0392398
2601 0.0392226
2602 0.039207
2603 0.039192
2604 0.0391778
2605 0.0391639
2606 0.0391504
2607 0.0391354
2608 0.0391206
2609 0.0391057
2610 0.0390907
2611 0.0390759
2612 0.0390614
2613 0.0390467
2614 0.039032
2615 0.0390174
2616 0.0390026
2617 0.0389881
2618 0.0389736
2619 0.0389597
2620 0.0389462
2621 0.0389309
2622 0.0389157
2623 0.0389008
2624 0.0388858
2625 0.0388709
2626 0.0388562
2627 0.0388415
2628 0.0388267
2629 0.038812
2630 0.0387973
2631 0.0387826
2632 0.038768
2633 0.0387533
2634 0.0387386
2635 0.0387242
2636 0.0387095
2637 0.0386949
2638 0.0386803
2639 0.0386656
2640 0.0386516
2641 0.0386369
2642 0.0386223
2643 0.0386092
2644 0.0385967
2645 0.038595
2647 0.038576
2648 0.0385581
2649 0.0385434
2650 0.0385292
2651 0.0385147
2652 0.0385009
2653 0.0384876
2654 0.0384773
2655 0.0384669
2656 0.0384538
2657 0.0384408
2658 0.0384273
2659 0.0384153
2660 0.0384048
2661 0.0383913
2662 0.038382
2663 0.0383677
2664 0.038354
2665 0.0383409
2666 0.0383285
2667 0.0383188
2668 0.0383069
2669 0.0382927
2670 0.038281
2671 0.0382693
2672 0.0382601
2673 0.0382471
2674 0.0382381
2675 0.038234
2676 0.0382245
2677 0.0382083
2678 0.0381951
2679 0.0381839
2680 0.0381796
2681 0.0381667
2682 0.0381619
2684 0.0381479
2685 0.0381342
2686 0.0381216
2687 0.0381086
2688 0.0380984
2689 0.0380858
2690 0.038077
2691 0.0380657
2692 0.0380616
2693 0.0380604
2694 0.0380473
2695 0.0380344
2696 0.0380226
2697 0.0380151
2698 0.0380095
2699 0.0379942
2700 0.0379804
2701 0.0379678
2702 0.0379571
2703 0.0379529
2704 0.037947
2706 0.0379455
2707 0.0379318
2708 0.0379213
2709 0.0379147
2710 0.037901
2712 0.0379007
2713 0.0378901
2714 0.0378785
2715 0.0378727
2718 0.0378586
2719 0.0378452
2720 0.0378335
2721 0.0378243
2722 0.0378182
2723 0.0378094
2724 0.0378053
2725 0.037788
2726 0.0377736
2727 0.0377602
2728 0.0377503
2729 0.0377367
2730 0.0377249
2731 0.0377113
2732 0.0376993
2733 0.0376855
2734 0.0376722
2735 0.0376591
2736 0.037646
2737 0.037637
2738 0.0376328
2739 0.0376205
2740 0.0376144
2741 0.0375993
2742 0.0375852
2743 0.0375738
2744 0.0375642
2745 0.0375607
2748 0.0375477
2749 0.0375376
2750 0.0375305
2751 0.0375249
2752 0.0375121
2753 0.0375095
2754 0.0375057
2755 0.0374922
2756 0.0374833
2757 0.0374801
2759 0.0374786
2760 0.0374664
2762 0.0374651
2763 0.0374525
2764 0.0374449
2765 0.0374411
2766 0.0374399
2768 0.0374247
2769 0.0374107
2770 0.037398
2771 0.0373892
2773 0.0373868
2775 0.0373861
2776 0.0373739
2777 0.037363
2778 0.0373555
2779 0.0373493
2782 0.0373376
2783 0.0373284
2784 0.0373209
2787 0.0373155
2789 0.0373107
2790 0.0372995
2791 0.037292
2792 0.0372855
2793 0.0372815
2795 0.0372743
2796 0.037263
2797 0.0372517
2800 0.0372411
2801 0.0372303
2802 0.0372238
2803 0.037214
2804 0.0372039
2805 0.0371971
2806 0.0371876
2807 0.037185
2808 0.0371694
2809 0.0371564
2810 0.0371477
2811 0.0371461
2813 0.0371366
2814 0.0371226
2815 0.0371155
2816 0.0371034
2817 0.0370961
2818 0.0370913
2819 0.0370798
2820 0.037077
2821 0.0370624
2822 0.0370497
2823 0.0370374
2824 0.0370252
2825 0.0370125
2826 0.0369996
2827 0.0369868
2828 0.0369737
2829 0.0369611
2830 0.036948
2831 0.0369351
2832 0.0369226
2833 0.0369098
2834 0.0368974
2835 0.0368848
2836 0.0368722
2837 0.0368606
2838 0.0368485
2839 0.0368365
2840 0.0368244
2841 0.0368107
2842 0.0367975
2843 0.0367843
2844 0.036772
2845 0.0367595
2846 0.0367464
2847 0.036733
2848 0.0367197
2849 0.0367067
2850 0.0366934
2851 0.0366801
2852 0.0366668
2853 0.0366538
2854 0.0366405
2855 0.0366273
2856 0.0366141
2857 0.0366009
2858 0.0365876
2859 0.0365744
2860 0.0365614
2861 0.0365484
2862 0.0365357
2863 0.0365224
2864 0.0365092
2865 0.0364961
2866 0.0364834
2867 0.0364706
2868 0.0364575
2869 0.0364447
2870 0.0364316
2871 0.0364189
2872 0.036406
2873 0.0363937
2874 0.0363807
2875 0.0363683
2876 0.0363554
2877 0.0363448
2878 0.0363335
2879 0.0363208
2880 0.0363083
2881 0.0362956
2882 0.0362855
2883 0.0362757
2884 0.0362693
2885 0.0362565
2886 0.0362437
2887 0.0362316
2888 0.0362191
2889 0.0362093
2890 0.0362003
2891 0.0361911
2892 0.0361862
2894 0.0361819
2895 0.0361623
2896 0.0361448
2897 0.036129
2898 0.0361139
2899 0.0361019
2900 0.0360941
2901 0.0360832
2902 0.0360758
2903 0.0360662
2904 0.0360524
2905 0.0360386
2906 0.036027
2907 0.0360153
2908 0.0360065
2909 0.035995
2910 0.0359878
2911 0.0359782
2912 0.0359748
2913 0.0359715
2914 0.0359583
2915 0.0359476
2916 0.0359355
2917 0.035925
2918 0.0359119
2919 0.0359026
2920 0.0358917
2921 0.0358835
2922 0.0358708
2923 0.0358592
2924 0.0358494
2925 0.0358354
2926 0.035826
2927 0.0358152
2928 0.0358077
2929 0.0357963
2930 0.0357833
2931 0.0357704
2932 0.035758
2933 0.0357465
2934 0.0357386
2935 0.0357243
2936 0.0357122
2937 0.0356999
2938 0.035687
2939 0.0356782
2940 0.0356705
2941 0.0356635
2942 0.0356567
2943 0.0356429
2944 0.0356278
2945 0.0356141
2946 0.0356036
2947 0.0355913
2948 0.0355809
2949 0.0355677
2950 0.0355558
2951 0.0355432
2952 0.0355314
2953 0.0355208
2956 0.035507
2957 0.0354984
2958 0.0354946
2959 0.0354865
2960 0.0354837
2962 0.035482
2963 0.0354645
2964 0.0354557
2965 0.0354532
2967 0.0354415
2968 0.0354341
2969 0.0354198
2970 0.0354059
2971 0.0353924
2972 0.0353796
2973 0.0353719
2974 0.0353587
2975 0.0353466
2976 0.0353347
2977 0.0353208
2978 0.0353072
2979 0.0352952
2980 0.0352805
2981 0.0352661
2982 0.0352518
2983 0.0352376
2984 0.0352236
2985 0.035209
2986 0.0351946
2987 0.0351801
2988 0.0351658
2989 0.0351516
2990 0.0351368
2991 0.0351223
2992 0.0351077
2993 0.0350932
2994 0.0350787
2995 0.0350641
2996 0.0350496
2997 0.0350352
2998 0.0350208
2999 0.0350069
3000 0.0349931
3001 0.0349781
3002 0.0349635
3003 0.0349494
3004 0.0349348
3005 0.0349204
3006 0.0349066
3007 0.0348922
3008 0.0348777
3009 0.0348634
3010 0.034849
3011 0.034836
3012 0.0348237
3013 0.0348102
3014 0.0347997
3015 0.0347849
3016 0.0347706
3017 0.0347564
3018 0.0347424
3019 0.0347299
3020 0.0347186
3021 0.034705
3022 0.0346918
3023 0.034679
3024 0.0346675
3025 0.0346584
3026 0.0346525
3027 0.0346397
3028 0.0346255
3029 0.0346118
3030 0.0345985
3031 0.0345853
3032 0.0345733
3033 0.0345606
3034 0.0345493
3035 0.0345379
3036 0.0345307
3037 0.0345257
3038 0.0345247
3039 0.0345212
3040 0.0345075
3041 0.034495
3042 0.0344823
3043 0.0344694
3044 0.0344581
3045 0.0344465
3046 0.0344364
3047 0.034424
3048 0.0344129
3049 0.0344016
3050 0.0343923
3051 0.0343807
3052 0.03437
3053 0.0343601
3054 0.0343548
3057 0.0343426
3058 0.0343326
3059 0.0343213
3060 0.0343127
3061 0.0343048
3062 0.0342989
3063 0.0342889
3064 0.0342782
3065 0.034271
3066 0.0342588
3067 0.0342511
3068 0.0342426
3069 0.0342367
3070 0.0342277
3071 0.0342189
3073 0.0342163
3074 0.0342059
3075 0.0341999
3076 0.0341994
3078 0.0341918
3080 0.0341881
3081 0.0341783
3082 0.0341714
3083 0.0341675
3084 0.0341563
3085 0.0341499
3086 0.0341491
3088 0.0341364
3089 0.0341307
3091 0.0341287
3092 0.034117
3093 0.0341095
3094 0.034109
3095 0.0341082
3096 0.0340958
3097 0.0340856
3098 0.0340781
3101 0.0340726
3102 0.0340607
3103 0.034051
3104 0.0340412
3105 0.0340333
3106 0.0340258
3107 0.0340254
3109 0.0340164
3110 0.0340046
3111 0.0339939
3112 0.0339821
3113 0.0339719
3114 0.0339605
3115 0.0339522
3116 0.0339458
3117 0.0339423
3118 0.0339302
3119 0.0339179
3120 0.0339066
3121 0.0338958
3122 0.0338923
3123 0.033884
3125 0.0338823
3126 0.0338704
3127 0.0338632
3128 0.0338583
3131 0.0338476
3132 0.0338371
3133 0.0338276
3134 0.0338252
3135 0.03382
3136 0.03381
3137 0.0337995
3138 0.0337947
3139 0.0337798
3140 0.0337669
3141 0.0337583
3142 0.0337527
3144 0.0337484
3145 0.0337405
3146 0.0337298
3147 0.0337199
3148 0.0337137
3149 0.0337081
3150 0.033705
3151 0.0336888
3152 0.0336758
3153 0.0336657
3154 0.0336646
3158 0.033649
3159 0.0336378
3160 0.0336304
3161 0.0336191
3162 0.0336117
3163 0.0336079
3164 0.0336042
3165 0.0335906
3166 0.0335776
3167 0.0335641
3168 0.0335509
3169 0.0335382
3170 0.0335275
3171 0.033518
3172 0.0335044
3173 0.0335023
3175 0.0334877
3176 0.0334741
3177 0.0334609
3178 0.0334517
3179 0.0334404
3182 0.0334263
3183 0.0334138
3184 0.0334035
3185 0.0333951
3188 0.0333839
3189 0.0333727
3190 0.0333663
3193 0.0333539
3194 0.0333462
3195 0.0333382
3196 0.0333335
3199 0.033318
3200 0.0333057
3201 0.0333001
3202 0.0332977
3203 0.0332923
3204 0.033281
3205 0.0332749
3206 0.0332615
3207 0.0332492
3208 0.0332357
3209 0.033224
3210 0.0332135
3211 0.0332088
3212 0.0331971
3213 0.0331824
3214 0.0331686
3215 0.0331561
3216 0.0331461
3217 0.0331423
3218 0.0331391
3220 0.0331266
3221 0.0331133
3222 0.0331006
3223 0.0330899
3224 0.0330785
3225 0.0330688
3226 0.0330558
3227 0.0330448
3228 0.0330329
3229 0.0330216
3230 0.03301
3231 0.0329979
3232 0.032986
3233 0.0329737
3234 0.0329622
3235 0.0329498
3236 0.0329384
3237 0.0329281
3238 0.032916
3239 0.0329045
3240 0.0328925
3241 0.0328811
3242 0.0328718
3243 0.0328647
3244 0.0328604
3245 0.0328504
3246 0.0328391
3247 0.0328277
3248 0.0328169
3249 0.0328079
3250 0.0328039
3251 0.032801
3252 0.0328
3253 0.0327876
3254 0.0327768
3255 0.0327721
3256 0.0327668
3259 0.0327639
3260 0.0327598
3261 0.0327491
3263 0.0327484
3264 0.0327381
3265 0.0327353
3266 0.0327351
3267 0.0327347
3268 0.0327263
3269 0.0327235
3270 0.0327088
3271 0.0326976
3272 0.0326915
3273 0.0326808
3274 0.0326702
3275 0.0326635
3276 0.0326548
3277 0.032651
3278 0.0326459
3279 0.0326345
3280 0.032626
3281 0.0326216
3282 0.0326172
3283 0.0326171
3286 0.0326146
3287 0.0326008
3290 0.0325926
3291 0.0325824
3292 0.0325795
3293 0.0325778
3294 0.0325668
3295 0.0325563
3296 0.0325477
3297 0.0325378
3298 0.0325299
3299 0.0325199
3300 0.0325107
3301 0.0325038
3302 0.0324981
3304 0.0324975
3305 0.0324858
3306 0.0324743
3307 0.0324642
3308 0.0324552
3309 0.0324515
3310 0.0324438
3311 0.0324378
3312 0.0324302
3313 0.0324215
3314 0.0324139
3315 0.0324103
3317 0.0324093
3318 0.0323968
3319 0.0323908
3320 0.0323859
3322 0.0323831
3323 0.0323719
3324 0.032366
3325 0.032356
3326 0.0323481
3327 0.0323446
3328 0.0323428
3329 0.0323378
3330 0.0323256
3331 0.0323176
3332 0.0323127
3333 0.0323083
3335 0.032308
3336 0.0322953
3337 0.0322861
3338 0.0322859
3339 0.0322819
3340 0.0322705
3341 0.0322657
3343 0.0322642
3344 0.0322527
3345 0.0322414
3346 0.0322332
3347 0.0322217
3348 0.032211
3349 0.0322006
3350 0.0321925
3351 0.0321873
3352 0.0321791
3353 0.0321682
3354 0.032156
3355 0.0321451
3356 0.0321338
3357 0.0321255
3358 0.0321217
3359 0.0321169
3360 0.0321106
3361 0.0321005
3362 0.0320987
3363 0.0320819
3364 0.0320704
3365 0.0320613
3366 0.0320596
3369 0.032055
3370 0.0320438
3371 0.0320343
3372 0.0320259
3373 0.0320237
3374 0.0320207
3375 0.0320065
3376 0.0320029
3377 0.0319946
3378 0.0319871
3380 0.0319814
3381 0.0319745
3382 0.0319635
3383 0.0319606
3384 0.0319544
3387 0.031941
3388 0.0319365
3389 0.0319287
3390 0.0319272
3391 0.0319258
3394 0.0319124
3395 0.0319064
3396 0.0319027
3398 0.0318985
3399 0.0318868
3400 0.0318841
3401 0.0318755
3403 0.0318714
3404 0.0318613
3405 0.0318536
3406 0.0318467
3407 0.0318465
3409 0.0318349
3410 0.0318215
3411 0.0318118
3412 0.0318106
3414 0.0318008
3415 0.0317935
3417 0.0317916
3418 0.0317789
3419 0.031768
3420 0.0317591
3421 0.0317568
3422 0.0317513
3423 0.0317401
3425 0.0317374
3426 0.031726
3427 0.0317192
3428 0.0317138
3429 0.0317018
3430 0.0316927
3431 0.0316893
3432 0.0316788
3433 0.0316679
3434 0.0316641
3435 0.0316601
3436 0.0316476
3437 0.031647
3438 0.0316456
3439 0.0316324
3440 0.0316205
3441 0.0316117
3442 0.031606
3443 0.031603
3444 0.0315963
3445 0.0315884
3446 0.0315743
3447 0.0315623
3448 0.0315532
3449 0.0315433
3450 0.0315338
3451 0.0315264
3454 0.0315157
3455 0.0315051
3456 0.0315004
3457 0.03149
3458 0.0314811
3459 0.0314727
3460 0.0314648
3461 0.0314563
3462 0.0314468
3463 0.0314368
3464 0.0314296
3465 0.0314212
3466 0.0314116
3467 0.0314025
3468 0.0313997
3469 0.0313885
3470 0.0313778
3471 0.0313766
3473 0.0313659
3474 0.031359
3475 0.0313483
3476 0.0313429
3477 0.0313307
3478 0.0313228
3479 0.0313204
3480 0.0313195
3481 0.0313088
3482 0.0312986
3483 0.0312879
3484 0.0312798
3485 0.0312695
3486 0.0312621
3487 0.031257
3488 0.0312522
3489 0.031247
3490 0.0312424
3492 0.0312405
3493 0.0312253
3494 0.0312229
3495 0.0312224
3496 0.0312221
3497 0.0312173
3498 0.0312062
3499 0.0312026
3500 0.0311908
3501 0.0311791
3502 0.0311675
3503 0.0311561
3504 0.0311453
3505 0.031134
3506 0.0311235
3507 0.0311122
3508 0.0311009
3509 0.0310896
3510 0.0310789
3511 0.0310677
3512 0.0310574
3513 0.0310465
3514 0.0310399
3515 0.0310269
3516 0.0310247
3517 0.0310241
3518 0.0310128
3519 0.031001
3520 0.0309901
3521 0.0309817
3522 0.0309751
3523 0.0309679
3524 0.0309577
3525 0.0309475
3526 0.0309361
3527 0.0309267
3528 0.0309159
3529 0.0309086
3530 0.0309026
3531 0.0308929
3532 0.0308861
3533 0.0308768
3534 0.0308766
3536 0.03086
3537 0.0308488
3538 0.0308389
3540 0.0308358
3541 0.0308291
3542 0.0308246
3543 0.0308137
3544 0.0308044
3545 0.0307964
3546 0.0307918
3547 0.0307903
3548 0.0307718
3549 0.0307615
3550 0.0307541
3551 0.0307486
3553 0.0307444
3555 0.0307439
3556 0.0307311
3557 0.0307214
3558 0.0307173
3559 0.0307086
3560 0.0307076
3561 0.0307035
3562 0.0306935
3563 0.0306822
3564 0.0306775
3566 0.0306768
3567 0.0306669
3568 0.0306562
3569 0.0306495
3570 0.0306445
3571 0.0306348
3574 0.030623
3575 0.0306134
3576 0.0306125
3578 0.0305996
3579 0.0305957
3580 0.0305884
3581 0.030578
3582 0.0305681
3583 0.0305554
3584 0.0305429
3585 0.0305309
3586 0.0305242
3587 0.0305159
3588 0.0305093
3590 0.0305086
3591 0.030496
3592 0.0304837
3593 0.0304717
3594 0.0304609
3595 0.0304499
3596 0.0304442
3597 0.0304346
3598 0.0304269
3599 0.0304159
3600 0.0304059
3601 0.0303938
3602 0.0303822
3603 0.030371
3604 0.0303634
3605 0.0303583
3606 0.0303473
3607 0.0303418
3608 0.0303311
3609 0.0303251
3610 0.0303178
3613 0.0303051
3614 0.0303008
3615 0.0302959
3618 0.0302862
3619 0.0302846
3620 0.0302702
3621 0.0302619
3622 0.0302576
3623 0.030245
3624 0.0302379
3625 0.0302309
3626 0.0302192
3627 0.0302105
3628 0.0302019
3630 0.0302003
3631 0.0301891
3632 0.0301839
3633 0.0301769
3634 0.0301708
3635 0.0301676
3637 0.030161
3638 0.0301477
3639 0.0301412
3640 0.0301356
3641 0.0301302
3642 0.0301257
3644 0.0301241
3645 0.0301105
3646 0.0300991
3647 0.0300896
3648 0.0300833
3650 0.0300826
3651 0.0300795
3652 0.0300676
3653 0.0300586
3654 0.0300506
3655 0.0300488
3656 0.0300418
3659 0.0300327
3660 0.0300212
3661 0.0300141
3664 0.0300055
3665 0.0300053
3667 0.0299965
3668 0.0299837
3669 0.0299743
3670 0.0299698
3671 0.0299651
3672 0.0299559
3673 0.0299491
3675 0.0299452
3676 0.0299331
3677 0.0299265
3678 0.0299236
3679 0.0299217
3680 0.0299109
3681 0.0299002
3682 0.0298929
3683 0.0298859
3684 0.0298771
3687 0.0298677
3688 0.0298578
3689 0.0298536
3692 0.0298439
3693 0.0298367
3694 0.0298339
3695 0.0298306
3697 0.0298253
3698 0.0298141
3699 0.0298067
3700 0.029806
3702 0.0297967
3704 0.029796
3705 0.0297831
3706 0.0297787
3707 0.0297765
3708 0.0297738
3709 0.0297624
3710 0.0297578
3711 0.0297483
3712 0.0297366
3713 0.0297253
3714 0.0297145
3715 0.0297035
3716 0.0296927
3717 0.0296823
3718 0.0296717
3719 0.0296631
3720 0.0296589
3721 0.0296557
3722 0.0296514
3723 0.0296396
3724 0.0296334
3725 0.0296274
3729 0.0296235
3730 0.0296124
3731 0.0296122
3732 0.0296093
3733 0.0296005
3734 0.0295925
3735 0.0295919
3736 0.0295881
3737 0.0295767
3738 0.0295681
3739 0.0295603
3740 0.0295533
3741 0.0295506
3742 0.0295373
3745 0.0295261
3746 0.0295171
3747 0.0295094
3748 0.0295006
3749 0.029492
3750 0.0294841
3751 0.0294765
3752 0.029472
3754 0.0294667
3755 0.029454
3756 0.029447
3758 0.0294433
3759 0.029443
3760 0.029442
3761 0.0294331
3762 0.0294233
3763 0.0294162
3764 0.0294132
3765 0.0294024
3766 0.0293976
3767 0.0293963
3768 0.0293953
3769 0.0293848
3770 0.0293801
3771 0.0293678
3772 0.0293585
3773 0.029351
3774 0.0293458
3776 0.0293407
3777 0.0293363
3778 0.0293268
3779 0.0293209
3782 0.0293185
3783 0.0293169
3784 0.0293067
3785 0.0293013
3787 0.0292964
3788 0.0292876
3789 0.0292869
3791 0.0292797
3793 0.0292754
3794 0.0292659
3795 0.0292616
3799 0.0292573
3800 0.0292486
3801 0.0292456
3804 0.0292331
3805 0.0292262
3806 0.029221
3807 0.029218
3808 0.0292105
3811 0.0291981
3812 0.0291956
3813 0.0291935
3815 0.0291923
3816 0.0291818
3817 0.029178
3818 0.0291694
3819 0.0291689
3821 0.0291555
3822 0.0291492
3823 0.0291446
3826 0.0291359
3827 0.0291254
3828 0.0291191
3829 0.0291164
3831 0.0291132
3832 0.029102
3833 0.0290954
3834 0.0290875
3835 0.0290838
3836 0.0290753
3838 0.0290745
3839 0.029064
3841 0.0290637
3842 0.0290624
