1 10590.9
2 8900.84
3 8817.07
4 7953.78
5 6274.81
6 4802.0
7 3626.83
8 2861.79
9 2041.55
10 1251.45
11 686.308
12 362.27
13 162.716
14 25.84
21 19.76
22 19.6116
24 16.3387
27 16.1913
30 16.0177
31 15.8146
32 15.6495
34 15.5878
38 15.4983
39 15.4529
40 15.3522
41 15.2858
44 15.1891
46 15.1331
49 15.0906
50 15.0904
51 15.075
52 15.0479
53 15.023
54 14.9943
55 14.9632
56 14.9525
58 14.9412
59 14.9188
60 14.8922
61 14.8761
62 14.8523
63 14.8499
65 14.8304
66 14.8158
67 14.8035
69 14.7796
70 14.7475
71 14.7178
72 14.7043
75 14.6776
76 14.6524
77 14.6259
78 14.6041
79 14.6003
80 14.5995
81 14.5838
82 14.568
83 14.5478
84 14.5443
85 14.5274
86 14.4959
87 14.4582
88 14.4281
89 14.4001
90 14.3794
91 14.3748
92 14.3593
93 14.3425
94 14.3263
95 14.3057
96 14.28
97 14.2566
98 14.2389
99 14.2164
100 14.1956
101 14.1664
102 14.1504
103 14.1192
104 14.1025
105 14.0954
107 14.0771
108 14.0548
109 14.0282
110 14.0056
111 13.9863
112 13.9527
113 13.9172
114 13.8952
115 13.8862
116 13.8704
117 13.8587
118 13.8406
119 13.8168
120 13.7953
121 13.7703
122 13.7545
123 13.7473
124 13.7344
125 13.7222
126 13.7008
127 13.672
128 13.6475
129 13.6362
131 13.6209
132 13.599
133 13.5734
134 13.5503
135 13.5116
136 13.4934
137 13.485
138 13.4712
139 13.4476
140 13.4284
142 13.4131
143 13.407
144 13.3971
146 13.3793
147 13.3608
148 13.3298
149 13.3074
150 13.2964
151 13.2865
152 13.2684
153 13.2567
154 13.2335
155 13.2157
156 13.2097
157 13.1925
159 13.1756
160 13.1542
161 13.1252
162 13.1017
163 13.0823
164 13.0707
165 13.0512
166 13.0357
169 13.0133
170 12.9967
171 12.9776
172 12.9679
173 12.952
174 12.9344
175 12.9073
176 12.8907
177 12.888
178 12.8703
179 12.8464
180 12.8281
181 12.807
182 12.7884
183 12.7716
186 12.7516
187 12.7361
188 12.728
189 12.7235
190 12.7081
191 12.6872
192 12.6587
193 12.6301
194 12.6202
195 12.5991
196 12.5944
197 12.564
198 12.5396
199 12.5204
200 12.5124
202 12.4976
203 12.4864
204 12.4618
205 12.432
206 12.401
207 12.3827
208 12.3805
209 12.3727
210 12.3462
211 12.3216
212 12.3039
213 12.2966
215 12.2788
216 12.2571
217 12.2415
218 12.2066
219 12.1828
220 12.1733
221 12.1635
222 12.1565
223 12.131
224 12.1036
225 12.089
228 12.0735
229 12.0632
230 12.0416
231 12.0185
232 12.0057
233 11.9772
234 11.9636
235 11.96
236 11.9365
237 11.9127
238 11.8928
239 11.8787
240 11.8733
242 11.8582
243 11.8445
244 11.824
245 11.8064
246 11.8011
247 11.7867
249 11.7595
250 11.7371
251 11.7193
254 11.7036
255 11.6916
256 11.6911
258 11.6718
259 11.6679
260 11.6476
261 11.6235
262 11.603
263 11.5846
264 11.5675
265 11.544
266 11.5178
267 11.4982
268 11.4876
269 11.4753
270 11.461
272 11.4444
273 11.4259
274 11.4226
275 11.3892
276 11.3672
277 11.3478
278 11.3387
279 11.315
280 11.3051
281 11.2982
283 11.276
284 11.2558
285 11.2413
286 11.2145
287 11.1956
288 11.1656
289 11.1484
290 11.136
291 11.1358
292 11.1278
293 11.1107
294 11.0935
295 11.0819
298 11.059
299 11.0415
300 11.0171
301 10.9905
302 10.9679
303 10.9538
304 10.9486
305 10.9363
306 10.921
307 10.8956
308 10.8696
310 10.8555
312 10.8437
313 10.8187
314 10.7963
315 10.779
316 10.7741
317 10.7679
318 10.7311
319 10.7021
320 10.6856
321 10.6822
323 10.6716
324 10.6709
325 10.6654
328 10.661
329 10.653
330 10.6431
331 10.6347
332 10.6209
333 10.6069
334 10.5952
335 10.5891
336 10.5859
337 10.5771
338 10.5667
339 10.5549
340 10.5432
341 10.5321
342 10.5227
343 10.5178
344 10.5087
345 10.4987
346 10.4863
347 10.4807
348 10.4639
349 10.4468
350 10.4357
351 10.4273
352 10.4263
353 10.4156
354 10.4061
355 10.3999
358 10.3925
359 10.3859
360 10.3804
361 10.3738
362 10.3658
363 10.3556
364 10.3428
365 10.3309
366 10.3178
367 10.3113
368 10.3073
369 10.2988
370 10.2909
371 10.2817
372 10.271
373 10.2643
374 10.2519
375 10.2481
376 10.2389
377 10.2374
379 10.2281
380 10.2201
381 10.2147
382 10.2078
383 10.2046
384 10.1981
385 10.1906
386 10.1812
387 10.1714
388 10.158
389 10.1468
390 10.1354
391 10.1226
392 10.1136
393 10.1062
394 10.1028
395 10.0919
396 10.0804
397 10.0695
398 10.0605
399 10.0599
401 10.0517
402 10.0442
403 10.0374
404 10.0311
405 10.0245
406 10.0182
407 10.0112
408 10.003
409 9.9933
410 9.98258
411 9.97166
412 9.96047
413 9.95039
414 9.93871
415 9.92611
416 9.91524
417 9.91299
418 9.90833
419 9.90047
420 9.89431
421 9.89345
422 9.8875
423 9.88025
424 9.87395
425 9.87325
426 9.87257
427 9.86531
428 9.85974
429 9.85595
430 9.84967
431 9.84372
432 9.83751
433 9.83216
434 9.82508
435 9.81832
436 9.81113
437 9.80364
438 9.796
439 9.78872
440 9.78287
441 9.78268
442 9.77501
443 9.76066
444 9.74925
445 9.73939
446 9.72863
447 9.71581
448 9.70596
449 9.69962
450 9.69617
452 9.69141
453 9.6867
454 9.68086
455 9.67523
456 9.6668
457 9.65517
458 9.644
459 9.63291
460 9.62094
461 9.61026
462 9.59699
463 9.5865
464 9.57646
465 9.57224
466 9.56462
467 9.5577
468 9.54874
469 9.53623
470 9.52634
471 9.51761
472 9.50615
473 9.50384
476 9.49569
477 9.48878
478 9.48496
479 9.47963
480 9.47469
481 9.47154
483 9.4683
484 9.46574
485 9.46059
486 9.45681
487 9.44438
488 9.43443
489 9.4212
490 9.41005
491 9.40646
492 9.39923
493 9.39235
494 9.38561
495 9.37877
496 9.36959
497 9.36137
498 9.35267
499 9.34254
500 9.33113
501 9.31748
502 9.30373
503 9.29128
504 9.28059
505 9.27736
507 9.26623
508 9.25607
509 9.24661
510 9.23859
511 9.23381
512 9.22406
513 9.21635
514 9.21053
515 9.20728
516 9.20366
517 9.19549
518 9.18637
519 9.17679
520 9.16703
521 9.15718
522 9.14753
523 9.13782
524 9.12944
525 9.11834
526 9.10958
527 9.10775
528 9.10032
529 9.09087
530 9.08013
531 9.07217
532 9.06285
533 9.05312
534 9.04834
535 9.04551
536 9.04317
537 9.037
538 9.03076
539 9.02403
542 9.01379
543 9.0019
544 8.98845
545 8.97503
546 8.96288
547 8.95339
548 8.94743
549 8.9377
550 8.92747
551 8.91799
552 8.913
553 8.90949
554 8.90326
555 8.89758
556 8.89212
557 8.88775
558 8.88255
559 8.87817
560 8.8723
561 8.86551
562 8.85738
563 8.84696
564 8.83511
565 8.82308
566 8.81187
567 8.80152
568 8.79283
569 8.78586
570 8.78528
571 8.78123
572 8.7718
573 8.76548
574 8.75985
575 8.75833
576 8.75272
577 8.74783
578 8.74414
579 8.74184
580 8.73669
581 8.73095
582 8.72397
583 8.7157
584 8.70792
585 8.70177
586 8.69799
587 8.68517
588 8.67237
589 8.65989
590 8.64822
591 8.63866
592 8.62908
593 8.62272
594 8.61875
595 8.61171
596 8.60288
597 8.5911
598 8.58188
599 8.57505
600 8.5663
601 8.56612
603 8.55847
604 8.55165
605 8.54609
606 8.54007
607 8.53693
608 8.53134
609 8.52557
610 8.51854
611 8.5058
612 8.4919
613 8.48193
614 8.47788
615 8.46842
616 8.46171
617 8.45577
618 8.45238
619 8.4459
620 8.43818
621 8.43095
622 8.42226
623 8.41371
624 8.40368
625 8.40053
626 8.39597
627 8.38224
628 8.37223
629 8.36792
630 8.36257
631 8.35404
632 8.34448
633 8.33547
634 8.32603
635 8.31981
636 8.31078
637 8.30279
638 8.29619
639 8.29604
640 8.29473
641 8.28691
642 8.27955
643 8.27274
644 8.26472
645 8.25636
646 8.24736
647 8.23771
648 8.22786
649 8.2184
650 8.21005
651 8.20644
652 8.19656
653 8.1896
654 8.18344
655 8.18023
656 8.1683
657 8.15899
658 8.15046
659 8.14723
660 8.14165
661 8.13863
662 8.13272
663 8.1268
664 8.12076
665 8.1144
666 8.10777
667 8.10118
668 8.09447
669 8.08818
670 8.08019
671 8.06693
672 8.05494
673 8.04913
674 8.04359
675 8.03389
676 8.02354
677 8.01492
678 8.01207
679 8.00752
681 8.00305
682 7.99983
683 7.99746
684 7.99205
685 7.98695
686 7.98133
687 7.97881
688 7.96926
689 7.95907
690 7.94868
691 7.93721
692 7.92574
693 7.91475
694 7.90539
695 7.89819
697 7.89066
698 7.88488
699 7.8791
700 7.8753
701 7.86639
702 7.85265
703 7.83879
704 7.82761
705 7.82068
707 7.81886
708 7.81413
709 7.81103
710 7.80693
711 7.80436
712 7.79888
713 7.79507
714 7.7846
715 7.7715
716 7.75963
717 7.74988
718 7.7429
719 7.74197
720 7.74062
721 7.73415
722 7.72732
723 7.72008
724 7.71324
725 7.7052
728 7.69461
729 7.6825
730 7.66898
731 7.65675
732 7.64525
733 7.63661
734 7.63469
736 7.62635
737 7.61709
738 7.60713
739 7.59767
740 7.58957
741 7.58573
742 7.58138
743 7.57514
744 7.56833
745 7.56146
746 7.55418
747 7.54848
748 7.53791
749 7.52673
750 7.52432
751 7.51231
752 7.50374
753 7.50103
754 7.4926
755 7.48348
756 7.4738
757 7.4667
758 7.45953
759 7.45946
760 7.45858
761 7.45232
762 7.44635
763 7.44066
764 7.43487
765 7.42877
766 7.42457
767 7.41645
768 7.40719
769 7.39935
770 7.38749
771 7.37618
772 7.36634
773 7.36305
774 7.35433
775 7.34505
776 7.33701
777 7.33445
778 7.3325
779 7.32704
780 7.32171
781 7.31556
782 7.30926
783 7.29988
784 7.28965
785 7.28021
786 7.27666
787 7.27094
788 7.26485
789 7.25759
790 7.24985
791 7.23904
792 7.22813
793 7.21883
794 7.21265
795 7.20605
796 7.20149
797 7.1929
798 7.18261
799 7.17375
800 7.1658
801 7.16225
803 7.15964
804 7.15287
805 7.14627
806 7.14007
807 7.13436
808 7.12998
809 7.11851
810 7.10521
811 7.09333
812 7.08292
813 7.077
814 7.07486
815 7.06682
816 7.06033
817 7.0566
818 7.05127
819 7.04455
820 7.03688
821 7.02996
822 7.02143
823 7.01904
824 7.01413
825 7.00183
826 6.98804
827 6.97618
828 6.9681
829 6.96787
830 6.9661
831 6.95883
832 6.95122
833 6.94193
834 6.93204
835 6.92349
836 6.91857
838 6.91297
839 6.90745
840 6.90103
841 6.89384
842 6.88634
843 6.88006
844 6.86891
845 6.86135
846 6.85105
847 6.84341
848 6.83564
849 6.8297
850 6.82114
851 6.81367
852 6.81149
853 6.80457
854 6.8025
855 6.797
856 6.79212
857 6.78672
858 6.7813
859 6.77602
860 6.76996
861 6.76335
862 6.75444
863 6.74478
864 6.7342
865 6.72366
866 6.71412
867 6.70573
868 6.6997
869 6.69805
870 6.69167
871 6.68599
872 6.67914
873 6.67147
874 6.66472
875 6.65623
876 6.6553
877 6.64993
878 6.63595
879 6.62724
881 6.62663
882 6.62266
883 6.61966
884 6.61744
885 6.61277
886 6.60696
887 6.60175
888 6.59702
889 6.59385
890 6.5854
891 6.57616
892 6.56851
895 6.56061
896 6.55371
897 6.54911
898 6.54522
899 6.53594
900 6.52628
901 6.51822
902 6.51091
903 6.50356
904 6.49126
905 6.48294
906 6.47329
907 6.46306
908 6.45594
909 6.44972
910 6.44528
911 6.43614
912 6.42768
913 6.42095
914 6.41827
915 6.41683
916 6.41386
917 6.40749
918 6.40037
919 6.39891
920 6.39007
921 6.38
922 6.3697
923 6.36095
924 6.35637
925 6.34889
926 6.3456
927 6.33721
928 6.32841
929 6.32054
930 6.31599
931 6.31541
932 6.31264
933 6.30645
934 6.30153
935 6.29764
936 6.2959
937 6.29013
938 6.28496
939 6.27919
940 6.2751
941 6.26824
942 6.26132
943 6.25376
944 6.24725
945 6.24274
947 6.23712
948 6.22637
949 6.21816
950 6.21265
951 6.21157
952 6.20283
953 6.19411
954 6.1857
955 6.17785
956 6.17274
957 6.16574
958 6.15842
959 6.15156
960 6.14473
961 6.13769
962 6.13063
963 6.12399
964 6.11759
965 6.11085
966 6.10393
967 6.09681
968 6.08981
969 6.08299
970 6.07503
971 6.06756
972 6.05769
973 6.04805
974 6.03981
975 6.03827
976 6.02945
977 6.02173
978 6.01368
979 6.00583
980 5.99838
981 5.99113
982 5.98302
983 5.97484
984 5.96667
985 5.95882
986 5.95209
987 5.94668
988 5.94113
989 5.93546
990 5.93009
991 5.92418
992 5.91763
993 5.91289
994 5.90472
995 5.9009
996 5.89239
997 5.884
998 5.87615
999 5.86979
1000 5.86405
1001 5.85583
1002 5.84793
1003 5.84047
1004 5.83545
1005 5.83038
1006 5.82359
1007 5.81662
1008 5.80915
1009 5.80038
1010 5.79087
1011 5.7816
1012 5.77296
1013 5.76488
1014 5.75737
1015 5.74942
1016 5.74229
1017 5.73501
1018 5.72937
1019 5.7216
1020 5.71406
1021 5.70674
1022 5.69977
1023 5.69329
1024 5.6867
1025 5.68126
1026 5.67571
1027 5.66959
1028 5.66268
1029 5.65568
1030 5.64873
1031 5.64156
1032 5.63574
1033 5.62737
1034 5.61849
1035 5.60912
1036 5.59982
1037 5.59123
1038 5.58369
1039 5.57713
1040 5.57084
1041 5.56533
1042 5.55834
1043 5.5505
1044 5.54318
1045 5.53467
1046 5.53044
1047 5.52714
1048 5.51817
1049 5.50986
1050 5.50258
1051 5.49721
1052 5.49335
1053 5.48793
1054 5.48229
1055 5.47628
1056 5.47034
1057 5.46348
1058 5.457
1059 5.44958
1060 5.44673
1061 5.43803
1062 5.42948
1063 5.42118
1064 5.41347
1065 5.4088
1066 5.401
1067 5.39327
1068 5.3866
1071 5.37878
1072 5.37139
1073 5.36506
1074 5.35994
1075 5.35379
1076 5.34743
1077 5.3416
1078 5.33745
1079 5.33306
1080 5.32633
1081 5.31967
1082 5.31306
1083 5.30653
1084 5.29984
1085 5.29561
1086 5.28821
1087 5.27683
1088 5.2661
1089 5.25777
1090 5.25382
1091 5.24759
1092 5.24483
1093 5.23873
1094 5.23396
1095 5.22968
1096 5.22391
1097 5.21714
1098 5.20949
1099 5.20159
1100 5.19402
1101 5.1865
1102 5.17975
1103 5.17152
1104 5.16359
1105 5.1571
1106 5.14917
1107 5.14241
1108 5.13542
1109 5.13312
1110 5.12525
1111 5.1178
1112 5.11085
1113 5.10402
1114 5.09928
1115 5.09291
1116 5.08634
1117 5.08015
1118 5.07464
1119 5.06965
1120 5.06342
1121 5.05692
1122 5.04991
1123 5.04242
1124 5.03457
1125 5.0269
1126 5.01973
1127 5.01287
1128 5.00986
1130 5.00582
1131 4.99779
1132 4.99187
1133 4.98654
1134 4.9803
1135 4.97329
1136 4.96627
1137 4.95914
1138 4.95192
1139 4.94499
1140 4.93736
1141 4.92995
1142 4.92345
1143 4.91897
1144 4.91648
1145 4.91122
1146 4.90587
1147 4.90011
1148 4.89389
1149 4.8872
1150 4.88046
1151 4.87335
1152 4.86649
1153 4.85937
1154 4.85285
1155 4.84649
1156 4.84159
1157 4.83502
1158 4.82983
1159 4.82511
1161 4.82006
1162 4.81442
1163 4.80725
1164 4.80429
1165 4.79711
1166 4.78835
1167 4.77997
1168 4.77258
1169 4.76733
1170 4.76179
1171 4.7556
1172 4.74936
1173 4.7429
1174 4.73651
1175 4.72987
1176 4.72531
1177 4.72161
1178 4.71379
1179 4.70521
1180 4.69676
1181 4.68943
1182 4.68269
1183 4.67806
1184 4.67531
1185 4.66877
1186 4.66224
1187 4.65566
1188 4.64919
1189 4.64246
1190 4.63777
1191 4.62938
1192 4.62177
1193 4.61512
1194 4.60929
1196 4.60624
1197 4.59877
1198 4.59234
1199 4.5902
1200 4.58361
1201 4.57644
1202 4.5701
1203 4.56988
1205 4.56253
1206 4.5566
1208 4.55577
1209 4.5491
1210 4.54292
1211 4.53754
1212 4.53418
1213 4.52876
1214 4.52288
1215 4.51715
1216 4.51264
1217 4.50551
1218 4.49829
1219 4.49078
1220 4.485
1221 4.48105
1222 4.47251
1223 4.46477
1224 4.45819
1225 4.45437
1226 4.45251
1227 4.44638
1228 4.44007
1229 4.43346
1230 4.42673
1231 4.41989
1232 4.41319
1233 4.40637
1234 4.40025
1235 4.39275
1236 4.38556
1237 4.3795
1238 4.37467
1239 4.37142
1240 4.36891
1241 4.3637
1242 4.35815
1243 4.35218
1244 4.34589
1245 4.33941
1246 4.33287
1247 4.3264
1248 4.32004
1249 4.3138
1250 4.30762
1251 4.30143
1252 4.29538
1253 4.28848
1254 4.28052
1255 4.27564
1256 4.26915
1257 4.2623
1258 4.25761
1259 4.2575
1260 4.25428
1261 4.24736
1262 4.24162
1263 4.23614
1264 4.23035
1265 4.22534
1266 4.21938
1267 4.21289
1268 4.20609
1269 4.19884
1270 4.19179
1271 4.1848
1272 4.17829
1273 4.17233
1274 4.16558
1275 4.16057
1276 4.15748
1277 4.153
1278 4.14758
1279 4.14284
1282 4.13703
1283 4.13026
1284 4.12277
1285 4.11569
1286 4.10854
1287 4.1027
1288 4.09712
1289 4.09321
1290 4.0863
1291 4.07975
1292 4.07411
1293 4.06868
1294 4.06307
1295 4.05718
1296 4.05235
1297 4.04656
1298 4.04095
1299 4.0354
1300 4.02995
1301 4.02449
1302 4.01875
1303 4.0129
1304 4.00697
1305 4.00097
1306 3.99491
1307 3.98879
1308 3.98266
1309 3.97664
1310 3.97095
1311 3.96732
1312 3.95885
1313 3.95115
1314 3.94431
1315 3.93904
1316 3.93391
1317 3.92816
1318 3.92208
1319 3.91579
1320 3.90992
1321 3.90328
1322 3.9013
1323 3.89212
1324 3.88453
1325 3.8788
1326 3.8757
1327 3.87394
1328 3.8684
1329 3.86274
1330 3.85685
1331 3.85088
1332 3.84488
1333 3.83889
1334 3.83284
1335 3.82708
1336 3.81995
1337 3.81302
1338 3.80612
1339 3.80178
1341 3.80019
1342 3.79441
1343 3.78889
1344 3.78455
1345 3.78083
1347 3.77403
1348 3.76902
1349 3.76239
1350 3.75624
1351 3.75065
1352 3.74764
1353 3.74322
1354 3.73844
1355 3.73386
1356 3.7318
1357 3.72691
1358 3.721
1359 3.71487
1360 3.70894
1361 3.70315
1362 3.69728
1363 3.69114
1364 3.68681
1365 3.68067
1366 3.67306
1367 3.6655
1368 3.65826
1369 3.65173
1370 3.64797
1372 3.64191
1373 3.63684
1376 3.6311
1377 3.62619
1378 3.62435
1379 3.62044
1380 3.61525
1381 3.61028
1382 3.60575
1383 3.60023
1384 3.59455
1385 3.5886
1386 3.58275
1387 3.57672
1388 3.57089
1389 3.56528
1390 3.56151
1391 3.55284
1392 3.54613
1393 3.54418
1394 3.54046
1395 3.53524
1396 3.53023
1397 3.52518
1398 3.51959
1399 3.51434
1400 3.50908
1401 3.50397
1402 3.50257
1404 3.49458
1405 3.4874
1406 3.48128
1407 3.4754
1408 3.47272
1409 3.46678
1410 3.46127
1411 3.45596
1412 3.45087
1413 3.44673
1414 3.44151
1415 3.43601
1416 3.43064
1417 3.42502
1418 3.42071
1419 3.41455
1420 3.40835
1421 3.40204
1422 3.39549
1423 3.38871
1424 3.38196
1425 3.37546
1426 3.36935
1427 3.36386
1428 3.35773
1429 3.3529
1430 3.3467
1431 3.34194
1432 3.33588
1433 3.33037
1434 3.32462
1435 3.31911
1436 3.31383
1437 3.30892
1438 3.30366
1439 3.29854
1440 3.29344
1441 3.28822
1442 3.28283
1443 3.27811
1444 3.27179
1445 3.2658
1446 3.25911
1447 3.25257
1448 3.24639
1449 3.24348
1450 3.2369
1451 3.23164
1452 3.22628
1453 3.22124
1454 3.21657
1455 3.21172
1456 3.2061
1457 3.1996
1458 3.19275
1459 3.1866
1460 3.18148
1461 3.1766
1462 3.17613
1463 3.17431
1464 3.16844
1465 3.1636
1466 3.1624
1467 3.15762
1468 3.1546
1469 3.14907
1470 3.14323
1471 3.13724
1472 3.13125
1473 3.12524
1474 3.11954
1475 3.11362
1476 3.10863
1477 3.10822
1478 3.10539
1479 3.09849
1480 3.09311
1481 3.08823
1483 3.08245
1484 3.07656
1485 3.07057
1486 3.06489
1487 3.05918
1488 3.05435
1489 3.04997
1490 3.04716
1491 3.04268
1492 3.038
1493 3.03298
1494 3.02869
1495 3.02378
1496 3.01808
1497 3.01228
1498 3.0064
1499 3.00028
1500 2.99375
1501 2.98709
1502 2.98089
1503 2.9753
1504 2.97065
1505 2.9653
1506 2.95983
1507 2.95488
1508 2.95157
1509 2.94615
1510 2.94136
1511 2.93718
1512 2.93564
1513 2.93091
1514 2.92643
1515 2.92172
1516 2.91651
1517 2.91149
1518 2.90639
1519 2.90155
1520 2.89597
1521 2.89131
1522 2.88543
1523 2.87935
1524 2.87335
1525 2.86729
1526 2.86137
1527 2.8554
1528 2.84937
1529 2.84343
1530 2.83795
1531 2.83717
1532 2.83665
1533 2.83139
1534 2.8264
1535 2.8217
1536 2.8189
1537 2.81371
1538 2.808
1539 2.80216
1540 2.79623
1541 2.7905
1542 2.78472
1543 2.77938
1544 2.7742
1545 2.76875
1546 2.7645
1547 2.76112
1548 2.75754
1549 2.75303
1550 2.74792
1551 2.74302
1552 2.73796
1553 2.73214
1554 2.72557
1555 2.71962
1556 2.7158
1558 2.71068
1559 2.70603
1560 2.70132
1561 2.69693
1562 2.69414
1563 2.68924
1564 2.68461
1565 2.67996
1566 2.67535
1567 2.67228
1568 2.66837
1569 2.66251
1570 2.65672
1571 2.65118
1572 2.6458
1573 2.64084
1574 2.63513
1575 2.6291
1576 2.62334
1577 2.61755
1578 2.61231
1579 2.60983
1581 2.60393
1582 2.59904
1583 2.59817
1584 2.59476
1585 2.58899
1586 2.58371
1587 2.57964
1588 2.57516
1589 2.57276
1590 2.56799
1591 2.56346
1592 2.55911
1593 2.55482
1594 2.55085
1595 2.54598
1596 2.54077
1597 2.53525
1598 2.52952
1599 2.52367
1600 2.51789
1601 2.51241
1602 2.50691
1603 2.50197
1604 2.49726
1605 2.49385
1606 2.4887
1607 2.48421
1608 2.48112
1609 2.47856
1610 2.47294
1611 2.46825
1612 2.46408
1613 2.4628
1615 2.45799
1616 2.45442
1618 2.45315
1619 2.44864
1620 2.44426
1621 2.44001
1622 2.43622
1623 2.43271
1624 2.43259
1625 2.4309
1626 2.42522
1627 2.41964
1628 2.41445
1630 2.41393
1631 2.4078
1632 2.40255
1633 2.39923
1635 2.39706
1636 2.39224
1637 2.38833
1638 2.38509
1639 2.38091
1640 2.37565
1641 2.37064
1642 2.36523
1643 2.36224
1644 2.35975
1645 2.35524
1646 2.35118
1647 2.34914
1648 2.34446
1649 2.3399
1650 2.33607
1651 2.33142
1652 2.32719
1653 2.32184
1654 2.31616
1655 2.31058
1656 2.3055
1657 2.30149
1658 2.29653
1659 2.29235
1660 2.28821
1661 2.28497
1662 2.28071
1663 2.27628
1664 2.27112
1665 2.26544
1666 2.26083
1667 2.25631
1668 2.25329
1669 2.25128
1670 2.24643
1671 2.24178
1672 2.23732
1673 2.23299
1674 2.22994
1675 2.22917
1676 2.22428
1677 2.21908
1678 2.21353
1679 2.20786
1680 2.20242
1681 2.19736
1682 2.19291
1683 2.18898
1684 2.18603
1685 2.18158
1686 2.17677
1687 2.17209
1688 2.16715
1689 2.16294
1690 2.158
1691 2.15376
1692 2.15018
1693 2.14602
1694 2.14204
1695 2.13852
1696 2.13584
1697 2.13117
1698 2.12643
1699 2.12154
1700 2.11679
1701 2.11168
1702 2.10869
1703 2.10606
1704 2.10033
1705 2.09544
1706 2.09193
1707 2.0881
1708 2.08479
1709 2.08076
1710 2.07775
1711 2.07308
1712 2.06796
1713 2.06317
1714 2.05879
1715 2.05483
1716 2.05401
1717 2.04936
1718 2.0453
1719 2.04247
1720 2.03835
1721 2.03509
1722 2.03003
1723 2.02482
1724 2.0195
1725 2.01442
1726 2.01
1727 2.00597
1728 2.00572
1729 2.0053
1730 2.00048
1731 1.99575
1732 1.99108
1733 1.98648
1734 1.98221
1735 1.97778
1736 1.97354
1737 1.97024
1738 1.96866
1739 1.96421
1740 1.96011
1741 1.95628
1742 1.95283
1743 1.94905
1744 1.94734
1745 1.94254
1746 1.93769
1747 1.93281
1748 1.92779
1749 1.92334
1750 1.91904
1751 1.91537
1752 1.9146
1753 1.90945
1754 1.90487
1755 1.90082
1756 1.89699
1757 1.89653
1758 1.89536
1759 1.89037
1760 1.88596
1761 1.8835
1762 1.8791
1763 1.87715
1764 1.87296
1765 1.86925
1766 1.86564
1767 1.86176
1768 1.85774
1769 1.85334
1770 1.84879
1771 1.84406
1772 1.8394
1773 1.83513
1774 1.8312
1775 1.82742
1776 1.82571
1777 1.8204
1778 1.81584
1779 1.81332
1780 1.80874
1781 1.80567
1782 1.8011
1783 1.7967
1784 1.79263
1785 1.79062
1786 1.78943
1787 1.78537
1788 1.78152
1789 1.77765
1790 1.77366
1791 1.76986
1792 1.76571
1793 1.7653
1795 1.75989
1796 1.75505
1797 1.75073
1798 1.74608
1799 1.74366
1800 1.73831
1801 1.73522
1802 1.73075
1803 1.72654
1804 1.72231
1805 1.71831
1806 1.71677
1807 1.71198
1808 1.70783
1809 1.70409
1810 1.70146
1811 1.69934
1812 1.69574
1813 1.69196
1814 1.68796
1815 1.68395
1816 1.67998
1817 1.67591
1818 1.6715
1819 1.66692
1820 1.66283
1821 1.65947
1822 1.65815
1823 1.65308
1824 1.64874
1825 1.6472
1826 1.64268
1827 1.63955
1828 1.63517
1829 1.63101
1830 1.62708
1831 1.62595
1832 1.62251
1833 1.61898
1834 1.6157
1835 1.61182
1836 1.60794
1837 1.6041
1838 1.60021
1839 1.59634
1840 1.59252
1841 1.5905
1842 1.58548
1843 1.58218
1844 1.57649
1845 1.57213
1846 1.56903
1847 1.56509
1848 1.56266
1849 1.55819
1850 1.55436
1851 1.55076
1852 1.54764
1853 1.54445
1854 1.54111
1855 1.53775
1856 1.53421
1857 1.53049
1858 1.52727
1859 1.52373
1860 1.51978
1861 1.5159
1862 1.51221
1863 1.51172
1865 1.5071
1866 1.50343
1868 1.50266
1869 1.49776
1870 1.49291
1871 1.48861
1872 1.48599
1873 1.48423
1874 1.47984
1875 1.47588
1876 1.47243
1877 1.47186
1879 1.46821
1880 1.46528
1881 1.46205
1882 1.45854
1883 1.4548
1884 1.45185
1885 1.45013
1886 1.44593
1887 1.44168
1888 1.43755
1889 1.43337
1890 1.42928
1891 1.42503
1892 1.42285
1893 1.41888
1894 1.41442
1895 1.41052
1896 1.40906
1898 1.40501
1899 1.40118
1900 1.39782
1903 1.39447
1904 1.39297
1905 1.39231
1906 1.39052
1907 1.38718
1908 1.38497
1909 1.38138
1910 1.37798
1911 1.37438
1912 1.37156
1913 1.36773
1914 1.36364
1915 1.35942
1916 1.35529
1917 1.35109
1918 1.34767
1919 1.34394
1920 1.34006
1921 1.33652
1922 1.33574
1923 1.33176
1924 1.32775
1925 1.32431
1926 1.32136
1928 1.31843
1929 1.31679
1930 1.31509
1932 1.31137
1933 1.31017
1934 1.30705
1936 1.30344
1937 1.30045
1938 1.29736
1939 1.2951
1941 1.29444
1942 1.29005
1943 1.28731
1944 1.28284
1945 1.27874
1946 1.27495
1947 1.27229
1948 1.26935
1949 1.26575
1950 1.26227
1951 1.25936
1952 1.25631
1953 1.25576
1954 1.25183
1955 1.2492
1956 1.24758
1957 1.24415
1958 1.24109
1959 1.2379
1960 1.2357
1961 1.23201
1962 1.22872
1963 1.22453
1964 1.22058
1965 1.21683
1966 1.21377
1967 1.21357
1968 1.21149
1969 1.20729
1970 1.20422
1971 1.20173
1973 1.19828
1974 1.1958
1975 1.19205
1976 1.18842
1977 1.1851
1978 1.18272
1979 1.18033
1980 1.17819
1981 1.17558
1982 1.17514
1983 1.17136
1984 1.16807
1985 1.16533
1986 1.16211
1987 1.15989
1988 1.156
1989 1.15197
1990 1.14864
1991 1.14567
1992 1.14457
1993 1.1408
1994 1.13756
1995 1.13427
1996 1.13081
1997 1.12851
1998 1.1261
1999 1.12213
2000 1.11848
2001 1.11536
2002 1.11422
2003 1.11126
2004 1.10803
2005 1.10476
2006 1.10131
2007 1.09777
2008 1.09425
2009 1.09098
2010 1.08842
2011 1.08539
2012 1.08398
2013 1.08045
2014 1.07772
2015 1.07578
2016 1.07247
2017 1.0695
2018 1.06648
2019 1.0647
2020 1.06093
2021 1.05753
2022 1.05449
2023 1.05158
2024 1.04959
2025 1.04636
2026 1.04378
2027 1.04127
2028 1.04062
2029 1.0361
2030 1.03236
2031 1.02899
2032 1.02708
2034 1.02357
2035 1.02121
2037 1.02011
2038 1.01756
2039 1.0158
2040 1.01514
2041 1.01167
2042 1.00876
2043 1.00614
2044 1.00503
2045 1.00082
2046 0.996746
2047 0.993502
2048 0.991947
2049 0.988699
2050 0.985825
2051 0.983194
2052 0.979868
2053 0.976438
2054 0.97307
2055 0.969763
2056 0.966479
2057 0.963763
2058 0.961509
2059 0.960979
2060 0.959808
2061 0.956794
2062 0.953954
2063 0.950697
2064 0.947155
2065 0.944199
2066 0.941236
2067 0.938698
2068 0.937855
2069 0.935191
2070 0.932201
2071 0.92964
2074 0.926835
2075 0.925519
2077 0.923888
2078 0.920572
2079 0.91751
2080 0.914322
2081 0.910952
2082 0.907512
2083 0.904337
2084 0.901679
2085 0.89888
2086 0.895748
2087 0.892839
2088 0.889531
2089 0.886385
2090 0.883513
2091 0.88083
2092 0.878658
2093 0.875842
2094 0.873027
2095 0.870166
2096 0.867423
2097 0.864301
2098 0.863016
2100 0.859714
2101 0.856439
2102 0.853339
2103 0.850972
2104 0.848635
2105 0.848078
2106 0.844694
2107 0.841966
2108 0.839512
2109 0.838207
2110 0.834863
2111 0.832325
2112 0.832304
2114 0.829354
2115 0.827138
2116 0.824456
2117 0.821759
2118 0.819103
2119 0.816301
2120 0.813673
2121 0.811196
2122 0.808045
2123 0.804606
2124 0.801248
2125 0.798055
2126 0.795654
2127 0.794955
2128 0.791984
2129 0.789103
2130 0.786416
2131 0.784155
2132 0.7832
2133 0.780206
2134 0.77775
2135 0.775247
2136 0.773204
2137 0.770563
2138 0.767675
2139 0.7648
2140 0.762635
2141 0.760304
2143 0.759779
2144 0.756853
2145 0.754583
2146 0.752849
2147 0.749653
2148 0.746562
2149 0.743726
2150 0.742151
2151 0.739083
2152 0.736466
2153 0.734967
2154 0.732066
2155 0.729548
2156 0.726885
2157 0.724183
2158 0.721742
2159 0.718919
2160 0.716302
2161 0.71363
2162 0.710959
2163 0.708281
2164 0.705382
2165 0.702703
2166 0.699859
2167 0.697069
2168 0.694785
2169 0.692296
2170 0.689687
2171 0.687165
2172 0.685253
2173 0.682448
2174 0.679958
2175 0.677364
2176 0.674705
2177 0.672076
2178 0.669414
2179 0.666774
2180 0.664167
2181 0.663125
2182 0.659915
2183 0.657182
2184 0.655197
2185 0.652568
2186 0.651131
2187 0.647614
2188 0.646651
2189 0.644647
2190 0.64202
2191 0.639599
2192 0.63739
2193 0.63526
2194 0.632429
2195 0.629943
2196 0.627559
2197 0.624906
2198 0.622442
2199 0.620174
2201 0.619824
2202 0.617561
2203 0.617117
2205 0.615678
2206 0.613225
2207 0.611401
2208 0.609655
2210 0.607598
2213 0.606538
2214 0.6057
2215 0.605444
2218 0.603926
2219 0.60258
2220 0.601356
2221 0.600181
2222 0.598842
2223 0.597521
2224 0.596238
2225 0.595089
2226 0.593952
2227 0.592851
2228 0.591945
2229 0.59084
2230 0.589664
2231 0.588506
2232 0.587409
2233 0.586291
2234 0.585376
2235 0.584098
2236 0.58282
2237 0.58154
2238 0.580388
2239 0.579024
2240 0.577661
2241 0.576304
2242 0.574958
2243 0.573636
2244 0.57232
2245 0.571004
2246 0.569806
2247 0.568505
2248 0.567297
2249 0.566024
2250 0.564781
2251 0.564497
2252 0.563199
2253 0.561921
2254 0.560805
2255 0.559605
2256 0.558947
2257 0.557672
2258 0.556433
2259 0.555256
2260 0.554128
2261 0.552978
2262 0.551791
2263 0.550611
2264 0.549426
2265 0.548324
2266 0.547141
2267 0.545975
2268 0.544805
2269 0.543635
2270 0.542461
2271 0.541286
2272 0.540105
2273 0.538924
2274 0.537739
2275 0.536592
2276 0.535356
2277 0.534134
2278 0.532932
2279 0.531725
2280 0.530504
2281 0.52929
2282 0.528063
2283 0.526845
2284 0.525636
2285 0.524655
2286 0.523927
2287 0.522656
2288 0.521416
2289 0.520206
2290 0.519035
2291 0.518112
2292 0.516898
2293 0.515691
2294 0.514529
2295 0.513467
2296 0.512558
2297 0.511374
2298 0.510217
2299 0.509088
2300 0.508025
2301 0.507063
2302 0.506953
2303 0.506517
2304 0.505331
2305 0.504299
2306 0.504225
2307 0.503953
2308 0.502763
2309 0.501666
2310 0.500803
2311 0.499695
2312 0.498968
2313 0.49785
2314 0.496749
2315 0.495646
2316 0.494532
2317 0.493392
2318 0.49223
2319 0.491059
2320 0.489886
2321 0.488718
2322 0.487554
2323 0.486399
2324 0.485247
2325 0.484116
2326 0.483117
2327 0.48245
2328 0.481262
2329 0.480108
2330 0.478972
2331 0.477841
2332 0.476704
2333 0.475579
2334 0.474422
2335 0.473321
2336 0.472087
2337 0.470856
2338 0.46961
2339 0.468387
2340 0.467252
2341 0.466037
2342 0.464857
2343 0.463754
2344 0.462999
2345 0.461987
2346 0.460897
2347 0.459846
2348 0.458952
2349 0.458037
2350 0.456988
2351 0.45598
2352 0.454964
2353 0.453962
2354 0.452894
2355 0.451785
2356 0.450652
2357 0.449506
2358 0.448375
2359 0.447263
2360 0.446175
2361 0.445107
2362 0.444038
2363 0.443105
2364 0.442176
2365 0.441129
2366 0.44008
2367 0.439114
2368 0.438624
2369 0.437577
2370 0.436566
2371 0.435596
2372 0.434659
2373 0.433684
2374 0.4327
2375 0.431709
2376 0.430746
2377 0.429722
2378 0.428728
2379 0.427709
2380 0.426699
2381 0.425667
2382 0.425037
2383 0.424034
2384 0.42285
2385 0.421747
2386 0.420692
2387 0.419961
2388 0.418856
2389 0.417792
2390 0.416757
2391 0.415813
2392 0.414726
2393 0.413642
2394 0.412559
2395 0.411477
2396 0.410395
2397 0.409316
2398 0.408216
2399 0.407212
2400 0.406247
2401 0.405152
2402 0.404118
2403 0.403186
2404 0.402409
2405 0.401304
2406 0.400269
2407 0.399249
2408 0.398361
2409 0.3981
2410 0.396917
2411 0.395825
2412 0.394774
2413 0.393749
2414 0.392943
2415 0.392175
2416 0.391115
2417 0.390069
2418 0.389044
2419 0.388033
2420 0.387135
2421 0.386129
2422 0.385136
2423 0.384168
2424 0.383294
2425 0.382767
2426 0.381657
2427 0.380664
2428 0.379688
2429 0.378699
2430 0.377698
2431 0.376694
2432 0.375689
2433 0.374684
2434 0.373679
2435 0.372674
2436 0.371668
2437 0.370669
2438 0.369647
2439 0.368663
2440 0.367657
2441 0.366648
2442 0.365643
2443 0.36464
2444 0.363633
2445 0.362629
2446 0.361669
2447 0.360628
2448 0.359613
2449 0.358609
2450 0.357659
2451 0.356663
2452 0.355691
2453 0.354749
2454 0.353791
2455 0.352827
2456 0.351878
2457 0.350993
2458 0.350051
2459 0.349117
2460 0.348208
2461 0.347324
2462 0.346453
2463 0.345535
2464 0.344621
2465 0.343709
2466 0.342797
2467 0.341873
2468 0.341043
2469 0.340152
2470 0.339207
2471 0.338254
2472 0.337294
2473 0.336331
2474 0.335369
2475 0.334409
2476 0.333455
2477 0.332515
2478 0.331786
2479 0.330912
2480 0.329952
2481 0.329011
2482 0.328068
2483 0.327115
2484 0.326237
2485 0.325242
2486 0.324229
2487 0.323222
2488 0.322222
2489 0.321228
2490 0.320275
2491 0.319312
2492 0.318386
2493 0.317469
2494 0.316559
2495 0.315702
2496 0.31495
2497 0.314038
2498 0.313154
2499 0.312287
2500 0.311549
2501 0.310716
2502 0.309817
2503 0.308894
2504 0.307969
2505 0.307051
2506 0.306132
2507 0.305217
2508 0.304299
2509 0.303416
2510 0.302491
2511 0.301594
2512 0.300723
2513 0.300008
2514 0.299122
2515 0.298239
2516 0.297442
2517 0.296954
2518 0.296109
2519 0.295324
2520 0.294807
2521 0.293938
2522 0.293156
2523 0.292415
2524 0.291556
2525 0.290656
2526 0.289771
2527 0.288886
2528 0.288009
2529 0.287103
2530 0.286165
2531 0.285278
2532 0.284498
2533 0.284089
2534 0.283242
2535 0.282524
2536 0.282133
2537 0.281168
2538 0.280386
2539 0.279978
2540 0.279086
2541 0.278301
2542 0.277573
2543 0.276694
2544 0.275898
2545 0.274977
2546 0.274042
2547 0.273119
2548 0.272191
2549 0.271294
2550 0.270351
2551 0.269446
2552 0.268616
2553 0.267751
2554 0.266995
2555 0.266163
2556 0.265454
2557 0.264604
2558 0.263809
2559 0.263031
2560 0.262484
2561 0.261601
2562 0.260745
2563 0.259904
2564 0.259061
2565 0.258217
2566 0.257391
2567 0.256589
2568 0.255738
2569 0.254895
2570 0.254072
2571 0.253586
2572 0.253015
2573 0.252093
2574 0.251317
2575 0.250548
2576 0.249811
2577 0.249186
2578 0.248864
2579 0.247977
2580 0.247244
2581 0.24652
2582 0.246254
2583 0.245481
2584 0.24465
2585 0.243942
2586 0.243398
2588 0.242664
2589 0.242309
2590 0.242086
2592 0.241098
2593 0.24079
2594 0.240068
2595 0.239269
2596 0.238483
2597 0.237717
2598 0.236998
2599 0.236394
2600 0.236285
2601 0.235857
2602 0.235002
2603 0.234655
2604 0.233758
2605 0.233507
2606 0.232693
2607 0.23188
2608 0.231083
2609 0.230376
2610 0.229658
2611 0.228968
2612 0.228148
2613 0.227364
2614 0.226592
2615 0.226009
2616 0.225186
2617 0.224391
2618 0.223691
2619 0.223016
2620 0.222887
2621 0.222704
2622 0.221858
2623 0.221066
2624 0.220291
2625 0.219599
2626 0.218812
2627 0.218061
2628 0.217295
2629 0.216558
2630 0.21581
2631 0.215058
2632 0.214373
2633 0.213637
2634 0.212881
2635 0.212129
2636 0.211394
2637 0.210769
2638 0.210184
2639 0.209384
2640 0.208629
2641 0.207879
2642 0.207121
2643 0.206362
2644 0.205604
2645 0.20488
2646 0.204114
2647 0.203354
2648 0.202598
2649 0.201842
2650 0.201091
2651 0.200342
2652 0.199593
2653 0.198999
2654 0.19829
2655 0.197532
2656 0.196803
2657 0.196115
2658 0.1955
2659 0.194746
2660 0.194036
2661 0.193315
2662 0.192636
2663 0.191922
2664 0.191213
2665 0.190581
2666 0.190005
2667 0.189273
2668 0.188577
2669 0.187902
2670 0.18741
2671 0.186739
2672 0.186051
2673 0.185365
2674 0.18468
2675 0.183995
2676 0.183309
2677 0.18262
2678 0.181932
2679 0.181244
2680 0.180558
2681 0.179872
2682 0.179187
2683 0.178509
2684 0.177827
2685 0.177211
2686 0.177119
2687 0.176802
2688 0.17604
2689 0.175642
2690 0.175018
2692 0.174347
2693 0.174184
2694 0.173478
2695 0.173085
2696 0.172359
2697 0.171681
2698 0.171066
2699 0.171058
2701 0.170246
2702 0.16996
2703 0.16918
2704 0.168444
2705 0.167801
2706 0.167094
2707 0.16645
2708 0.165755
2709 0.165085
2710 0.16457
2711 0.163926
2712 0.163292
2713 0.162707
2714 0.162284
2716 0.16172
2717 0.161516
2720 0.160875
2722 0.160719
2723 0.160133
2724 0.159558
2725 0.159044
2726 0.158563
2727 0.157785
2728 0.157222
2729 0.156667
2730 0.155994
2731 0.155334
2732 0.154718
2733 0.154307
2734 0.153875
2735 0.153216
2736 0.152586
2737 0.151981
2738 0.151408
2739 0.150913
2740 0.150479
2741 0.14985
2742 0.149219
2743 0.148594
2744 0.147968
2745 0.147347
2746 0.146725
2747 0.146114
2748 0.145545
2749 0.144846
2750 0.144215
2751 0.1436
2752 0.143065
2753 0.142574
2754 0.141947
2755 0.14142
2756 0.140813
2757 0.140251
2758 0.139689
2759 0.139067
2760 0.138457
2761 0.137852
2762 0.137245
2763 0.136639
2764 0.136046
2765 0.13542
2766 0.134731
2767 0.134116
2768 0.13356
2769 0.13297
2770 0.132366
2771 0.131805
2772 0.131298
2773 0.130886
2774 0.130326
2775 0.129821
2776 0.129397
2777 0.129182
2778 0.128578
2779 0.128161
2780 0.127798
2782 0.127177
2784 0.126668
2786 0.126266
2788 0.125669
2789 0.125551
2791 0.125211
2792 0.124695
2793 0.124495
2794 0.124471
2795 0.124022
2796 0.123297
2797 0.122731
2798 0.122302
2799 0.121704
2800 0.12124
2801 0.120871
2802 0.120301
2803 0.119904
2804 0.119352
2805 0.119002
2806 0.118489
2807 0.117937
2808 0.117372
2809 0.116807
2810 0.11625
2811 0.115685
2812 0.115207
2813 0.114654
2814 0.114124
2815 0.113709
2816 0.11328
2818 0.112807
2820 0.112297
2821 0.11223
2823 0.1116
2824 0.111059
2825 0.110527
2826 0.110014
2827 0.109477
2828 0.108968
2829 0.108467
2830 0.107926
2831 0.107376
2832 0.106831
2833 0.106323
2834 0.105832
2836 0.10538
2838 0.105
2840 0.104849
2841 0.104567
2842 0.104302
2843 0.104046
2844 0.103819
2845 0.103635
2846 0.103367
2847 0.103097
2848 0.102832
2849 0.10257
2850 0.102319
2851 0.102071
2852 0.101835
2853 0.101577
2854 0.101323
2855 0.101158
2856 0.100886
2857 0.100641
2858 0.100406
2859 0.100164
2860 0.0999209
2861 0.0996862
2862 0.0994318
2863 0.0991753
2864 0.0989187
2865 0.0986622
2866 0.098406
2867 0.0981508
2868 0.0979012
2869 0.0976548
2870 0.0975143
2871 0.0972758
2872 0.0970312
2873 0.0968
2874 0.096639
2875 0.0963652
2876 0.0961088
2877 0.0958665
2878 0.0957362
2879 0.0954783
2880 0.0952214
2881 0.0949843
2882 0.0947335
2883 0.0945074
2884 0.094263
2885 0.0940217
2886 0.0938041
2887 0.0935879
2888 0.0933538
2889 0.0931203
2890 0.0929149
2891 0.0927553
2892 0.0924917
2893 0.0922581
2894 0.0920215
2895 0.0917937
2896 0.0915621
2897 0.0913502
2898 0.0911224
2899 0.0908939
2900 0.0906648
2901 0.0904593
2902 0.09022
2903 0.0899888
2904 0.0897584
2905 0.0895686
2906 0.0893203
2907 0.0890847
2908 0.0888533
2909 0.0886115
2910 0.0883747
2911 0.0881578
2912 0.0879405
2913 0.0877056
2914 0.0874727
2915 0.0872666
2916 0.0871098
2917 0.0868504
2918 0.0866058
2919 0.0863652
2920 0.0861211
2921 0.0858781
2922 0.0856501
2923 0.0854056
2924 0.0851648
2925 0.0849263
2926 0.0846906
2927 0.0844501
2928 0.0842115
2929 0.0839709
2930 0.0837344
2931 0.083504
2932 0.0832609
2933 0.0830181
2934 0.0827752
2935 0.0825323
2936 0.0822896
2937 0.0820464
2938 0.0818075
2939 0.081564
2940 0.0813207
2941 0.0810777
2942 0.0808355
2943 0.0806415
2944 0.0804023
2945 0.0801553
2946 0.079916
2947 0.0796891
2948 0.0794508
2949 0.0792125
2950 0.0789765
2951 0.0787482
2952 0.0785495
2953 0.0783066
2954 0.0780708
2955 0.0778378
2956 0.0776052
2957 0.077374
2958 0.0771455
2959 0.0769148
2960 0.0766884
2961 0.0764599
2962 0.0762315
2963 0.0760135
2964 0.0757848
2965 0.0755585
2966 0.0753498
2967 0.0751254
2968 0.0748991
2969 0.0746734
2970 0.0744487
2971 0.0742258
2972 0.0740044
2973 0.0738118
2974 0.0735875
2975 0.0733628
2976 0.073139
2977 0.0729162
2978 0.072695
2979 0.072506
2980 0.072368
2981 0.0721251
2982 0.0719048
2983 0.0716909
2984 0.0714818
2985 0.0712642
2986 0.0710477
2987 0.0708363
2988 0.0706248
2989 0.0704383
2990 0.0702202
2991 0.0700033
2992 0.0697876
2993 0.0695728
2994 0.0693589
2995 0.0691663
2996 0.0689489
2997 0.0687353
2998 0.0685395
2999 0.0683272
3000 0.0681149
3001 0.0679038
3002 0.0676936
3003 0.0674865
3004 0.0673533
3005 0.0671222
3006 0.0669123
3007 0.0667047
3008 0.0664943
3009 0.0662844
3010 0.0660884
3011 0.0658766
3012 0.0656651
3013 0.0654552
3014 0.0652444
3015 0.0650338
3016 0.0648241
3017 0.0646139
3018 0.0644044
3019 0.0641986
3020 0.0639915
3021 0.0637814
3022 0.0635722
3023 0.0633649
3024 0.0631618
3025 0.0629526
3026 0.0627483
3027 0.06254
3028 0.0623326
3029 0.0621432
3030 0.0619349
3031 0.0617277
3032 0.0615208
3033 0.061315
3034 0.0611127
3035 0.0609082
3036 0.060702
3037 0.0604966
3038 0.0602919
3039 0.0600907
3040 0.0598895
3041 0.0596866
3042 0.0594857
3043 0.0592835
3044 0.0590817
3045 0.0588919
3046 0.0586889
3047 0.0584875
3048 0.0582867
3049 0.0580879
3050 0.0578897
3051 0.057695
3052 0.0574956
3053 0.0572976
3054 0.057108
3055 0.0569206
3056 0.0567218
3057 0.0565243
3058 0.0563279
3059 0.0561365
3060 0.0559408
3061 0.0557456
3062 0.0555716
3063 0.0553797
3064 0.0551863
3065 0.0549951
3066 0.0548041
3067 0.0546142
3068 0.0544234
3069 0.0542358
3070 0.0540468
3071 0.0538576
3072 0.0536718
3073 0.0534848
3074 0.0532965
3075 0.0531179
3076 0.0529502
3077 0.0527732
3078 0.0525895
3079 0.0524135
3080 0.0523297
3081 0.0521369
3082 0.0519569
3083 0.0518207
3084 0.0516437
3085 0.0515275
3086 0.0513207
3087 0.0511611
3088 0.0510086
3090 0.0508338
3091 0.05072
3092 0.0505619
3093 0.050454
3094 0.0504366
3095 0.0503084
3096 0.0500892
3097 0.0499867
3098 0.0498506
3100 0.0496679
3101 0.0496287
3102 0.0495642
3103 0.0493761
3104 0.0492003
3105 0.0491052
3106 0.0489004
3107 0.0487292
3108 0.0485708
3109 0.0483913
3110 0.048219
3111 0.048092
3112 0.0479232
3113 0.0477733
3114 0.0476213
3116 0.0474594
3117 0.0473578
3118 0.0472567
3120 0.0470653
3121 0.0469387
3122 0.0468575
3124 0.0466633
3125 0.0464956
3126 0.0463295
3127 0.0461529
3128 0.0459807
3129 0.0458568
3130 0.0456745
3131 0.0455136
3132 0.0453696
3133 0.0451948
3134 0.0450319
3135 0.0448772
3136 0.0447542
3137 0.0445752
3138 0.0444223
3139 0.0442783
3140 0.0441454
3142 0.0439727
3143 0.0439117
3145 0.0438349
3146 0.0437262
3147 0.0436507
3149 0.0434522
3150 0.0433551
3151 0.0432386
3153 0.0430656
3154 0.0430475
3155 0.0429829
3156 0.042807
3157 0.0426434
3158 0.0424744
3159 0.0423054
3160 0.0421405
3161 0.0419716
3162 0.0418047
3163 0.0416967
3164 0.0415259
3165 0.0413612
3166 0.0411944
3167 0.041028
3168 0.0408651
3169 0.0407002
3170 0.0405372
3171 0.0403731
3172 0.0402124
3173 0.0400582
3174 0.0398991
3175 0.0397371
3176 0.0395763
3177 0.039419
3178 0.0392735
3179 0.0391588
3180 0.0389789
3181 0.0388349
3182 0.038674
3183 0.0385171
3184 0.0384127
3185 0.0382583
3186 0.0381162
3187 0.0380185
3188 0.0379088
3190 0.0377564
3192 0.0376062
3193 0.0375748
3195 0.0374187
3196 0.0372846
3199 0.0371436
3200 0.0371209
