1 9.60594
7 9.38474
10 8.65443
20 7.79682
21 7.6814
23 7.58959
27 6.75438
39 6.73538
42 6.65954
43 6.63632
49 6.59237
52 6.58397
54 6.551
57 6.14774
59 6.12565
60 5.81251
64 5.73915
65 5.45634
66 5.1347
67 5.08221
68 4.87717
72 4.75071
73 4.7244
76 4.66576
81 4.63777
82 4.59829
83 4.51676
84 4.39149
87 4.38519
88 4.36404
90 4.36328
98 4.31869
100 4.31799
101 4.29894
102 4.29889
104 4.29346
106 4.27972
108 4.26977
110 4.22373
112 4.22096
116 4.21628
119 4.21621
123 4.20929
126 4.18591
127 4.1832
131 4.17852
133 4.17682
137 4.15542
139 4.15379
142 4.13537
153 4.13099
157 4.12921
162 4.12857
164 4.12829
166 4.12662
174 4.1258
176 4.12442
177 4.12374
182 4.12372
183 4.12331
185 4.12183
187 4.12116
190 4.12062
192 4.12048
195 4.11981
196 4.11951
199 4.11726
204 4.1161
205 4.11596
207 4.11544
215 4.11485
219 4.11368
220 4.11226
221 4.1107
224 4.10912
227 4.10843
229 4.10791
230 4.1077
232 4.10764
235 4.1063
240 4.10593
242 4.10564
244 4.10513
245 4.10465
246 4.10454
248 4.10314
249 4.10123
250 4.1003
253 4.09955
257 4.09847
261 4.09732
266 4.09599
267 4.09538
269 4.09329
270 4.09313
271 4.09306
274 4.0913
278 4.09108
280 4.09094
283 4.09055
284 4.09051
288 4.08996
289 4.08851
290 4.08801
291 4.08769
296 4.08744
298 4.08743
300 4.08729
301 4.08724
303 4.0872
304 4.08666
309 4.08654
310 4.08625
311 4.08624
312 4.08623
315 4.08609
318 4.08601
