1 11300100000000.0
14 11290700000000.0
15 11281400000000.0
16 11272100000000.0
17 11262800000000.0
18 11254000000000.0
19 11244600000000.0
20 11235300000000.0
21 11225900000000.0
22 11216600000000.0
23 11207300000000.0
24 11198000000000.0
25 11188600000000.0
26 11179300000000.0
27 11170000000000.0
28 11160800000000.0
29 11151500000000.0
30 11142300000000.0
31 11132900000000.0
32 11123600000000.0
33 11114300000000.0
34 11105300000000.0
35 11096000000000.0
36 11087600000000.0
37 11078300000000.0
38 11071600000000.0
39 11065000000000.0
40 11058200000000.0
41 11051300000000.0
42 11044100000000.0
43 11036700000000.0
44 11028900000000.0
45 11020800000000.0
46 11012300000000.0
47 11003400000000.0
48 10994300000000.0
49 10985100000000.0
50 10976000000000.0
51 10967200000000.0
52 10958000000000.0
53 10948900000000.0
54 10939700000000.0
55 10930800000000.0
56 10921500000000.0
57 10912300000000.0
58 10903100000000.0
59 10894000000000.0
60 10884800000000.0
61 10875700000000.0
62 10866500000000.0
63 10857400000000.0
64 10848300000000.0
65 10839400000000.0
66 10830300000000.0
67 10821100000000.0
68 10812100000000.0
69 10803200000000.0
70 10794100000000.0
71 10785000000000.0
72 10776000000000.0
73 10766900000000.0
74 10758400000000.0
75 10749700000000.0
76 10740700000000.0
77 10731700000000.0
78 10722700000000.0
79 10713700000000.0
80 10704700000000.0
81 10695800000000.0
82 10687000000000.0
83 10679100000000.0
84 10672300000000.0
85 10665700000000.0
86 10658900000000.0
87 10652100000000.0
88 10645000000000.0
89 10637700000000.0
90 10628700000000.0
91 10620100000000.0
92 10611000000000.0
93 10602000000000.0
94 10593000000000.0
95 10583900000000.0
96 10575000000000.0
97 10566000000000.0
98 10557100000000.0
99 10548000000000.0
100 10539000000000.0
101 10530300000000.0
102 10521300000000.0
103 10512200000000.0
104 10503200000000.0
105 10494400000000.0
106 10485400000000.0
107 10476400000000.0
108 10467500000000.0
109 10458500000000.0
110 10449700000000.0
111 10440700000000.0
112 10432000000000.0
113 10423600000000.0
114 10415000000000.0
115 10406100000000.0
116 10397100000000.0
117 10388200000000.0
118 10380000000000.0
119 10371100000000.0
120 10362200000000.0
121 10353400000000.0
122 10344800000000.0
123 10336200000000.0
124 10327400000000.0
125 10318700000000.0
126 10309900000000.0
127 10301200000000.0
128 10292300000000.0
129 10283600000000.0
130 10275000000000.0
131 10266200000000.0
132 10257600000000.0
133 10249100000000.0
134 10240400000000.0
135 10231900000000.0
136 10223600000000.0
137 10215000000000.0
138 10206200000000.0
139 10197400000000.0
140 10188600000000.0
141 10179900000000.0
142 10171400000000.0
143 10162800000000.0
144 10154600000000.0
145 10146700000000.0
146 10138000000000.0
147 10129800000000.0
148 10121000000000.0
149 10112400000000.0
150 10103600000000.0
151 10095600000000.0
152 10087700000000.0
153 10079600000000.0
154 10070900000000.0
155 10062300000000.0
156 10054000000000.0
157 10045300000000.0
158 10037400000000.0
159 10028800000000.0
160 10021100000000.0
161 10013100000000.0
162 10004500000000.0
163 9995790000000.0
164 9987900000000.0
165 9979560000000.0
166 9970970000000.0
167 9962690000000.0
168 9954960000000.0
169 9948240000000.0
170 9943260000000.0
171 9938630000000.0
172 9933890000000.0
173 9929210000000.0
174 9924310000000.0
175 9919200000000.0
176 9910390000000.0
177 9901590000000.0
178 9892800000000.0
179 9884020000000.0
180 9875300000000.0
181 9866640000000.0
182 9857930000000.0
183 9849160000000.0
184 9840390000000.0
185 9831660000000.0
186 9822960000000.0
187 9814280000000.0
188 9805610000000.0
189 9796940000000.0
190 9788200000000.0
191 9779560000000.0
192 9770850000000.0
193 9762220000000.0
194 9753570000000.0
195 9745000000000.0
196 9736800000000.0
197 9728110000000.0
198 9719470000000.0
199 9711270000000.0
200 9702800000000.0
201 9694150000000.0
202 9685610000000.0
203 9677070000000.0
204 9668790000000.0
205 9660220000000.0
206 9651730000000.0
207 9643420000000.0
208 9635810000000.0
209 9627760000000.0
210 9619340000000.0
211 9611390000000.0
212 9603210000000.0
213 9594750000000.0
214 9586190000000.0
215 9577930000000.0
216 9569600000000.0
217 9561320000000.0
218 9554670000000.0
219 9547470000000.0
220 9541910000000.0
221 9536740000000.0
222 9528160000000.0
223 9519890000000.0
224 9511260000000.0
225 9502660000000.0
226 9495970000000.0
227 9487620000000.0
228 9479050000000.0
229 9470470000000.0
230 9461900000000.0
231 9453350000000.0
232 9445250000000.0
233 9436820000000.0
234 9428240000000.0
235 9419660000000.0
236 9411110000000.0
237 9402590000000.0
238 9394070000000.0
239 9385850000000.0
240 9377480000000.0
241 9369030000000.0
242 9360660000000.0
243 9352140000000.0
244 9344210000000.0
245 9335960000000.0
246 9327630000000.0
247 9319320000000.0
248 9310810000000.0
249 9302540000000.0
250 9294410000000.0
251 9285960000000.0
252 9278050000000.0
253 9269970000000.0
254 9262360000000.0
255 9255080000000.0
256 9249360000000.0
257 9245610000000.0
258 9239320000000.0
259 9230900000000.0
260 9222410000000.0
261 9214060000000.0
262 9205620000000.0
263 9197500000000.0
264 9189040000000.0
265 9181120000000.0
266 9172650000000.0
267 9164290000000.0
268 9155840000000.0
269 9147430000000.0
270 9139030000000.0
271 9130630000000.0
272 9122390000000.0
273 9113970000000.0
274 9105540000000.0
275 9097380000000.0
276 9089060000000.0
277 9080650000000.0
278 9072280000000.0
279 9064220000000.0
280 9056070000000.0
281 9048100000000.0
282 9039830000000.0
283 9031480000000.0
284 9023160000000.0
285 9014810000000.0
286 9006690000000.0
287 8998430000000.0
288 8990690000000.0
289 8982780000000.0
290 8974980000000.0
291 8967050000000.0
292 8959210000000.0
293 8951440000000.0
294 8943490000000.0
295 8935280000000.0
296 8927410000000.0
297 8919920000000.0
298 8912390000000.0
299 8905280000000.0
300 8896940000000.0
301 8888700000000.0
302 8880400000000.0
303 8872110000000.0
304 8864870000000.0
305 8856940000000.0
306 8848620000000.0
307 8840390000000.0
308 8832080000000.0
309 8823800000000.0
310 8815530000000.0
311 8807250000000.0
312 8799180000000.0
313 8790900000000.0
314 8784250000000.0
315 8776360000000.0
316 8768390000000.0
317 8760130000000.0
318 8752160000000.0
319 8743940000000.0
320 8736270000000.0
321 8728590000000.0
322 8720550000000.0
323 8712440000000.0
324 8704650000000.0
325 8696990000000.0
326 8689410000000.0
327 8681260000000.0
328 8673090000000.0
329 8665150000000.0
330 8657020000000.0
331 8650250000000.0
332 8642730000000.0
333 8634570000000.0
334 8626440000000.0
335 8618410000000.0
336 8610330000000.0
337 8602620000000.0
338 8594440000000.0
339 8586700000000.0
340 8578550000000.0
341 8570430000000.0
342 8562310000000.0
343 8554180000000.0
344 8546320000000.0
345 8538670000000.0
346 8530590000000.0
347 8522570000000.0
348 8514620000000.0
349 8506530000000.0
350 8498650000000.0
351 8491890000000.0
352 8484110000000.0
353 8476000000000.0
354 8467970000000.0
355 8459970000000.0
356 8452170000000.0
357 8444250000000.0
358 8436260000000.0
359 8429670000000.0
360 8421620000000.0
361 8413740000000.0
362 8405740000000.0
363 8397660000000.0
364 8389580000000.0
365 8381860000000.0
366 8373860000000.0
367 8365830000000.0
368 8357830000000.0
369 8349770000000.0
370 8341880000000.0
371 8334250000000.0
372 8326310000000.0
373 8318440000000.0
374 8310550000000.0
375 8302750000000.0
376 8295000000000.0
377 8287000000000.0
378 8279170000000.0
379 8271200000000.0
380 8263270000000.0
381 8255500000000.0
382 8247630000000.0
383 8239830000000.0
384 8232030000000.0
385 8224240000000.0
386 8216860000000.0
387 8209050000000.0
388 8201160000000.0
389 8193690000000.0
390 8185680000000.0
391 8177930000000.0
392 8170030000000.0
393 8162040000000.0
394 8154090000000.0
395 8146250000000.0
396 8138290000000.0
397 8130390000000.0
398 8122500000000.0
399 8114560000000.0
400 8106660000000.0
401 8099070000000.0
402 8091200000000.0
403 8083410000000.0
404 8075560000000.0
405 8067830000000.0
406 8060010000000.0
407 8052210000000.0
408 8044400000000.0
409 8036830000000.0
410 8029000000000.0
411 8021550000000.0
412 8013820000000.0
413 8005940000000.0
414 7998030000000.0
415 7990490000000.0
416 7982660000000.0
417 7974770000000.0
418 7966920000000.0
419 7959330000000.0
420 7951530000000.0
421 7943720000000.0
422 7935950000000.0
423 7928230000000.0
424 7920390000000.0
425 7912620000000.0
426 7905010000000.0
427 7897220000000.0
428 7889510000000.0
429 7881750000000.0
430 7873990000000.0
431 7867100000000.0
432 7859400000000.0
433 7851750000000.0
434 7844140000000.0
435 7836590000000.0
436 7828760000000.0
437 7821250000000.0
438 7813780000000.0
439 7806050000000.0
440 7798270000000.0
441 7790610000000.0
442 7782850000000.0
443 7775080000000.0
444 7767590000000.0
445 7759850000000.0
446 7752170000000.0
447 7744410000000.0
448 7736820000000.0
449 7729240000000.0
450 7721680000000.0
451 7714250000000.0
452 7706510000000.0
453 7698900000000.0
454 7691250000000.0
455 7683580000000.0
456 7676000000000.0
457 7668900000000.0
458 7661400000000.0
459 7653710000000.0
460 7646120000000.0
461 7638620000000.0
462 7631090000000.0
463 7624100000000.0
464 7616510000000.0
465 7608780000000.0
466 7601250000000.0
467 7593640000000.0
468 7586030000000.0
469 7578350000000.0
470 7570690000000.0
471 7563020000000.0
472 7555620000000.0
473 7547960000000.0
474 7540360000000.0
475 7532740000000.0
476 7525260000000.0
477 7517610000000.0
478 7510090000000.0
479 7502530000000.0
480 7494930000000.0
481 7487430000000.0
482 7480100000000.0
483 7472640000000.0
484 7465190000000.0
485 7457660000000.0
486 7450390000000.0
487 7442820000000.0
488 7435350000000.0
489 7427850000000.0
490 7420230000000.0
491 7412690000000.0
492 7405110000000.0
493 7397510000000.0
494 7389900000000.0
495 7382390000000.0
496 7374840000000.0
497 7367300000000.0
498 7359820000000.0
499 7352480000000.0
500 7345020000000.0
501 7337520000000.0
502 7330260000000.0
503 7322790000000.0
504 7315290000000.0
505 7307810000000.0
506 7300390000000.0
507 7293030000000.0
508 7285610000000.0
509 7278370000000.0
510 7270980000000.0
511 7263620000000.0
512 7256380000000.0
513 7248830000000.0
514 7241360000000.0
515 7233860000000.0
516 7226370000000.0
517 7218920000000.0
518 7211450000000.0
519 7204090000000.0
520 7196730000000.0
521 7189830000000.0
522 7182570000000.0
523 7175140000000.0
524 7167690000000.0
525 7160430000000.0
526 7152960000000.0
527 7145830000000.0
528 7138530000000.0
529 7131170000000.0
530 7123860000000.0
531 7116640000000.0
532 7109800000000.0
533 7102670000000.0
534 7095210000000.0
535 7087760000000.0
536 7080480000000.0
537 7073160000000.0
538 7065950000000.0
539 7058680000000.0
540 7051260000000.0
541 7044100000000.0
542 7036770000000.0
543 7029700000000.0
544 7022340000000.0
545 7014930000000.0
546 7007740000000.0
547 7000440000000.0
548 6993100000000.0
549 6985720000000.0
550 6978440000000.0
551 6971790000000.0
552 6964590000000.0
553 6957300000000.0
554 6950230000000.0
555 6942880000000.0
556 6935560000000.0
557 6928270000000.0
558 6921230000000.0
559 6914070000000.0
560 6906730000000.0
561 6899740000000.0
562 6892400000000.0
563 6885210000000.0
564 6877910000000.0
565 6870620000000.0
566 6863370000000.0
567 6856240000000.0
568 6848990000000.0
569 6841890000000.0
570 6834600000000.0
571 6827610000000.0
572 6820480000000.0
573 6813260000000.0
574 6806110000000.0
575 6798830000000.0
576 6791690000000.0
577 6784730000000.0
578 6777530000000.0
579 6770310000000.0
580 6763390000000.0
581 6756330000000.0
582 6749080000000.0
583 6741850000000.0
584 6734660000000.0
585 6727630000000.0
586 6720380000000.0
587 6713130000000.0
588 6706030000000.0
589 6699080000000.0
590 6692070000000.0
591 6684960000000.0
592 6677780000000.0
593 6670640000000.0
594 6663430000000.0
595 6656390000000.0
596 6649510000000.0
597 6642370000000.0
598 6635250000000.0
599 6628280000000.0
600 6621170000000.0
601 6613980000000.0
602 6606770000000.0
603 6599770000000.0
604 6592650000000.0
605 6585480000000.0
606 6578380000000.0
607 6571610000000.0
608 6564670000000.0
609 6557680000000.0
610 6550610000000.0
611 6543480000000.0
612 6536330000000.0
613 6529630000000.0
614 6522650000000.0
615 6515820000000.0
616 6508760000000.0
617 6501680000000.0
618 6494660000000.0
619 6487530000000.0
620 6480540000000.0
621 6473410000000.0
622 6466400000000.0
623 6459320000000.0
624 6452250000000.0
625 6445380000000.0
626 6438580000000.0
627 6431640000000.0
628 6424530000000.0
629 6417710000000.0
630 6411170000000.0
631 6404170000000.0
632 6397100000000.0
633 6390210000000.0
634 6383500000000.0
635 6376460000000.0
636 6369420000000.0
637 6362520000000.0
638 6355470000000.0
639 6348580000000.0
640 6341540000000.0
641 6334610000000.0
642 6327730000000.0
643 6320730000000.0
644 6313740000000.0
645 6306870000000.0
646 6300280000000.0
647 6293460000000.0
648 6286440000000.0
649 6279560000000.0
650 6272590000000.0
651 6266060000000.0
652 6259090000000.0
653 6252260000000.0
654 6245410000000.0
655 6238570000000.0
656 6231820000000.0
657 6224940000000.0
658 6218000000000.0
659 6211020000000.0
660 6204090000000.0
661 6197220000000.0
662 6190270000000.0
663 6183440000000.0
664 6176600000000.0
665 6169760000000.0
666 6162970000000.0
667 6156290000000.0
668 6149360000000.0
669 6142490000000.0
670 6135640000000.0
671 6128720000000.0
672 6121940000000.0
673 6115140000000.0
674 6108370000000.0
675 6101620000000.0
676 6095320000000.0
677 6088700000000.0
678 6081780000000.0
679 6074930000000.0
680 6068020000000.0
681 6061320000000.0
682 6054530000000.0
683 6047660000000.0
684 6041010000000.0
685 6034260000000.0
686 6027410000000.0
687 6020580000000.0
688 6013930000000.0
689 6007060000000.0
690 6000340000000.0
691 5993560000000.0
692 5986740000000.0
693 5980000000000.0
694 5973210000000.0
695 5966600000000.0
696 5959880000000.0
697 5953410000000.0
698 5946570000000.0
699 5940080000000.0
700 5933400000000.0
701 5926640000000.0
702 5919900000000.0
703 5913390000000.0
704 5906620000000.0
705 5899840000000.0
706 5893150000000.0
707 5886820000000.0
708 5880020000000.0
709 5873290000000.0
710 5866520000000.0
711 5859850000000.0
712 5853280000000.0
713 5846500000000.0
714 5839870000000.0
715 5833190000000.0
716 5826470000000.0
717 5820260000000.0
718 5813550000000.0
719 5807010000000.0
720 5800380000000.0
721 5793840000000.0
722 5787340000000.0
723 5780860000000.0
724 5774260000000.0
725 5767890000000.0
726 5761540000000.0
727 5755000000000.0
728 5748340000000.0
729 5742010000000.0
730 5735270000000.0
731 5728790000000.0
732 5722070000000.0
733 5715900000000.0
734 5709230000000.0
735 5702560000000.0
736 5695870000000.0
737 5689190000000.0
738 5682630000000.0
739 5675990000000.0
740 5669420000000.0
741 5662800000000.0
742 5656200000000.0
743 5649720000000.0
744 5643170000000.0
745 5636610000000.0
746 5630300000000.0
747 5623780000000.0
748 5617220000000.0
749 5610720000000.0
750 5604850000000.0
751 5598580000000.0
752 5592400000000.0
753 5586220000000.0
754 5579880000000.0
755 5573320000000.0
756 5566740000000.0
757 5560440000000.0
758 5553810000000.0
759 5547200000000.0
760 5540640000000.0
761 5534030000000.0
762 5527620000000.0
763 5521310000000.0
764 5514740000000.0
765 5508180000000.0
766 5501640000000.0
767 5495080000000.0
768 5488670000000.0
769 5482140000000.0
770 5475720000000.0
771 5469220000000.0
772 5463130000000.0
773 5457010000000.0
774 5450670000000.0
775 5444410000000.0
776 5438170000000.0
777 5431650000000.0
778 5425320000000.0
779 5419260000000.0
780 5413250000000.0
781 5407300000000.0
782 5400920000000.0
783 5394440000000.0
784 5388370000000.0
785 5381840000000.0
786 5375360000000.0
787 5368850000000.0
788 5362360000000.0
789 5355910000000.0
790 5349460000000.0
791 5343140000000.0
792 5336690000000.0
793 5330860000000.0
794 5324570000000.0
795 5318180000000.0
796 5311920000000.0
797 5305580000000.0
798 5299140000000.0
799 5293030000000.0
800 5286710000000.0
801 5280320000000.0
802 5274050000000.0
803 5267650000000.0
804 5261810000000.0
805 5255780000000.0
806 5249830000000.0
807 5243580000000.0
808 5237140000000.0
809 5230910000000.0
810 5224600000000.0
811 5218220000000.0
812 5211830000000.0
813 5205550000000.0
814 5199150000000.0
815 5192990000000.0
816 5186750000000.0
817 5180400000000.0
818 5174080000000.0
819 5167680000000.0
820 5161360000000.0
821 5155020000000.0
822 5149110000000.0
823 5143100000000.0
824 5136990000000.0
825 5130720000000.0
826 5124670000000.0
827 5118360000000.0
828 5112130000000.0
829 5105890000000.0
830 5100080000000.0
831 5093950000000.0
832 5087630000000.0
833 5081470000000.0
834 5075160000000.0
835 5068880000000.0
836 5062710000000.0
837 5056780000000.0
838 5050680000000.0
839 5044360000000.0
840 5038120000000.0
841 5031830000000.0
842 5025700000000.0
843 5019570000000.0
844 5013660000000.0
845 5007600000000.0
846 5001350000000.0
847 4995260000000.0
848 4989020000000.0
849 4982980000000.0
850 4976850000000.0
851 4970750000000.0
852 4964600000000.0
853 4958570000000.0
854 4952480000000.0
855 4946570000000.0
856 4941020000000.0
857 4935500000000.0
858 4929580000000.0
859 4923330000000.0
860 4917180000000.0
861 4910940000000.0
862 4904830000000.0
863 4898640000000.0
864 4892410000000.0
865 4886280000000.0
866 4880100000000.0
867 4874170000000.0
868 4868080000000.0
869 4861940000000.0
870 4855880000000.0
871 4849770000000.0
872 4843640000000.0
873 4837470000000.0
874 4831970000000.0
875 4825970000000.0
876 4819960000000.0
877 4813900000000.0
878 4807800000000.0
879 4802390000000.0
880 4796760000000.0
881 4790760000000.0
882 4784810000000.0
883 4778970000000.0
884 4773740000000.0
885 4768530000000.0
886 4762380000000.0
887 4756270000000.0
888 4750160000000.0
889 4744030000000.0
890 4738070000000.0
891 4732040000000.0
892 4725950000000.0
893 4720100000000.0
894 4714010000000.0
895 4708000000000.0
896 4701950000000.0
897 4695930000000.0
898 4689870000000.0
899 4683980000000.0
900 4678090000000.0
901 4672460000000.0
902 4666460000000.0
903 4660860000000.0
904 4654860000000.0
905 4648970000000.0
906 4643050000000.0
907 4637240000000.0
908 4631330000000.0
909 4626200000000.0
910 4620390000000.0
911 4614370000000.0
912 4608570000000.0
913 4602530000000.0
914 4596490000000.0
915 4590590000000.0
916 4584610000000.0
917 4578630000000.0
918 4572770000000.0
919 4566790000000.0
920 4560810000000.0
921 4554890000000.0
922 4549030000000.0
923 4543220000000.0
924 4537260000000.0
925 4531320000000.0
926 4525500000000.0
927 4519630000000.0
928 4513890000000.0
929 4508040000000.0
930 4502850000000.0
931 4497200000000.0
932 4492010000000.0
933 4486400000000.0
934 4480820000000.0
935 4474860000000.0
936 4468900000000.0
937 4463110000000.0
938 4457250000000.0
939 4451320000000.0
940 4445430000000.0
941 4439550000000.0
942 4433650000000.0
943 4427740000000.0
944 4421850000000.0
945 4416110000000.0
946 4410260000000.0
947 4404380000000.0
948 4398550000000.0
949 4392710000000.0
950 4387240000000.0
951 4381830000000.0
952 4376140000000.0
953 4370770000000.0
954 4365470000000.0
955 4359880000000.0
956 4354020000000.0
957 4348250000000.0
958 4342480000000.0
959 4336650000000.0
960 4330790000000.0
961 4324930000000.0
962 4319120000000.0
963 4313320000000.0
964 4307530000000.0
965 4301780000000.0
966 4295970000000.0
967 4290150000000.0
968 4284400000000.0
969 4278800000000.0
970 4273190000000.0
971 4267490000000.0
972 4261840000000.0
973 4256370000000.0
974 4250860000000.0
975 4245140000000.0
976 4239400000000.0
977 4233930000000.0
978 4228460000000.0
979 4222750000000.0
980 4217150000000.0
981 4211620000000.0
982 4206680000000.0
983 4201460000000.0
984 4195920000000.0
985 4190700000000.0
986 4185120000000.0
987 4179350000000.0
988 4173650000000.0
989 4167890000000.0
990 4162250000000.0
991 4156520000000.0
992 4151010000000.0
993 4145530000000.0
994 4140000000000.0
995 4134370000000.0
996 4128710000000.0
997 4123220000000.0
998 4117550000000.0
999 4111880000000.0
1000 4106390000000.0
1001 4100720000000.0
1002 4095220000000.0
1003 4089620000000.0
1004 4084130000000.0
1005 4078740000000.0
1006 4073330000000.0
1007 4067880000000.0
1008 4062540000000.0
1009 4057110000000.0
1010 4052040000000.0
1011 4046960000000.0
1012 4041290000000.0
1013 4035630000000.0
1014 4030160000000.0
1015 4024520000000.0
1016 4018880000000.0
1017 4013240000000.0
1018 4007740000000.0
1019 4002110000000.0
1020 3996490000000.0
1021 3990900000000.0
1022 3985340000000.0
1023 3979760000000.0
1024 3974340000000.0
1025 3968830000000.0
1026 3963260000000.0
1027 3957800000000.0
1028 3952330000000.0
1029 3947130000000.0
1030 3941730000000.0
1031 3936300000000.0
1032 3930810000000.0
1033 3925410000000.0
1034 3919950000000.0
1035 3914660000000.0
1036 3909370000000.0
1037 3904080000000.0
1038 3898740000000.0
1039 3893520000000.0
1040 3888060000000.0
1041 3882700000000.0
1042 3877270000000.0
1043 3872190000000.0
1044 3867170000000.0
1045 3862100000000.0
1046 3857930000000.0
1047 3853520000000.0
1048 3847970000000.0
1049 3842450000000.0
1050 3836930000000.0
1051 3831410000000.0
1052 3825980000000.0
1053 3820460000000.0
1054 3815060000000.0
1055 3809570000000.0
1056 3804190000000.0
1057 3798820000000.0
1058 3793560000000.0
1059 3788110000000.0
1060 3782650000000.0
1061 3777400000000.0
1062 3772000000000.0
1063 3766570000000.0
1064 3761170000000.0
1065 3755900000000.0
1066 3750670000000.0
1067 3745270000000.0
1068 3740840000000.0
1069 3735710000000.0
1070 3730400000000.0
1071 3725170000000.0
1072 3719870000000.0
1073 3714990000000.0
1074 3710090000000.0
1075 3705220000000.0
1076 3699860000000.0
1077 3694430000000.0
1078 3689200000000.0
1079 3683780000000.0
1080 3678540000000.0
1081 3673140000000.0
1082 3667750000000.0
1083 3662370000000.0
1084 3657060000000.0
1085 3651720000000.0
1086 3646430000000.0
1087 3641270000000.0
1088 3636200000000.0
1089 3630870000000.0
1090 3625590000000.0
1091 3620290000000.0
1092 3615180000000.0
1093 3610020000000.0
1094 3604750000000.0
1095 3599560000000.0
1096 3594270000000.0
1097 3589450000000.0
1098 3584330000000.0
1099 3579170000000.0
1100 3574120000000.0
1101 3569210000000.0
1102 3564110000000.0
1103 3558990000000.0
1104 3554320000000.0
1105 3549870000000.0
1106 3545530000000.0
1107 3540200000000.0
1108 3534930000000.0
1109 3529620000000.0
1110 3524330000000.0
1111 3519100000000.0
1112 3513810000000.0
1113 3508640000000.0
1114 3503410000000.0
1115 3498280000000.0
1116 3493010000000.0
1117 3488040000000.0
1118 3482870000000.0
1119 3477630000000.0
1120 3472440000000.0
1121 3467360000000.0
1122 3462320000000.0
1123 3457200000000.0
1124 3452070000000.0
1125 3447020000000.0
1126 3441810000000.0
1127 3436990000000.0
1128 3432120000000.0
1129 3427120000000.0
1130 3422140000000.0
1131 3417100000000.0
1132 3412010000000.0
1133 3407440000000.0
1134 3403130000000.0
1135 3399130000000.0
1136 3393910000000.0
1137 3388800000000.0
1138 3383600000000.0
1139 3378430000000.0
1140 3373310000000.0
1141 3368130000000.0
1142 3363110000000.0
1143 3358010000000.0
1144 3352880000000.0
1145 3347730000000.0
1146 3342750000000.0
1147 3337610000000.0
1148 3332740000000.0
1149 3327730000000.0
1150 3322780000000.0
1151 3317730000000.0
1152 3312700000000.0
1153 3307960000000.0
1154 3302990000000.0
1155 3297990000000.0
1156 3292880000000.0
1157 3288070000000.0
1158 3283140000000.0
1159 3278080000000.0
1160 3273460000000.0
1161 3268730000000.0
1162 3263680000000.0
1163 3258700000000.0
1164 3253800000000.0
1165 3248700000000.0
1166 3243700000000.0
1167 3238620000000.0
1168 3233780000000.0
1169 3228830000000.0
1170 3223810000000.0
1171 3218900000000.0
1172 3213910000000.0
1173 3209040000000.0
1174 3204130000000.0
1175 3199080000000.0
1176 3194130000000.0
1177 3189150000000.0
1178 3184610000000.0
1179 3179780000000.0
1180 3174880000000.0
1181 3170070000000.0
1182 3165130000000.0
1183 3160310000000.0
1184 3155800000000.0
1185 3150880000000.0
1186 3146020000000.0
1187 3141020000000.0
1188 3136160000000.0
1189 3131170000000.0
1190 3126300000000.0
1191 3121410000000.0
1192 3116480000000.0
1193 3111770000000.0
1194 3106960000000.0
1195 3101980000000.0
1196 3097240000000.0
1197 3092380000000.0
1198 3087470000000.0
1199 3082550000000.0
1200 3077610000000.0
1201 3072790000000.0
1202 3068270000000.0
1203 3063330000000.0
1204 3058390000000.0
1205 3053520000000.0
1206 3048600000000.0
1207 3043860000000.0
1208 3039030000000.0
1209 3034190000000.0
1210 3029370000000.0
1211 3024940000000.0
1212 3020090000000.0
1213 3015220000000.0
1214 3010430000000.0
1215 3006060000000.0
1216 3001450000000.0
1217 2996690000000.0
1218 2991880000000.0
1219 2987160000000.0
1220 2982290000000.0
1221 2977440000000.0
1222 2972710000000.0
1223 2967840000000.0
1224 2963020000000.0
1225 2958200000000.0
1226 2953390000000.0
1227 2948720000000.0
1228 2943930000000.0
1229 2939330000000.0
1230 2934490000000.0
1231 2929810000000.0
1232 2925060000000.0
1233 2920270000000.0
1234 2915700000000.0
1235 2911170000000.0
1236 2906890000000.0
1237 2902590000000.0
1238 2898080000000.0
1239 2893430000000.0
1240 2888750000000.0
1241 2883940000000.0
1242 2879280000000.0
1243 2874480000000.0
1244 2869720000000.0
1245 2865180000000.0
1246 2860410000000.0
1247 2855680000000.0
1248 2850940000000.0
1249 2846300000000.0
1250 2841610000000.0
1251 2836880000000.0
1252 2832380000000.0
1253 2827650000000.0
1254 2822970000000.0
1255 2818340000000.0
1256 2814260000000.0
1257 2809770000000.0
1258 2805170000000.0
1259 2800550000000.0
1260 2795890000000.0
1261 2791220000000.0
1262 2786640000000.0
1263 2782770000000.0
1264 2778780000000.0
1265 2774810000000.0
1266 2770600000000.0
1267 2766230000000.0
1268 2761510000000.0
1269 2756840000000.0
1270 2752140000000.0
1271 2747450000000.0
1272 2742860000000.0
1273 2738340000000.0
1274 2733690000000.0
1275 2729080000000.0
1276 2724450000000.0
1277 2720000000000.0
1278 2715620000000.0
1279 2711360000000.0
1280 2707080000000.0
1281 2702560000000.0
1282 2697910000000.0
1283 2693520000000.0
1284 2688970000000.0
1285 2684390000000.0
1286 2680010000000.0
1287 2675530000000.0
1288 2671130000000.0
1289 2667280000000.0
1290 2663230000000.0
1291 2658620000000.0
1292 2654030000000.0
1293 2649490000000.0
1294 2644910000000.0
1295 2640430000000.0
1296 2636040000000.0
1297 2631460000000.0
1298 2627130000000.0
1299 2622760000000.0
1300 2618780000000.0
1301 2614510000000.0
1302 2610230000000.0
1303 2605660000000.0
1304 2601130000000.0
1305 2596580000000.0
1306 2592140000000.0
1307 2587680000000.0
1308 2583240000000.0
1309 2579100000000.0
1310 2574730000000.0
1311 2570230000000.0
1312 2565700000000.0
1313 2561300000000.0
1314 2556790000000.0
1315 2552300000000.0
1316 2547870000000.0
1317 2543690000000.0
1318 2539370000000.0
1319 2535010000000.0
1320 2530640000000.0
1321 2526410000000.0
1322 2522010000000.0
1323 2517720000000.0
1324 2513230000000.0
1325 2508880000000.0
1326 2504470000000.0
1327 2500380000000.0
1328 2495990000000.0
1329 2491530000000.0
1330 2487060000000.0
1331 2482640000000.0
1332 2478250000000.0
1333 2473850000000.0
1334 2469550000000.0
1335 2465230000000.0
1336 2460850000000.0
1337 2456550000000.0
1338 2452590000000.0
1339 2448460000000.0
1340 2444200000000.0
1341 2439830000000.0
1342 2435500000000.0
1343 2431470000000.0
1344 2427330000000.0
1345 2423030000000.0
1346 2418670000000.0
1347 2414420000000.0
1348 2410250000000.0
1349 2405850000000.0
1350 2401530000000.0
1351 2397170000000.0
1352 2392810000000.0
1353 2388550000000.0
1354 2384230000000.0
1355 2379920000000.0
1356 2375710000000.0
1357 2371440000000.0
1358 2367340000000.0
1359 2363230000000.0
1360 2359130000000.0
1361 2354800000000.0
1362 2350770000000.0
1363 2346510000000.0
1364 2342280000000.0
1365 2338340000000.0
1366 2334290000000.0
1367 2330100000000.0
1368 2325780000000.0
1369 2321460000000.0
1370 2317280000000.0
1371 2313030000000.0
1372 2308750000000.0
1373 2304470000000.0
1374 2300270000000.0
1375 2296040000000.0
1376 2291960000000.0
1377 2287810000000.0
1378 2283680000000.0
1379 2279580000000.0
1380 2275480000000.0
1381 2271430000000.0
1382 2267330000000.0
1383 2263110000000.0
1384 2259080000000.0
1385 2254920000000.0
1386 2250880000000.0
1387 2246810000000.0
1388 2242770000000.0
1389 2238860000000.0
1390 2235080000000.0
1391 2230830000000.0
1392 2226650000000.0
1393 2222420000000.0
1394 2218240000000.0
1395 2214040000000.0
1396 2209890000000.0
1397 2205920000000.0
1398 2201830000000.0
1399 2197840000000.0
1400 2193750000000.0
1401 2189670000000.0
1402 2185500000000.0
1403 2181610000000.0
1404 2177600000000.0
1405 2173500000000.0
1406 2169420000000.0
1407 2165370000000.0
1408 2161370000000.0
1409 2157550000000.0
1410 2153580000000.0
1411 2149610000000.0
1412 2145560000000.0
1413 2141530000000.0
1414 2137660000000.0
1415 2133900000000.0
1416 2130230000000.0
1417 2126080000000.0
1418 2121960000000.0
1419 2117840000000.0
1420 2113720000000.0
1421 2109680000000.0
1422 2105600000000.0
1423 2101510000000.0
1424 2097490000000.0
1425 2093600000000.0
1426 2089560000000.0
1427 2085690000000.0
1428 2081680000000.0
1429 2077730000000.0
1430 2073760000000.0
1431 2069850000000.0
1432 2066070000000.0
1433 2062180000000.0
1434 2058220000000.0
1435 2054410000000.0
1436 2050490000000.0
1437 2046540000000.0
1438 2042620000000.0
1439 2038860000000.0
1440 2034980000000.0
1441 2031170000000.0
1442 2027190000000.0
1443 2023570000000.0
1444 2020160000000.0
1445 2016120000000.0
1446 2012210000000.0
1447 2008220000000.0
1448 2004210000000.0
1449 2000230000000.0
1450 1996310000000.0
1451 1992460000000.0
1452 1988710000000.0
1453 1984820000000.0
1454 1980880000000.0
1455 1977280000000.0
1456 1973300000000.0
1457 1969400000000.0
1458 1965470000000.0
1459 1961870000000.0
1460 1958000000000.0
1461 1954320000000.0
1462 1950530000000.0
1463 1946670000000.0
1464 1942910000000.0
1465 1938980000000.0
1466 1935030000000.0
1467 1931200000000.0
1468 1927290000000.0
1469 1923480000000.0
1470 1919670000000.0
1471 1916040000000.0
1472 1912340000000.0
1473 1908520000000.0
1474 1904830000000.0
1475 1900930000000.0
1476 1897040000000.0
1477 1893260000000.0
1478 1889430000000.0
1479 1885620000000.0
1480 1882190000000.0
1481 1878600000000.0
1482 1874910000000.0
1483 1871160000000.0
1484 1867280000000.0
1485 1863520000000.0
1486 1859670000000.0
1487 1855960000000.0
1488 1852240000000.0
1489 1848480000000.0
1490 1844800000000.0
1491 1841060000000.0
1492 1837640000000.0
1493 1834130000000.0
1494 1830540000000.0
1495 1826820000000.0
1496 1823000000000.0
1497 1819210000000.0
1498 1815470000000.0
1499 1811750000000.0
1500 1808090000000.0
1501 1804790000000.0
1502 1801130000000.0
1503 1797320000000.0
1504 1793690000000.0
1505 1789970000000.0
1506 1786210000000.0
1507 1782530000000.0
1508 1779080000000.0
1509 1775340000000.0
1510 1772070000000.0
1511 1768390000000.0
1512 1764730000000.0
1513 1761220000000.0
1514 1757750000000.0
1515 1753990000000.0
1516 1750310000000.0
1517 1746580000000.0
1518 1742960000000.0
1519 1739320000000.0
1520 1735740000000.0
1521 1732150000000.0
1522 1728470000000.0
1523 1724880000000.0
1524 1721160000000.0
1525 1717520000000.0
1526 1713820000000.0
1527 1710500000000.0
1528 1706870000000.0
1529 1703370000000.0
1530 1699730000000.0
1531 1696270000000.0
1532 1692750000000.0
1533 1689100000000.0
1534 1685480000000.0
1535 1681960000000.0
1536 1678320000000.0
1537 1674710000000.0
1538 1671200000000.0
1539 1667630000000.0
1540 1664170000000.0
1541 1660680000000.0
1542 1657200000000.0
1543 1653550000000.0
1544 1649960000000.0
1545 1646340000000.0
1546 1642890000000.0
1547 1639440000000.0
1548 1636040000000.0
1549 1632610000000.0
1550 1629040000000.0
1551 1625460000000.0
1552 1621910000000.0
1553 1618310000000.0
1554 1614890000000.0
1555 1611400000000.0
1556 1607950000000.0
1557 1604390000000.0
1558 1600910000000.0
1559 1597320000000.0
1560 1593860000000.0
1561 1590300000000.0
1562 1586890000000.0
1563 1583450000000.0
1564 1580070000000.0
1565 1576670000000.0
1566 1573150000000.0
1567 1569630000000.0
1568 1566210000000.0
1569 1562680000000.0
1570 1559310000000.0
1571 1555900000000.0
1572 1552740000000.0
1573 1549370000000.0
1574 1545840000000.0
1575 1542330000000.0
1576 1538820000000.0
1577 1535350000000.0
1578 1531940000000.0
1579 1528600000000.0
1580 1525190000000.0
1581 1521860000000.0
1582 1518870000000.0
1583 1515520000000.0
1584 1512060000000.0
1585 1508600000000.0
1586 1505250000000.0
1587 1501810000000.0
1588 1498590000000.0
1589 1495290000000.0
1590 1491870000000.0
1591 1488710000000.0
1592 1485250000000.0
1593 1481830000000.0
1594 1478410000000.0
1595 1475030000000.0
1596 1471770000000.0
1597 1468430000000.0
1598 1465220000000.0
1599 1461950000000.0
1600 1458610000000.0
1601 1455250000000.0
1602 1451950000000.0
1603 1448560000000.0
1604 1445300000000.0
1605 1441970000000.0
1606 1438740000000.0
1607 1435530000000.0
1608 1432180000000.0
1609 1428790000000.0
1610 1425580000000.0
1611 1422220000000.0
1612 1418870000000.0
1613 1415560000000.0
1614 1412330000000.0
1615 1409040000000.0
1616 1405920000000.0
1617 1402750000000.0
1618 1399540000000.0
1619 1396270000000.0
1620 1392980000000.0
1621 1389650000000.0
1622 1386380000000.0
1623 1383270000000.0
1624 1380120000000.0
1625 1376800000000.0
1626 1373480000000.0
1627 1370230000000.0
1628 1366950000000.0
1629 1363670000000.0
1630 1360590000000.0
1631 1357400000000.0
1632 1354160000000.0
1633 1351040000000.0
1634 1347950000000.0
1635 1344820000000.0
1636 1341670000000.0
1637 1338470000000.0
1638 1335200000000.0
1639 1332260000000.0
1640 1329260000000.0
1641 1326000000000.0
1642 1322840000000.0
1643 1319640000000.0
1644 1316420000000.0
1645 1313420000000.0
1646 1310180000000.0
1647 1307000000000.0
1648 1303790000000.0
1649 1300670000000.0
1650 1297510000000.0
1651 1294420000000.0
1652 1291650000000.0
1653 1288550000000.0
1654 1285700000000.0
1655 1282640000000.0
1656 1279560000000.0
1657 1276470000000.0
1658 1273300000000.0
1659 1270360000000.0
1660 1267230000000.0
1661 1264230000000.0
1662 1261090000000.0
1663 1258170000000.0
1664 1255020000000.0
1665 1251910000000.0
1666 1248830000000.0
1667 1245660000000.0
1668 1242670000000.0
1669 1239570000000.0
1670 1236450000000.0
1671 1233520000000.0
1672 1230580000000.0
1673 1227520000000.0
1674 1224610000000.0
1675 1221560000000.0
1676 1218510000000.0
1677 1215620000000.0
1678 1212540000000.0
1679 1209470000000.0
1680 1206550000000.0
1681 1203470000000.0
1682 1200430000000.0
1683 1197340000000.0
1684 1194460000000.0
1685 1191400000000.0
1686 1188360000000.0
1687 1185360000000.0
1688 1182430000000.0
1689 1179390000000.0
1690 1176580000000.0
1691 1173690000000.0
1692 1170690000000.0
1693 1167800000000.0
1694 1165190000000.0
1695 1162210000000.0
1696 1159260000000.0
1697 1156360000000.0
1698 1153390000000.0
1699 1150420000000.0
1700 1147390000000.0
1701 1144370000000.0
1702 1141430000000.0
1703 1138450000000.0
1704 1135530000000.0
1705 1132730000000.0
1706 1129810000000.0
1707 1127140000000.0
1708 1124170000000.0
1709 1121330000000.0
1710 1118450000000.0
1711 1115500000000.0
1712 1112660000000.0
1713 1109840000000.0
1714 1107190000000.0
1715 1104370000000.0
1716 1101530000000.0
1717 1098690000000.0
1718 1095930000000.0
1719 1092960000000.0
1720 1090480000000.0
1721 1087570000000.0
1722 1084620000000.0
1723 1081720000000.0
1724 1078810000000.0
1725 1076180000000.0
1726 1073310000000.0
1727 1070530000000.0
1728 1067710000000.0
1729 1064800000000.0
1730 1061980000000.0
1731 1059120000000.0
1732 1056280000000.0
1733 1053480000000.0
1734 1050810000000.0
1735 1048190000000.0
1736 1045430000000.0
1737 1042670000000.0
1738 1039930000000.0
1739 1037040000000.0
1740 1034490000000.0
1741 1031670000000.0
1742 1028820000000.0
1743 1026040000000.0
1744 1023230000000.0
1745 1020380000000.0
1746 1017590000000.0
1747 1014750000000.0
1748 1012070000000.0
1749 1009290000000.0
1750 1006490000000.0
1751 1003750000000.0
1752 1001400000000.0
1753 998707000000.0
1754 996071000000.0
1755 993442000000.0
1756 990723000000.0
1757 988073000000.0
1758 985401000000.0
1759 982616000000.0
1760 979890000000.0
1761 977084000000.0
1762 974325000000.0
1763 971541000000.0
1764 968863000000.0
1765 966099000000.0
1766 963346000000.0
1767 960692000000.0
1768 957993000000.0
1769 955370000000.0
1770 952719000000.0
1771 950051000000.0
1772 947479000000.0
1773 944998000000.0
1774 942354000000.0
1775 939722000000.0
1776 937081000000.0
1777 934556000000.0
1778 931995000000.0
1779 929480000000.0
1780 926905000000.0
1781 924575000000.0
1782 922180000000.0
1783 919453000000.0
1784 916780000000.0
1785 914070000000.0
1786 911399000000.0
1787 908736000000.0
1788 906102000000.0
1789 903433000000.0
1790 901427000000.0
1791 898892000000.0
1792 896264000000.0
1793 893670000000.0
1794 891058000000.0
1795 888441000000.0
1796 886097000000.0
1797 883563000000.0
1798 881316000000.0
1799 878783000000.0
1800 876297000000.0
1801 873685000000.0
1802 871625000000.0
1803 869189000000.0
1804 866730000000.0
1805 864342000000.0
1806 862200000000.0
1807 859574000000.0
1808 856981000000.0
1809 854388000000.0
1810 851803000000.0
1811 849194000000.0
1812 846778000000.0
1813 844361000000.0
1814 841825000000.0
1815 839269000000.0
1816 836749000000.0
1817 834507000000.0
1818 832155000000.0
1819 829635000000.0
1820 827196000000.0
1821 824650000000.0
1822 822205000000.0
1823 819970000000.0
1824 817534000000.0
1825 815226000000.0
1826 812890000000.0
1827 810386000000.0
1828 807845000000.0
1829 805554000000.0
1830 803028000000.0
1831 800605000000.0
1832 798119000000.0
1833 795631000000.0
1834 793312000000.0
1835 791077000000.0
1836 788755000000.0
1837 786243000000.0
1838 783786000000.0
1839 781310000000.0
1840 778921000000.0
1841 776515000000.0
1842 774164000000.0
1843 771893000000.0
1844 769755000000.0
1845 767423000000.0
1846 765325000000.0
1847 763122000000.0
1848 760911000000.0
1849 758452000000.0
1850 756026000000.0
1851 753606000000.0
1852 751251000000.0
1853 749097000000.0
1854 746715000000.0
1855 744276000000.0
1856 741889000000.0
1857 739496000000.0
1858 737101000000.0
1859 734732000000.0
1860 732695000000.0
1861 730382000000.0
1862 728125000000.0
1863 725916000000.0
1864 723594000000.0
1865 721490000000.0
1866 719357000000.0
1867 717159000000.0
1868 714768000000.0
1869 712633000000.0
1870 710369000000.0
1871 708057000000.0
1872 705741000000.0
1873 703380000000.0
1874 701341000000.0
1875 698981000000.0
1876 696706000000.0
1877 694389000000.0
1878 692059000000.0
1879 690015000000.0
1880 687757000000.0
1881 685489000000.0
1882 683306000000.0
1883 681098000000.0
1884 678819000000.0
1885 676674000000.0
1886 674623000000.0
1887 672557000000.0
1888 670283000000.0
1889 668206000000.0
1890 666182000000.0
1891 663919000000.0
1892 661843000000.0
1893 659545000000.0
1894 657407000000.0
1895 655172000000.0
1896 652910000000.0
1897 650702000000.0
1898 648624000000.0
1899 646376000000.0
1900 644220000000.0
1901 642023000000.0
1902 639876000000.0
1903 637643000000.0
1904 635511000000.0
1905 633502000000.0
1906 631457000000.0
1907 629245000000.0
1908 627236000000.0
1909 625065000000.0
1910 622949000000.0
1911 620760000000.0
1912 618594000000.0
1913 616393000000.0
1914 614402000000.0
1915 612233000000.0
1916 610092000000.0
1917 608063000000.0
1918 605960000000.0
1919 603819000000.0
1920 601647000000.0
1921 599557000000.0
1922 597631000000.0
1923 595627000000.0
1924 593481000000.0
1925 591522000000.0
1926 589404000000.0
1927 587375000000.0
1928 585243000000.0
1929 583147000000.0
1930 581124000000.0
1931 578991000000.0
1932 576915000000.0
1933 574853000000.0
1934 572898000000.0
1935 570937000000.0
1936 568904000000.0
1937 566779000000.0
1938 564891000000.0
1939 562984000000.0
1940 560898000000.0
1941 558860000000.0
1942 556801000000.0
1943 554783000000.0
1944 552715000000.0
1945 550676000000.0
1946 548765000000.0
1947 546697000000.0
1948 544665000000.0
1949 542663000000.0
1950 540652000000.0
1951 538647000000.0
1952 536948000000.0
1953 535044000000.0
1954 533144000000.0
1955 531107000000.0
1956 529263000000.0
1957 527266000000.0
1958 525311000000.0
1959 523371000000.0
1960 521400000000.0
1961 519398000000.0
1962 517437000000.0
1963 515421000000.0
1964 513447000000.0
1965 511499000000.0
1966 509518000000.0
1967 507970000000.0
1968 506015000000.0
1969 504088000000.0
1970 502219000000.0
1971 500331000000.0
1972 498361000000.0
1973 496565000000.0
1974 494636000000.0
1975 492771000000.0
1976 490918000000.0
1977 489094000000.0
1978 487234000000.0
1979 485274000000.0
1980 483357000000.0
1981 481436000000.0
1982 479540000000.0
1983 477930000000.0
1984 476012000000.0
1985 474118000000.0
1986 472250000000.0
1987 470458000000.0
1988 468623000000.0
1989 466779000000.0
1990 464889000000.0
1991 463020000000.0
1992 461402000000.0
1993 459617000000.0
1994 457854000000.0
1995 456131000000.0
1996 454238000000.0
1997 452382000000.0
1998 450524000000.0
1999 448695000000.0
2000 446992000000.0
2001 445138000000.0
2002 443320000000.0
2003 441540000000.0
2004 439899000000.0
2005 438146000000.0
2006 436359000000.0
2007 434513000000.0
2008 433092000000.0
2009 431312000000.0
2010 429567000000.0
2011 427851000000.0
2012 426163000000.0
2013 424340000000.0
2014 422522000000.0
2015 420760000000.0
2016 418972000000.0
2017 417212000000.0
2018 415443000000.0
2019 413672000000.0
2020 411926000000.0
2021 410410000000.0
2022 408772000000.0
2023 407053000000.0
2024 405291000000.0
2025 403557000000.0
2026 402044000000.0
2027 400358000000.0
2028 398870000000.0
2029 397228000000.0
2030 395466000000.0
2031 393725000000.0
2032 392023000000.0
2033 390380000000.0
2034 388709000000.0
2035 386971000000.0
2036 385273000000.0
2037 383612000000.0
2038 382054000000.0
2039 380550000000.0
2040 378945000000.0
2041 377227000000.0
2042 375829000000.0
2043 374175000000.0
2044 372515000000.0
2045 370900000000.0
2046 369289000000.0
2047 367598000000.0
2048 365938000000.0
2049 364369000000.0
2050 362686000000.0
2051 361026000000.0
2052 359382000000.0
2053 357836000000.0
2054 356214000000.0
2055 354610000000.0
2056 353191000000.0
2057 351661000000.0
2058 350187000000.0
2059 348558000000.0
2060 346967000000.0
2061 345386000000.0
2062 343873000000.0
2063 342365000000.0
2064 340754000000.0
2065 339175000000.0
2066 337542000000.0
2067 336097000000.0
2068 334554000000.0
2069 332957000000.0
2070 331400000000.0
2071 329824000000.0
2072 328383000000.0
2073 326858000000.0
2074 325280000000.0
2075 323726000000.0
2076 322185000000.0
2077 320666000000.0
2078 319227000000.0
2079 317756000000.0
2080 316208000000.0
2081 314649000000.0
2082 313091000000.0
2083 311574000000.0
2084 310036000000.0
2085 308742000000.0
2086 307310000000.0
2087 305814000000.0
2088 304281000000.0
2089 302772000000.0
2090 301383000000.0
2091 299895000000.0
2092 298513000000.0
2093 297047000000.0
2094 295754000000.0
2095 294381000000.0
2096 292900000000.0
2097 291387000000.0
2098 289907000000.0
2099 288458000000.0
2100 287035000000.0
2101 285635000000.0
2102 284330000000.0
2103 283118000000.0
2104 281637000000.0
2105 280185000000.0
2106 278733000000.0
2107 277345000000.0
2108 276022000000.0
2109 274715000000.0
2110 273307000000.0
2111 272069000000.0
2112 270784000000.0
2113 269414000000.0
2114 267964000000.0
2115 266569000000.0
2116 265158000000.0
2117 263800000000.0
2118 262450000000.0
2119 261243000000.0
2120 259976000000.0
2121 258550000000.0
2122 257177000000.0
2123 255771000000.0
2124 254509000000.0
2125 253204000000.0
2126 251916000000.0
2127 250558000000.0
2128 249170000000.0
2129 247812000000.0
2130 246443000000.0
2131 245163000000.0
2132 243827000000.0
2133 242497000000.0
2134 241560000000.0
2135 240357000000.0
2136 239006000000.0
2137 237675000000.0
2138 236380000000.0
2139 235050000000.0
2140 233865000000.0
2141 232618000000.0
2142 231398000000.0
2143 230064000000.0
2144 228776000000.0
2145 227464000000.0
2146 226213000000.0
2147 224922000000.0
2148 223633000000.0
2149 222408000000.0
2150 221188000000.0
2151 219919000000.0
2152 218634000000.0
2153 217387000000.0
2154 216120000000.0
2155 215122000000.0
2156 213914000000.0
2157 212646000000.0
2158 211410000000.0
2159 210148000000.0
2160 209021000000.0
2161 207835000000.0
2162 206606000000.0
2163 205379000000.0
2164 204273000000.0
2165 203118000000.0
2166 201966000000.0
2167 200722000000.0
2168 199554000000.0
2169 198363000000.0
2170 197183000000.0
2171 196029000000.0
2172 194814000000.0
2173 193629000000.0
2174 192430000000.0
2175 191344000000.0
2176 190200000000.0
2177 189017000000.0
2178 187835000000.0
2179 186875000000.0
2180 185807000000.0
2181 184699000000.0
2182 183518000000.0
2183 182399000000.0
2184 181260000000.0
2185 180178000000.0
2186 179067000000.0
2187 177912000000.0
2188 176792000000.0
2189 175650000000.0
2190 174588000000.0
2191 173543000000.0
2192 172394000000.0
2193 171590000000.0
2194 170484000000.0
2195 169386000000.0
2196 168323000000.0
2197 167308000000.0
2198 166188000000.0
2199 165135000000.0
2200 164061000000.0
2201 163024000000.0
2202 162031000000.0
2203 161008000000.0
2204 159929000000.0
2205 158834000000.0
2206 157962000000.0
2207 156954000000.0
2208 155869000000.0
2209 154861000000.0
2210 153853000000.0
2211 152807000000.0
2212 151822000000.0
2213 150815000000.0
2214 149759000000.0
2215 148750000000.0
2216 147720000000.0
2217 146816000000.0
2218 145826000000.0
2219 144876000000.0
2220 143838000000.0
2221 142833000000.0
2222 141797000000.0
2223 140895000000.0
2224 139931000000.0
2225 138965000000.0
2226 137963000000.0
2227 137026000000.0
2228 136101000000.0
2229 135093000000.0
2230 134132000000.0
2231 133148000000.0
2232 132223000000.0
2233 131357000000.0
2234 130416000000.0
2235 129434000000.0
2236 128477000000.0
2237 127509000000.0
2238 126716000000.0
2239 125799000000.0
2240 124879000000.0
2241 123925000000.0
2242 123099000000.0
2243 122224000000.0
2244 121279000000.0
2245 120429000000.0
2246 119534000000.0
2247 118609000000.0
2248 117794000000.0
2249 116938000000.0
2250 116145000000.0
2251 115215000000.0
2252 114313000000.0
2253 113425000000.0
2254 112540000000.0
2255 111675000000.0
2256 110803000000.0
2257 109910000000.0
2258 109008000000.0
2259 108210000000.0
2260 107379000000.0
2261 106514000000.0
2262 105632000000.0
2263 104978000000.0
2264 104154000000.0
2265 103288000000.0
2266 102431000000.0
2267 101593000000.0
2268 100761000000.0
2269 99950200000.0
2270 99133700000.0
2271 98266500000.0
2272 97461900000.0
2273 96684100000.0
2274 95880200000.0
2275 95052000000.0
2276 94321700000.0
2277 93526900000.0
2278 92748500000.0
2279 91932500000.0
2280 91126500000.0
2281 90340800000.0
2282 89561700000.0
2283 88805800000.0
2284 87990600000.0
2285 87219400000.0
2286 86467500000.0
2287 85694400000.0
2288 84902800000.0
2289 84291200000.0
2290 83598900000.0
2291 82850700000.0
2292 82119800000.0
2293 81354200000.0
2294 80599500000.0
2295 79866800000.0
2296 79142200000.0
2297 78380000000.0
2298 77708400000.0
2299 76974700000.0
2300 76253600000.0
2301 75514600000.0
2302 74982800000.0
2303 74262400000.0
2304 73564000000.0
2305 72925100000.0
2306 72233000000.0
2307 71561900000.0
2308 70855600000.0
2309 70163200000.0
2310 69497000000.0
2311 68785100000.0
2312 68237700000.0
2313 67539800000.0
2314 66889500000.0
2315 66211600000.0
2316 65549500000.0
2317 64869900000.0
2318 64209600000.0
2319 63669800000.0
2320 63065300000.0
2321 62417900000.0
2322 61793000000.0
2323 61138900000.0
2324 60501800000.0
2325 59893900000.0
2326 59267300000.0
2327 58618700000.0
2328 57974000000.0
2329 57356400000.0
2330 56717500000.0
2331 56089600000.0
2332 55599000000.0
2333 55065600000.0
2334 54484000000.0
2335 53873100000.0
2336 53286700000.0
2337 52680700000.0
2338 52098900000.0
2339 51555300000.0
2340 50994200000.0
2341 50406400000.0
2342 49820600000.0
2343 49219200000.0
2344 48631200000.0
2345 48139300000.0
2346 47664800000.0
2347 47155100000.0
2348 46607000000.0
2349 46037900000.0
2350 45494000000.0
2351 44936400000.0
2352 44407000000.0
2353 43919800000.0
2354 43417400000.0
2355 42887200000.0
2356 42326000000.0
2357 41779600000.0
2358 41273900000.0
2359 40812100000.0
2360 40367100000.0
2361 39892300000.0
2362 39385500000.0
2363 38862000000.0
2364 38364800000.0
2365 37857300000.0
2366 37381600000.0
2367 36952200000.0
2368 36508700000.0
2369 35993800000.0
2370 35488900000.0
2371 35012200000.0
2372 34546600000.0
2373 34120300000.0
2374 33709900000.0
2375 33274300000.0
2376 32811400000.0
2377 32335000000.0
2378 31886200000.0
2379 31429200000.0
2380 31006000000.0
2381 30630200000.0
2382 30172200000.0
2383 29709500000.0
2384 29269300000.0
2385 28836700000.0
2386 28436200000.0
2387 28050600000.0
2388 27645600000.0
2389 27220300000.0
2390 26786200000.0
2391 26381300000.0
2392 25971700000.0
2393 25600000000.0
2394 25278900000.0
2395 24871400000.0
2396 24455200000.0
2397 24058700000.0
2398 23667500000.0
2399 23305100000.0
2400 22956200000.0
2401 22590500000.0
2402 22206700000.0
2403 21815900000.0
2404 21453800000.0
2405 21088600000.0
2406 20761000000.0
2407 20482400000.0
2408 20120600000.0
2409 19748900000.0
2410 19395500000.0
2411 19046500000.0
2412 18724400000.0
2413 18415800000.0
2414 18092000000.0
2415 17751300000.0
2416 17403600000.0
2417 17083100000.0
2418 16760300000.0
2419 16474000000.0
2420 16234700000.0
2421 15917100000.0
2422 15589100000.0
2423 15278100000.0
2424 14971100000.0
2425 14689700000.0
2426 14421300000.0
2427 14139300000.0
2428 13841300000.0
2429 13536300000.0
2430 13256900000.0
2431 12975600000.0
2432 12728600000.0
2433 12525200000.0
2434 12250100000.0
2435 11964700000.0
2436 11695100000.0
2437 11429100000.0
2438 11187200000.0
2439 10958400000.0
2440 10717500000.0
2441 10461700000.0
2442 10198600000.0
2443 9959130000.0
2444 9718210000.0
2445 9509620000.0
2446 9341470000.0
2447 9108330000.0
2448 8864800000.0
2449 8635570000.0
2450 8409710000.0
2451 8206450000.0
2452 8015730000.0
2453 7814900000.0
2454 7600240000.0
2455 7378260000.0
2456 7177930000.0
2457 6976570000.0
2458 6804840000.0
2459 6669400000.0
2460 6476780000.0
2461 6273970000.0
2462 6084090000.0
2463 5897290000.0
2464 5731050000.0
2465 5576970000.0
2466 5414660000.0
2467 5240000000.0
2468 5057970000.0
2469 4895330000.0
2470 4732130000.0
2471 4595840000.0
2472 4491320000.0
2473 4338120000.0
2474 4174980000.0
2475 4023100000.0
2476 3873960000.0
2477 3743370000.0
2478 3624040000.0
2479 3498590000.0
2480 3362510000.0
2481 3219240000.0
2482 3092940000.0
2483 2966450000.0
2484 2863290000.0
2485 2786790000.0
2486 2670910000.0
2487 2545980000.0
2488 2430670000.0
2489 2317730000.0
2490 2220640000.0
2491 2133680000.0
2492 2042560000.0
2493 1942930000.0
2494 1836720000.0
2495 1744690000.0
2496 1652890000.0
2497 1580540000.0
2498 1528940000.0
2499 1448160000.0
2500 1359400000.0
2501 1278350000.0
2502 1199270000.0
2503 1133220000.0
2504 1075750000.0
2505 1016110000.0
2506 950487000.0
2507 879123000.0
2508 818817000.0
2509 759034000.0
2510 713987000.0
2511 683707000.0
2512 634363000.0
2513 579173000.0
2514 529708000.0
2515 481838000.0
2516 443348000.0
2517 411199000.0
2518 378541000.0
2519 342612000.0
2520 302832000.0
2521 270559000.0
2522 239104000.0
2523 217026000.0
2524 203047000.0
2525 202573000.0
2526 171084000.0
2527 146918000.0
2528 123740000.0
2529 106115000.0
2530 92505600.0
2531 79368300.0
2532 65619600.0
2533 50478500.0
2534 39497000.0
2535 29710400.0
2536 24013200.0
2538 21042800.0
2540 12166000.0
2541 7889630.0
2542 5215010.0
2544 2545980.0
2545 2427940.0
2546 1469040.0
2559 1126910.0
2562 765023.0
2563 434090.0
2567 304387.0
2568 214418.0
2569 156585.0
2572 89019.2
2582 60397.9
2585 57060.0
2589 42899.6
2594 36470.9
2598 23789.2
2600 20134.4
2602 14215.7
2604 14140.8
2605 6318.94
2608 5342.84
2614 4581.25
2615 4578.24
2617 4503.93
2619 3966.99
2621 3486.15
2622 2582.87
2626 2520.06
2634 2482.8
2636 1995.39
2639 1216.93
2641 626.084
2643 416.727
2645 341.278
2654 336.444
2656 283.642
2658 280.466
2659 275.528
2661 212.117
2665 187.382
2666 181.217
2667 138.105
2669 110.223
2673 107.08
2674 96.7803
2675 54.9293
2676 27.0905
2687 26.3882
2689 21.833
2691 17.7308
2693 7.52372
2702 6.72667
2703 6.48666
2704 5.46656
2707 4.84538
2709 3.41546
2713 2.9912
2717 2.61064
2722 2.37166
2731 2.08051
2732 1.63643
2733 1.41073
2734 0.892278
2735 0.57741
2736 0.358997
2738 0.262613
2742 0.20586
2750 0.149887
2752 0.148425
2755 0.119879
2763 0.0908488
2765 0.0811011
2767 0.0722149
2769 0.0296982
2774 0.0205308
