1 0.0288622
32 0.027365
38 0.0162065
39 0.0152774
43 0.0147713
44 0.013722
46 0.0126466
49 0.0121083
56 0.0117936
61 0.011198
62 0.0111138
64 0.0108079
65 0.0104639
67 0.0102582
69 0.010223
71 0.0101641
72 0.0100883
74 0.010035
78 0.00969338
79 0.0094764
80 0.009373
81 0.0092603
82 0.00924196
88 0.00905502
89 0.00893161
90 0.00885407
93 0.00876728
94 0.00872821
98 0.00854465
103 0.00837216
104 0.00833301
106 0.00825924
107 0.00809627
109 0.00808324
110 0.00806512
114 0.00798635
115 0.00789169
118 0.0076212
121 0.00756391
122 0.0075493
125 0.00739353
126 0.00723504
127 0.00718188
128 0.00709803
129 0.00706808
130 0.00681439
131 0.00667012
132 0.00658674
136 0.00654422
137 0.00639935
140 0.00626033
142 0.00616019
143 0.00601605
146 0.00587932
147 0.00575518
148 0.00567191
151 0.00545022
152 0.00530725
155 0.00527056
156 0.00523126
158 0.00518663
159 0.00492148
160 0.00489163
161 0.00489114
164 0.00479101
165 0.00451768
166 0.00441282
168 0.00438418
169 0.00417155
170 0.00397143
171 0.00390426
172 0.00363786
173 0.0034944
174 0.00332491
175 0.00329208
177 0.00313737
179 0.00296743
181 0.00289155
182 0.00285016
184 0.00275932
185 0.00273052
187 0.00251737
188 0.00243093
190 0.00230922
191 0.00208339
192 0.00188172
193 0.00169076
194 0.00151547
199 0.00141832
200 0.00121922
201 0.00107598
202 0.000982877
203 0.000933
204 0.00091014
206 0.000889523
208 0.000853435
210 0.000609761
212 0.000598313
215 0.000568335
216 0.000550945
218 0.000450468
221 0.00043424
222 0.000408636
223 0.000388714
226 0.0003847
229 0.000375511
232 0.000334785
235 0.000310327
237 0.000306486
238 0.000286011
240 0.000278678
243 0.000264526
244 0.00024695
246 0.000245723
250 0.000241893
251 0.000226548
252 0.0002249
253 0.000223665
256 0.000209125
257 0.000200649
258 0.000194853
260 0.000189105
261 0.000182186
262 0.000181785
263 0.000177194
265 0.000173853
266 0.000163983
267 0.000161294
269 0.000159213
270 0.00015803
272 0.000156684
273 0.000145358
275 0.000144109
279 0.000142276
282 0.000141722
284 0.00014021
286 0.000137696
287 0.000132978
288 0.00013124
292 0.000130018
293 0.000128772
294 0.000125228
295 0.000122226
296 0.000120535
297 0.000117294
298 0.000116072
299 0.000111444
300 0.000110428
301 0.000108339
302 0.000105919
303 0.000104835
304 0.00010386
305 0.000102452
306 0.000101581
309 9.75975e-05
310 9.53974e-05
311 9.45801e-05
313 9.40931e-05
314 9.36243e-05
317 9.05048e-05
318 8.94776e-05
319 8.89837e-05
321 8.82196e-05
322 8.56124e-05
327 8.51244e-05
329 8.23042e-05
330 8.04867e-05
331 8.04728e-05
332 8.04194e-05
335 7.90551e-05
336 7.8979e-05
338 7.76594e-05
341 7.73318e-05
343 7.34657e-05
344 7.09558e-05
347 6.97603e-05
349 6.96609e-05
350 6.81662e-05
351 6.74448e-05
355 6.66738e-05
356 6.44713e-05
357 6.41974e-05
358 6.41269e-05
359 6.34221e-05
364 6.13382e-05
365 5.93479e-05
367 5.91027e-05
369 5.82751e-05
371 5.80899e-05
373 5.74442e-05
376 5.68733e-05
377 5.59575e-05
379 5.57871e-05
380 5.49233e-05
381 5.397e-05
382 5.31718e-05
383 5.25174e-05
384 5.22684e-05
386 5.1607e-05
387 5.07378e-05
388 4.99604e-05
389 4.93795e-05
390 4.90746e-05
391 4.88538e-05
392 4.84887e-05
393 4.74744e-05
394 4.65292e-05
395 4.56372e-05
396 4.49553e-05
397 4.4582e-05
398 4.44489e-05
400 4.37634e-05
401 4.3144e-05
402 4.3e-05
404 4.22036e-05
405 4.15811e-05
406 4.14509e-05
407 4.09788e-05
410 4.00831e-05
411 3.96035e-05
412 3.92215e-05
413 3.8714e-05
414 3.85577e-05
415 3.8268e-05
418 3.801e-05
419 3.739e-05
420 3.66663e-05
421 3.64784e-05
422 3.6185e-05
423 3.61019e-05
425 3.53615e-05
426 3.47506e-05
427 3.44359e-05
429 3.43372e-05
430 3.40798e-05
431 3.35391e-05
432 3.28637e-05
433 3.2674e-05
434 3.24511e-05
436 3.17414e-05
437 3.15686e-05
438 3.13117e-05
440 3.12466e-05
441 3.11396e-05
444 3.03959e-05
445 3.03102e-05
446 3.01881e-05
447 2.99932e-05
448 2.98498e-05
450 2.915e-05
451 2.85625e-05
452 2.84931e-05
453 2.83488e-05
454 2.77213e-05
455 2.74652e-05
456 2.72593e-05
460 2.66955e-05
461 2.65574e-05
463 2.64424e-05
464 2.62955e-05
467 2.54178e-05
468 2.52283e-05
469 2.50452e-05
470 2.48842e-05
471 2.47537e-05
472 2.45981e-05
474 2.42608e-05
476 2.4162e-05
477 2.35169e-05
478 2.3302e-05
480 2.32427e-05
483 2.27518e-05
484 2.27434e-05
485 2.26406e-05
486 2.22595e-05
489 2.18701e-05
492 2.18578e-05
493 2.17977e-05
496 2.15719e-05
498 2.13465e-05
499 2.10355e-05
500 2.08421e-05
501 2.08117e-05
503 2.05669e-05
504 1.99572e-05
505 1.96568e-05
507 1.95998e-05
508 1.94334e-05
509 1.92094e-05
511 1.89289e-05
514 1.84251e-05
515 1.82975e-05
517 1.82961e-05
518 1.81298e-05
519 1.76228e-05
520 1.73337e-05
521 1.72092e-05
522 1.69058e-05
523 1.66193e-05
524 1.62503e-05
525 1.59263e-05
527 1.59198e-05
528 1.57919e-05
529 1.56791e-05
530 1.53952e-05
531 1.53745e-05
533 1.50401e-05
534 1.49197e-05
536 1.44317e-05
537 1.41086e-05
539 1.40865e-05
541 1.40515e-05
545 1.3814e-05
546 1.36114e-05
548 1.3461e-05
549 1.33178e-05
550 1.29693e-05
552 1.29624e-05
554 1.29207e-05
556 1.2757e-05
557 1.24099e-05
560 1.23313e-05
