1 215.0
3 174.0
5 39.0
6 31.7703
9 28.6656
11 25.4139
14 18.9374
15 11.4894
17 10.262
19 8.81258
20 8.07171
21 6.92159
22 6.49636
24 6.05082
27 5.0577
28 4.85516
30 4.60592
31 4.04796
34 3.9128
36 3.76169
37 3.70135
38 3.66338
39 3.57825
40 3.40908
41 3.32341
42 3.15906
43 3.04247
44 2.9769
45 2.92883
47 2.87583
48 2.72887
50 2.6099
51 2.59642
53 2.49605
54 2.37796
55 2.27834
56 2.16524
57 2.10783
58 2.07656
59 1.9424
60 1.88986
61 1.87172
64 1.72917
66 1.65995
68 1.61548
70 1.57679
72 1.54165
73 1.46107
76 1.45126
77 1.40613
78 1.36632
79 1.33967
80 1.30942
81 1.27396
82 1.25186
83 1.22055
85 1.2176
86 1.17695
87 1.14613
88 1.12968
89 1.12507
91 1.08156
94 1.04936
95 1.03459
96 1.02212
98 0.993495
99 0.956197
100 0.935439
101 0.923383
102 0.902606
104 0.892573
105 0.856597
107 0.824674
110 0.792012
111 0.779551
112 0.743315
113 0.718082
114 0.704704
115 0.673264
116 0.648599
117 0.640364
118 0.611136
119 0.587958
120 0.562231
121 0.534589
122 0.50892
123 0.490627
124 0.482147
125 0.473654
126 0.448569
127 0.424898
128 0.403255
129 0.390368
130 0.372876
132 0.370125
133 0.368691
136 0.351869
137 0.340372
138 0.333962
139 0.326385
140 0.316599
141 0.307375
142 0.300257
143 0.291334
144 0.28392
145 0.275875
146 0.268576
147 0.260782
148 0.252597
149 0.246689
150 0.242543
151 0.235207
152 0.227077
153 0.220179
154 0.213522
155 0.20714
156 0.200633
157 0.196798
158 0.190248
159 0.183906
160 0.177755
161 0.172376
162 0.167345
163 0.164361
164 0.157526
165 0.15189
166 0.146353
167 0.142287
168 0.139043
169 0.136304
170 0.129336
171 0.127261
172 0.122785
173 0.118324
174 0.117025
175 0.115419
176 0.110446
178 0.106875
179 0.105088
180 0.103395
182 0.10213
183 0.099091
185 0.0974908
188 0.096018
189 0.0934106
190 0.0928017
191 0.0908366
192 0.0897123
193 0.0895229
194 0.0891489
195 0.0868616
196 0.084835
197 0.0827828
198 0.0807935
199 0.0791821
200 0.0772546
201 0.0757119
202 0.074411
203 0.0733992
205 0.0728697
206 0.0714176
208 0.0703028
211 0.0683733
213 0.0680882
214 0.0674866
217 0.0665655
218 0.0664296
221 0.0655125
222 0.064688
223 0.0640182
224 0.0633492
225 0.0633184
226 0.0629694
227 0.0619952
228 0.0613441
229 0.0609799
230 0.0604532
232 0.06035
233 0.0595323
235 0.0588229
236 0.0586077
238 0.0579674
239 0.05755
241 0.0572476
242 0.0565523
243 0.056255
244 0.0559133
246 0.0556398
247 0.0548697
249 0.0542158
250 0.0538804
252 0.0538797
253 0.0530581
254 0.0525003
255 0.052001
257 0.0519585
258 0.0513137
260 0.0509846
261 0.0507758
262 0.0505461
263 0.050226
264 0.0499374
265 0.0496993
266 0.0495199
267 0.0491921
268 0.0490079
269 0.0486436
270 0.0483247
271 0.0480737
272 0.0478903
273 0.0475499
274 0.0472624
275 0.0469188
276 0.0466029
277 0.046286
278 0.0459624
279 0.0456724
280 0.0453676
281 0.0451017
282 0.0449286
283 0.0445796
284 0.044253
285 0.0439424
286 0.0436421
287 0.0433837
288 0.0430833
289 0.0427863
290 0.0424948
291 0.0422453
292 0.0420117
293 0.0417095
294 0.0414091
295 0.0411057
296 0.04081
297 0.0405241
298 0.0402486
299 0.0399759
300 0.0396738
301 0.0393772
302 0.0390834
303 0.0388198
304 0.0385509
305 0.0382959
306 0.0380092
307 0.037724
308 0.037443
309 0.0372142
310 0.0369742
311 0.0366949
312 0.0364813
313 0.0362122
314 0.0359447
315 0.0357234
316 0.0355233
317 0.0352569
318 0.0349919
319 0.0347337
320 0.0344834
321 0.0342278
322 0.0339767
323 0.0337181
324 0.0335016
325 0.0332749
326 0.0331998
327 0.0329012
328 0.0326445
329 0.0324019
330 0.0321692
331 0.0319444
332 0.0317129
333 0.0314835
334 0.0312718
335 0.0311353
336 0.0309214
337 0.030669
338 0.0304573
339 0.0302486
340 0.0301181
341 0.0299482
342 0.0297049
343 0.0294674
344 0.02924
345 0.0290595
346 0.0288258
347 0.0286146
348 0.028388
349 0.0281718
350 0.0279505
351 0.027786
352 0.0275455
353 0.0273202
354 0.0271016
355 0.0268895
356 0.0267187
357 0.0265054
358 0.0262777
359 0.0260651
360 0.0258883
361 0.0257044
362 0.0256426
363 0.0254078
364 0.0251818
365 0.0249673
366 0.0247552
367 0.0245454
368 0.0243348
369 0.0241308
370 0.0239243
371 0.0237182
372 0.0235403
373 0.0233316
374 0.0231287
375 0.0229798
376 0.0227684
377 0.0225707
378 0.0223796
379 0.0222083
380 0.0220122
381 0.0218345
382 0.0216566
383 0.0214684
384 0.0213945
385 0.0212303
386 0.0210898
387 0.0209196
388 0.0207785
389 0.0205934
390 0.0204356
391 0.0202594
392 0.0200832
393 0.0199084
394 0.0197403
395 0.0195728
396 0.019438
397 0.0193341
398 0.0191614
399 0.0189865
400 0.0188141
401 0.018647
402 0.0185214
403 0.0184432
404 0.0182504
405 0.018113
406 0.0180512
409 0.017861
410 0.0177836
411 0.0176867
412 0.017532
413 0.017359
414 0.0171906
415 0.0170267
416 0.0168786
417 0.0167295
418 0.0166688
419 0.0166271
420 0.0164388
421 0.0162757
422 0.016126
423 0.0159675
424 0.015813
425 0.015661
426 0.0155072
427 0.0153601
428 0.0152144
429 0.0150644
430 0.0149569
431 0.0147996
432 0.0146613
433 0.0145273
434 0.0143934
435 0.0142759
436 0.0141458
437 0.0140283
438 0.0138838
439 0.0137429
440 0.0136168
441 0.0134965
442 0.0134357
443 0.0133059
444 0.0131702
445 0.0130589
446 0.0129289
447 0.0128239
448 0.0127417
449 0.0125992
450 0.0124845
451 0.012358
452 0.0122273
453 0.0121015
454 0.0119817
455 0.011884
456 0.0117623
457 0.0116454
458 0.0115576
459 0.011443
460 0.01136
462 0.0113242
463 0.0112194
464 0.0111329
465 0.011117
467 0.0110768
468 0.0109256
469 0.0109108
470 0.0108958
471 0.0108828
473 0.0108047
474 0.0107408
475 0.0106895
476 0.0106749
477 0.0106168
478 0.0105581
479 0.0105
480 0.0104426
481 0.0103861
482 0.0103324
483 0.0102788
484 0.0102361
485 0.0101782
486 0.0101248
487 0.0100687
488 0.0100144
489 0.00996071
490 0.00991106
491 0.00985579
492 0.00980154
493 0.00975345
494 0.00970854
495 0.00967077
496 0.00961125
497 0.00955871
498 0.00950707
499 0.00945722
500 0.00941575
501 0.00936609
502 0.00932315
503 0.00926862
504 0.00922403
505 0.00918507
506 0.00917097
508 0.00915134
509 0.00910586
510 0.00908242
513 0.00903202
514 0.00898407
515 0.00894408
517 0.00893207
518 0.00888887
519 0.00886788
520 0.00885174
522 0.00882626
523 0.00877565
524 0.0087563
525 0.00871438
527 0.00871265
528 0.00865927
529 0.00861837
530 0.00857503
531 0.00854197
532 0.00849262
533 0.00844518
534 0.0083977
535 0.00837195
536 0.00832636
537 0.00828482
538 0.0082642
539 0.00823698
541 0.00822046
542 0.00817269
544 0.0081282
545 0.00812329
547 0.00806871
548 0.00802329
549 0.00800315
550 0.00797127
552 0.00795519
553 0.00791081
554 0.00789778
555 0.00785851
556 0.00782704
558 0.00780648
559 0.00776526
560 0.00774953
561 0.0077389
563 0.00770926
564 0.00765901
565 0.00761561
566 0.00757809
567 0.00753899
568 0.00749297
569 0.0074491
570 0.00740698
571 0.00739536
572 0.00733914
573 0.00730038
574 0.00728157
576 0.00726796
577 0.0072254
578 0.00718537
579 0.00716936
580 0.00712914
581 0.00709247
582 0.00707678
583 0.00703851
584 0.00699803
585 0.00697215
586 0.00693115
587 0.00689821
588 0.00687714
589 0.00685526
591 0.006845
592 0.00679875
594 0.00675971
595 0.00673454
596 0.00669711
598 0.00669612
599 0.00665736
600 0.00665236
601 0.00660141
602 0.00656537
603 0.00654721
604 0.00653426
605 0.0064966
606 0.00646723
608 0.00646555
609 0.0064207
611 0.0064159
612 0.00639334
613 0.00637941
614 0.00635838
615 0.00633806
616 0.00631843
617 0.00630058
618 0.00628116
619 0.00626177
620 0.00624253
621 0.006224
622 0.00620499
623 0.00618597
624 0.00616805
625 0.00614921
626 0.00613053
627 0.00611355
628 0.00609575
629 0.00608364
630 0.00606406
631 0.00604482
632 0.00602565
633 0.00601319
634 0.0060064
635 0.00599142
637 0.00598687
638 0.00596779
639 0.00595756
640 0.00595192
642 0.00594596
643 0.00592639
644 0.00590838
645 0.00589809
646 0.00588916
647 0.00587064
648 0.00585209
649 0.00583372
650 0.00581478
651 0.00579602
652 0.00577738
653 0.00575955
654 0.00574093
655 0.00572259
656 0.00570439
657 0.00568615
658 0.00567181
659 0.00565327
660 0.00563459
661 0.005616
662 0.0055975
663 0.00557912
664 0.0055611
665 0.00554342
666 0.00552528
667 0.0055088
668 0.00549185
669 0.00547368
670 0.00545573
671 0.00543823
672 0.00542034
673 0.00540239
674 0.00538444
675 0.00536685
676 0.00534946
677 0.00533265
678 0.00531569
679 0.00529866
680 0.00528152
681 0.00526516
682 0.00525072
683 0.00523287
684 0.00521715
685 0.00520191
686 0.00518474
687 0.00516837
688 0.00515125
689 0.00513436
690 0.00512086
691 0.0051103
692 0.00509052
693 0.00507342
694 0.0050569
695 0.00504194
696 0.00502603
697 0.00500941
698 0.00499239
699 0.00497552
700 0.00495882
701 0.00494193
702 0.0049258
703 0.00490925
704 0.00489315
705 0.00487638
706 0.00485967
707 0.00484416
708 0.00482761
709 0.00481173
710 0.00479532
711 0.0047791
712 0.00476308
713 0.00474756
714 0.00473152
715 0.00471533
716 0.00469912
717 0.00468411
718 0.00466807
719 0.00465758
720 0.00464693
721 0.00462946
722 0.00461342
723 0.00459857
724 0.00458413
725 0.00456945
726 0.00455771
727 0.00454894
728 0.00453328
729 0.00451701
730 0.00450182
731 0.00449323
732 0.00448121
733 0.00447535
734 0.00445928
735 0.00444328
736 0.00442744
737 0.00441176
738 0.00439619
739 0.00438076
740 0.00436619
741 0.00435082
742 0.00433654
743 0.0043213
744 0.00430637
745 0.00429115
746 0.00427599
747 0.00426308
748 0.00424983
749 0.00423467
750 0.0042201
751 0.00420491
752 0.00419007
753 0.0041752
754 0.00416045
755 0.00414621
756 0.00413145
757 0.00411846
758 0.0041046
759 0.0040903
760 0.00407603
761 0.00406181
762 0.0040476
763 0.00403534
764 0.00402192
765 0.00400832
766 0.00399388
767 0.00397949
768 0.00396518
769 0.00395102
770 0.00393852
771 0.00392855
772 0.00391643
773 0.00390178
774 0.00388898
775 0.00387929
776 0.00387638
778 0.00387105
779 0.00385605
780 0.00384533
781 0.00383413
782 0.0038304
784 0.00382772
785 0.00381262
786 0.00380424
787 0.00379224
788 0.00377983
789 0.00377895
791 0.00376493
792 0.00375466
793 0.00374683
796 0.00373298
797 0.00372375
798 0.00371502
799 0.0037023
800 0.00369059
801 0.00368061
802 0.00366669
803 0.00365446
804 0.00364159
805 0.00363019
806 0.00361916
807 0.0036113
808 0.00360647
809 0.00359448
810 0.0035855
812 0.00358414
813 0.00357027
814 0.00356017
815 0.00354939
816 0.00353973
817 0.00353856
818 0.00353486
819 0.00351972
820 0.00350866
821 0.00349938
822 0.00349031
824 0.0034883
825 0.00347492
826 0.00346219
827 0.0034501
828 0.00343791
829 0.00342852
830 0.0034162
831 0.00340484
832 0.00339523
833 0.0033868
835 0.00338613
836 0.00337317
837 0.00337283
838 0.00336779
839 0.00336724
840 0.00336677
841 0.00336062
842 0.00335478
843 0.00334931
844 0.0033456
845 0.00334031
846 0.0033352
847 0.00333083
848 0.00332604
849 0.00332086
850 0.00331578
851 0.00331058
852 0.00330541
853 0.00330024
854 0.00329514
855 0.00329001
856 0.00328487
857 0.00327993
858 0.00327478
859 0.00326965
860 0.00326456
861 0.00325947
862 0.0032546
863 0.00324956
864 0.00324445
865 0.00323934
866 0.00323424
867 0.00322918
868 0.00322412
869 0.00321925
870 0.00321422
871 0.00320918
872 0.00320417
873 0.00319913
874 0.00319416
875 0.00318917
876 0.00318462
877 0.0031796
878 0.0031746
879 0.00316959
880 0.00316471
881 0.0031597
882 0.00315472
883 0.00314974
884 0.00314479
885 0.00313982
886 0.00313486
887 0.00313003
888 0.00312508
889 0.00312025
890 0.00311531
891 0.00311044
892 0.00310559
893 0.00310078
894 0.00309598
895 0.00309109
896 0.00308633
897 0.00308167
898 0.00307681
899 0.0030719
900 0.00306701
901 0.00306213
902 0.00305725
903 0.00305268
904 0.00304785
905 0.00304298
906 0.00303816
907 0.00303332
908 0.00302857
909 0.00302373
910 0.00301901
911 0.00301421
912 0.00300945
913 0.00300465
914 0.00299988
915 0.00299507
916 0.0029903
917 0.00298552
918 0.00298077
919 0.00297602
920 0.00297129
921 0.00296677
922 0.00296202
923 0.00295733
924 0.0029526
925 0.00294787
926 0.00294368
927 0.00293893
928 0.00293419
929 0.0029296
930 0.00292488
931 0.00292019
932 0.00291547
933 0.00291076
934 0.0029061
935 0.00290142
936 0.00289673
937 0.00289215
938 0.00288747
939 0.00288282
940 0.0028786
941 0.00287425
942 0.00286964
943 0.00286498
944 0.00286033
945 0.00285573
946 0.00285111
947 0.00284648
948 0.00284195
949 0.00283734
950 0.00283273
951 0.00282869
952 0.0028249
953 0.00282093
954 0.00281625
955 0.00281163
956 0.00280706
957 0.00280256
958 0.002798
959 0.00279345
960 0.00278889
961 0.00278434
962 0.00277983
963 0.00277529
964 0.00277086
965 0.00276633
966 0.00276183
967 0.0027577
968 0.00275321
969 0.00274869
970 0.00274429
971 0.00273979
972 0.0027356
973 0.0027311
974 0.00272662
975 0.00272237
976 0.00271793
977 0.00271363
978 0.00270915
979 0.00270468
980 0.00270047
981 0.00269606
982 0.00269174
983 0.00268731
984 0.0026829
985 0.00267848
986 0.00267421
987 0.00266979
988 0.00266539
989 0.00266101
990 0.00265664
991 0.00265226
992 0.00264795
993 0.00264358
994 0.00263922
995 0.00263489
996 0.00263055
997 0.00262629
998 0.00262196
999 0.00261765
1000 0.00261338
1001 0.00260906
1002 0.00260495
1003 0.00260066
1004 0.00259636
1005 0.00259213
1006 0.0025881
1007 0.00258381
1008 0.00257957
1009 0.0025755
1010 0.00257129
1011 0.00256705
1012 0.00256303
1013 0.00255888
1014 0.00255467
1015 0.00255056
1016 0.00254708
1017 0.00254336
1018 0.00253916
1019 0.002535
1020 0.00253095
1021 0.00252715
1022 0.00252378
1023 0.00252138
1024 0.00251869
1025 0.00251394
1026 0.00250963
1027 0.00250556
1028 0.00250174
1029 0.00249778
1030 0.00249361
1031 0.00248949
1032 0.00248556
1033 0.00248167
1034 0.00247745
1035 0.00247337
1036 0.00246924
1037 0.00246508
1038 0.00246099
1039 0.00245687
1040 0.00245276
1041 0.00244869
1042 0.00244471
1043 0.00244059
1044 0.00243652
1045 0.0024324
1046 0.00242841
1047 0.00242436
1048 0.00242057
1049 0.00241679
1050 0.00241274
1051 0.00240866
1052 0.00240459
1053 0.0024008
1054 0.00239699
1055 0.00239294
1056 0.00238887
1057 0.00238482
1058 0.00238078
1059 0.00237674
1060 0.00237286
1061 0.00236904
1062 0.00236498
1063 0.00236096
1064 0.00235696
1065 0.00235307
1066 0.00234906
1067 0.00234509
1068 0.00234108
1069 0.00233718
1070 0.00233321
1071 0.00232929
1072 0.00232538
1073 0.00232142
1074 0.00231768
1075 0.00231374
1076 0.00230979
1077 0.00230593
1078 0.00230214
1079 0.0022982
1080 0.0022943
1081 0.00229044
1082 0.00228676
1083 0.00228284
1084 0.00227904
1085 0.00227514
1086 0.00227181
1087 0.00226825
1088 0.00226431
1089 0.0022604
1090 0.0022565
1091 0.0022526
1092 0.00224878
1093 0.0022449
1094 0.00224109
1095 0.00223747
1096 0.0022337
1097 0.00222996
1098 0.00222637
1099 0.0022225
1100 0.00221863
1101 0.00221478
1102 0.00221097
1103 0.00220715
1104 0.00220332
1105 0.00219973
1106 0.00219591
1107 0.0021921
1108 0.00218862
1109 0.00218502
1110 0.00218116
1111 0.00217735
1112 0.00217366
1113 0.00216989
1114 0.00216628
1115 0.00216253
1116 0.00215874
1117 0.00215498
1118 0.00215151
1119 0.0021478
1120 0.00214405
1121 0.00214031
1122 0.0021366
1123 0.00213319
1124 0.00212944
1125 0.00212569
1126 0.00212196
1127 0.00211828
1128 0.00211471
1129 0.00211099
1130 0.00210731
1131 0.00210364
1132 0.0021001
1133 0.00209639
1134 0.00209271
1135 0.00208912
1136 0.00208566
1137 0.00208195
1138 0.00207826
1139 0.00207459
1140 0.00207095
1141 0.00206729
1142 0.00206369
1143 0.00206005
1144 0.00205646
1145 0.00205284
1146 0.00204921
1147 0.00204565
1148 0.00204219
1149 0.00203863
1150 0.00203514
1151 0.00203153
1152 0.00202792
1153 0.00202432
1154 0.00202101
1155 0.0020174
1156 0.00201381
1157 0.00201041
1158 0.00200688
1159 0.00200329
1160 0.00199972
1161 0.00199616
1162 0.00199271
1163 0.00198916
1164 0.0019856
1165 0.00198207
1166 0.00197853
1167 0.00197502
1168 0.00197149
1169 0.00196797
1170 0.00196444
1171 0.00196103
1172 0.00195751
1173 0.00195402
1174 0.00195054
1175 0.0019472
1176 0.00194373
1177 0.00194024
1178 0.00193676
1179 0.0019333
1180 0.00193
1181 0.00192652
1182 0.00192315
1183 0.00191975
1184 0.00191631
1185 0.00191285
1186 0.00190941
1187 0.00190598
1188 0.00190257
1189 0.00189913
1190 0.00189574
1191 0.00189232
1192 0.00188896
1193 0.00188553
1194 0.00188218
1195 0.00187878
1196 0.00187547
1197 0.00187247
1198 0.00186901
1199 0.0018656
1200 0.0018622
1201 0.00185888
1202 0.00185549
1203 0.00185213
1204 0.00184877
1205 0.00184545
1206 0.00184208
1207 0.00183875
1208 0.0018354
1209 0.00183211
1210 0.0018288
1211 0.00182559
1212 0.0018224
1213 0.00181905
1214 0.00181573
1215 0.0018126
1216 0.00180929
1217 0.00180599
1218 0.00180269
1219 0.00179939
1220 0.00179616
1221 0.00179295
1222 0.00178969
1223 0.00178643
1224 0.00178315
1225 0.00177988
1226 0.00177661
1227 0.00177336
1228 0.0017701
1229 0.00176685
1230 0.0017636
1231 0.00176035
1232 0.00175712
1233 0.00175388
1234 0.00175086
1235 0.00174801
1236 0.00174502
1237 0.00174178
1238 0.00173856
1239 0.00173536
1240 0.00173226
1241 0.00172907
1242 0.00172589
1243 0.00172313
1244 0.00172009
1245 0.0017169
1246 0.00171374
1247 0.00171056
1248 0.00170747
1249 0.00170431
1250 0.00170117
1251 0.00170044
1252 0.00169751
1253 0.00169424
1254 0.00169102
1255 0.00168789
1256 0.00168483
1257 0.00168168
1258 0.00167854
1259 0.0016754
1260 0.00167229
1261 0.00166918
1262 0.0016661
1263 0.00166309
1264 0.00166006
1265 0.00165709
1266 0.00165413
1267 0.00165104
1268 0.00164797
1269 0.00164488
1270 0.00164181
1271 0.00163875
1272 0.00163568
1273 0.00163262
1274 0.00162959
1275 0.00162653
1276 0.0016237
1277 0.00162087
1278 0.00161794
1279 0.0016149
1280 0.00161185
1281 0.00160882
1282 0.00160579
1283 0.00160281
1284 0.00159982
1285 0.00159686
1286 0.00159384
1287 0.00159082
1288 0.00158785
1289 0.00158486
1290 0.00158188
1291 0.00157903
1292 0.00157604
1293 0.00157309
1294 0.00157011
1295 0.00156725
1296 0.0015643
1297 0.00156171
1298 0.00155872
1299 0.00155574
1300 0.00155278
1301 0.00154983
1302 0.00154688
1303 0.00154406
1304 0.00154113
1305 0.00153896
1306 0.00153719
1307 0.0015339
1308 0.00153094
1309 0.00152807
1310 0.0015257
1311 0.00152492
1312 0.00152293
1313 0.00151968
1314 0.00151682
1315 0.00151398
1316 0.00151125
1317 0.00150873
1318 0.00150748
1319 0.00150543
1320 0.00150228
1321 0.00149941
1322 0.00149656
1323 0.00149397
1324 0.00149131
1325 0.00148853
1326 0.00148568
1327 0.00148288
1328 0.00148006
1329 0.00147721
1330 0.0014752
1331 0.00147319
1332 0.00147037
1333 0.00146882
1334 0.00146566
1335 0.00146276
1336 0.00145996
1337 0.0014572
1338 0.00145462
1339 0.0014519
1340 0.00144922
1341 0.00144649
1342 0.00144456
1343 0.00144242
1344 0.00143955
1345 0.00143673
1346 0.00143392
1347 0.00143113
1348 0.00142835
1349 0.00142569
1350 0.00142297
1351 0.00142019
1352 0.00141744
1353 0.00141478
1354 0.00141206
1355 0.00140938
1356 0.00140661
1357 0.00140386
1358 0.00140111
1359 0.00139843
1360 0.00139571
1361 0.001393
1362 0.00139032
1363 0.00138763
1364 0.00138513
1365 0.00138246
1366 0.00137973
1367 0.001377
1368 0.00137428
1369 0.00137157
1370 0.00136944
1371 0.00136686
1372 0.00136421
1373 0.00136202
1374 0.0013594
1375 0.00135689
1376 0.00135431
1377 0.00135169
1378 0.00134924
1379 0.00134672
1380 0.00134482
1381 0.00134188
1382 0.00133935
1383 0.00133685
1384 0.0013347
1385 0.00133452
1387 0.00133169
1388 0.00132946
1389 0.00132777
1391 0.00132705
1392 0.00132449
1393 0.00132208
1394 0.00132111
1395 0.00131853
1396 0.00131632
1397 0.00131471
1398 0.00131196
1399 0.00130949
1400 0.00130721
1401 0.00130567
1403 0.0013055
1404 0.00130292
1405 0.00130098
1406 0.00130029
1407 0.00129863
1408 0.00129587
1409 0.00129325
1410 0.00129076
1411 0.00128831
1412 0.00128604
1413 0.00128455
1414 0.00128305
1415 0.00128057
1416 0.00127813
1417 0.00127616
1418 0.00127388
1419 0.00127278
1420 0.0012717
1421 0.00126847
1422 0.00126611
1423 0.00126439
1426 0.00126187
1427 0.00125947
1428 0.00125707
1429 0.0012548
1430 0.00125261
1431 0.0012516
1432 0.00124881
1433 0.00124633
1434 0.00124394
1435 0.00124161
1436 0.00123934
1437 0.00123701
1438 0.00123469
1439 0.00123278
1440 0.00123171
1441 0.0012298
1442 0.00122724
1443 0.00122504
1444 0.00122378
1445 0.00122167
1447 0.00122116
1448 0.00121868
1449 0.00121739
1450 0.00121534
1451 0.00121346
1452 0.00121216
1453 0.00120937
1454 0.00120702
1455 0.00120488
1456 0.00120259
1457 0.00120114
1458 0.00119992
1459 0.00119701
1460 0.00119471
1461 0.00119313
1462 0.00119095
1463 0.00118866
1464 0.00118658
1465 0.00118424
1466 0.00118189
1467 0.00117969
1468 0.0011776
1469 0.00117581
1470 0.00117381
1471 0.00117127
1472 0.0011689
1473 0.00116662
1474 0.00116427
1475 0.00116189
1476 0.0011596
1477 0.00115723
1478 0.00115484
1479 0.00115246
1480 0.00115085
1481 0.00114885
1482 0.0011466
1483 0.00114416
1484 0.00114189
1485 0.00113991
1486 0.00113785
1487 0.00113547
1488 0.0011331
1489 0.00113075
1490 0.0011284
1491 0.00112608
1492 0.00112401
1493 0.00112189
1494 0.00111957
1495 0.00111723
1496 0.00111489
1497 0.0011126
1498 0.0011103
1499 0.00110854
1500 0.00110615
1501 0.00110387
1502 0.00110162
1503 0.00109935
1504 0.00109725
1505 0.00109494
1506 0.00109272
1507 0.00109045
1508 0.00108819
1509 0.00108595
1510 0.00108368
1511 0.00108141
1512 0.00107914
1513 0.00107692
1514 0.00107466
1515 0.00107263
1516 0.00107039
1517 0.00106816
1518 0.00106609
1519 0.00106398
1520 0.0010618
1521 0.00105967
1522 0.00105755
1523 0.0010554
1524 0.00105323
1525 0.00105124
1526 0.00104933
1527 0.00104772
1528 0.00104555
1529 0.00104348
1530 0.00104155
1531 0.00103962
1532 0.00103775
1533 0.00103657
1534 0.00103417
1535 0.00103197
1536 0.00102985
1537 0.00102776
1538 0.00102575
1539 0.00102377
1540 0.00102172
1541 0.0010198
1542 0.00101821
1543 0.00101623
1544 0.00101422
1545 0.00101299
1546 0.00101063
1547 0.00100864
1548 0.00100771
1549 0.00100622
1550 0.00100422
1551 0.00100283
1552 0.00100031
1553 0.000998452
1554 0.000997283
1555 0.000995854
1557 0.000995404
1558 0.000993303
1559 0.000992709
1560 0.000990248
1561 0.000988458
1562 0.000987565
1563 0.000985819
1564 0.000983707
1565 0.000981595
1566 0.000979496
1567 0.000977414
1568 0.000975356
1569 0.000974383
1570 0.000972157
1571 0.000970248
1572 0.000968198
1573 0.000966765
1574 0.000964731
1575 0.00096283
1576 0.000961658
1577 0.00095994
1578 0.00095957
1579 0.000957053
1580 0.000955094
1581 0.000953396
1582 0.000953118
1585 0.000951103
