1 2539060000.0
7 2400780000.0
8 2266810000.0
9 2148580000.0
10 2025100000.0
11 1922870000.0
12 1809760000.0
13 1708850000.0
14 1621050000.0
15 1513310000.0
16 1410900000.0
17 1326200000.0
18 1242100000.0
19 1149730000.0
20 1068250000.0
21 984984000.0
22 902152000.0
23 846938000.0
24 779314000.0
25 714285000.0
26 644131000.0
27 583547000.0
28 520303000.0
29 480341000.0
30 435811000.0
31 385670000.0
32 341486000.0
33 294690000.0
34 251024000.0
35 227546000.0
36 199317000.0
37 169792000.0
38 139150000.0
39 110823000.0
40 85307100.0
41 74263500.0
42 61011500.0
43 46449700.0
44 33119100.0
45 19906800.0
46 11125800.0
47 7722140.0
48 7617700.0
49 2711700.0
50 908523.0
51 794118.0
56 784941.0
59 422718.0
60 298416.0
61 152784.0
65 69698.1
67 57514.7
71 37454.6
74 28000.0
76 19927.4
80 11101.5
81 4565.67
82 1890.54
84 1556.0
88 566.797
94 446.81
95 366.453
96 311.964
97 178.394
98 112.017
100 77.7013
102 76.9826
105 60.3818
109 18.1804
111 7.25323
113 5.22852
117 2.40029
123 1.56991
124 1.36536
125 1.1603
126 0.701578
127 0.382504
129 0.31409
131 0.265793
132 0.250096
134 0.130078
137 0.0854847
138 0.0770283
140 0.0450435
141 0.0284778
143 0.0093284
147 0.00633196
