1 3991040000.0
14 3818440000.0
15 3650850000.0
16 3548360000.0
17 3394630000.0
18 3237920000.0
19 3088960000.0
20 2953800000.0
21 2824790000.0
22 2685640000.0
23 2577440000.0
24 2444900000.0
25 2352960000.0
26 2232470000.0
27 2115360000.0
28 2004070000.0
29 1905170000.0
30 1814160000.0
31 1705160000.0
32 1625840000.0
33 1560990000.0
34 1457630000.0
35 1392200000.0
36 1341490000.0
37 1245420000.0
38 1186310000.0
39 1138580000.0
40 1051360000.0
41 994505000.0
42 945427000.0
43 869298000.0
44 814119000.0
45 764433000.0
46 702092000.0
47 649664000.0
48 601623000.0
49 554947000.0
50 506554000.0
51 462081000.0
52 430470000.0
53 387048000.0
54 347309000.0
55 327761000.0
57 289547000.0
58 254976000.0
59 244004000.0
61 226131000.0
63 197732000.0
64 168940000.0
65 160244000.0
67 155431000.0
69 144655000.0
71 134449000.0
73 115364000.0
75 92787200.0
76 86634500.0
79 86272100.0
80 62648400.0
81 47630400.0
82 41621700.0
84 31512500.0
85 28430000.0
87 21184300.0
88 19070500.0
90 10020900.0
91 7966890.0
93 3606980.0
94 2649420.0
96 2567200.0
98 2190620.0
102 2166250.0
107 1923400.0
112 1624670.0
115 1334680.0
117 822519.0
119 778636.0
120 717595.0
126 599281.0
131 586866.0
133 474003.0
135 422215.0
137 402721.0
141 271013.0
146 182937.0
148 182657.0
150 176768.0
156 160609.0
159 147819.0
163 143115.0
169 98209.1
170 55571.1
171 23992.0
183 21732.6
184 19853.7
186 18229.4
188 12951.2
191 10710.2
192 8408.35
193 6143.07
194 4107.6
196 1708.41
198 1573.47
201 1253.26
213 1094.89
214 1027.88
215 960.006
216 654.64
217 570.538
219 415.484
221 255.691
228 216.245
229 111.683
230 84.6797
234 76.6645
236 64.2365
238 42.3274
244 29.8313
245 25.0022
247 22.6113
253 12.8883
257 8.75877
259 7.4856
262 6.5476
267 4.4872
268 2.48847
269 1.30673
275 0.730661
276 0.587313
283 0.460093
287 0.400861
288 0.37184
290 0.306439
294 0.272561
296 0.154542
298 0.143378
304 0.120666
314 0.103139
315 0.0969148
317 0.0864209
319 0.0537137
320 0.0217481
323 0.018953
