1 308386000000.0
4 307892000000.0
5 307652000000.0
6 298518000000.0
7 289833000000.0
8 280915000000.0
9 272762000000.0
10 264911000000.0
11 257055000000.0
12 249759000000.0
13 246120000000.0
14 243481000000.0
15 236292000000.0
16 229269000000.0
17 222697000000.0
18 215885000000.0
19 209289000000.0
20 204193000000.0
21 198813000000.0
22 192467000000.0
23 186488000000.0
24 180753000000.0
25 175226000000.0
26 169898000000.0
27 164757000000.0
28 159548000000.0
29 154429000000.0
30 149674000000.0
31 145808000000.0
32 141305000000.0
33 137208000000.0
34 132610000000.0
35 128401000000.0
36 125340000000.0
37 122231000000.0
38 118230000000.0
39 114187000000.0
40 110592000000.0
41 107561000000.0
42 104936000000.0
43 101753000000.0
44 98370400000.0
45 95023400000.0
46 91726200000.0
47 88617900000.0
48 85607300000.0
49 82842400000.0
50 80337100000.0
51 78202400000.0
52 75987800000.0
53 73162300000.0
54 70601600000.0
55 68616300000.0
56 66385300000.0
57 64339900000.0
58 61993600000.0
59 59849400000.0
60 58607700000.0
61 56947400000.0
62 55132500000.0
63 53091500000.0
64 51099900000.0
65 49281400000.0
66 47869300000.0
67 46961500000.0
68 45831000000.0
69 44163000000.0
70 42499700000.0
71 40987100000.0
72 40314800000.0
73 38967500000.0
74 37730200000.0
75 36305600000.0
76 34982500000.0
77 33932100000.0
78 32858000000.0
79 31784100000.0
80 30665000000.0
81 29588200000.0
82 28502300000.0
83 27490500000.0
84 26727900000.0
85 25921500000.0
86 25032200000.0
87 24131900000.0
88 23265500000.0
89 22530400000.0
90 21761100000.0
91 20981400000.0
92 20241300000.0
93 19526000000.0
94 19089600000.0
95 18481400000.0
96 17873100000.0
97 17224300000.0
98 16616800000.0
99 16148300000.0
100 15622700000.0
101 15135100000.0
102 14615200000.0
103 14099600000.0
104 13630000000.0
105 13143500000.0
106 12774000000.0
107 12390300000.0
108 11943600000.0
109 11555000000.0
110 11196000000.0
111 10831300000.0
112 10562700000.0
113 10199100000.0
114 9850970000.0
115 9547750000.0
116 9311540000.0
117 9026630000.0
118 8869620000.0
119 8571840000.0
120 8285350000.0
121 8051390000.0
122 7784290000.0
123 7529310000.0
124 7287660000.0
125 7057080000.0
126 6878340000.0
127 6697670000.0
128 6494410000.0
129 6269880000.0
130 6074350000.0
131 5927320000.0
132 5796170000.0
133 5657480000.0
134 5467000000.0
135 5290950000.0
136 5136520000.0
137 4984870000.0
138 4845400000.0
139 4721790000.0
140 4572900000.0
141 4430430000.0
142 4299760000.0
143 4188400000.0
144 4092020000.0
145 4006700000.0
146 3893890000.0
147 3786540000.0
148 3681940000.0
149 3601040000.0
150 3515230000.0
151 3443360000.0
152 3391790000.0
153 3309060000.0
154 3225500000.0
155 3148110000.0
156 3101920000.0
157 3050660000.0
158 2991180000.0
159 2919490000.0
160 2852000000.0
161 2787070000.0
162 2726220000.0
163 2671130000.0
164 2610130000.0
165 2558110000.0
166 2524230000.0
167 2506160000.0
168 2471730000.0
169 2421580000.0
170 2369980000.0
171 2320840000.0
172 2275570000.0
173 2235650000.0
174 2189470000.0
175 2144730000.0
176 2097410000.0
177 2054720000.0
178 2022490000.0
179 1991930000.0
180 1956100000.0
181 1916420000.0
182 1875890000.0
183 1834550000.0
184 1794750000.0
185 1753940000.0
186 1717390000.0
187 1697040000.0
188 1682980000.0
189 1649750000.0
190 1612890000.0
191 1573290000.0
192 1539950000.0
193 1510640000.0
194 1492650000.0
195 1460230000.0
196 1422580000.0
197 1390050000.0
198 1356090000.0
199 1324090000.0
200 1298920000.0
201 1270740000.0
202 1245940000.0
203 1216620000.0
204 1187700000.0
205 1164350000.0
206 1135670000.0
207 1109660000.0
208 1082890000.0
209 1058010000.0
210 1033180000.0
211 1006470000.0
212 981959000.0
213 959306000.0
214 943247000.0
215 923759000.0
216 899061000.0
217 874936000.0
218 852226000.0
219 843343000.0
220 823908000.0
221 804117000.0
222 780822000.0
223 760796000.0
224 741436000.0
225 721177000.0
226 701512000.0
227 681311000.0
228 662476000.0
229 652405000.0
230 644513000.0
231 625759000.0
232 607285000.0
233 590153000.0
234 574262000.0
235 557210000.0
236 544423000.0
237 532500000.0
238 517145000.0
239 506236000.0
240 490949000.0
241 475686000.0
242 461560000.0
243 450863000.0
244 441726000.0
245 432136000.0
246 418483000.0
247 405622000.0
248 394528000.0
249 384864000.0
250 377354000.0
251 366243000.0
252 354203000.0
253 342986000.0
254 334616000.0
255 324905000.0
256 317592000.0
257 307338000.0
258 296886000.0
259 287038000.0
260 278449000.0
261 270080000.0
262 262263000.0
263 253199000.0
264 245019000.0
265 238085000.0
266 229951000.0
267 222139000.0
268 214246000.0
269 207264000.0
270 201420000.0
271 193672000.0
272 186557000.0
273 180064000.0
274 173483000.0
275 168432000.0
276 162880000.0
277 156691000.0
278 150776000.0
279 144637000.0
280 139143000.0
281 136690000.0
282 133270000.0
283 128625000.0
284 123326000.0
285 118194000.0
286 113974000.0
287 110643000.0
288 106701000.0
289 102127000.0
290 97656800.0
291 94155000.0
292 90125800.0
293 87027600.0
294 83087000.0
295 79375600.0
296 76212500.0
297 73686700.0
298 70178800.0
299 66735300.0
300 63525400.0
301 60927600.0
302 58760500.0
303 57560400.0
304 54645100.0
305 51769500.0
306 49101900.0
307 46932000.0
308 44963400.0
309 43116300.0
310 41048500.0
311 38912700.0
312 37145600.0
313 35633100.0
314 33707600.0
315 31887000.0
316 30081600.0
317 28779600.0
318 27919900.0
319 26243700.0
320 24700300.0
321 23258000.0
322 21890100.0
323 20603700.0
324 19446700.0
325 18764600.0
326 17804900.0
327 16576800.0
328 15457600.0
329 14557200.0
330 13635100.0
331 12889200.0
332 12023700.0
333 11172100.0
334 10561000.0
335 9926010.0
336 9461180.0
337 8717760.0
338 8105690.0
339 7501860.0
340 6968260.0
341 6606440.0
342 6346750.0
343 5778030.0
344 5294990.0
345 4907740.0
346 4521750.0
347 4171430.0
348 3942320.0
349 3629260.0
350 3379570.0
351 3070700.0
352 2801800.0
353 2616400.0
354 2552930.0
356 2410550.0
357 2270510.0
360 2159190.0
362 2014040.0
363 1828670.0
364 1648390.0
365 1513850.0
366 1455360.0
367 1335230.0
368 1200990.0
369 1083790.0
370 1024100.0
371 946610.0
372 943731.0
373 891306.0
374 818170.0
376 805415.0
377 798930.0
378 750378.0
379 744953.0
381 694232.0
382 664579.0
383 648793.0
386 619728.0
388 589456.0
389 587752.0
391 557538.0
392 530304.0
393 502380.0
394 477764.0
395 458562.0
396 445692.0
397 437967.0
398 409805.0
399 400935.0
400 377618.0
401 369367.0
402 365367.0
403 351160.0
404 342196.0
405 330283.0
408 313288.0
409 308674.0
410 295020.0
412 292731.0
413 292126.0
414 281078.0
415 273140.0
416 267579.0
417 261743.0
418 255323.0
419 249490.0
420 244491.0
421 239176.0
422 235685.0
423 230302.0
424 225590.0
425 220002.0
426 215312.0
427 211734.0
428 210842.0
430 207102.0
433 202955.0
434 198226.0
435 197224.0
436 192509.0
437 188883.0
438 188570.0
440 185239.0
443 185019.0
444 184756.0
446 184086.0
447 181945.0
448 181301.0
452 179022.0
453 177328.0
454 175424.0
455 173722.0
458 172010.0
459 170576.0
460 170410.0
462 168484.0
463 167135.0
464 166032.0
465 164834.0
466 163183.0
467 162042.0
470 160009.0
471 159185.0
473 158376.0
474 157064.0
475 155376.0
476 154659.0
478 153711.0
479 152306.0
480 151651.0
483 149690.0
484 148753.0
485 147667.0
486 146619.0
488 146559.0
489 144625.0
490 143741.0
493 142060.0
494 140708.0
496 140704.0
497 139684.0
498 139343.0
500 137628.0
501 137092.0
502 137033.0
503 136368.0
504 135055.0
505 134037.0
506 132515.0
507 131025.0
508 129530.0
509 128285.0
510 127346.0
511 126150.0
512 125415.0
513 124087.0
514 122766.0
515 121561.0
516 120331.0
517 119147.0
518 118011.0
519 117195.0
520 116335.0
521 115652.0
522 114732.0
523 113540.0
524 112561.0
526 112473.0
527 112087.0
528 111685.0
530 110365.0
531 110238.0
533 109833.0
534 108427.0
535 107874.0
536 106855.0
537 106352.0
538 106251.0
540 105299.0
541 105045.0
543 104740.0
545 103847.0
546 103733.0
547 102661.0
549 102501.0
550 101963.0
551 101020.0
552 100062.0
553 99481.1
554 99375.3
556 99000.3
557 98202.9
558 97945.8
559 97472.9
561 96958.8
562 96392.3
565 95834.9
567 95683.8
568 95509.3
569 95493.9
570 95452.6
571 95027.4
572 94444.8
573 94261.8
575 94231.5
576 94138.6
577 94077.5
578 93984.8
579 93943.8
581 93878.9
582 93853.2
583 93737.8
585 93712.6
591 93687.4
593 93674.4
595 93671.1
600 93670.3
603 93663.4
605 93662.5
606 93657.3
607 93654.9
608 93654.5
609 93649.2
610 93644.2
611 93638.9
612 93633.8
613 93628.9
614 93624.4
615 93619.5
616 93614.9
617 93613.7
618 93611.2
619 93607.7
620 93602.1
621 93598.0
622 93592.9
623 93588.1
624 93583.3
625 93580.0
626 93579.9
627 93577.6
628 93572.8
629 93570.6
631 93568.7
632 93565.2
634 93563.7
637 93561.2
638 93559.1
639 93557.1
641 93556.9
642 93555.6
645 93554.3
646 93554.0
647 93553.8
648 93552.6
649 93551.4
650 93550.4
651 93549.5
652 93548.6
653 93548.2
654 93547.2
655 93546.4
656 93545.1
657 93544.0
658 93543.2
659 93542.2
660 93541.3
661 93540.2
662 93539.1
663 93538.0
664 93536.9
665 93536.0
666 93534.9
667 93534.0
668 93533.0
669 93531.9
670 93530.8
671 93529.7
672 93528.6
673 93527.6
674 93526.5
675 93525.4
676 93524.4
677 93523.8
678 93523.1
679 93522.3
680 93521.1
681 93520.1
682 93519.0
683 93518.0
684 93517.1
685 93516.1
686 93515.1
687 93514.4
688 93514.1
689 93512.8
690 93511.6
691 93510.6
692 93509.6
693 93508.5
694 93507.4
695 93506.3
696 93505.2
697 93504.1
698 93503.0
699 93502.0
700 93500.9
701 93500.5
702 93500.0
703 93498.8
704 93497.7
705 93496.6
706 93495.6
707 93495.0
709 93494.9
710 93493.8
711 93492.9
712 93492.4
713 93492.0
714 93490.9
715 93489.8
716 93488.7
717 93487.7
718 93487.4
721 93486.2
722 93485.1
723 93484.2
724 93483.3
725 93482.3
726 93481.5
727 93480.4
728 93479.3
729 93478.2
730 93477.1
731 93476.0
732 93474.9
733 93473.8
734 93472.7
735 93471.6
736 93470.5
737 93469.4
738 93468.3
739 93467.3
740 93466.5
741 93466.1
743 93465.7
744 93464.6
745 93463.5
746 93462.5
747 93461.6
748 93460.9
749 93459.9
750 93458.9
751 93457.9
752 93456.8
753 93455.8
754 93454.8
755 93453.8
756 93452.7
757 93451.7
758 93450.6
759 93449.6
760 93448.6
761 93447.5
762 93446.4
763 93445.3
764 93444.3
765 93443.7
766 93442.8
767 93441.7
768 93440.6
769 93439.5
770 93438.5
771 93437.6
772 93436.8
773 93435.7
774 93434.6
775 93433.6
776 93432.6
777 93431.5
778 93430.4
779 93429.3
780 93428.2
781 93427.1
782 93426.1
783 93425.4
784 93424.4
785 93423.4
786 93423.2
787 93423.0
788 93422.0
789 93421.1
790 93420.0
791 93419.0
792 93417.9
793 93416.9
794 93415.8
795 93414.8
796 93413.7
797 93412.8
798 93411.7
799 93410.7
800 93409.6
801 93408.6
802 93407.5
803 93406.5
804 93405.4
805 93404.5
806 93403.4
807 93402.4
808 93401.3
809 93400.3
810 93399.3
811 93398.4
812 93397.3
813 93396.2
814 93395.1
815 93394.1
816 93393.0
817 93392.0
818 93391.0
819 93390.0
820 93389.0
821 93388.6
822 93388.3
824 93387.2
825 93386.2
826 93385.2
827 93384.2
828 93383.2
829 93382.2
830 93381.2
831 93380.3
833 93380.1
834 93379.7
835 93378.9
836 93378.3
838 93378.2
839 93377.2
840 93376.5
841 93375.6
844 93374.6
845 93374.3
846 93373.7
848 93373.2
849 93372.2
850 93371.8
851 93371.7
852 93371.5
853 93370.3
854 93369.2
855 93368.4
856 93367.5
857 93366.4
858 93365.4
859 93364.4
860 93363.3
861 93362.8
862 93361.9
863 93360.9
864 93360.0
865 93359.2
866 93358.6
867 93357.5
868 93356.7
869 93355.7
870 93355.3
872 93354.9
873 93354.0
874 93353.2
875 93353.1
876 93352.7
877 93351.5
878 93350.5
879 93349.7
880 93349.5
881 93348.4
882 93347.5
883 93346.9
884 93345.7
885 93344.6
886 93344.0
887 93342.9
888 93341.9
889 93340.9
890 93339.9
891 93339.1
892 93338.0
893 93337.2
894 93336.6
895 93335.6
896 93334.5
897 93333.5
898 93332.4
899 93331.7
900 93330.9
901 93330.1
902 93329.0
903 93328.0
904 93327.0
905 93326.1
906 93325.1
907 93324.1
908 93323.1
909 93322.1
910 93321.1
911 93320.1
912 93319.1
913 93318.1
914 93317.1
915 93316.1
916 93315.0
917 93314.1
918 93313.1
919 93312.1
920 93311.1
921 93310.6
922 93309.7
923 93308.8
924 93308.0
925 93307.4
928 93306.4
929 93305.6
931 93305.3
932 93304.5
933 93303.7
934 93303.0
935 93302.4
936 93301.3
937 93300.4
938 93299.7
939 93298.7
940 93297.9
941 93296.9
942 93295.9
943 93295.0
944 93293.9
945 93293.1
946 93292.6
947 93291.9
948 93290.8
949 93289.8
950 93288.8
951 93287.8
952 93286.8
953 93285.9
954 93285.3
955 93285.0
956 93284.1
957 93283.1
958 93282.2
959 93281.4
960 93280.5
961 93279.6
962 93278.8
963 93278.0
964 93276.9
965 93275.9
966 93275.5
969 93274.4
970 93273.6
971 93273.5
973 93273.0
974 93271.9
975 93270.9
976 93269.9
977 93268.8
978 93268.1
979 93267.4
980 93266.5
981 93265.5
982 93264.5
983 93263.5
984 93262.5
985 93261.5
986 93260.6
987 93259.7
988 93258.8
990 93258.6
991 93257.8
992 93257.6
994 93256.5
995 93255.6
996 93255.0
997 93254.7
998 93253.5
999 93252.6
1000 93251.9
1003 93250.9
1004 93250.6
1007 93249.6
1008 93249.0
1009 93248.6
1011 93248.2
1012 93247.3
1013 93247.2
1014 93246.9
1015 93245.8
1016 93244.9
1017 93244.1
1018 93243.8
1019 93243.0
1021 93242.7
1022 93241.7
1023 93240.9
1024 93240.4
1025 93239.6
1026 93238.7
1027 93238.2
1028 93237.3
1029 93236.5
1030 93236.1
1032 93236.0
1033 93235.1
1034 93234.6
1037 93233.5
1038 93232.8
1040 93232.6
1041 93231.8
1042 93231.2
1043 93230.1
1044 93229.1
1045 93228.1
1046 93227.1
1047 93226.1
1048 93225.2
1050 93225.1
1051 93224.5
1052 93223.7
1053 93223.3
1054 93223.2
1055 93223.1
1056 93222.1
1057 93221.5
1058 93221.1
1061 93220.0
1062 93219.9
1063 93219.6
1064 93218.5
1065 93217.9
1066 93217.0
1067 93216.2
1068 93215.3
1069 93215.0
1070 93213.9
1071 93212.8
1072 93211.9
1073 93211.6
1074 93210.6
1075 93209.7
1076 93208.8
1077 93207.9
1078 93207.7
1079 93206.4
1080 93205.3
1081 93204.4
1082 93204.0
1085 93203.0
1086 93202.2
1087 93201.5
1088 93201.2
1089 93200.4
1090 93199.4
1091 93198.5
1092 93198.1
1093 93197.1
1094 93196.8
1095 93195.8
1096 93195.2
1097 93194.7
1098 93194.1
1100 93194.0
1101 93192.9
1103 93192.1
1104 93191.2
1105 93190.5
1106 93189.5
1107 93188.6
1108 93187.8
1109 93186.9
1110 93185.9
1111 93185.1
1112 93184.6
1113 93184.5
1115 93183.5
1118 93182.7
1119 93182.1
1120 93181.7
1121 93181.5
1122 93180.2
1123 93179.4
1124 93178.8
1125 93178.0
1126 93177.0
1127 93176.0
1128 93175.0
1129 93174.1
1130 93174.0
1131 93173.8
1132 93173.0
1133 93172.3
1135 93172.1
1136 93171.8
1137 93171.7
1139 93170.4
1140 93169.4
1141 93168.9
1142 93168.3
1143 93167.9
1145 93167.8
1146 93166.8
1148 93166.4
1149 93166.2
1150 93166.1
1152 93165.7
1153 93165.3
1154 93165.0
1158 93164.6
1159 93164.2
1160 93163.8
1161 93163.4
1162 93163.1
1165 93162.9
1166 93162.5
1167 93162.2
1170 93161.9
1171 93161.6
1172 93161.3
1173 93161.1
1175 93160.9
1176 93160.6
1177 93160.4
1180 93160.0
1181 93159.6
1182 93159.2
1183 93158.8
1184 93158.5
1185 93158.3
1187 93158.1
1188 93157.7
1189 93157.4
1190 93157.1
1191 93156.7
1192 93156.4
1193 93156.2
1195 93156.1
1196 93155.7
1197 93155.3
1198 93155.0
1199 93154.9
1200 93154.8
1202 93154.4
1203 93154.1
1204 93153.7
1205 93153.3
1206 93153.0
1208 93152.9
1209 93152.7
1210 93152.4
1211 93152.2
1213 93152.1
1214 93151.7
1215 93151.3
1216 93151.0
1217 93150.9
1220 93150.5
1221 93150.2
1224 93149.9
1225 93149.5
1226 93149.2
1227 93148.9
1228 93148.7
1229 93148.4
1230 93148.0
1231 93147.6
1232 93147.2
1233 93146.8
1234 93146.4
1235 93146.0
1236 93145.7
1237 93145.6
1240 93145.2
1241 93144.8
1242 93144.4
1243 93144.0
1244 93143.6
1245 93143.2
1246 93142.8
1247 93142.4
1248 93142.0
1249 93141.7
1252 93141.5
1253 93141.2
1254 93141.0
1257 93140.7
1258 93140.3
1259 93139.9
1260 93139.6
1261 93139.4
1263 93139.3
1264 93139.0
1265 93138.7
1266 93138.5
1269 93138.1
1270 93137.8
1271 93137.6
1273 93137.5
1274 93137.1
1275 93136.7
1276 93136.3
1277 93135.9
1278 93135.5
1279 93135.1
1280 93134.8
1283 93134.7
1284 93134.3
1285 93134.0
1286 93133.9
1287 93133.5
1288 93133.3
1289 93133.0
1290 93132.7
1291 93132.3
1292 93131.9
1293 93131.5
1294 93131.1
1295 93130.7
1296 93130.4
1297 93130.2
1298 93130.1
1300 93129.9
1301 93129.5
1302 93129.1
1303 93128.8
1304 93128.6
1307 93128.3
1308 93128.1
1309 93127.7
1310 93127.3
1311 93127.0
1312 93126.9
1313 93126.5
1314 93126.2
1315 93125.9
1317 93125.8
1318 93125.5
1319 93125.3
1320 93125.1
1322 93125.0
1323 93124.6
1324 93124.3
1325 93124.1
1326 93123.7
1327 93123.4
1328 93123.0
1329 93122.6
1330 93122.2
1331 93121.8
1332 93121.4
1333 93121.1
1336 93121.0
1337 93120.6
1338 93120.2
1339 93119.9
1340 93119.6
1341 93119.2
1342 93118.8
1343 93118.4
1344 93118.0
1345 93117.6
1346 93117.2
1347 93116.8
1348 93116.5
1349 93116.2
1350 93115.9
1351 93115.7
1352 93115.6
1354 93115.2
1355 93114.8
1356 93114.4
1357 93114.0
1358 93113.6
1359 93113.2
1360 93112.8
1361 93112.4
1362 93112.0
1363 93111.6
1364 93111.2
1365 93110.8
1366 93110.5
1367 93110.4
1369 93110.3
1370 93110.0
1371 93109.7
1372 93109.4
1373 93109.1
1374 93108.8
1375 93108.5
1376 93108.3
1378 93108.2
1379 93108.0
1380 93107.6
1381 93107.2
1382 93107.0
1385 93106.9
1386 93106.5
1387 93106.2
1388 93105.8
1389 93105.4
1390 93105.1
1391 93104.9
1392 93104.6
1393 93104.4
1394 93104.0
1395 93103.6
1396 93103.2
1397 93102.9
1398 93102.6
1399 93102.5
1400 93102.4
1401 93102.0
1402 93101.6
1403 93101.2
1404 93100.8
1405 93100.4
1406 93100.0
1407 93099.6
1408 93099.2
1409 93098.8
1410 93098.4
1411 93098.0
1412 93097.6
1413 93097.2
1414 93096.8
1415 93096.5
1416 93096.4
1418 93096.3
1419 93096.0
1420 93095.7
1421 93095.5
1424 93095.1
1425 93094.7
1426 93094.4
1427 93094.1
1430 93093.8
1432 93093.5
1433 93093.4
1434 93093.1
1435 93092.7
1436 93092.4
1437 93092.2
1438 93091.8
1439 93091.5
1440 93091.2
1441 93091.0
1443 93090.9
1444 93090.6
1445 93090.4
1448 93090.0
1449 93089.6
1450 93089.3
1451 93089.1
1452 93089.0
1453 93088.7
1454 93088.3
1455 93087.9
1456 93087.5
1457 93087.2
1459 93087.1
1461 93086.7
1462 93086.4
1465 93086.1
1466 93085.8
1467 93085.5
1468 93085.2
1469 93085.0
1470 93084.7
1471 93084.4
1472 93084.0
1473 93083.7
1474 93083.5
1477 93083.1
1478 93082.8
1481 93082.5
1482 93082.2
1483 93082.0
1484 93081.8
1485 93081.4
1486 93081.0
1487 93080.6
1488 93080.2
1489 93079.9
1490 93079.8
1491 93079.7
1493 93079.4
1494 93079.1
1495 93078.9
1498 93078.6
1499 93078.2
1500 93077.9
1501 93077.8
1504 93077.4
1505 93077.0
1506 93076.7
1508 93076.6
1509 93076.4
1510 93076.1
1511 93075.9
1513 93075.8
1514 93075.4
1515 93075.0
1516 93074.7
1517 93074.6
1520 93074.3
1521 93074.0
1522 93073.7
1523 93073.5
1524 93073.2
1525 93073.1
1526 93072.9
1527 93072.6
1530 93072.2
1531 93071.8
1532 93071.5
1533 93071.4
1535 93071.2
1536 93070.9
1537 93070.5
1538 93070.2
1539 93069.8
1540 93069.5
1541 93069.4
1542 93069.0
1543 93068.7
1544 93068.4
1545 93068.2
1546 93067.9
1547 93067.5
1548 93067.2
1549 93067.0
1550 93066.7
1552 93066.6
1553 93066.3
1554 93066.1
1555 93065.8
1556 93065.6
1557 93065.5
1558 93065.1
1559 93064.8
1560 93064.4
1561 93064.0
1562 93063.6
1563 93063.3
1564 93063.1
1565 93063.0
1567 93062.8
1568 93062.4
1569 93062.1
1570 93061.8
1571 93061.6
1572 93061.2
1573 93060.9
1574 93060.6
1575 93060.4
1576 93060.3
1577 93059.8
1578 93059.4
1579 93059.0
1580 93058.6
1581 93058.3
1582 93058.0
1583 93057.9
1584 93057.6
1585 93057.2
1586 93056.8
1587 93056.5
1588 93056.3
1589 93056.0
1590 93055.6
1591 93055.2
1592 93054.9
1593 93054.6
1594 93054.3
1595 93053.9
1596 93053.6
1597 93053.3
1598 93052.9
1599 93052.5
1600 93052.2
1601 93051.8
1602 93051.5
1603 93051.2
1604 93050.8
1605 93050.6
1606 93050.2
1607 93049.9
1608 93049.5
1609 93049.2
1610 93048.9
1611 93048.7
1612 93048.4
1613 93048.3
1616 93048.0
1617 93047.8
1620 93047.5
1621 93047.2
1622 93046.9
1623 93046.6
1624 93046.4
1625 93045.9
1626 93045.7
1627 93045.6
1628 93045.5
1629 93045.1
1630 93044.7
1631 93044.3
1632 93044.0
1633 93043.6
1634 93043.3
1635 93043.1
1636 93042.8
1637 93042.7
1638 93042.2
1639 93041.9
1640 93041.6
1641 93041.2
1642 93040.9
1643 93040.6
1644 93040.5
1645 93040.3
1646 93040.0
1647 93039.7
1648 93039.4
1649 93039.2
1650 93038.9
1653 93038.5
1654 93038.1
1655 93037.7
1656 93037.3
1657 93036.9
1658 93036.5
1659 93036.2
1660 93036.1
1663 93035.7
1664 93035.3
1665 93034.9
1666 93034.6
1667 93034.5
1668 93034.4
1670 93034.0
1671 93033.7
1672 93033.5
1673 93033.1
1674 93032.8
1675 93032.4
1676 93032.3
1677 93032.0
1678 93031.6
1679 93031.4
1680 93031.0
1681 93030.7
1682 93030.4
1683 93030.1
1684 93030.0
1685 93029.6
1686 93029.2
1687 93028.9
1688 93028.6
1689 93028.2
1690 93028.0
1691 93027.7
1692 93027.4
1693 93027.2
1694 93026.9
1695 93026.7
1696 93026.5
1697 93026.1
1698 93025.8
1699 93025.5
1700 93025.1
1701 93024.9
1702 93024.6
1703 93024.5
1704 93024.1
1705 93023.8
1706 93023.5
1707 93023.3
1708 93023.1
1709 93022.7
1710 93022.3
1711 93022.0
1712 93021.6
1713 93021.3
1714 93021.0
1715 93020.7
1716 93020.5
1717 93020.1
1718 93019.9
1719 93019.7
1720 93019.3
1721 93019.0
1722 93018.6
1723 93018.3
1724 93017.9
1725 93017.6
1726 93017.3
1727 93017.0
1730 93016.7
1731 93016.5
1732 93016.2
1733 93015.9
1734 93015.6
1735 93015.4
1739 93014.9
1740 93014.6
1741 93014.4
1743 93014.3
1744 93013.9
1745 93013.6
1746 93013.3
1747 93013.0
1748 93012.9
1749 93012.5
1750 93012.2
1751 93011.9
1752 93011.6
1753 93011.3
1754 93010.9
1755 93010.7
1756 93010.5
1757 93010.2
1758 93009.9
1759 93009.6
1760 93009.4
1761 93009.3
1762 93008.9
1763 93008.6
1764 93008.2
1767 93008.0
1768 93007.7
1769 93007.4
1770 93007.1
1771 93006.8
1772 93006.6
1776 93006.1
1777 93005.8
1778 93005.6
1780 93005.5
1781 93005.2
1782 93005.0
1783 93004.8
1784 93004.4
1785 93004.0
1786 93003.7
1787 93003.5
1788 93003.1
1789 93002.9
1790 93002.5
1791 93002.1
1792 93001.8
1793 93001.4
1794 93001.1
1795 93000.8
1796 93000.4
1797 93000.0
1798 92999.7
1799 92999.4
1800 92999.0
1801 92998.7
1802 92998.3
1803 92998.0
1804 92997.6
1805 92997.3
1806 92997.0
1807 92996.6
1808 92996.2
1809 92995.9
1810 92995.6
1811 92995.2
1812 92994.9
1813 92994.6
1814 92994.2
1815 92993.9
1816 92993.6
1817 92993.2
1818 92992.9
1819 92992.6
1820 92992.3
1821 92991.9
1822 92991.7
1823 92991.4
1824 92991.1
1826 92991.0
1827 92990.6
1828 92990.3
1829 92990.1
1830 92989.8
1831 92989.5
1832 92989.2
1833 92988.9
1834 92988.6
1835 92988.3
1836 92988.0
1837 92987.7
1838 92987.6
1839 92987.0
1840 92986.7
1841 92986.4
1842 92986.2
1843 92985.9
1844 92985.7
1845 92985.4
1846 92985.0
1847 92984.8
1848 92984.4
1849 92984.3
1850 92983.9
1851 92983.6
1852 92983.4
1853 92983.2
1854 92982.9
1855 92982.6
1856 92982.2
1857 92981.9
1858 92981.6
1859 92981.4
1860 92981.0
1861 92980.7
1862 92980.5
1863 92980.2
1864 92979.9
1865 92979.5
1866 92979.2
1867 92978.8
1868 92978.6
1871 92978.2
1872 92977.9
1873 92977.6
1874 92977.3
1875 92977.1
1876 92976.7
1877 92976.4
1878 92976.1
1879 92975.8
1880 92975.5
1881 92975.4
1882 92975.3
1883 92975.2
1884 92974.8
1885 92974.3
1886 92973.9
1887 92973.6
1888 92973.4
1891 92973.1
1892 92972.7
1893 92972.4
1894 92972.1
1895 92971.9
1896 92971.6
1897 92971.2
1898 92970.9
1899 92970.6
1900 92970.4
1901 92970.1
1902 92969.7
1903 92969.4
1904 92969.2
1905 92969.1
1906 92969.0
1907 92968.6
1908 92968.3
1909 92968.1
1910 92967.8
1911 92967.7
1912 92967.3
1913 92966.9
1914 92966.5
1915 92966.1
1916 92965.8
1917 92965.6
1918 92965.4
1919 92965.2
1920 92964.8
1921 92964.4
1922 92964.1
1923 92963.7
1924 92963.5
1925 92963.1
1926 92963.0
1927 92962.8
1928 92962.5
1929 92962.2
1930 92961.9
1931 92961.6
1932 92961.2
1933 92960.9
1934 92960.6
1935 92960.3
1936 92959.9
1937 92959.5
1938 92959.2
1939 92959.0
1940 92958.9
1942 92958.5
1943 92958.1
1944 92957.8
1945 92957.6
1946 92957.5
1948 92957.3
1949 92956.9
1950 92956.6
1951 92956.3
1952 92956.2
1953 92956.0
1954 92955.6
1955 92955.2
1956 92954.9
1957 92954.6
1958 92954.3
1959 92953.9
1960 92953.6
1961 92953.3
1962 92952.9
1963 92952.6
1964 92952.2
1965 92952.0
1966 92951.6
1967 92951.3
1968 92950.9
1969 92950.7
1970 92950.3
1971 92950.0
1972 92949.7
1973 92949.4
1974 92949.1
1975 92948.9
1976 92948.8
1978 92948.5
1979 92948.4
1980 92948.0
1981 92947.9
1982 92947.8
1983 92947.5
1984 92947.1
1985 92946.8
1986 92946.4
1987 92946.1
1988 92945.7
1989 92945.4
1990 92945.1
1991 92945.0
1992 92944.9
1993 92944.8
1994 92944.5
1995 92944.1
1996 92943.9
1997 92943.7
1998 92943.6
1999 92943.3
2000 92942.9
2001 92942.5
2002 92942.2
2003 92941.9
2004 92941.6
2005 92941.2
2006 92940.9
2007 92940.6
2008 92940.5
2009 92940.4
2010 92940.0
2011 92939.7
2012 92939.4
2013 92939.1
2014 92938.9
2015 92938.5
2016 92938.2
2017 92937.8
2018 92937.7
2021 92937.3
2022 92936.9
2023 92936.5
2024 92936.1
2025 92935.8
2028 92935.7
2029 92935.4
2030 92935.0
2031 92934.7
2032 92934.4
2033 92934.2
2034 92933.8
2035 92933.5
2036 92933.2
2037 92932.8
2038 92932.6
2039 92932.3
2040 92931.9
2041 92931.7
2042 92931.4
2043 92931.1
2044 92930.8
2045 92930.7
2047 92930.5
2048 92930.3
2049 92929.9
2050 92929.5
2051 92929.3
2052 92929.1
2053 92928.8
2054 92928.5
2055 92928.2
2056 92928.0
2059 92927.6
2060 92927.3
2061 92927.1
2062 92926.8
2063 92926.5
2064 92926.1
2065 92925.9
2066 92925.8
2068 92925.4
2069 92925.1
2071 92925.0
2072 92924.7
2073 92924.4
2074 92924.1
2075 92923.8
2076 92923.5
2077 92923.2
2078 92923.0
2080 92922.8
2081 92922.5
2082 92922.1
2083 92922.0
2084 92921.6
2085 92921.5
2086 92921.3
2087 92921.0
2088 92920.6
2089 92920.3
2090 92919.9
2091 92919.6
2092 92919.3
2093 92918.9
2094 92918.6
2095 92918.3
2096 92918.0
2097 92917.7
2098 92917.4
2099 92917.1
2100 92916.8
2101 92916.5
2102 92916.3
2103 92915.9
2104 92915.5
2105 92915.2
2106 92915.0
2109 92914.6
2110 92914.3
2111 92914.2
2112 92913.9
2113 92913.7
2114 92913.4
2115 92913.2
2116 92912.8
2117 92912.4
2118 92912.1
2119 92911.9
2120 92911.7
2122 92911.6
2123 92911.3
2124 92911.0
2125 92910.7
2126 92910.4
2127 92910.1
2128 92909.8
2129 92909.5
2130 92909.3
2132 92909.1
2133 92908.9
2134 92908.6
2137 92908.2
2138 92908.0
2139 92907.7
2140 92907.5
2141 92907.2
2142 92906.8
2143 92906.5
2144 92906.4
2145 92906.3
2146 92906.2
2147 92905.8
2148 92905.4
2149 92905.1
2150 92904.9
2151 92904.6
2152 92904.3
2153 92903.9
2154 92903.7
2157 92903.3
2158 92903.0
2159 92902.9
2161 92902.6
2162 92902.2
2163 92901.9
2164 92901.6
2165 92901.3
2166 92901.2
2167 92900.9
2168 92900.7
2169 92900.5
2170 92900.1
2171 92899.8
2172 92899.5
2173 92899.1
2174 92899.0
2177 92898.6
2178 92898.3
2179 92898.0
2180 92897.7
2181 92897.5
2182 92897.1
2183 92896.8
2184 92896.5
2185 92896.2
2186 92895.9
2187 92895.6
2188 92895.4
2189 92895.1
2190 92894.8
2191 92894.4
2192 92894.1
2193 92893.9
2194 92893.8
2195 92893.4
2196 92893.0
2197 92892.6
2198 92892.3
2199 92892.0
2200 92891.7
2201 92891.4
2202 92891.0
2203 92890.7
2204 92890.4
2205 92890.1
2206 92889.8
2207 92889.4
2208 92889.1
2209 92888.8
2210 92888.5
2211 92888.2
2212 92887.8
2213 92887.5
2214 92887.3
2215 92887.0
2216 92886.7
2217 92886.4
2218 92886.1
2219 92885.8
2220 92885.5
2221 92885.2
2222 92885.0
2223 92884.7
2224 92884.5
2225 92884.3
2226 92883.9
2227 92883.6
2228 92883.3
2231 92883.0
2232 92882.8
2233 92882.6
2235 92882.5
2236 92882.2
2237 92881.8
2238 92881.5
2239 92881.3
2240 92881.0
2241 92880.9
2242 92880.5
2243 92880.1
2244 92879.7
2245 92879.4
2246 92879.1
2247 92878.9
2248 92878.7
2249 92878.3
2250 92878.0
2251 92877.8
2252 92877.7
2254 92877.4
2255 92877.0
2256 92876.6
2257 92876.3
2258 92876.0
2259 92875.6
2260 92875.4
2261 92875.3
2262 92875.0
2263 92874.8
2264 92874.4
2265 92874.1
2266 92873.9
2267 92873.7
2268 92873.5
2269 92873.2
2270 92872.9
2271 92872.6
2272 92872.3
2273 92872.0
2274 92871.7
2275 92871.4
2276 92871.1
2277 92870.8
2278 92870.5
2279 92870.2
2280 92869.9
2281 92869.6
2282 92869.3
2283 92869.0
2284 92868.7
2285 92868.4
2286 92868.1
2287 92867.8
2288 92867.5
2289 92867.2
2290 92866.9
2291 92866.6
2292 92866.3
2293 92866.1
2296 92865.9
2297 92865.6
2298 92865.4
2301 92865.0
2302 92864.7
2303 92864.6
2304 92864.3
2305 92864.0
2306 92863.7
2307 92863.4
2308 92863.2
2309 92862.9
2310 92862.8
2311 92862.6
2312 92862.3
2313 92862.0
2314 92861.8
2316 92861.7
2317 92861.6
2318 92861.3
2319 92860.9
2320 92860.6
2321 92860.3
2324 92859.9
2325 92859.6
2326 92859.5
2327 92859.3
2328 92859.0
2329 92858.6
2330 92858.3
2331 92858.0
2332 92857.7
2333 92857.4
2334 92857.0
2335 92856.9
2336 92856.6
2337 92856.4
2338 92856.1
2339 92855.7
2340 92855.5
2341 92855.3
2342 92855.2
2343 92854.8
2344 92854.5
2345 92854.1
2346 92854.0
2347 92853.7
2348 92853.5
2349 92853.2
2350 92852.9
2351 92852.5
2352 92852.2
2353 92851.8
2354 92851.6
2355 92851.3
2356 92851.1
2357 92850.9
2358 92850.6
2359 92850.3
2360 92850.1
2362 92850.0
2363 92849.7
2364 92849.4
2365 92849.3
2366 92849.0
2367 92848.8
2368 92848.4
2369 92848.1
2370 92847.8
2371 92847.5
2372 92847.2
2373 92846.8
2374 92846.6
2375 92846.3
2376 92846.1
2377 92845.8
2378 92845.5
2379 92845.2
2380 92845.0
2381 92844.6
2382 92844.2
2383 92843.9
2384 92843.8
2386 92843.4
2387 92843.1
2388 92842.8
2389 92842.4
2390 92842.1
2391 92841.9
2392 92841.6
2393 92841.3
2394 92841.0
2395 92840.6
2396 92840.4
2399 92840.1
2400 92839.8
2401 92839.5
2402 92839.3
2404 92839.2
2405 92839.0
2406 92838.6
2407 92838.3
2408 92838.0
2409 92837.7
2410 92837.4
2411 92837.1
2412 92836.8
2413 92836.4
2414 92836.1
2415 92835.8
2416 92835.5
2417 92835.2
2418 92834.9
2419 92834.6
2420 92834.2
2421 92834.0
2422 92833.9
2423 92833.5
2424 92833.2
2425 92832.9
2426 92832.7
2427 92832.6
2429 92832.3
2430 92831.9
2431 92831.6
2434 92831.3
2435 92831.0
2436 92830.8
2438 92830.7
2439 92830.4
2440 92830.1
2441 92829.8
2442 92829.5
2443 92829.1
2444 92828.9
2445 92828.7
2446 92828.6
2447 92828.3
2448 92828.0
2449 92827.6
2450 92827.5
2451 92827.3
2453 92827.1
2454 92826.8
2455 92826.5
2456 92826.4
2457 92826.1
2458 92826.0
2459 92825.7
2460 92825.3
2461 92825.0
2462 92824.7
2463 92824.3
2464 92824.1
2465 92823.9
2466 92823.7
2467 92823.4
2468 92823.1
2469 92822.8
2470 92822.5
2471 92822.1
2472 92821.8
2473 92821.5
2474 92821.3
2475 92821.0
2476 92820.7
2477 92820.5
2478 92820.1
2479 92819.8
2480 92819.7
2481 92819.3
2482 92819.1
2483 92818.8
2484 92818.5
2485 92818.1
2486 92817.9
2487 92817.7
2488 92817.4
2489 92817.1
2490 92816.8
2491 92816.6
2492 92816.4
2493 92816.1
2494 92815.8
2495 92815.5
2496 92815.2
2497 92814.9
2498 92814.7
2500 92814.6
2502 92814.3
2503 92814.1
2506 92813.7
2507 92813.4
2510 92813.3
2511 92812.9
2512 92812.6
2513 92812.3
2514 92812.1
2515 92811.8
2516 92811.4
2517 92811.2
2518 92811.0
2519 92810.7
2520 92810.4
2521 92810.1
2522 92809.9
2523 92809.7
2524 92809.4
2525 92809.0
2526 92808.7
2527 92808.4
2528 92808.1
2529 92807.8
2530 92807.5
2531 92807.2
2532 92806.9
2533 92806.6
2534 92806.3
2535 92806.0
2536 92805.7
2537 92805.4
2538 92805.1
2539 92804.8
2540 92804.5
2541 92804.2
2542 92803.9
2543 92803.6
2544 92803.4
2545 92803.1
2546 92802.8
2547 92802.6
2548 92802.3
2549 92802.1
2552 92801.8
2553 92801.5
2554 92801.2
2555 92800.9
2556 92800.7
2559 92800.4
2560 92800.1
2561 92799.8
2562 92799.6
2565 92799.3
2566 92799.0
2567 92798.9
2568 92798.5
2569 92798.3
2570 92798.0
2571 92797.8
2572 92797.5
2573 92797.2
2574 92796.9
2575 92796.6
2576 92796.3
2577 92796.1
2578 92795.9
2579 92795.7
2580 92795.4
2581 92795.1
2582 92794.7
2583 92794.5
2584 92794.4
2586 92794.1
2587 92793.7
2588 92793.5
2589 92793.4
2590 92793.2
2591 92792.9
2592 92792.6
2593 92792.2
2594 92792.1
2595 92791.8
2596 92791.5
2597 92791.2
2598 92790.9
2599 92790.7
2600 92790.4
2601 92790.2
2602 92790.1
2603 92790.0
2605 92789.8
2606 92789.5
2607 92789.3
2610 92789.0
2611 92788.7
2612 92788.4
2613 92788.1
2614 92787.8
2615 92787.5
2616 92787.2
2617 92787.0
2620 92786.8
2621 92786.5
2622 92786.2
2623 92786.0
2626 92785.8
2627 92785.5
2628 92785.1
2629 92784.9
2630 92784.8
2631 92784.6
2632 92784.4
2633 92784.1
2634 92783.8
2635 92783.4
2636 92783.1
2637 92782.9
2639 92782.8
2640 92782.5
2641 92782.2
2642 92781.8
2646 92781.5
2647 92781.3
2650 92781.0
2651 92780.7
2652 92780.4
2653 92780.1
2654 92779.9
2656 92779.8
2657 92779.6
2658 92779.3
2659 92779.0
2660 92778.7
2661 92778.5
2664 92778.2
2665 92777.9
2666 92777.7
2667 92777.4
2668 92777.1
2669 92776.8
2670 92776.4
2671 92776.3
2672 92776.2
2673 92775.9
2674 92775.6
2675 92775.3
2676 92775.0
2677 92774.7
2678 92774.3
2679 92774.2
2680 92773.9
2681 92773.5
2682 92773.4
2684 92773.3
2685 92773.0
2686 92772.7
2687 92772.4
2688 92772.1
2689 92771.8
2690 92771.4
2691 92771.3
2692 92771.1
2693 92771.0
2694 92770.9
2695 92770.6
2696 92770.2
2697 92770.1
2699 92769.9
2700 92769.5
2701 92769.2
2702 92768.9
2703 92768.6
2704 92768.3
2705 92768.0
2706 92767.7
2707 92767.5
2708 92767.3
2709 92767.0
2710 92766.7
2711 92766.4
2712 92766.1
2713 92765.8
2714 92765.5
2715 92765.2
2716 92764.9
2717 92764.6
2718 92764.3
2719 92764.0
2720 92763.8
2721 92763.4
2722 92763.1
2723 92762.8
2724 92762.7
2725 92762.4
2726 92762.1
2727 92761.8
2728 92761.4
2729 92761.1
2730 92760.9
2731 92760.7
2732 92760.4
2733 92760.2
2734 92759.9
2735 92759.7
2736 92759.5
2737 92759.2
2738 92759.0
2739 92758.7
2740 92758.5
2741 92758.4
2742 92758.1
2743 92757.9
2744 92757.6
2745 92757.3
2746 92757.0
2747 92756.8
2748 92756.5
2749 92756.4
2751 92756.1
2752 92756.0
2753 92755.7
2754 92755.3
2755 92755.0
2758 92754.7
2759 92754.4
2760 92754.2
2761 92753.9
2762 92753.7
2763 92753.5
2764 92753.2
2765 92752.9
2766 92752.6
2767 92752.4
2768 92752.1
2769 92751.9
2772 92751.7
2773 92751.5
2774 92751.3
2775 92751.2
2776 92750.9
2777 92750.6
2778 92750.2
2779 92750.0
2780 92749.8
2781 92749.7
2783 92749.5
2784 92749.4
2785 92749.1
2786 92748.7
2787 92748.6
2788 92748.4
2789 92748.1
2790 92747.9
2791 92747.5
2792 92747.3
2793 92747.0
2794 92746.7
2795 92746.4
2796 92746.1
2797 92745.8
2798 92745.5
2799 92745.2
2800 92744.9
2801 92744.5
2802 92744.3
2803 92744.0
2804 92743.6
2805 92743.4
2808 92743.1
2809 92742.8
2810 92742.5
2811 92742.2
2812 92741.9
2813 92741.6
2814 92741.3
2815 92741.0
2816 92740.7
2817 92740.4
2818 92740.1
2819 92739.8
2820 92739.5
2821 92739.2
2822 92738.9
2823 92738.6
2824 92738.4
2825 92738.2
2827 92738.1
2828 92737.8
2829 92737.6
2830 92737.3
2831 92737.1
2832 92736.9
2833 92736.6
2834 92736.2
2837 92736.1
2838 92735.8
2839 92735.6
2840 92735.3
2841 92735.2
2842 92735.1
2843 92734.7
2844 92734.4
2845 92734.2
2846 92733.8
2847 92733.6
2848 92733.4
2849 92733.3
2850 92733.0
2851 92732.7
2852 92732.4
2853 92732.1
2854 92731.9
2855 92731.8
2858 92731.5
2859 92731.2
2860 92730.9
2861 92730.6
2862 92730.3
2863 92730.0
2864 92729.7
2865 92729.4
2866 92729.1
2867 92728.9
2868 92728.7
2870 92728.6
2871 92728.3
2872 92728.0
2873 92727.7
2874 92727.4
2875 92727.1
2876 92726.8
2877 92726.5
2878 92726.3
2879 92726.2
2880 92726.0
2882 92725.7
2883 92725.5
2884 92725.2
2885 92725.1
2886 92725.0
2887 92724.7
2888 92724.3
2889 92724.2
2890 92723.9
2891 92723.6
2892 92723.3
2893 92723.0
2894 92722.9
2895 92722.5
2896 92722.2
2897 92721.9
2898 92721.6
2899 92721.3
2900 92721.0
2901 92720.8
2902 92720.6
2903 92720.3
2904 92720.0
2905 92719.7
2906 92719.3
2907 92719.1
2910 92718.8
2911 92718.5
2912 92718.2
2913 92718.0
2914 92717.9
2916 92717.8
2917 92717.6
2918 92717.5
2919 92717.3
2920 92717.1
2921 92716.8
2922 92716.5
2923 92716.2
2924 92715.9
2925 92715.6
2926 92715.4
2928 92715.2
2929 92715.1
2930 92714.9
2933 92714.5
2934 92714.3
2935 92714.0
2936 92713.7
2937 92713.4
2938 92713.1
2939 92712.8
2940 92712.5
2941 92712.2
2942 92711.9
2943 92711.6
2944 92711.3
2945 92711.0
2946 92710.7
2947 92710.4
2948 92710.1
2949 92709.8
2950 92709.5
2951 92709.2
2952 92708.9
2953 92708.6
2954 92708.3
2955 92708.1
2956 92707.8
2957 92707.7
2958 92707.5
2959 92707.2
2960 92707.0
2961 92706.7
2962 92706.4
2963 92706.1
2964 92705.8
2965 92705.5
2966 92705.3
2967 92705.0
2968 92704.7
2969 92704.5
2970 92704.2
2971 92703.9
2972 92703.6
2973 92703.4
2974 92703.2
2976 92703.1
2977 92702.9
2979 92702.6
2980 92702.3
2981 92702.1
2982 92701.9
2983 92701.8
2984 92701.7
2985 92701.4
2986 92701.2
2987 92700.9
2988 92700.8
2989 92700.7
2990 92700.6
2991 92700.3
2992 92700.0
2993 92699.7
2994 92699.4
2995 92699.1
2996 92698.8
2997 92698.5
2998 92698.2
2999 92697.9
3000 92697.6
3001 92697.3
3002 92697.0
3003 92696.7
3004 92696.4
3005 92696.1
3006 92695.8
3007 92695.6
3009 92695.5
3011 92695.3
3014 92694.9
3015 92694.6
3016 92694.4
3017 92694.1
3018 92693.9
3019 92693.6
3020 92693.4
3021 92693.1
3022 92693.0
3023 92692.9
3024 92692.6
3025 92692.3
3026 92692.1
3029 92691.8
3030 92691.5
3031 92691.2
3032 92690.9
3033 92690.5
3036 92690.4
3037 92690.1
3038 92689.8
3039 92689.6
3042 92689.3
3043 92689.0
3044 92688.7
3045 92688.5
3047 92688.4
3048 92688.3
3049 92688.0
3050 92687.8
3053 92687.5
3054 92687.2
3055 92687.0
3057 92686.9
3058 92686.7
3059 92686.4
3060 92686.1
3061 92685.8
3062 92685.5
3063 92685.2
3064 92684.9
3065 92684.7
3068 92684.5
3069 92684.2
3070 92683.9
3071 92683.6
3072 92683.3
3073 92683.1
3077 92682.8
3078 92682.4
3079 92682.2
3080 92682.1
3082 92681.9
3083 92681.6
3084 92681.4
3085 92681.2
3086 92681.0
3087 92680.7
3088 92680.4
3089 92680.1
3090 92679.9
3091 92679.7
3094 92679.5
3095 92679.4
3096 92679.1
3097 92678.9
3098 92678.6
3099 92678.2
3100 92678.0
3101 92677.8
3102 92677.7
3103 92677.6
3104 92677.3
3105 92677.0
3106 92676.7
3107 92676.5
3108 92676.3
3109 92676.2
3111 92676.0
3112 92675.8
3113 92675.6
3115 92675.5
3116 92675.3
3118 92675.0
3119 92674.8
3120 92674.7
3121 92674.4
3122 92674.2
3123 92674.0
3124 92673.9
3126 92673.8
3127 92673.5
3128 92673.2
3129 92672.8
3130 92672.7
3133 92672.4
3134 92672.2
3136 92672.1
3137 92671.9
3138 92671.6
3139 92671.4
3140 92671.2
3141 92671.0
3142 92670.8
3143 92670.5
3144 92670.2
3145 92670.0
3146 92669.7
3147 92669.5
3148 92669.4
3149 92669.1
3150 92668.9
3151 92668.6
3152 92668.4
3153 92668.3
3154 92668.0
3155 92667.7
3156 92667.4
3157 92667.1
3158 92666.8
3159 92666.5
3160 92666.2
3161 92665.9
3162 92665.6
3163 92665.3
3164 92665.0
3165 92664.7
3166 92664.4
3167 92664.1
3168 92663.8
3169 92663.5
3170 92663.2
3171 92662.9
3172 92662.6
3173 92662.3
3174 92662.1
3178 92661.7
3179 92661.3
3180 92661.0
3181 92660.9
3182 92660.8
3183 92660.6
3184 92660.3
3185 92660.0
3186 92659.6
3187 92659.4
3188 92659.2
3189 92659.0
3190 92658.7
3191 92658.4
3192 92658.1
3193 92657.8
3194 92657.5
3195 92657.2
3196 92656.9
3197 92656.6
3198 92656.3
3199 92656.1
3200 92655.8
3201 92655.5
3202 92655.2
3203 92654.9
3204 92654.6
3205 92654.3
3206 92654.0
3207 92653.7
3208 92653.4
3209 92653.2
3210 92653.1
3213 92652.8
3214 92652.6
3217 92652.5
3218 92652.1
3219 92651.9
3220 92651.7
3221 92651.4
3222 92651.3
3223 92651.0
3224 92650.8
3225 92650.6
3226 92650.5
3227 92650.2
3228 92649.8
3229 92649.5
3230 92649.3
3231 92649.0
3232 92648.9
3233 92648.8
3234 92648.5
3235 92648.4
3236 92648.1
3237 92647.8
3238 92647.6
3239 92647.4
3240 92647.2
3244 92646.9
3245 92646.6
3246 92646.3
3247 92646.1
3249 92646.0
3250 92645.8
3251 92645.6
3252 92645.4
3253 92645.3
3255 92645.2
3256 92645.0
3257 92644.8
3258 92644.7
3259 92644.5
3260 92644.3
3261 92644.0
3262 92643.7
3263 92643.4
3264 92643.1
3265 92642.8
3266 92642.5
3267 92642.2
3268 92641.9
3269 92641.6
3270 92641.3
3271 92641.0
3272 92640.7
3273 92640.5
3274 92640.4
3276 92640.3
3277 92640.1
3278 92640.0
3279 92639.8
3280 92639.6
3281 92639.4
3282 92639.3
3284 92639.2
3285 92639.1
3286 92638.8
3287 92638.6
3288 92638.4
3289 92638.3
3291 92638.1
3292 92637.9
3293 92637.6
3296 92637.4
3298 92637.1
3299 92637.0
3300 92636.7
3301 92636.5
3302 92636.2
3303 92635.9
3304 92635.6
3305 92635.3
3306 92635.1
3307 92634.9
3308 92634.8
3310 92634.5
3311 92634.2
3312 92633.9
3313 92633.7
3314 92633.6
3317 92633.3
3318 92633.0
3319 92632.7
3320 92632.4
3321 92632.2
3324 92632.1
3325 92631.8
3326 92631.6
3327 92631.4
3328 92631.2
3330 92631.1
3331 92630.9
3332 92630.8
3333 92630.5
3334 92630.2
3335 92629.9
3336 92629.6
3337 92629.3
3338 92629.0
3339 92628.7
3340 92628.4
3341 92628.2
3343 92628.1
3345 92627.9
3346 92627.8
3347 92627.7
3348 92627.4
3349 92627.1
3350 92626.8
3351 92626.5
3352 92626.2
3353 92625.9
3354 92625.6
3355 92625.3
3356 92625.0
3357 92624.7
3358 92624.4
3359 92624.1
3360 92623.8
3361 92623.5
3362 92623.2
3363 92622.9
3364 92622.6
3365 92622.3
3366 92622.0
3367 92621.7
3368 92621.4
3369 92621.1
3370 92620.8
3371 92620.5
3372 92620.2
3373 92619.9
3374 92619.6
3375 92619.4
3377 92619.3
3378 92619.2
3379 92619.0
3380 92618.9
3381 92618.7
3382 92618.4
3383 92618.1
3384 92617.9
3385 92617.7
3388 92617.4
3389 92617.1
3390 92616.8
3391 92616.5
3392 92616.3
3393 92616.2
3395 92616.1
3396 92615.8
3397 92615.5
3398 92615.2
3399 92614.9
3400 92614.7
3401 92614.5
3404 92614.3
3405 92614.2
3406 92613.9
3407 92613.6
3408 92613.3
3409 92613.0
3410 92612.8
3411 92612.6
3412 92612.5
3414 92612.2
3415 92611.9
3416 92611.6
3417 92611.4
3419 92611.3
3421 92611.1
3422 92611.0
3423 92610.8
3424 92610.5
3425 92610.2
3426 92610.0
3427 92609.7
3428 92609.5
3429 92609.3
3430 92609.1
3431 92609.0
3432 92608.7
3433 92608.4
3434 92608.1
3435 92607.8
3436 92607.5
3437 92607.3
3438 92607.2
3441 92607.0
3442 92606.7
3443 92606.4
3444 92606.2
3445 92606.0
3446 92605.7
3447 92605.4
3448 92605.2
3452 92604.9
3453 92604.6
3454 92604.3
3455 92604.0
3456 92603.7
3457 92603.4
3458 92603.1
3459 92602.8
3460 92602.5
3461 92602.2
3462 92601.9
3463 92601.6
3464 92601.4
3465 92601.3
3467 92601.2
3468 92600.9
3469 92600.7
3470 92600.5
3471 92600.2
3472 92599.9
3473 92599.6
3474 92599.3
3475 92599.0
3476 92598.7
3477 92598.4
3478 92598.1
3479 92597.8
3480 92597.5
3481 92597.2
3482 92596.9
3483 92596.6
3484 92596.4
3486 92596.3
3488 92596.1
3491 92595.9
3492 92595.8
3493 92595.6
3494 92595.4
3495 92595.2
3496 92595.0
3497 92594.8
3498 92594.6
3499 92594.5
3500 92594.2
3502 92594.1
3503 92593.8
3504 92593.5
3505 92593.3
3506 92593.2
3507 92593.0
3508 92592.9
3509 92592.6
3510 92592.3
3511 92592.0
3512 92591.7
3513 92591.4
3514 92591.1
3515 92590.8
3516 92590.6
3517 92590.4
3518 92590.3
3519 92590.2
3520 92590.0
3521 92589.8
3522 92589.6
3523 92589.4
3524 92589.2
3525 92589.0
3526 92588.8
3527 92588.6
3528 92588.4
3529 92588.2
3530 92588.0
3531 92587.8
3532 92587.6
3533 92587.4
3534 92587.2
3535 92587.1
3536 92586.8
3537 92586.7
3538 92586.6
3539 92586.3
3541 92586.1
3542 92585.9
3543 92585.7
3544 92585.4
3545 92585.3
3546 92585.2
3548 92585.1
3549 92584.8
3550 92584.5
3551 92584.2
3552 92583.9
3553 92583.6
3554 92583.3
3555 92583.0
3556 92582.7
3557 92582.4
3558 92582.2
3559 92581.9
3560 92581.7
3561 92581.6
3562 92581.4
3563 92581.1
3564 92580.8
3565 92580.6
3566 92580.4
3567 92580.2
3568 92580.0
3569 92579.8
3570 92579.7
3571 92579.5
3572 92579.3
3573 92579.0
3574 92578.7
3575 92578.4
3576 92578.1
3577 92577.8
3578 92577.6
3580 92577.5
3581 92577.4
3582 92577.3
3584 92577.2
3585 92577.0
3586 92576.8
3587 92576.6
3588 92576.4
3589 92576.2
3590 92576.0
3591 92575.9
3592 92575.6
3593 92575.3
3594 92575.0
3595 92574.8
3596 92574.6
3597 92574.5
3598 92574.4
3599 92574.1
3600 92573.8
3601 92573.6
3602 92573.4
3603 92573.3
3604 92573.0
3605 92572.7
3606 92572.5
3607 92572.2
3608 92572.1
3609 92571.9
3610 92571.7
3611 92571.6
3612 92571.3
3613 92571.1
3614 92570.9
3615 92570.6
3616 92570.4
3617 92570.2
3618 92570.1
3620 92570.0
3621 92569.7
3622 92569.4
3623 92569.2
3624 92569.0
3627 92568.8
3628 92568.7
3629 92568.5
3630 92568.2
3631 92567.9
3632 92567.8
3633 92567.7
3634 92567.4
3635 92567.1
3636 92566.9
3637 92566.8
3638 92566.7
3639 92566.4
3640 92566.2
3641 92566.0
3642 92565.8
3643 92565.7
3644 92565.4
3645 92565.2
3646 92565.0
3647 92564.7
3648 92564.4
3649 92564.1
3650 92563.9
3652 92563.8
3654 92563.6
3655 92563.5
3656 92563.3
3657 92563.0
3658 92562.7
3659 92562.4
3660 92562.1
3661 92561.8
3662 92561.5
3663 92561.3
3664 92561.2
3665 92561.0
3666 92560.9
3667 92560.7
3668 92560.6
3669 92560.3
3670 92560.1
3671 92559.9
3672 92559.8
3673 92559.5
3674 92559.3
3675 92559.0
3679 92558.8
3680 92558.5
3681 92558.3
3684 92558.0
3685 92557.8
3686 92557.7
3689 92557.5
3690 92557.2
3691 92557.0
3692 92556.8
3695 92556.6
3696 92556.4
3697 92556.2
3698 92556.1
3699 92555.8
3700 92555.7
3702 92555.5
3704 92555.2
3705 92554.9
3706 92554.7
3707 92554.5
3708 92554.3
3709 92554.2
3710 92553.9
3711 92553.7
3712 92553.4
3716 92553.2
3717 92552.9
3718 92552.6
3719 92552.5
3720 92552.4
3721 92552.1
3722 92551.8
3723 92551.6
3724 92551.4
3727 92551.2
3729 92551.0
3730 92550.7
3731 92550.4
3732 92550.1
3733 92549.9
3734 92549.7
3737 92549.5
3738 92549.4
3739 92549.2
3740 92548.9
3741 92548.8
3744 92548.5
3745 92548.3
3746 92548.1
3748 92548.0
3749 92547.7
3750 92547.5
3751 92547.3
3754 92547.2
3756 92547.1
3757 92546.9
3758 92546.6
3759 92546.4
3760 92546.2
3761 92545.9
3762 92545.6
3763 92545.4
3764 92545.2
3765 92545.0
3767 92544.9
3768 92544.6
3769 92544.4
3770 92544.2
3771 92544.1
3773 92544.0
3774 92543.8
3775 92543.5
3776 92543.4
3777 92543.3
3778 92543.1
3779 92542.9
3780 92542.6
3781 92542.4
3782 92542.2
3783 92542.0
3784 92541.8
3785 92541.6
3786 92541.4
3787 92541.2
3788 92541.0
3789 92540.8
3790 92540.5
3791 92540.3
3792 92540.2
3793 92540.0
3794 92539.8
3795 92539.5
3796 92539.4
3799 92539.1
3800 92538.8
3801 92538.6
3802 92538.5
3805 92538.2
3806 92537.9
3807 92537.7
3808 92537.6
3809 92537.5
3811 92537.3
3812 92537.0
3813 92536.8
3814 92536.7
3815 92536.6
3816 92536.3
3817 92536.1
3818 92535.8
3819 92535.6
3820 92535.5
3821 92535.4
3822 92535.1
3823 92534.9
3824 92534.8
3827 92534.5
3828 92534.3
3831 92534.1
3832 92533.8
3833 92533.6
3834 92533.4
3835 92533.2
3836 92533.0
3837 92532.7
3838 92532.5
3839 92532.3
3840 92532.1
3841 92531.8
3842 92531.6
3843 92531.5
3844 92531.2
3845 92531.0
3846 92530.7
3847 92530.5
3848 92530.3
3851 92530.0
3852 92529.8
3853 92529.6
3856 92529.4
3857 92529.2
3858 92528.9
3859 92528.8
3861 92528.7
3862 92528.4
3863 92528.2
3867 92527.9
3868 92527.6
3869 92527.4
3872 92527.3
3873 92527.0
3874 92526.8
3875 92526.6
3876 92526.4
3877 92526.2
3878 92526.0
3881 92525.7
3882 92525.5
3883 92525.3
3884 92525.1
3885 92524.9
3886 92524.6
3887 92524.5
3888 92524.4
3890 92524.3
3891 92524.0
3892 92523.7
3893 92523.5
3894 92523.3
3895 92523.2
3896 92523.1
3897 92522.9
3898 92522.7
3899 92522.6
3901 92522.5
3903 92522.3
3904 92522.1
3907 92521.9
3909 92521.6
3910 92521.4
3911 92521.2
3912 92521.1
3913 92520.9
3914 92520.6
3915 92520.4
3916 92520.1
3917 92519.9
3918 92519.6
3919 92519.4
3920 92519.1
3921 92518.9
3922 92518.7
3923 92518.5
3924 92518.4
3925 92518.2
3926 92518.0
3927 92517.8
3928 92517.6
3929 92517.4
3930 92517.2
3931 92517.0
3932 92516.9
3933 92516.5
3934 92516.4
3936 92516.1
3937 92515.8
3938 92515.6
3939 92515.4
3940 92515.3
3941 92515.1
3942 92514.9
3943 92514.7
3944 92514.6
3945 92514.5
3946 92514.4
3948 92514.1
3949 92513.9
3950 92513.8
3951 92513.7
3952 92513.5
3953 92513.3
3954 92513.1
3955 92512.9
3956 92512.7
3957 92512.5
3958 92512.3
3959 92512.1
3960 92512.0
3961 92511.8
3962 92511.7
3963 92511.4
3964 92511.2
3965 92510.9
3966 92510.7
3967 92510.5
3968 92510.3
3969 92510.0
3970 92509.8
3971 92509.5
3974 92509.3
3975 92509.0
3976 92508.8
3977 92508.5
3978 92508.3
3979 92508.1
3981 92508.0
3982 92507.8
3983 92507.7
3984 92507.6
3985 92507.4
3986 92507.2
3987 92506.9
3988 92506.8
3991 92506.5
3992 92506.3
3993 92506.1
3996 92505.9
3997 92505.8
3998 92505.6
3999 92505.4
4000 92505.2
