1 10600.0
2 8900.0
3 8815.91
4 7952.13
5 6270.02
6 4798.11
7 3629.45
8 2866.05
9 2042.26
10 1251.21
11 686.999
12 364.086
13 161.007
14 25.2448
21 19.4868
24 18.3637
25 16.9883
27 16.3341
34 16.1086
35 16.0451
36 16.0215
37 15.8932
38 15.7878
39 15.7023
41 15.6379
44 15.5816
45 15.5313
46 15.4999
47 15.4578
48 15.4042
49 15.3527
50 15.3028
51 15.2516
52 15.2016
53 15.1508
54 15.1007
55 15.0521
56 15.0019
57 14.9507
58 14.8997
59 14.8489
60 14.7997
61 14.7498
62 14.7084
63 14.6564
64 14.6053
65 14.5551
66 14.5048
67 14.4575
68 14.4111
69 14.3617
70 14.3127
71 14.2672
72 14.2196
73 14.1858
74 14.1323
75 14.0899
76 14.0433
77 14.0046
78 13.9585
79 13.9091
80 13.862
81 13.8372
82 13.7999
83 13.7466
84 13.7004
85 13.6566
86 13.608
87 13.5606
88 13.5147
89 13.4689
90 13.4237
91 13.3834
92 13.3535
93 13.2999
94 13.2577
95 13.2116
96 13.1638
97 13.1162
98 13.0692
99 13.0314
100 12.9867
101 12.9413
102 12.9024
103 12.8618
104 12.8202
105 12.7798
106 12.757
107 12.7018
108 12.6616
109 12.6433
111 12.5923
112 12.5704
113 12.5258
114 12.477
115 12.429
116 12.3824
117 12.3426
118 12.2957
119 12.2495
120 12.2051
121 12.1627
122 12.1179
123 12.0732
124 12.031
125 11.9989
126 11.9628
127 11.9189
128 11.8755
129 11.8337
130 11.8036
131 11.7585
132 11.734
133 11.7042
135 11.6598
136 11.6455
137 11.6073
139 11.5663
140 11.549
141 11.5402
143 11.4826
144 11.4579
145 11.4237
146 11.3804
147 11.3392
148 11.3018
149 11.2889
150 11.24
151 11.1985
152 11.162
153 11.1572
155 11.1058
156 11.0929
157 11.0441
158 10.9978
159 10.9577
160 10.9143
161 10.8785
162 10.8334
163 10.7907
164 10.7476
165 10.7055
166 10.6633
167 10.6224
168 10.5807
169 10.5398
170 10.4999
171 10.4638
172 10.4206
173 10.3833
174 10.34
175 10.299
176 10.2578
177 10.2219
178 10.1785
179 10.1381
180 10.0963
181 10.0554
182 10.0159
183 9.9759
184 9.93465
185 9.89432
186 9.85961
187 9.82119
188 9.78464
189 9.75406
190 9.71299
191 9.67328
192 9.6327
193 9.59463
194 9.55611
195 9.51657
196 9.4868
197 9.44545
198 9.40669
199 9.3694
200 9.34429
201 9.31199
202 9.27403
203 9.24024
206 9.20198
207 9.19171
209 9.17085
210 9.12871
211 9.09462
212 9.06207
214 9.02728
216 9.01062
218 8.97585
219 8.95354
220 8.93546
222 8.89046
224 8.85594
226 8.82839
228 8.78962
229 8.77909
232 8.73762
233 8.70713
234 8.69343
236 8.67278
237 8.64116
239 8.62108
240 8.60532
241 8.58923
242 8.57748
244 8.57068
245 8.55012
246 8.53602
248 8.52929
249 8.5098
250 8.49133
251 8.47767
252 8.46214
253 8.45747
254 8.43608
255 8.41848
256 8.39974
257 8.38097
258 8.3684
259 8.35447
260 8.33428
261 8.31501
262 8.29633
263 8.27942
264 8.26032
265 8.24139
266 8.22261
267 8.20402
268 8.18622
269 8.16744
270 8.14882
271 8.13044
272 8.11298
273 8.09724
274 8.07827
275 8.05975
276 8.0416
277 8.03045
278 8.01108
279 7.99207
280 7.97389
281 7.95595
282 7.93735
283 7.9189
284 7.90086
285 7.8881
286 7.87075
287 7.85231
288 7.83378
289 7.81526
290 7.79677
291 7.77833
292 7.75994
293 7.74237
294 7.72415
295 7.70739
296 7.68882
297 7.67066
298 7.65275
299 7.63658
300 7.61911
301 7.60174
302 7.59009
303 7.57055
304 7.55214
305 7.53767
306 7.5196
307 7.50129
308 7.48313
309 7.46519
310 7.44906
311 7.43086
312 7.41431
313 7.39596
314 7.37803
315 7.36014
316 7.34483
317 7.32794
318 7.31001
319 7.29214
320 7.27435
321 7.2568
322 7.2391
323 7.22154
324 7.20383
325 7.18617
326 7.16848
327 7.15085
328 7.13384
329 7.11625
330 7.09945
331 7.08176
332 7.06544
333 7.04755
334 7.03
335 7.0125
336 6.99628
337 6.97949
338 6.96199
339 6.94459
340 6.92734
341 6.9111
342 6.89371
343 6.87816
344 6.86071
345 6.84326
346 6.82593
347 6.80864
348 6.79149
349 6.77434
350 6.75715
351 6.74036
352 6.72323
353 6.70632
354 6.68966
355 6.67265
356 6.65558
357 6.63868
358 6.62167
359 6.60468
360 6.58776
361 6.57093
362 6.55409
363 6.53903
364 6.52182
365 6.50493
366 6.48809
367 6.47145
368 6.4547
369 6.43793
370 6.42237
371 6.40567
372 6.38925
373 6.37252
374 6.35583
375 6.33921
376 6.32289
377 6.30679
378 6.2902
379 6.27363
380 6.25709
381 6.24098
382 6.22454
383 6.20801
384 6.19155
385 6.17535
386 6.15894
387 6.14307
388 6.12664
389 6.11025
390 6.09391
391 6.07773
392 6.06152
393 6.04526
394 6.02957
395 6.0134
396 5.99753
397 5.98137
398 5.96558
399 5.94947
400 5.93338
401 5.91731
402 5.90129
403 5.88536
404 5.86937
405 5.85365
406 5.83786
407 5.82222
408 5.80644
409 5.79057
410 5.77473
411 5.75896
412 5.7432
413 5.72742
414 5.71185
415 5.6961
416 5.68042
417 5.66498
418 5.65021
419 5.63442
420 5.61878
421 5.60313
422 5.58774
423 5.57215
424 5.55696
425 5.5414
426 5.52605
427 5.51057
428 5.4953
429 5.4799
430 5.46445
431 5.44931
432 5.43396
433 5.41876
434 5.40389
435 5.38852
436 5.37318
437 5.35793
438 5.34326
439 5.32809
440 5.31317
441 5.29794
442 5.28281
443 5.26764
444 5.25256
445 5.23822
446 5.22325
447 5.20814
448 5.19313
449 5.17881
450 5.16377
451 5.14959
452 5.13448
453 5.11945
454 5.10449
455 5.08965
456 5.07496
457 5.06009
458 5.04597
459 5.03104
460 5.01624
461 5.00159
462 4.98711
463 4.97239
464 4.95838
465 4.94362
466 4.92895
467 4.91571
468 4.90084
469 4.88622
470 4.87175
471 4.8581
472 4.84349
473 4.82924
474 4.81529
475 4.80081
476 4.78878
477 4.77414
478 4.75969
479 4.74543
480 4.73141
481 4.71744
482 4.7033
483 4.68997
484 4.67747
485 4.66928
486 4.65322
487 4.63973
488 4.62601
489 4.61272
490 4.60012
491 4.58613
492 4.5728
493 4.55869
494 4.54467
495 4.53063
496 4.51662
497 4.50269
498 4.48869
499 4.47487
500 4.46093
501 4.44704
502 4.43407
503 4.42061
504 4.40662
505 4.39277
506 4.37891
507 4.36529
508 4.35147
509 4.33786
510 4.32413
511 4.31068
512 4.29692
513 4.28329
514 4.27057
515 4.25683
516 4.24311
517 4.2295
518 4.2161
519 4.20257
520 4.1892
521 4.17583
522 4.16243
523 4.14923
524 4.1358
525 4.12382
526 4.1101
527 4.09671
528 4.08342
529 4.0703
530 4.05705
531 4.04419
532 4.03119
533 4.01836
534 4.00507
535 3.99183
536 3.97861
537 3.9657
538 3.95259
539 3.93963
540 3.92658
541 3.91348
542 3.90114
543 3.8881
544 3.87504
545 3.86203
546 3.84911
547 3.83614
548 3.82342
549 3.8105
550 3.79766
551 3.7851
552 3.7724
553 3.75956
554 3.74677
555 3.73403
556 3.72139
557 3.70869
558 3.69608
559 3.68373
560 3.67111
561 3.65874
562 3.64661
563 3.63416
564 3.62173
565 3.60915
566 3.59744
567 3.58496
568 3.57297
569 3.56256
570 3.55032
571 3.53772
572 3.52525
573 3.51284
574 3.50053
575 3.48829
576 3.47596
577 3.46448
578 3.45203
579 3.43974
580 3.42751
581 3.41677
582 3.40689
583 3.39419
584 3.38181
585 3.36972
586 3.35774
587 3.34752
588 3.33511
589 3.32313
590 3.31114
591 3.29951
592 3.28823
593 3.277
594 3.26509
595 3.25326
596 3.24156
597 3.23047
598 3.21904
599 3.20774
600 3.19917
601 3.18934
602 3.17764
603 3.16598
604 3.15451
605 3.14401
608 3.13307
609 3.12265
610 3.11783
611 3.1073
612 3.09686
613 3.0885
614 3.07738
615 3.0684
616 3.05758
617 3.05136
618 3.03896
619 3.03034
620 3.01967
621 3.00841
622 2.99763
623 2.99179
624 2.98471
625 2.97221
626 2.96258
627 2.95545
628 2.94347
629 2.93214
630 2.92077
631 2.90943
632 2.89827
633 2.88702
634 2.87586
635 2.86489
636 2.85373
637 2.84293
638 2.83182
639 2.82081
640 2.81009
641 2.79905
642 2.78872
643 2.77769
644 2.76679
645 2.75667
646 2.7457
647 2.7378
648 2.7352
649 2.72152
650 2.71113
651 2.70093
652 2.69448
653 2.68928
654 2.67611
655 2.66669
656 2.65662
657 2.64625
658 2.63648
659 2.63425
660 2.62227
661 2.6125
663 2.61111
664 2.60252
665 2.59843
667 2.59193
668 2.58186
669 2.57435
671 2.56446
672 2.56053
673 2.54954
674 2.5398
675 2.53225
676 2.52112
677 2.51473
678 2.50548
680 2.4955
682 2.4884
684 2.48116
686 2.47173
688 2.46949
689 2.4643
690 2.45937
691 2.45454
692 2.45031
693 2.44582
694 2.4419
695 2.43941
696 2.43361
697 2.42824
698 2.42306
699 2.41795
700 2.41327
701 2.40815
702 2.403
703 2.39788
704 2.39295
705 2.38783
706 2.38281
707 2.3777
708 2.37264
709 2.36759
710 2.36259
711 2.35796
712 2.35279
713 2.34771
714 2.34266
715 2.33761
716 2.33257
717 2.32754
718 2.32251
719 2.31753
720 2.3125
721 2.30752
722 2.3025
723 2.2975
724 2.29258
725 2.28758
726 2.28269
727 2.27769
728 2.27271
729 2.26798
730 2.26301
731 2.25803
732 2.25307
733 2.24827
734 2.2433
735 2.23842
736 2.2335
737 2.22857
738 2.22366
739 2.21887
740 2.21401
741 2.20914
742 2.20424
743 2.19951
744 2.19464
745 2.18987
746 2.18501
747 2.18031
748 2.17543
749 2.17055
750 2.16569
751 2.16089
752 2.15608
753 2.15123
754 2.14644
755 2.14162
756 2.13679
757 2.13219
758 2.12742
759 2.12281
760 2.11801
761 2.11322
762 2.10846
763 2.10384
764 2.09923
765 2.09588
766 2.09118
767 2.08647
768 2.08177
769 2.07713
770 2.07257
771 2.06801
772 2.06534
773 2.0601
774 2.05536
775 2.05083
776 2.04609
777 2.04146
778 2.03675
779 2.03215
780 2.02757
781 2.02303
782 2.01851
783 2.01384
784 2.00919
785 2.00457
786 2.00025
787 1.99582
788 1.99175
789 1.98718
790 1.98257
791 1.97826
792 1.97414
793 1.97157
794 1.96648
795 1.96185
796 1.95729
797 1.95287
798 1.94824
799 1.94367
800 1.9391
801 1.93455
802 1.93005
803 1.92547
804 1.92089
805 1.91632
806 1.91181
807 1.9074
808 1.90284
809 1.89827
810 1.89372
811 1.88919
812 1.88466
813 1.88013
814 1.87562
815 1.8711
816 1.86662
817 1.86212
818 1.85762
819 1.85342
820 1.84914
821 1.84462
822 1.84012
823 1.83563
824 1.83117
825 1.82743
826 1.82312
827 1.81865
828 1.81421
829 1.80986
830 1.80549
831 1.80112
832 1.7967
833 1.79229
834 1.78787
835 1.78349
836 1.77912
837 1.77475
838 1.7704
839 1.766
840 1.76161
841 1.75725
842 1.75293
843 1.74864
844 1.74427
845 1.7399
846 1.73554
847 1.73121
848 1.727
849 1.72311
850 1.71871
851 1.71435
852 1.71003
853 1.70571
854 1.70146
855 1.69726
856 1.69293
857 1.68863
858 1.68434
859 1.68016
860 1.67594
861 1.67165
862 1.66738
863 1.66312
864 1.65893
865 1.6547
866 1.65045
867 1.64621
868 1.64209
869 1.63787
870 1.63378
871 1.62955
872 1.62533
873 1.62112
874 1.61763
875 1.61332
876 1.60912
877 1.60532
878 1.60118
879 1.59701
880 1.59287
881 1.58888
882 1.58478
883 1.58107
884 1.57684
885 1.57282
886 1.56887
887 1.56482
888 1.56073
889 1.55662
890 1.55252
891 1.54849
892 1.54439
893 1.54031
894 1.53626
895 1.53226
896 1.52865
897 1.52444
898 1.52041
899 1.51635
900 1.51242
901 1.50841
902 1.50455
903 1.5005
904 1.4965
905 1.49257
906 1.48865
907 1.48461
908 1.48059
909 1.47657
910 1.47256
911 1.46857
912 1.46459
913 1.46068
914 1.45672
915 1.4529
916 1.44889
917 1.44497
918 1.44099
919 1.43701
920 1.43309
921 1.42915
922 1.42523
923 1.42141
924 1.41747
925 1.41353
926 1.4096
927 1.40569
928 1.40184
929 1.39796
930 1.39407
931 1.39017
932 1.38637
933 1.38248
934 1.37866
935 1.3748
936 1.37096
937 1.36712
938 1.36329
939 1.35957
940 1.35572
941 1.35188
942 1.34805
943 1.34424
944 1.34055
945 1.33704
946 1.3332
947 1.32937
948 1.32555
949 1.32174
950 1.31795
951 1.31476
952 1.31091
953 1.30712
954 1.30346
955 1.29967
956 1.29589
957 1.29215
958 1.28861
959 1.28491
960 1.28116
961 1.27755
962 1.27381
963 1.27009
964 1.2664
965 1.26299
966 1.25927
967 1.25558
968 1.25188
969 1.2482
970 1.24503
971 1.24146
972 1.23771
973 1.23402
974 1.23036
975 1.22674
976 1.22307
977 1.21944
978 1.21579
979 1.21215
980 1.20855
981 1.20494
982 1.20132
983 1.1977
984 1.19425
985 1.19065
986 1.18734
987 1.18366
988 1.18011
989 1.17684
990 1.17326
991 1.16966
992 1.16608
993 1.16367
994 1.16008
995 1.1565
996 1.15296
997 1.1496
998 1.14646
999 1.1431
1000 1.13973
1001 1.13657
1002 1.1356
1003 1.13168
1004 1.12816
1005 1.1248
1006 1.1217
1007 1.11861
1008 1.11521
1009 1.11189
1010 1.10885
1011 1.10625
1012 1.10275
1013 1.09953
1014 1.09613
1015 1.0928
1016 1.09012
1017 1.08652
1018 1.08307
1019 1.07967
1020 1.07646
1021 1.07301
1022 1.0696
1023 1.0663
1024 1.06287
1025 1.05946
1026 1.05611
1027 1.05272
1028 1.04943
1029 1.04614
1030 1.04279
1031 1.03943
1032 1.03614
1033 1.03366
1034 1.03038
1035 1.02702
1036 1.02366
1037 1.02032
1038 1.01708
1039 1.01441
1040 1.01258
1041 1.0093
1042 1.00606
1043 1.00287
1044 0.999763
1045 0.996905
1046 0.994402
1047 0.991594
1048 0.98865
1049 0.986986
1050 0.985719
1051 0.981797
1052 0.978681
1053 0.975801
1054 0.97283
1055 0.970417
1056 0.966978
1057 0.9641
1058 0.960829
1059 0.957586
1060 0.954395
1061 0.951695
1062 0.948486
1063 0.945237
1064 0.942095
1065 0.939231
1066 0.937166
1067 0.933669
1068 0.930631
1069 0.927486
1070 0.924409
1071 0.921362
1072 0.91843
1073 0.916132
1074 0.913226
1075 0.910278
1076 0.907285
1077 0.904778
1078 0.9017
1079 0.898786
1080 0.895763
1081 0.893276
1082 0.891552
1083 0.888175
1084 0.885153
1085 0.882348
1086 0.881288
1087 0.878113
1088 0.875003
1089 0.871945
1090 0.868947
1091 0.866079
1093 0.86565
1094 0.863108
1095 0.861642
1098 0.858212
1099 0.857312
1100 0.855077
1101 0.851985
1102 0.848921
1103 0.846023
1104 0.843002
1105 0.840081
1106 0.837238
1107 0.834459
1108 0.831367
1109 0.828396
1110 0.825376
1111 0.822383
1112 0.819739
1113 0.81678
1114 0.813846
1115 0.811018
1116 0.808147
1117 0.805359
1118 0.802532
1119 0.799709
1120 0.796872
1121 0.794141
1122 0.791252
1123 0.788532
1124 0.78614
1125 0.783582
1126 0.780655
1127 0.777786
1128 0.774946
1129 0.772131
1130 0.769345
1131 0.766566
1132 0.763835
1133 0.76113
1134 0.758423
1135 0.75585
1136 0.753192
1137 0.750603
1138 0.748247
1139 0.745669
1140 0.743334
1141 0.741066
1142 0.73864
1143 0.737817
1144 0.735207
1145 0.732172
1146 0.729437
1147 0.728487
1148 0.725715
1149 0.722522
1150 0.720209
1151 0.719035
1153 0.716358
1154 0.715966
1155 0.712672
1156 0.710788
1157 0.708138
1158 0.705503
1159 0.703454
1160 0.701184
1161 0.700043
1162 0.697688
1163 0.696435
1165 0.695272
1166 0.692512
1167 0.690623
1168 0.688185
1169 0.687516
1170 0.684468
1171 0.682388
1172 0.679819
1173 0.677109
1174 0.674518
1175 0.672164
1176 0.670876
1177 0.667904
1178 0.665149
1179 0.662483
1180 0.659961
1181 0.657263
1182 0.654673
1183 0.652198
1184 0.650164
1185 0.647352
1186 0.644835
1187 0.642204
1188 0.63956
1189 0.636928
1190 0.634376
1191 0.631818
1192 0.629619
1193 0.626856
1194 0.624493
1195 0.622794
1197 0.620546
1198 0.619972
1199 0.618552
1200 0.615588
1201 0.6135
1202 0.61247
1203 0.609663
1204 0.607025
1205 0.604441
1206 0.601861
1207 0.599282
1208 0.596731
1209 0.59424
1210 0.591795
1211 0.589782
1212 0.587372
1213 0.584901
1214 0.582467
1215 0.580113
1216 0.577803
1217 0.57596
1218 0.57342
1219 0.571563
1220 0.569793
1222 0.567435
1223 0.567299
1225 0.564254
1226 0.561973
1227 0.560248
1228 0.558009
1229 0.556632
1230 0.553784
1231 0.552269
1232 0.551012
1233 0.548248
1234 0.545924
1235 0.543524
1236 0.541246
1237 0.539043
1238 0.536588
1239 0.534183
1240 0.531831
1241 0.529784
1242 0.52745
1243 0.52505
1244 0.522703
1245 0.520977
1246 0.518503
1247 0.516513
1248 0.51494
1249 0.512331
1250 0.510043
1251 0.507711
1252 0.505471
1253 0.503225
1254 0.501202
1255 0.499088
1256 0.497021
1257 0.495195
1258 0.494469
1259 0.491424
1260 0.489626
1263 0.487485
1264 0.485765
1265 0.483998
1266 0.483315
1267 0.480539
1268 0.478542
1269 0.476767
1270 0.474773
1271 0.473639
1272 0.470976
1273 0.469287
1274 0.468924
1275 0.466106
1276 0.463952
1277 0.461785
1278 0.460221
1279 0.458487
1281 0.457766
1282 0.455857
1283 0.454919
1284 0.454574
1285 0.453438
1286 0.451539
1288 0.450058
1289 0.449165
1291 0.447952
1292 0.447331
1293 0.446242
1294 0.445795
1295 0.444661
1296 0.443507
1297 0.442394
1298 0.441404
1299 0.4403
1300 0.439208
1301 0.438127
1302 0.437055
1303 0.435972
1304 0.434903
1305 0.433829
1306 0.432748
1307 0.431754
1308 0.430719
1309 0.429645
1310 0.428558
1311 0.427475
1312 0.426407
1313 0.42533
1314 0.424253
1315 0.423179
1316 0.422144
1317 0.421078
1318 0.420005
1319 0.418934
1320 0.417868
1321 0.416805
1322 0.415738
1323 0.414702
1324 0.413654
1325 0.412592
1326 0.41153
1327 0.410482
1328 0.409431
1329 0.408384
1330 0.407338
1331 0.406291
1332 0.40525
1333 0.404209
1334 0.403169
1335 0.402137
1336 0.401097
1337 0.400083
1338 0.399035
1339 0.397989
1340 0.396947
1341 0.395942
1342 0.394907
1343 0.393877
1344 0.392846
1345 0.391821
1346 0.390789
1347 0.389774
1348 0.388751
1349 0.387719
1350 0.38669
1351 0.385663
1352 0.384649
1353 0.383634
1354 0.382621
1355 0.381601
1356 0.380589
1357 0.37958
1358 0.378595
1359 0.377626
1360 0.376637
1361 0.375636
1362 0.374697
1363 0.373783
1364 0.372871
1365 0.37188
1366 0.370909
1367 0.369977
1368 0.369784
1369 0.368598
1370 0.367562
1371 0.366591
1372 0.365608
1373 0.364681
1374 0.363726
1375 0.362757
1376 0.362308
1377 0.362066
1378 0.360878
1379 0.359821
1380 0.35886
1381 0.357989
1382 0.357008
1383 0.356081
1384 0.355257
1385 0.354639
1386 0.353585
1387 0.352645
1388 0.351737
1389 0.350838
1390 0.349903
1391 0.348923
1392 0.347957
1393 0.346993
1394 0.346059
1395 0.345186
1396 0.344245
1397 0.34328
1398 0.342323
1399 0.341406
1400 0.340492
1401 0.339671
1402 0.338712
1403 0.337768
1404 0.336853
1405 0.336202
1406 0.335234
1407 0.334308
1408 0.333481
1409 0.33292
1411 0.331977
1412 0.331388
1413 0.331275
1414 0.330733
1415 0.329707
1416 0.328901
1417 0.327995
1418 0.327055
1419 0.326161
1420 0.325269
1421 0.324582
1422 0.323564
1423 0.32266
1424 0.321733
1425 0.320853
1426 0.319968
1427 0.31912
1428 0.318202
1429 0.317306
1430 0.316385
1431 0.31547
1432 0.314699
1433 0.313783
1434 0.312862
1435 0.311966
1436 0.311172
1437 0.310529
1438 0.309535
1439 0.308627
1440 0.307721
1441 0.30685
1442 0.305963
1443 0.305069
1444 0.304211
1445 0.303393
1446 0.302678
1447 0.301831
1448 0.301035
1449 0.300333
1450 0.299861
1451 0.298895
1452 0.298059
1453 0.297293
1454 0.296972
1456 0.296036
1457 0.29553
1458 0.294674
1460 0.293806
1461 0.293311
1462 0.292537
1463 0.291967
1465 0.291564
1466 0.290774
1467 0.290365
1469 0.289961
1470 0.289118
1471 0.288595
1472 0.287708
1473 0.286864
1474 0.286014
1475 0.285132
1476 0.284251
1477 0.283385
1478 0.282512
1479 0.281671
1480 0.280895
1481 0.28006
1482 0.279206
1483 0.278376
1484 0.277809
1485 0.276966
1486 0.276149
1487 0.275457
1488 0.275011
1490 0.274157
1491 0.273822
1492 0.272953
1493 0.2728
1494 0.271813
1495 0.270911
1496 0.270049
1497 0.269202
1498 0.268492
1499 0.267628
1500 0.266829
1501 0.265962
1502 0.265108
1503 0.264256
1504 0.263423
1505 0.262573
1506 0.261735
1507 0.260893
1508 0.26007
1509 0.259227
1510 0.258392
1511 0.257565
1512 0.256727
1513 0.25601
1514 0.25517
1515 0.254348
1516 0.253517
1517 0.252694
1518 0.251876
1519 0.25106
1520 0.250414
1521 0.249555
1522 0.248722
1523 0.247902
1524 0.247079
1525 0.246299
1526 0.245534
1527 0.244715
1528 0.243904
1529 0.243101
1530 0.242418
1531 0.241776
1532 0.240908
1533 0.240112
1534 0.239307
1535 0.238527
1536 0.237775
1537 0.237047
1538 0.236253
1539 0.235479
1540 0.234692
1541 0.233915
1542 0.23348
1543 0.232642
1544 0.231831
1545 0.231028
1546 0.230232
1547 0.229451
1548 0.22869
1549 0.227928
1550 0.227149
1551 0.226387
1552 0.225769
1553 0.224994
1554 0.22423
1555 0.223572
1556 0.222964
1557 0.222768
1558 0.221949
1559 0.221202
1560 0.220529
1561 0.21989
1562 0.219436
1563 0.218869
1564 0.218462
1565 0.217486
1566 0.216787
1567 0.21599
1568 0.215253
1571 0.214566
1572 0.214118
1574 0.213836
1575 0.213132
1576 0.21246
1577 0.212303
1578 0.211533
1579 0.210783
1580 0.210239
1581 0.209536
1582 0.209135
1583 0.208303
1584 0.207629
1585 0.206971
1586 0.206877
1587 0.206757
1588 0.205929
1589 0.205167
1590 0.204424
1591 0.203776
1592 0.20301
1593 0.202303
1594 0.201593
1595 0.200851
1596 0.200114
1597 0.199389
1598 0.199178
1599 0.1984
1600 0.197634
1601 0.197009
1602 0.196426
1604 0.19578
1605 0.195668
1606 0.195584
1607 0.194612
1608 0.193878
1609 0.193212
1610 0.192699
1612 0.192052
1613 0.191723
1614 0.191662
1616 0.1907
1617 0.190349
1618 0.189771
1619 0.189108
1620 0.188503
1621 0.188228
1622 0.187359
1623 0.186744
1624 0.186634
1626 0.185832
1627 0.185402
1628 0.184702
1629 0.183984
1630 0.183275
1631 0.182579
1632 0.181946
1633 0.18132
1634 0.18101
1635 0.180317
1636 0.179748
1637 0.179447
1638 0.178601
1639 0.17793
1640 0.17764
1641 0.176884
1642 0.176235
1643 0.175688
1644 0.175
1645 0.17446
1646 0.173791
1647 0.173319
1648 0.172633
1649 0.172159
1650 0.171455
1651 0.171154
1652 0.170469
1653 0.170138
1654 0.169389
1655 0.168734
1656 0.168065
1657 0.167463
1658 0.166797
1659 0.166203
1660 0.165543
1661 0.164999
1662 0.164381
1663 0.16385
1664 0.163194
1665 0.162589
1666 0.162119
1667 0.161766
1668 0.161002
1669 0.160422
1670 0.159788
1671 0.159234
1672 0.158748
1673 0.158703
1674 0.158449
1675 0.157723
1676 0.157044
1677 0.156386
1678 0.155745
1679 0.155148
1680 0.154499
1681 0.153878
1682 0.153231
1683 0.152589
1684 0.151964
1685 0.151354
1686 0.150888
1687 0.150203
1688 0.149571
1689 0.14894
1690 0.148311
1691 0.147686
1692 0.147079
1693 0.146452
1694 0.145826
1695 0.145208
1696 0.144654
1697 0.144323
1698 0.14358
1699 0.143033
1700 0.142444
1701 0.14183
1702 0.141229
1703 0.140654
1704 0.140181
1706 0.139929
1707 0.139439
1709 0.139204
1710 0.13899
1711 0.138851
1713 0.13852
1714 0.138244
1715 0.137958
1716 0.13766
1717 0.137376
1718 0.137321
1719 0.136979
1720 0.136662
1721 0.136406
1722 0.136115
1723 0.135964
1724 0.135644
1725 0.135334
1726 0.135033
1727 0.134744
1728 0.134465
1729 0.1343
1730 0.133975
1731 0.133667
1732 0.133369
1733 0.133067
1734 0.132768
1735 0.132493
1736 0.132198
1737 0.131898
1738 0.131601
1739 0.131331
1740 0.131026
1741 0.130737
1742 0.130442
1743 0.130144
1744 0.129852
1745 0.129554
1746 0.129256
1747 0.12896
1748 0.128668
1749 0.128376
1750 0.128083
1751 0.127789
1752 0.127496
1753 0.127203
1754 0.126909
1755 0.126615
1756 0.126322
1757 0.126031
1758 0.125738
1759 0.125445
1760 0.125152
1761 0.12486
1762 0.124569
1763 0.124278
1764 0.123991
1765 0.123699
1766 0.123409
1767 0.123137
1768 0.12286
1769 0.12257
1770 0.122282
1771 0.121997
1772 0.121752
1773 0.121515
1774 0.121216
1775 0.120926
1776 0.120639
1777 0.120352
1778 0.120069
1779 0.119785
1780 0.1195
1781 0.119216
1782 0.118931
1783 0.118652
1784 0.118367
1785 0.118087
1786 0.117803
1787 0.117519
1788 0.117237
1789 0.116962
1790 0.116682
1791 0.1164
1792 0.116119
1793 0.115842
1794 0.115562
1795 0.115282
1796 0.115003
1797 0.114724
1798 0.114446
1799 0.114174
1800 0.113896
1801 0.113643
1802 0.113364
1803 0.113086
1804 0.112809
1805 0.112535
1806 0.112302
1807 0.112034
1808 0.111758
1809 0.111482
1810 0.111207
1811 0.110933
1812 0.110682
1813 0.110409
1814 0.110146
1815 0.109875
1816 0.109605
1817 0.109333
1818 0.109068
1819 0.108806
1820 0.108533
1821 0.108262
1822 0.107991
1823 0.107724
1824 0.107463
1825 0.107194
1826 0.106924
1827 0.106654
1828 0.106386
1829 0.106152
1830 0.105905
1831 0.105625
1832 0.105357
1833 0.105092
1834 0.104832
1835 0.104568
1836 0.104304
1837 0.104043
1838 0.103778
1839 0.103521
1840 0.103251
1841 0.10299
1842 0.102748
1843 0.102577
1844 0.102296
1845 0.102032
1846 0.101771
1847 0.101507
1848 0.101244
1849 0.101011
1850 0.100744
1851 0.100488
1852 0.100233
1853 0.0999709
1854 0.0997129
1855 0.0994558
1856 0.099198
1857 0.0989395
1858 0.0986798
1859 0.0984212
1860 0.098186
1861 0.0979257
1862 0.0976664
1863 0.0974074
1864 0.0971501
1865 0.0968981
1866 0.0966417
1867 0.0963856
1868 0.0961317
1869 0.0958776
1870 0.0956344
1871 0.095377
1872 0.0951214
1873 0.0948683
1874 0.0946142
1875 0.094362
1876 0.0941101
1877 0.0938633
1878 0.0936099
1879 0.0933671
1880 0.0931136
1881 0.0928686
1882 0.0926159
1883 0.0923661
1884 0.0921178
1885 0.091868
1886 0.0916374
1887 0.0913881
1888 0.0911426
1889 0.0908937
1890 0.0906471
1891 0.0903988
1892 0.0901517
1893 0.0899054
1894 0.0896582
1895 0.0894109
1896 0.0891646
1897 0.0889184
1898 0.088675
1899 0.0884291
1900 0.0881854
1901 0.0879404
1902 0.0877131
1903 0.0874665
1904 0.087221
1905 0.0869769
1906 0.0867337
1907 0.0864923
1908 0.0862502
1909 0.0860169
1910 0.0857743
1911 0.0855322
1912 0.0852914
1913 0.0850515
1914 0.0848123
1915 0.0845739
1916 0.0843337
1917 0.0840947
1918 0.0838559
1919 0.0836182
1920 0.0833849
1921 0.0831498
1922 0.082912
1923 0.0826753
1924 0.0824469
1925 0.0822127
1926 0.0819779
1927 0.0817415
1928 0.0815059
1929 0.0812765
1930 0.0810409
1931 0.0808072
1932 0.0806336
1933 0.0804195
1934 0.0801803
1935 0.0799425
1936 0.0797081
1937 0.079478
1938 0.0792466
1939 0.0790151
1940 0.0787855
1941 0.0785568
1942 0.0783353
1943 0.0781197
1944 0.0778884
1945 0.0776594
1946 0.077429
1947 0.0772016
1948 0.0769748
1949 0.0767457
1950 0.076528
1951 0.0763
1952 0.0760743
1953 0.0758582
1954 0.0756429
1955 0.0754205
1956 0.0751979
1957 0.0749982
1958 0.0747858
1959 0.0745988
1960 0.0743759
1961 0.0741635
1962 0.0739749
1963 0.0737471
1964 0.0735258
1965 0.0733189
1966 0.0731088
1967 0.0729645
1968 0.0727324
1969 0.0725141
1970 0.0723045
1971 0.07209
1972 0.0718975
1973 0.071675
1974 0.0714551
1975 0.0712342
1976 0.0710206
1977 0.0708089
1978 0.0705928
1979 0.0704169
1980 0.0701974
1981 0.0699837
1982 0.0697768
1983 0.0696049
1984 0.0693984
1985 0.0691835
1986 0.0689822
1989 0.0687835
1990 0.0686604
1992 0.0685818
1993 0.0683729
1994 0.0681727
1995 0.068068
1996 0.0678592
1997 0.0676562
1998 0.0674792
1999 0.0672688
2000 0.0670742
2001 0.0668847
2002 0.0667197
2003 0.0665989
2004 0.0663503
2005 0.066154
2006 0.0659546
2007 0.0658219
2008 0.0656077
2009 0.0654069
2010 0.0652399
2011 0.0650251
2012 0.0648223
2013 0.0646207
2014 0.0645804
2015 0.064328
2016 0.0641224
2017 0.0639388
2018 0.0637675
2019 0.0636526
2020 0.0634223
2021 0.0632299
2022 0.0630281
2023 0.0628412
2024 0.0627099
2025 0.0625213
2026 0.0623178
2027 0.0621159
2028 0.0619163
2029 0.0617228
2030 0.0615412
2031 0.0613741
2032 0.061192
2033 0.0609977
2034 0.0608063
2035 0.0606158
2036 0.0604289
2037 0.0603258
2038 0.0600839
2039 0.0598958
2040 0.0597003
2041 0.0595187
2042 0.059362
2043 0.0592692
2044 0.0590355
2045 0.058848
2046 0.05867
2047 0.0584839
2048 0.0583097
2049 0.0581118
2050 0.0579346
2051 0.0577436
2052 0.057599
2053 0.0573994
2054 0.0572241
2055 0.0570215
2056 0.0568296
2057 0.0566331
2058 0.0564395
2059 0.0562917
2060 0.0561639
2061 0.0559654
2062 0.0557677
2063 0.055571
2064 0.0553754
2065 0.0551813
2066 0.0549911
2067 0.0549339
2068 0.0547163
2069 0.0545241
2070 0.0543323
2071 0.0541595
2072 0.0539879
2073 0.0538692
2074 0.053677
2075 0.0535064
2076 0.053359
2077 0.0531684
2078 0.052984
2079 0.0528243
2080 0.0527024
2081 0.0524977
2082 0.052312
2083 0.0521284
2084 0.0519441
2085 0.0517635
2086 0.0515759
2087 0.051393
2088 0.0512062
2089 0.0510256
2090 0.0508391
2091 0.0506574
2092 0.0504707
2093 0.050285
2094 0.0501077
2095 0.0499219
2096 0.0497382
2097 0.0495627
2098 0.0493801
2099 0.0492004
2100 0.0490213
2101 0.0488422
2102 0.0486606
2103 0.0484814
2104 0.0483115
2105 0.0481818
2106 0.0479899
2107 0.0478068
2108 0.0476273
2109 0.047451
2110 0.0472935
2111 0.047112
2112 0.046935
2113 0.0467572
2114 0.0465827
2115 0.0464472
2116 0.0462729
2117 0.0460927
2118 0.045912
2119 0.0457342
2120 0.0455592
2121 0.0453972
2122 0.045219
2123 0.0450427
2124 0.0448701
2125 0.0446954
2126 0.0445357
2127 0.0443584
2128 0.0441852
2129 0.0440146
2130 0.0438439
2131 0.0436728
2132 0.0435031
2133 0.0433328
2134 0.0431609
2135 0.0429898
2136 0.0428195
2137 0.042651
2138 0.0424836
2139 0.0423143
2140 0.0421459
2141 0.0419804
2142 0.0418217
2143 0.0416589
2144 0.0414946
2145 0.041347
2146 0.0411969
2147 0.0410771
2148 0.0409097
2149 0.0407649
2150 0.0406353
2151 0.0406133
2152 0.0405208
2153 0.0403317
2154 0.0402283
2155 0.0400973
2157 0.0399397
2159 0.0397969
2160 0.0397405
2161 0.0396212
2162 0.0395923
2164 0.0394809
2165 0.0392983
2166 0.0392358
2167 0.0390906
2169 0.0389201
2170 0.0388157
2171 0.0387304
2172 0.0385583
2173 0.0383945
2174 0.0382348
2175 0.0380837
2176 0.0379471
2177 0.0377816
2178 0.0376234
2179 0.037465
2180 0.0373056
2181 0.037146
2182 0.0369875
2183 0.0368354
2184 0.0366799
2185 0.0365211
2186 0.0363633
2187 0.036206
2188 0.0360518
2189 0.0359025
2190 0.0357452
2191 0.0355886
2192 0.0354329
2193 0.0352801
2194 0.0351259
2195 0.0349713
2196 0.034829
2197 0.0346751
2198 0.0345293
2199 0.0343874
2200 0.0342582
2201 0.0341058
2202 0.0339572
2203 0.0338142
2204 0.033712
2205 0.0335811
2206 0.0334247
2207 0.0332688
2208 0.0331167
2209 0.0329718
2210 0.0328291
2211 0.0327039
2212 0.0325514
2213 0.0324071
2214 0.0322636
2215 0.0321204
2216 0.0319795
2217 0.031849
2218 0.0317146
2219 0.031571
2220 0.0314354
2221 0.0312991
2222 0.0311829
2223 0.0310349
2224 0.0309004
2225 0.0307656
2226 0.0306461
2227 0.0305054
2228 0.0303791
2229 0.0302739
2230 0.0302023
2231 0.0300231
2232 0.0299179
2233 0.0297824
2234 0.0296371
2235 0.0294942
2236 0.0293568
2237 0.0292305
2238 0.029162
2239 0.0290016
2240 0.0288687
2241 0.0287344
2242 0.0286109
2243 0.0284899
2244 0.0283529
2245 0.0282178
2246 0.0280887
2247 0.0280773
2248 0.0280678
2249 0.0279217
2250 0.0277905
2251 0.0277109
2252 0.0275517
2253 0.0275063
2254 0.0274299
2256 0.0272809
2257 0.0271667
2258 0.0270268
2259 0.0268912
2260 0.0267572
2261 0.0266342
2262 0.0265123
2263 0.0263967
2264 0.026264
2265 0.0261376
2266 0.0260159
2267 0.0259014
2268 0.0257694
2269 0.0256461
2270 0.0255139
2271 0.0253854
2272 0.0252608
2273 0.0251948
2274 0.0250714
2275 0.024947
2276 0.0248577
2277 0.0247292
2278 0.0246644
2279 0.024589
2281 0.0244462
2283 0.0243459
2285 0.0242412
2287 0.0241643
2288 0.0241059
2290 0.0239728
2291 0.0239678
2292 0.0239067
2295 0.0238345
2296 0.0237884
2298 0.0237788
2299 0.0237156
2300 0.0236526
2301 0.0235895
2302 0.0235274
2303 0.023471
2304 0.0234236
2305 0.0233591
2306 0.0232956
2307 0.0232328
2308 0.023171
2309 0.0231147
2310 0.0230536
2311 0.022992
2312 0.0229324
2313 0.0228881
2314 0.0228371
2315 0.0227768
2316 0.0227185
2317 0.0226678
2318 0.0226336
2319 0.0225744
2320 0.0225166
2321 0.0224629
2322 0.0224392
2323 0.0223684
2324 0.0223073
2325 0.0222672
2326 0.022207
2327 0.0221616
2328 0.0220961
2329 0.0220362
2330 0.0219805
2331 0.0219211
2332 0.0218616
2333 0.0218033
2334 0.0217422
2335 0.0216825
2336 0.0216215
2337 0.0215611
2338 0.0215015
2339 0.0214442
2340 0.0213839
2341 0.0213235
2342 0.0212632
2343 0.0212034
2344 0.0211457
2345 0.0210888
2346 0.0210289
2347 0.0209701
2348 0.0209105
2349 0.0208512
2350 0.0208032
2351 0.0207457
2352 0.020686
2353 0.0206281
2354 0.0205796
2355 0.0205487
2356 0.0204841
2357 0.020424
2358 0.0203655
2359 0.0203064
2360 0.0202476
2361 0.020194
2362 0.0201368
2363 0.0200776
2364 0.0200196
2365 0.0199637
2366 0.019908
2367 0.0198518
2368 0.0197991
2369 0.0197433
2370 0.0196883
2371 0.0196338
2372 0.0195782
2373 0.0195281
2374 0.0194951
2375 0.019428
2376 0.0193717
2377 0.0193154
2378 0.0192727
2379 0.0192299
2380 0.0191694
2381 0.0191142
2382 0.0190613
2383 0.0190196
2385 0.0189632
2386 0.0189192
2387 0.0188972
2389 0.0188342
2390 0.0187807
2391 0.0187502
2392 0.0187225
2393 0.0186635
2394 0.0186061
2395 0.0185494
2396 0.018493
2397 0.0184403
2398 0.0183834
2399 0.0183275
2400 0.0182717
2401 0.0182175
2402 0.0181658
2403 0.0181094
2404 0.0180535
2405 0.0179979
2406 0.0179425
2407 0.0178876
2408 0.0178337
2409 0.0177783
2410 0.0177233
2411 0.0176685
2412 0.017614
2413 0.0175596
2414 0.0175057
2415 0.0174511
2416 0.0173967
2417 0.0173428
2418 0.0172887
2419 0.0172344
2420 0.0171802
2421 0.0171263
2422 0.017073
2423 0.0170205
2424 0.0169667
2425 0.016913
2426 0.0168596
2427 0.0168062
2428 0.0167528
2429 0.0166995
2430 0.0166463
2431 0.0165934
2432 0.0165404
2433 0.0164875
2434 0.0164354
2435 0.0163834
2436 0.0163311
2437 0.0162785
2438 0.0162266
2439 0.0161744
2440 0.0161229
2441 0.0160711
2442 0.0160195
2443 0.0159695
2444 0.0159176
2445 0.0158656
2446 0.0158137
2447 0.0157625
2448 0.0157114
2449 0.0156641
2450 0.0156124
2451 0.0155626
2452 0.0155168
2453 0.0154696
2454 0.0154217
2455 0.0153917
2456 0.0153321
2457 0.0152854
2458 0.0152584
2459 0.0152058
2460 0.0151573
2461 0.0151131
2462 0.0150957
2463 0.0150349
2464 0.0149877
2465 0.0149407
2466 0.0149019
2467 0.0148618
2468 0.0148097
2469 0.0147628
2470 0.0147121
2471 0.0146618
2472 0.0146119
2473 0.0145639
2474 0.0145153
2475 0.0144661
2476 0.0144176
2477 0.0143683
2478 0.0143227
2479 0.0142732
2480 0.0142246
2481 0.0141773
2482 0.0141296
2483 0.0140818
2484 0.0140422
2485 0.013995
2486 0.0139453
2487 0.0138966
2488 0.0138524
2489 0.0138061
2490 0.0137779
2491 0.0137285
2492 0.0136876
2493 0.013637
2494 0.0135909
2495 0.0135448
2496 0.0135014
2497 0.0134566
2498 0.013411
2499 0.0133855
2500 0.0133311
2501 0.0132866
2502 0.0132417
2503 0.013233
2504 0.0131876
2505 0.0131679
2506 0.0131068
2507 0.0130807
2508 0.0130448
2509 0.0129982
2510 0.0129539
2511 0.0129133
2512 0.0128928
2513 0.0128378
2514 0.0127936
2515 0.0127544
2516 0.0127135
2517 0.0126744
2518 0.0126298
2519 0.0125903
2520 0.0125567
2521 0.0125144
2522 0.0124696
2523 0.0124268
2524 0.0124086
2525 0.0124026
2526 0.0123688
2527 0.0123158
2528 0.0122757
2529 0.0122366
2530 0.012191
2531 0.0121463
2532 0.0121032
2533 0.0120918
2534 0.0120465
2535 0.012001
2536 0.0119611
2537 0.0119164
2538 0.0118886
2539 0.0118478
2540 0.0118324
2541 0.0117774
2542 0.0117423
2543 0.0117152
2544 0.0116708
2545 0.0116295
2546 0.0115917
2547 0.0115863
2548 0.0115635
2549 0.0115141
2550 0.0114918
2551 0.0114507
2553 0.0114078
2554 0.0113977
2555 0.0113585
2556 0.0113475
2557 0.011296
2558 0.0112507
2559 0.0112093
2560 0.0111832
2561 0.0111347
2562 0.0110916
2563 0.0110485
2564 0.0110181
2565 0.0109766
2566 0.0109493
2567 0.0109058
2568 0.0108905
2569 0.01084
2570 0.0108037
2571 0.0107707
2572 0.0107284
2573 0.0106875
2574 0.0106528
2575 0.0106185
2576 0.010584
2577 0.0105463
2578 0.0105179
2580 0.010503
2581 0.0104663
2582 0.0104299
2583 0.0104194
2584 0.0103864
2585 0.01034
2586 0.0103072
2587 0.0102898
2588 0.0102452
2589 0.0102021
2590 0.0101598
2591 0.0101182
2592 0.0100776
2593 0.0100363
2594 0.00999545
2595 0.00995564
2596 0.00991567
2597 0.0098753
2598 0.00983849
2599 0.0098051
2600 0.0097646
2601 0.00972572
2602 0.009687
2603 0.00965027
2604 0.00960963
2605 0.00957126
2606 0.00953033
2607 0.00949038
2608 0.00945034
2609 0.0094143
2610 0.00937478
2611 0.00933413
2612 0.00929398
2613 0.00925467
2614 0.00921562
2615 0.00917695
2616 0.00913723
2617 0.00909769
2618 0.00905832
2619 0.00902211
2620 0.00898351
2621 0.00894379
2622 0.00890498
2623 0.00886638
2624 0.00882842
2625 0.0087905
2626 0.00875228
2627 0.00871706
2628 0.00867851
2629 0.00864052
2630 0.00860466
2631 0.00856673
2632 0.00852902
2633 0.00849928
2634 0.00847509
2635 0.00843445
2636 0.00839523
2637 0.00835734
2638 0.00832151
2639 0.00828506
2640 0.00825261
2641 0.00822007
2642 0.00820461
2643 0.00815878
2644 0.0081297
2645 0.00812338
2646 0.00810322
2647 0.00806527
2648 0.00804358
2649 0.00800396
2650 0.00798312
2651 0.00794899
2652 0.00791165
2653 0.00787454
2654 0.00783781
2655 0.00780251
2656 0.00778512
2657 0.00777538
2658 0.00773709
2659 0.00769905
2660 0.00766199
2661 0.00762609
2662 0.00759241
2663 0.00755774
2664 0.0075228
2665 0.00748797
2666 0.00745682
2667 0.00743133
2668 0.00739577
2669 0.00736368
2670 0.00732847
2671 0.00729538
2672 0.00726371
2673 0.00723378
2674 0.00721092
2675 0.00717175
2676 0.00713899
2677 0.00710383
2678 0.00706945
2679 0.00703691
2680 0.00700945
2681 0.00697309
2682 0.00694318
2683 0.00690764
2684 0.00687359
2685 0.00683934
2686 0.00680737
2687 0.0067733
2688 0.00674014
2689 0.00671263
2690 0.00667721
2691 0.00664637
2692 0.00663513
2694 0.00660125
2696 0.0065891
2699 0.00657532
2700 0.00656168
2701 0.0065482
2702 0.00653563
2703 0.00652199
2704 0.0065089
2705 0.00649517
2706 0.00648156
2707 0.00647323
2708 0.0064594
2709 0.00644567
2710 0.00643228
2711 0.00641882
2712 0.00640532
2713 0.00639214
2714 0.00637861
2715 0.0063651
2716 0.00635177
2717 0.00633828
2718 0.00632537
2719 0.00631183
2720 0.00629838
2721 0.00628496
2722 0.00627165
2723 0.00625831
2724 0.00624495
2725 0.00623215
2726 0.00621888
2727 0.00620581
2728 0.0061925
2729 0.00617919
2730 0.00616594
2731 0.00615269
2732 0.00613942
2733 0.00612653
2734 0.00611334
2735 0.00610041
2736 0.00608721
2737 0.00607403
2738 0.00606099
2739 0.00604787
2740 0.00603507
2741 0.00602209
2742 0.00600914
2743 0.00599633
2744 0.00598341
2745 0.0059704
2746 0.00595739
2747 0.00594453
2748 0.00593183
2749 0.00591925
2750 0.00590628
2751 0.0058934
2752 0.00588064
2753 0.00586818
2754 0.00585801
2755 0.00584484
2756 0.00583193
2757 0.00581913
2758 0.00580647
2759 0.00579586
2760 0.00578268
2761 0.00576977
2762 0.00575729
2763 0.0057455
2764 0.00573257
2765 0.00571972
2766 0.00570693
2767 0.00569419
2768 0.00568246
2769 0.00566958
2770 0.00565686
2771 0.00564454
2772 0.00563187
2773 0.00561918
2774 0.00560671
2775 0.00559413
2776 0.00558181
2777 0.00557017
2778 0.00555766
2779 0.00554518
2780 0.00553291
2781 0.00552148
2782 0.00551039
2783 0.00549795
2784 0.00548558
2785 0.0054734
2786 0.00546251
2787 0.00545056
2788 0.00544094
2789 0.00542914
2790 0.00541959
2791 0.00540686
2792 0.00539615
2793 0.00538423
2794 0.00537184
2795 0.00535949
2796 0.00534721
2797 0.00533528
2798 0.00532342
2799 0.00531188
2800 0.00529966
2801 0.00528763
2802 0.00527576
2803 0.00526436
2804 0.00525308
2805 0.00524243
2806 0.00523325
2807 0.00522066
2808 0.00520878
2809 0.00519754
2810 0.00519019
2812 0.00517821
2813 0.00516838
2816 0.00515623
2817 0.00514487
2818 0.00513928
2819 0.00512628
2820 0.00511527
2821 0.00510416
2822 0.00509737
2823 0.00508567
2824 0.00507341
2825 0.0050612
2826 0.00504925
2827 0.00503715
2828 0.00502515
2829 0.00501391
2830 0.00500284
2831 0.00499082
2832 0.00497884
2833 0.0049669
2834 0.004955
2835 0.00494329
2836 0.00493166
2837 0.00492027
2838 0.00490833
2839 0.0048965
2840 0.00488468
2841 0.00487331
2842 0.0048616
2843 0.00484981
2844 0.00483804
2845 0.00482637
2846 0.00481462
2847 0.00480289
2848 0.00479117
2849 0.00477951
2850 0.00476783
2851 0.00475619
2852 0.00474462
2853 0.00473301
2854 0.00472173
2855 0.00471028
2856 0.00469872
2857 0.00468724
2858 0.00467581
2859 0.00466433
2860 0.004653
2861 0.00464152
2862 0.0046301
2863 0.00461863
2864 0.00460722
2865 0.00459575
2866 0.00458432
2867 0.00457288
2868 0.00456145
2869 0.00455004
2870 0.00453862
2871 0.00452725
2872 0.00451586
2873 0.0045045
2874 0.0044932
2875 0.00448187
2876 0.0044707
2877 0.00445972
2878 0.00444859
2879 0.00443734
2880 0.00442616
2881 0.00441525
2882 0.00440529
2883 0.00439386
2884 0.00438262
2885 0.00437146
2886 0.00436043
2887 0.00434971
2888 0.00433867
2889 0.00432757
2890 0.00431663
2891 0.00430592
2892 0.00429488
2893 0.00428382
2894 0.00427281
2895 0.00426206
2896 0.00425139
2897 0.00424353
2898 0.00423265
2899 0.00422178
2900 0.00421095
2901 0.00420016
2902 0.00418954
2903 0.00417912
2904 0.0041699
2905 0.00416823
2906 0.00416385
2907 0.00415271
2908 0.00414449
2911 0.00413351
2912 0.00412262
2913 0.00411238
2914 0.00410245
2915 0.0040916
2916 0.00408078
2917 0.00407002
2918 0.0040613
2919 0.00405114
2920 0.00404034
2921 0.00402962
2922 0.00401887
2923 0.00400816
2924 0.00399831
2925 0.00398751
2926 0.00397677
2927 0.00396608
2928 0.00395546
2929 0.00394483
2930 0.0039343
2931 0.00392375
2932 0.00391335
2933 0.00390278
2934 0.00389237
2935 0.00388184
2936 0.00387144
2937 0.00386102
2938 0.00385054
2939 0.00384005
2940 0.00382963
2941 0.00381919
2942 0.00380875
2943 0.00379848
2944 0.00378817
2945 0.00377809
2946 0.00376773
2947 0.00375741
2948 0.00374705
2949 0.00373673
2950 0.00372656
2951 0.00371645
2952 0.00370611
2953 0.0036958
2954 0.00368552
2955 0.00367531
2956 0.00366509
2957 0.00365487
2958 0.00364508
2959 0.00363485
2960 0.00362464
2961 0.0036145
2962 0.00360434
2963 0.00359424
2964 0.00358626
2965 0.00357579
2966 0.0035657
2967 0.00355565
2968 0.00354596
2969 0.00353619
2970 0.00352767
2971 0.00351737
2972 0.0035074
2973 0.00349758
2974 0.0034878
2975 0.00347801
2976 0.00346968
2977 0.0034606
2978 0.00345049
2979 0.00344045
2980 0.00343054
2981 0.00342083
2982 0.00341316
2983 0.00340694
2984 0.00339627
2985 0.00338617
2986 0.00337634
2987 0.00336655
2988 0.00335683
2989 0.0033472
2990 0.00333745
2991 0.00332813
2992 0.00331865
2993 0.00330926
2994 0.00329965
2995 0.00329013
2996 0.00328066
2997 0.00327277
2998 0.0032628
2999 0.00325315
3000 0.00324429
3001 0.00323458
3002 0.00322493
3003 0.00321534
3004 0.00320644
3005 0.00319675
3006 0.0031872
3007 0.00317766
3008 0.00316847
3009 0.00315906
3010 0.0031508
3011 0.00314109
3012 0.00313155
3013 0.00312212
3014 0.00311271
3015 0.00310455
3016 0.00309495
3017 0.00308556
3018 0.0030762
3019 0.00306708
3020 0.00305781
3021 0.00304846
3022 0.00303923
3023 0.00303008
3024 0.00302076
3025 0.00301179
3026 0.00300247
3027 0.0029932
3028 0.00298523
3029 0.00297662
3030 0.00296709
3031 0.00295788
3032 0.00294877
3033 0.00293986
3034 0.00293065
3035 0.00292151
3036 0.00291243
3037 0.00290336
3038 0.00289439
3039 0.00288564
3040 0.00287652
3041 0.00286742
3042 0.00285836
3043 0.00284935
3044 0.00284056
3045 0.00283167
3046 0.00282266
3047 0.00281369
3048 0.00280475
3049 0.00279608
3050 0.00278739
3051 0.0027785
3052 0.00276961
3053 0.00276071
3054 0.00275183
3055 0.00274318
3056 0.00273456
3057 0.00272569
3058 0.00271684
3059 0.00270801
3060 0.00269924
3061 0.00269078
3062 0.00268206
3063 0.00267329
3064 0.00266457
3065 0.00265616
3066 0.00264762
3067 0.00264099
3068 0.00263176
3069 0.00262318
3070 0.0026146
3071 0.0026062
3072 0.00259763
3073 0.002589
3074 0.00258039
3075 0.00257193
3076 0.00256337
3077 0.00255481
3078 0.00254639
3079 0.00253785
3080 0.00252933
3081 0.00252121
3082 0.00251273
3083 0.00250424
3084 0.00249578
3085 0.00248746
3086 0.00247903
3087 0.00247069
3088 0.0024624
3089 0.00245404
3090 0.00244566
3091 0.00243732
3092 0.00243045
3093 0.00242234
3094 0.00241381
3095 0.00240552
3096 0.00239732
3097 0.00238979
3098 0.00238136
3099 0.00237311
3100 0.00236496
3101 0.00235678
3102 0.00234858
3103 0.0023406
3104 0.00233245
3105 0.00232428
3106 0.00231613
3107 0.0023082
3108 0.00230008
3109 0.00229241
3110 0.00228425
3111 0.00227616
3112 0.00226814
3113 0.00226008
3114 0.00225207
3115 0.00224423
3116 0.00223621
3117 0.00222852
3118 0.0022207
3119 0.002213
3120 0.00220507
3121 0.00219728
3122 0.00218972
3123 0.0021822
3124 0.00217538
3125 0.00216733
3126 0.00215975
3127 0.0021523
3128 0.00214531
3129 0.00213786
3130 0.0021304
3131 0.00212304
3132 0.00211704
3133 0.00210883
3134 0.00210232
3135 0.00209713
3137 0.00208984
3138 0.00208747
3139 0.00208446
3140 0.00207537
3141 0.00206785
3142 0.00206122
3143 0.00205401
3144 0.00204839
3145 0.00204022
3146 0.00203367
3147 0.00202749
3149 0.00202057
3150 0.00201681
3151 0.00201069
3152 0.0020072
3154 0.0020028
3155 0.00199673
3156 0.00199658
3158 0.0019882
3159 0.001981
3160 0.00197378
3161 0.00196748
3162 0.00196036
3163 0.0019533
3164 0.00194681
3165 0.001943
3166 0.00193442
3167 0.00192764
3168 0.00192083
3169 0.00191358
3170 0.00190659
3171 0.00190006
3172 0.00189709
3173 0.00188804
3174 0.00188124
3175 0.00187457
3176 0.00186796
3177 0.00186221
3178 0.00185474
3179 0.00184865
3180 0.00184118
3181 0.00183417
3182 0.00182704
3183 0.00181977
3184 0.00181253
3185 0.00180534
3186 0.0017982
3187 0.00179113
3188 0.00178405
3189 0.00177694
3190 0.00176992
3191 0.00176289
3192 0.00175604
3193 0.00174914
3194 0.00174222
3195 0.00173531
3196 0.00172837
3197 0.00172141
3198 0.00171452
3199 0.00170772
3200 0.00170085
