1 24.2
6 4.67466
8 3.93626
13 3.81282
17 3.79479
19 3.78766
21 3.7836
23 3.77951
24 3.77587
25 3.77289
26 3.7693
27 3.76573
28 3.76217
29 3.75863
30 3.75516
31 3.75444
32 3.74999
33 3.74663
34 3.7433
35 3.7408
36 3.73703
37 3.73385
38 3.73022
39 3.72663
40 3.72306
41 3.71949
42 3.71597
43 3.7124
44 3.70885
45 3.70527
46 3.7017
47 3.69812
48 3.69454
49 3.69096
50 3.68739
51 3.68381
52 3.68024
53 3.67665
54 3.67308
55 3.66949
56 3.6659
57 3.66231
58 3.65872
59 3.65513
60 3.65153
61 3.64805
62 3.64443
63 3.64086
64 3.63727
65 3.63368
66 3.63008
67 3.62647
68 3.62287
69 3.61927
70 3.61567
71 3.61206
72 3.60855
73 3.60492
74 3.60132
75 3.59772
76 3.59413
77 3.59051
78 3.5869
79 3.58329
80 3.57968
81 3.57606
82 3.5725
83 3.56887
84 3.56527
85 3.56164
86 3.55804
87 3.55441
88 3.55079
89 3.54717
90 3.54354
91 3.53994
92 3.53631
93 3.5327
94 3.52907
95 3.52544
96 3.52182
97 3.51819
98 3.51456
99 3.51092
100 3.5073
101 3.50366
102 3.50002
103 3.49638
104 3.49274
105 3.48909
106 3.4855
107 3.48184
108 3.4782
109 3.47455
110 3.4709
111 3.46725
112 3.4636
113 3.45995
114 3.45629
115 3.45279
116 3.4491
117 3.44545
118 3.4418
119 3.43814
120 3.43448
121 3.43081
122 3.42718
123 3.42351
124 3.41985
125 3.4162
126 3.41252
127 3.40888
128 3.40521
129 3.40164
130 3.39796
131 3.39427
132 3.3906
133 3.38692
134 3.38324
135 3.37957
136 3.37589
137 3.37221
138 3.36854
139 3.36485
140 3.36117
141 3.35749
142 3.35381
143 3.35012
144 3.34914
145 3.34495
146 3.34114
147 3.33753
148 3.33385
149 3.33019
150 3.3266
151 3.32287
152 3.31921
153 3.31551
154 3.31181
155 3.30815
156 3.30449
157 3.30081
158 3.29716
159 3.29404
160 3.29018
161 3.28655
162 3.28286
163 3.27921
164 3.27583
165 3.27228
166 3.26868
167 3.26542
168 3.26179
169 3.25821
170 3.2552
171 3.2514
172 3.24779
173 3.24407
174 3.24035
175 3.23663
176 3.23292
177 3.22925
178 3.22548
179 3.22178
180 3.21804
181 3.21431
182 3.21065
183 3.2069
184 3.20318
185 3.19943
186 3.19569
187 3.19195
188 3.18821
189 3.18446
190 3.18071
191 3.17696
192 3.17321
193 3.16945
194 3.1662
195 3.16237
196 3.15858
197 3.15483
198 3.15108
199 3.14731
200 3.14361
201 3.13983
202 3.13608
203 3.13232
204 3.12855
205 3.12508
206 3.12125
207 3.11747
208 3.11371
209 3.10994
210 3.10616
211 3.10238
212 3.0986
213 3.09483
214 3.09107
215 3.0873
216 3.08353
217 3.07976
218 3.076
219 3.07268
220 3.06876
221 3.065
222 3.06123
223 3.05755
224 3.05381
225 3.05004
226 3.04633
227 3.04351
228 3.03949
229 3.0357
230 3.03194
231 3.02813
232 3.02432
233 3.02052
234 3.01671
235 3.0129
236 3.00908
237 3.00542
238 3.00158
239 2.99776
240 2.99395
241 2.99013
242 2.98631
243 2.98249
244 2.97866
245 2.9749
246 2.97106
247 2.96723
248 2.96342
249 2.95958
250 2.95586
251 2.95202
252 2.9482
253 2.94437
254 2.94054
255 2.93671
256 2.93288
257 2.92905
258 2.92522
259 2.92139
260 2.91757
261 2.91368
262 2.90989
263 2.90606
264 2.90222
265 2.89841
266 2.89453
267 2.89071
268 2.88687
269 2.88302
270 2.87919
271 2.87533
272 2.87205
273 2.86804
274 2.86415
275 2.8603
276 2.85643
277 2.85258
278 2.84872
279 2.84484
280 2.84097
281 2.83711
282 2.83323
283 2.82933
284 2.82545
285 2.82156
286 2.81768
287 2.81379
288 2.80989
289 2.80601
290 2.80212
291 2.79821
292 2.79528
293 2.79129
294 2.78733
295 2.78341
296 2.7795
297 2.77559
298 2.77169
299 2.76777
300 2.76387
301 2.75996
302 2.75604
303 2.75213
304 2.74821
305 2.74429
306 2.74037
307 2.73644
308 2.73256
309 2.72863
310 2.7247
311 2.72077
312 2.71683
313 2.71291
314 2.70897
315 2.70503
316 2.70109
317 2.69715
318 2.69321
319 2.68927
320 2.68534
321 2.6814
322 2.67746
323 2.67354
324 2.66958
325 2.66563
326 2.66167
327 2.65771
328 2.65375
329 2.64979
330 2.64583
331 2.64186
332 2.63803
333 2.63404
334 2.63006
335 2.62609
336 2.62212
337 2.61814
338 2.61447
339 2.61046
340 2.60646
341 2.60247
342 2.59848
343 2.5945
344 2.59051
345 2.58667
346 2.58266
347 2.57866
348 2.57466
349 2.57066
350 2.56667
351 2.56267
352 2.55869
353 2.55468
354 2.55067
355 2.54666
356 2.54265
357 2.53864
358 2.53463
359 2.53061
360 2.52666
361 2.52263
362 2.51862
363 2.51461
364 2.51059
365 2.50689
366 2.50282
367 2.49877
368 2.49474
369 2.4907
370 2.48668
371 2.48264
372 2.47863
373 2.47459
374 2.47055
375 2.4665
376 2.46246
377 2.45841
378 2.45437
379 2.45032
380 2.44631
381 2.44224
382 2.43818
383 2.43412
384 2.43006
385 2.42601
386 2.42201
387 2.41794
388 2.41387
389 2.4098
390 2.40572
391 2.40165
392 2.39757
393 2.39351
394 2.38943
395 2.3854
396 2.38131
397 2.37723
398 2.37314
399 2.36905
400 2.36496
401 2.36087
402 2.35678
403 2.35269
404 2.3486
405 2.34452
406 2.34041
407 2.33631
408 2.33221
409 2.32811
410 2.32401
411 2.31992
412 2.3158
413 2.31218
414 2.30805
415 2.30393
416 2.2998
417 2.29567
418 2.29154
419 2.28741
420 2.28328
421 2.27914
422 2.27501
423 2.27087
424 2.26674
425 2.26261
426 2.25846
427 2.25448
428 2.25033
429 2.24617
430 2.24202
431 2.23787
432 2.23372
433 2.22957
434 2.22543
435 2.22128
436 2.21711
437 2.21299
438 2.20883
439 2.20468
440 2.20052
441 2.19638
442 2.1922
443 2.18825
444 2.18408
445 2.17991
446 2.17574
447 2.17156
448 2.16738
449 2.1632
450 2.15901
451 2.15482
452 2.15062
453 2.14643
454 2.14224
455 2.13804
456 2.13385
457 2.12966
458 2.12546
459 2.12128
460 2.11707
461 2.11301
462 2.10878
463 2.10455
464 2.10034
465 2.09613
466 2.09192
467 2.08771
468 2.08351
469 2.07938
470 2.07514
471 2.07091
472 2.06668
473 2.06246
474 2.05823
475 2.054
476 2.04978
477 2.04554
478 2.04131
479 2.03707
480 2.03285
481 2.02861
482 2.02454
483 2.0203
484 2.01605
485 2.0118
486 2.00755
487 2.00329
488 1.99903
489 1.99478
490 1.99052
491 1.98626
492 1.982
493 1.97774
494 1.97348
495 1.96921
496 1.96497
497 1.9607
498 1.95642
499 1.95215
500 1.94787
501 1.94363
502 1.93935
503 1.93507
504 1.93078
505 1.92651
506 1.92222
507 1.91799
508 1.9137
509 1.90941
510 1.90511
511 1.90082
512 1.89653
513 1.89223
514 1.88795
515 1.88365
516 1.87935
517 1.87504
518 1.87077
519 1.86647
520 1.86216
521 1.85786
522 1.85355
523 1.84925
524 1.84493
525 1.84063
526 1.83631
527 1.832
528 1.82768
529 1.82339
530 1.81907
531 1.81474
532 1.81043
533 1.8061
534 1.80181
535 1.79748
536 1.79315
537 1.78882
538 1.78449
539 1.78016
540 1.77583
541 1.77149
542 1.76719
543 1.76285
544 1.75853
545 1.75419
546 1.74988
547 1.74553
548 1.74122
549 1.73688
550 1.73254
551 1.7282
552 1.72386
553 1.71951
554 1.71519
555 1.71083
556 1.7087
557 1.70423
558 1.69979
559 1.69538
560 1.69099
561 1.68662
562 1.68225
563 1.6779
564 1.67354
565 1.66918
566 1.66482
567 1.66046
568 1.6561
569 1.65174
570 1.64739
571 1.64323
572 1.63886
573 1.63449
574 1.63013
575 1.62576
576 1.6214
577 1.61703
578 1.61267
579 1.6083
580 1.60395
581 1.59958
582 1.59524
583 1.59087
584 1.58651
585 1.58215
586 1.57779
587 1.57343
588 1.56907
589 1.56471
590 1.56036
591 1.5562
592 1.55184
593 1.54747
594 1.5431
595 1.53873
596 1.53436
597 1.52999
598 1.52563
599 1.52126
600 1.51691
601 1.51254
602 1.50817
603 1.50381
604 1.49945
605 1.49509
606 1.49075
607 1.48638
608 1.48202
609 1.47766
610 1.4733
611 1.46893
612 1.46472
613 1.46035
614 1.45599
615 1.45163
616 1.44727
617 1.44292
618 1.43857
619 1.43422
620 1.42987
621 1.42553
622 1.42119
623 1.41684
624 1.4125
625 1.40816
626 1.40382
627 1.39948
628 1.39515
629 1.39081
630 1.38648
631 1.38216
632 1.37782
633 1.3735
634 1.36917
635 1.36485
636 1.36058
637 1.35625
638 1.35193
639 1.34761
640 1.34329
641 1.33897
642 1.33466
643 1.33095
644 1.32661
645 1.32229
646 1.31797
647 1.31366
648 1.30935
649 1.30505
650 1.30076
651 1.29654
652 1.29224
653 1.28796
654 1.28367
655 1.2794
656 1.27512
657 1.27085
658 1.26661
659 1.26235
660 1.25809
661 1.25384
662 1.24965
663 1.2454
664 1.24121
665 1.23696
666 1.23272
667 1.22859
668 1.22436
669 1.22013
670 1.21592
671 1.21175
672 1.20757
673 1.20337
674 1.19916
675 1.19496
676 1.19077
677 1.18658
678 1.1824
679 1.17825
680 1.17407
681 1.1699
682 1.16574
683 1.16158
684 1.15742
685 1.15327
686 1.14917
687 1.14503
688 1.14089
689 1.13676
690 1.13266
691 1.1286
692 1.12449
693 1.12038
694 1.11628
695 1.1122
696 1.10823
697 1.10414
698 1.10007
699 1.09601
700 1.09202
701 1.08801
702 1.08395
703 1.0799
704 1.07587
705 1.07217
706 1.06813
707 1.06409
708 1.06006
709 1.05604
710 1.05203
711 1.04806
712 1.04408
713 1.04009
714 1.03639
715 1.0324
716 1.02842
717 1.02445
718 1.02049
719 1.01655
720 1.01263
721 1.0087
722 1.00478
723 1.00096
724 0.997057
725 0.99316
726 0.989276
727 0.9854
728 0.981527
729 0.977664
730 0.973811
731 0.969962
732 0.966124
733 0.962293
734 0.958469
735 0.954654
736 0.950849
737 0.947049
738 0.94326
739 0.93948
740 0.935706
741 0.93194
742 0.928186
743 0.924438
744 0.920699
745 0.91697
746 0.91325
747 0.909536
748 0.905834
749 0.902141
750 0.898455
751 0.894778
752 0.891113
753 0.887454
754 0.883805
755 0.880166
756 0.876537
757 0.872915
758 0.869304
759 0.865702
760 0.86211
761 0.858526
762 0.854952
763 0.851388
764 0.847835
765 0.844288
766 0.840753
767 0.837229
768 0.833713
769 0.830205
770 0.82671
771 0.823223
772 0.819746
773 0.816279
774 0.812821
775 0.809373
776 0.805938
777 0.802509
778 0.799092
779 0.795685
780 0.792287
781 0.788899
782 0.785523
783 0.782154
784 0.778797
785 0.775451
786 0.772113
787 0.768785
788 0.76547
789 0.762162
790 0.758866
791 0.75558
792 0.752304
793 0.749037
794 0.745782
795 0.742537
796 0.739301
797 0.736075
798 0.732863
799 0.729658
800 0.726463
801 0.72328
802 0.720108
803 0.716943
804 0.713791
805 0.710649
806 0.707517
807 0.704395
808 0.701283
809 0.698181
810 0.695092
811 0.692011
812 0.68894
813 0.68588
814 0.682832
815 0.679791
816 0.676762
817 0.673745
818 0.670736
819 0.667737
820 0.664752
821 0.661773
822 0.658806
823 0.655851
824 0.652903
825 0.649966
826 0.647043
827 0.644126
828 0.641221
829 0.638326
830 0.635441
831 0.632565
832 0.6297
833 0.626846
834 0.624002
835 0.621166
836 0.618342
837 0.615529
838 0.612725
839 0.60993
840 0.607147
841 0.604373
842 0.60161
843 0.598856
844 0.596112
845 0.593378
846 0.590656
847 0.587941
848 0.585237
849 0.582545
850 0.57986
851 0.577185
852 0.574524
853 0.571868
854 0.569223
855 0.56659
856 0.563965
857 0.561349
858 0.558744
859 0.556148
860 0.553562
861 0.550986
862 0.54842
863 0.545862
864 0.543316
865 0.540778
866 0.53825
867 0.535731
868 0.533222
869 0.530723
870 0.528232
871 0.525751
872 0.523282
873 0.520819
874 0.518367
875 0.515924
876 0.513489
877 0.511065
878 0.508651
879 0.506244
880 0.503848
881 0.501461
882 0.499082
883 0.496712
884 0.494353
885 0.492002
886 0.489659
887 0.487326
888 0.485004
889 0.482688
890 0.480383
891 0.478087
892 0.475798
893 0.473519
894 0.471249
895 0.468987
896 0.466736
897 0.464491
898 0.462256
899 0.460031
900 0.457812
901 0.455602
902 0.453404
903 0.451212
904 0.449028
905 0.446854
906 0.444689
907 0.44253
908 0.440381
909 0.438241
910 0.436108
911 0.433984
912 0.43187
913 0.429762
914 0.427663
915 0.425573
916 0.42349
917 0.421416
918 0.419352
919 0.417293
920 0.415243
921 0.413203
922 0.411169
923 0.409143
924 0.407128
925 0.405118
926 0.403117
927 0.401124
928 0.399138
929 0.397162
930 0.395192
931 0.393228
932 0.391276
933 0.389331
934 0.387391
935 0.385461
936 0.38354
937 0.381623
938 0.379716
939 0.377817
940 0.375923
941 0.374038
942 0.372163
943 0.370292
944 0.368429
945 0.366576
946 0.364728
947 0.362887
948 0.361057
949 0.35923
950 0.357411
951 0.355604
952 0.3538
953 0.352002
954 0.350215
955 0.348433
956 0.346658
957 0.344893
958 0.343131
959 0.341376
960 0.339636
961 0.337896
962 0.336162
963 0.334441
964 0.332722
965 0.331009
966 0.329311
967 0.327613
968 0.32592
969 0.324241
970 0.322565
971 0.320893
972 0.319235
973 0.317579
974 0.315927
975 0.314289
976 0.312653
977 0.311022
978 0.309409
979 0.307791
980 0.306179
981 0.304591
982 0.302992
983 0.301402
984 0.299857
985 0.298273
986 0.296705
987 0.295142
988 0.293585
989 0.292053
990 0.290507
991 0.288971
992 0.287505
993 0.285965
994 0.284436
995 0.282918
996 0.281433
997 0.279954
998 0.278464
999 0.277005
1000 0.276219
1001 0.274527
1002 0.273151
1003 0.271713
1004 0.270346
1005 0.269713
1006 0.26796
1007 0.266697
1008 0.265279
1009 0.263918
1010 0.262845
1011 0.261303
1012 0.26009
1013 0.258642
1014 0.257234
1015 0.255829
1016 0.254436
1017 0.253042
1018 0.251654
1019 0.250289
1020 0.248911
1021 0.247544
1022 0.246211
1023 0.244845
1024 0.243487
1025 0.242139
1026 0.240819
1027 0.239477
1028 0.238144
1029 0.236826
1030 0.235606
1031 0.234273
1032 0.232951
1033 0.231645
1034 0.230351
1035 0.229193
1036 0.227872
1037 0.226583
1038 0.225308
1039 0.224045
1040 0.222782
1041 0.221523
1042 0.220313
1043 0.219048
1044 0.2178
1045 0.216558
1046 0.21534
1047 0.214108
1048 0.212887
1049 0.211697
1050 0.210476
1051 0.209261
1052 0.208057
1053 0.207051
1054 0.205792
1055 0.204702
1056 0.203487
1057 0.202312
1058 0.201135
1059 0.199976
1060 0.19883
1061 0.197674
1062 0.196539
1063 0.195819
1064 0.194522
1065 0.193685
1066 0.192456
1067 0.19138
1068 0.190241
1069 0.189107
1070 0.187983
1071 0.186886
1072 0.186116
1073 0.184919
1074 0.183802
1075 0.182726
1076 0.181634
1077 0.180559
1078 0.179533
1079 0.178447
1080 0.177362
1081 0.176285
1082 0.175223
1083 0.174958
1084 0.173603
1085 0.172885
1086 0.171743
1087 0.170681
1088 0.169659
1089 0.168628
1090 0.16761
1091 0.166721
1092 0.165723
1093 0.164883
1094 0.164017
1095 0.1632
1096 0.163188
1097 0.162276
1098 0.161362
1099 0.160751
1101 0.159847
1102 0.159351
1104 0.158327
1105 0.157928
1107 0.156821
1108 0.156383
1109 0.15522
1110 0.154629
1111 0.153515
1112 0.152744
1113 0.151707
1114 0.150797
1115 0.149832
1116 0.148871
1117 0.14792
1118 0.146994
1119 0.146366
1120 0.145317
1121 0.144436
1122 0.143511
1123 0.142598
1124 0.141749
1125 0.140933
1126 0.140147
1127 0.139913
1128 0.138669
1129 0.138665
1130 0.137947
1131 0.137417
1132 0.137012
1133 0.13657
1134 0.136134
1135 0.135722
1137 0.135359
1138 0.135343
1140 0.135035
1141 0.134769
1142 0.134537
1143 0.134319
1144 0.1341
1145 0.133889
1146 0.133668
1147 0.133448
1148 0.133228
1149 0.133009
1150 0.132789
1151 0.13257
1152 0.132351
1153 0.132133
1154 0.131918
1155 0.131698
1156 0.13148
1157 0.131261
1158 0.131044
1159 0.130829
1160 0.130612
1161 0.130395
1162 0.130179
1163 0.129967
1164 0.129751
1165 0.129536
1166 0.129328
1167 0.129112
1168 0.128897
1169 0.128682
1170 0.128468
1171 0.128253
1172 0.128039
1173 0.127826
1174 0.127612
1175 0.127398
1176 0.127185
1177 0.126975
1178 0.126761
1179 0.126548
1180 0.126336
1181 0.126131
1182 0.125918
1183 0.125705
1184 0.125494
1185 0.125283
1186 0.125075
1187 0.124864
1188 0.124653
1189 0.124442
1190 0.124232
1191 0.124024
1192 0.123814
1193 0.123605
1194 0.123401
1195 0.123191
1196 0.122983
1197 0.122774
1198 0.122566
1199 0.122358
1200 0.122151
1201 0.121947
1202 0.12174
1203 0.121533
1204 0.121327
1205 0.121124
1206 0.120922
1207 0.120717
1208 0.120515
1209 0.120336
1210 0.120124
1211 0.119921
1212 0.119716
1213 0.119514
1214 0.119337
1215 0.119127
1216 0.118923
1217 0.11872
1218 0.118516
1219 0.118313
1220 0.118111
1221 0.117908
1222 0.117705
1223 0.117503
1224 0.117304
1225 0.117102
1226 0.1169
1227 0.116698
1228 0.116496
1229 0.116295
1230 0.116097
1231 0.115896
1232 0.115695
1233 0.115496
1234 0.115297
1235 0.115098
1236 0.114914
1237 0.114713
1238 0.114512
1239 0.114313
1240 0.114115
1241 0.113921
1242 0.113722
1243 0.113524
1244 0.113326
1245 0.113129
1246 0.112981
1247 0.112776
1248 0.112576
1249 0.11238
1250 0.112184
1251 0.111991
1252 0.111795
1253 0.111599
1254 0.111403
1255 0.111208
1256 0.111014
1257 0.110819
1258 0.110625
1259 0.110432
1260 0.110238
1261 0.110044
1262 0.10985
1263 0.109657
1264 0.109472
1265 0.109277
1266 0.109084
1267 0.108891
1268 0.108699
1269 0.108513
1270 0.10832
1271 0.108128
1272 0.107937
1273 0.107746
1274 0.107555
1275 0.107365
1276 0.107176
1277 0.106985
1278 0.106795
1279 0.106606
1280 0.106416
1281 0.106228
1282 0.106041
1283 0.105852
1284 0.105663
1285 0.105475
1286 0.105289
1287 0.105101
1288 0.104913
1289 0.104726
1290 0.104543
1291 0.104355
1292 0.104168
1293 0.103982
1294 0.103803
1295 0.103614
1296 0.103428
1297 0.103243
1298 0.103062
1299 0.102875
1300 0.10269
1301 0.102505
1302 0.102321
1303 0.102137
1304 0.101953
1305 0.101769
1306 0.101586
1307 0.101428
1308 0.101238
1309 0.101056
1310 0.100875
1311 0.100703
1312 0.10052
1313 0.10034
1314 0.100157
1315 0.0999749
1316 0.0997938
1317 0.099625
1318 0.0994425
1319 0.0992602
1320 0.0990787
1321 0.0988977
1322 0.0987175
1323 0.0985372
1324 0.0983572
1325 0.0981788
1326 0.0979989
1327 0.0978196
1328 0.0976405
1329 0.0974614
1330 0.0972825
1331 0.0971039
1332 0.0969255
1333 0.0967473
1334 0.0965693
1335 0.0963915
1336 0.096214
1337 0.0960367
1338 0.0958595
1339 0.0956827
1340 0.0955061
1341 0.0953295
1342 0.0951534
1343 0.0949778
1344 0.0948019
1345 0.0946264
1346 0.0944555
1347 0.0942791
1348 0.0941047
1349 0.0939298
1350 0.0937554
1351 0.0935854
1352 0.0934101
1353 0.0932368
1354 0.0930629
1355 0.0928894
1356 0.0927183
1357 0.0925447
1358 0.0923721
1359 0.0921992
1360 0.0920269
1361 0.0918606
1362 0.0916877
1363 0.0915152
1364 0.0913433
1365 0.0911717
1366 0.091007
1367 0.0908343
1368 0.0906636
1369 0.0904932
1370 0.0903249
1371 0.0901545
1372 0.0899849
1373 0.0898151
1374 0.0896454
1375 0.0894762
1376 0.089307
1377 0.0891379
1378 0.0889694
1379 0.0888009
1380 0.0886325
1381 0.0884648
1382 0.0882967
1383 0.088129
1384 0.0879633
1385 0.0877955
1386 0.0876285
1387 0.0874614
1388 0.0872949
1389 0.0871291
1390 0.0869626
1391 0.0867978
1392 0.0866319
1393 0.0864661
1394 0.0863011
1395 0.0861355
1396 0.0859703
1397 0.0858058
1398 0.0856409
1399 0.0854763
1400 0.0853124
1401 0.0851481
1402 0.084984
1403 0.0848206
1404 0.084657
1405 0.0844936
1406 0.0843313
1407 0.0841684
1408 0.0840058
1409 0.0838452
1410 0.0836829
1411 0.0835214
1412 0.0833598
1413 0.0831982
1414 0.0830375
1415 0.0828761
1416 0.0827152
1417 0.0825577
1418 0.0823967
1419 0.082237
1420 0.0820765
1421 0.0819162
1422 0.0817626
1423 0.0816012
1424 0.0814419
1425 0.0812827
1426 0.0811249
1427 0.0809659
1428 0.0808076
1429 0.0806499
1430 0.0804914
1431 0.0803333
1432 0.0801765
1433 0.0800289
1434 0.0798709
1435 0.0797128
1436 0.0795549
1437 0.0793975
1438 0.0792409
1439 0.079093
1440 0.0789337
1441 0.07878
1442 0.0786237
1443 0.0784682
1444 0.0783304
1445 0.0781696
1446 0.0780176
1447 0.0778631
1448 0.0777097
1449 0.0775628
1450 0.0774388
1451 0.0772876
1452 0.0771367
1453 0.076987
1454 0.0768419
1455 0.0767448
1456 0.0765646
1457 0.0764332
1458 0.076279
1459 0.0761276
1460 0.0759822
1461 0.0759406
1462 0.0757515
1463 0.0756112
1464 0.0754674
1465 0.075347
1466 0.0751931
1467 0.0750581
1468 0.0749052
1469 0.0747558
1470 0.0746045
1471 0.0744534
1472 0.0743027
1473 0.0741534
1474 0.0740042
1475 0.0738545
1476 0.0737061
1477 0.0735853
1478 0.0734273
1479 0.0732853
1480 0.0731363
1481 0.0729877
1482 0.0728399
1483 0.0726959
1484 0.0725469
1485 0.0724031
1486 0.0722602
1487 0.0721132
1488 0.0719671
1489 0.0718246
1491 0.0717054
1492 0.0716539
1494 0.0714814
1495 0.0713543
1496 0.071209
1497 0.071065
1498 0.0709243
1499 0.0708069
1500 0.0706768
1501 0.0705548
1502 0.070527
1503 0.0703396
1504 0.0702129
1505 0.0700748
1506 0.0699514
1508 0.069824
1509 0.0697915
1511 0.0696184
1512 0.0694829
1513 0.0693449
1514 0.0692232
1515 0.0690807
1516 0.0689526
1517 0.068936
1518 0.0687512
1519 0.0686216
1520 0.0684881
1521 0.0683805
1522 0.0682335
1523 0.068113
1524 0.0679682
1525 0.0678292
1526 0.0676864
1527 0.0675442
1528 0.0674023
1529 0.067261
1530 0.0671235
1531 0.0669816
1532 0.0668402
1533 0.0666992
1534 0.0665586
1535 0.0664184
1536 0.066278
1537 0.0661379
1538 0.0660006
1539 0.06586
1540 0.0657211
1541 0.0655815
1542 0.0654424
1543 0.0653043
1544 0.0651653
1545 0.0650265
1546 0.0648881
1547 0.0647507
1548 0.0646124
1549 0.0644744
1550 0.064337
1551 0.0641997
1552 0.0640625
1553 0.0639266
1554 0.0637902
1555 0.0636542
1556 0.0635224
1557 0.0633869
1558 0.063254
1559 0.0631431
1560 0.0630029
1561 0.0628807
1562 0.0627421
1563 0.0626083
1564 0.062473
1565 0.062338
1566 0.0622038
1567 0.062113
1568 0.0619645
1569 0.0618414
1570 0.0617075
1571 0.0615737
1572 0.0614403
1573 0.061308
1574 0.0611839
1575 0.0610837
1576 0.0609579
1577 0.0608371
1578 0.0607386
1580 0.0606038
1581 0.0605087
1583 0.0603866
1584 0.0602667
1585 0.0601932
1586 0.0600429
1587 0.059942
1588 0.059804
1589 0.0596721
1590 0.0595411
1591 0.0594105
1592 0.0592802
1593 0.0591493
1594 0.0590228
1595 0.0588911
1596 0.0587612
1597 0.0586312
1598 0.0585022
1599 0.0583734
1600 0.0582445
1601 0.058118
1602 0.0579909
1603 0.0578644
1604 0.0577479
1605 0.0576214
1606 0.0575035
1607 0.0574603
1608 0.0573018
1609 0.0572017
1610 0.0570716
1611 0.0569418
1612 0.0568128
1613 0.0566849
1614 0.0565591
1615 0.0564755
1616 0.0563331
1617 0.0562262
1618 0.0560959
1619 0.0559678
1620 0.0558414
1621 0.0557153
1622 0.0555894
1623 0.0554636
1624 0.0553382
1625 0.0552129
1626 0.0550876
1627 0.0549628
1628 0.0548387
1629 0.054714
1630 0.0545897
1631 0.054468
1632 0.0543508
1633 0.0542282
1634 0.0541065
1635 0.0539888
1636 0.0539823
1637 0.0538121
1638 0.0537171
1639 0.0535975
1640 0.0534816
1641 0.0533791
1643 0.0532716
1644 0.0531794
1646 0.0531172
1647 0.0530888
1649 0.0530256
1650 0.0529638
1651 0.0529026
1652 0.052842
1653 0.0527836
1654 0.052733
1655 0.0526729
1656 0.0526131
1657 0.0525539
1658 0.0524968
1659 0.0524713
1660 0.0523996
1661 0.0523388
1662 0.0522804
1663 0.0522378
1664 0.0521748
1665 0.0521149
1666 0.0520549
1667 0.0519967
1668 0.0519367
1669 0.0518768
1670 0.0518191
1671 0.0517593
1672 0.0516996
1673 0.0516422
1674 0.0515823
1675 0.0515227
1676 0.0514626
1677 0.0514025
1678 0.0513427
1679 0.0512844
1680 0.0512245
1681 0.0511645
1682 0.0511046
1683 0.0510448
1684 0.0509853
1685 0.0509256
1686 0.0508661
1687 0.0508079
1688 0.0507481
1689 0.0506887
1690 0.0506292
1691 0.0505698
1692 0.0505113
1693 0.0504517
1694 0.0503924
1695 0.0503331
1696 0.0502739
1697 0.0502147
1698 0.0501555
1699 0.0500964
1700 0.0500377
1701 0.0499786
1702 0.0499195
1703 0.0498606
1704 0.0498018
1705 0.0497429
1706 0.0496841
1707 0.0496261
1708 0.0495673
1709 0.0495085
1710 0.0494498
1711 0.0493912
1712 0.0493354
1713 0.0492763
1714 0.0492177
1715 0.0491594
1716 0.049101
1717 0.0490427
1718 0.0489855
1719 0.0489271
1720 0.0488687
1721 0.0488105
1722 0.0487523
1723 0.0486942
1724 0.0486364
1725 0.0485783
1726 0.0485202
1727 0.0484623
1728 0.0484046
1729 0.0483467
1730 0.0482888
1731 0.048231
1732 0.0481735
1733 0.0481159
1734 0.0480583
1735 0.0480029
1736 0.047945
1737 0.0478873
1738 0.0478298
1739 0.0477723
1740 0.0477152
1741 0.0476578
1742 0.0476004
1743 0.0475431
1744 0.0474861
1745 0.0474288
1746 0.0473716
1747 0.0473145
1748 0.0472576
1749 0.0472005
1750 0.0471435
1751 0.0470866
1752 0.0470303
1753 0.0469734
1754 0.0469166
1755 0.0468599
1756 0.0468043
1757 0.0467472
1758 0.0466909
1759 0.0466342
1760 0.0465776
1761 0.0465234
1762 0.0464664
1763 0.04641
1764 0.0463536
1765 0.0462972
1766 0.0462409
1767 0.0461854
1768 0.0461291
1769 0.0460728
1770 0.0460166
1771 0.0459604
1772 0.0459047
1773 0.0458488
1774 0.045793
1775 0.045738
1776 0.0456819
1777 0.0456261
1778 0.0455703
1779 0.0455151
1780 0.0454591
1781 0.0454034
1782 0.0453477
1783 0.045292
1784 0.0452365
1785 0.0451848
1786 0.0451284
1787 0.0450728
1788 0.0450176
1789 0.0449622
1790 0.0449068
1791 0.0448515
1792 0.0447962
1793 0.044741
1794 0.0446863
1795 0.044631
1796 0.0445759
1797 0.0445209
1798 0.0444661
1799 0.044411
1800 0.044356
1801 0.044301
1802 0.0442461
1803 0.0441918
1804 0.0441369
1805 0.0440821
1806 0.0440273
1807 0.0439727
1808 0.0439438
1809 0.043885
1810 0.043829
1811 0.0437748
1812 0.0437205
1813 0.0436661
1814 0.0436117
1815 0.0435574
1816 0.043503
1817 0.0434487
1818 0.0433946
1819 0.0433403
1820 0.0432862
1821 0.0432321
1822 0.043178
1823 0.043124
1824 0.04307
1825 0.0430161
1826 0.0429626
1827 0.0429086
1828 0.0428547
1829 0.0428009
1830 0.0427476
1831 0.0426938
1832 0.0426401
1833 0.0425864
1834 0.0425328
1835 0.0424795
1836 0.0424259
1837 0.0423724
1838 0.042319
1839 0.0422656
1840 0.0422122
1841 0.042159
1842 0.0421067
1843 0.0420534
1844 0.0420002
1845 0.041947
1846 0.0418939
1847 0.0418413
1848 0.0417896
1849 0.0417368
1850 0.0416844
1851 0.0416335
1852 0.04158
1853 0.0415279
1854 0.041475
1855 0.0414223
1856 0.0413724
1857 0.041319
1858 0.0412665
1859 0.041214
1860 0.0411621
1861 0.0411097
1862 0.0410575
1863 0.0410068
1864 0.0409542
1865 0.0409023
1866 0.0408499
1867 0.0407976
1868 0.0407459
1869 0.0406937
1870 0.0406416
1871 0.0405897
1872 0.0405376
1873 0.0404857
1874 0.040434
1875 0.040382
1876 0.0403322
1877 0.0402798
1878 0.040228
1879 0.0401762
1880 0.0401248
1881 0.0400733
1882 0.0400217
1883 0.0399705
1884 0.0399325
1885 0.0398774
1886 0.0398268
1887 0.039776
1888 0.0397276
1889 0.0396769
1890 0.0396266
1891 0.0395814
1892 0.0395302
1893 0.0394809
1894 0.0394294
1895 0.0393782
1896 0.039327
1897 0.0392759
1898 0.0392248
1899 0.0391738
1900 0.039123
1901 0.039072
1902 0.0390214
1903 0.0389704
1904 0.0389195
1905 0.0388735
1906 0.0388217
1907 0.0387708
1908 0.0387203
1909 0.0386696
1910 0.038619
1911 0.0385688
1912 0.0385182
1913 0.0384676
1914 0.0384171
1915 0.0383669
1916 0.0383207
1917 0.0382699
1918 0.0382192
1919 0.0381687
1920 0.0381184
1921 0.0380682
1922 0.038018
1923 0.0379679
1924 0.0379181
1925 0.037868
1926 0.0378179
1927 0.0377679
1928 0.037718
1929 0.0376682
1930 0.0376183
1931 0.0375689
1932 0.0375191
1933 0.0374693
1934 0.0374242
1935 0.0373736
1936 0.0373238
1937 0.0372744
1938 0.0372248
1939 0.0371753
1940 0.0371264
1941 0.0370769
1942 0.0370274
1943 0.036978
1944 0.0369287
1945 0.0368794
1946 0.0368301
1947 0.0367809
1948 0.036732
1949 0.0366828
1950 0.0366337
1951 0.0365846
1952 0.0365356
1953 0.0364874
1954 0.0364382
1955 0.0363894
1956 0.0363405
1957 0.0362917
1958 0.0362435
1959 0.0361946
1960 0.0361459
1961 0.0360972
1962 0.0360487
1963 0.0360004
1964 0.0359518
1965 0.0359033
1966 0.0358549
1967 0.0358064
1968 0.0357579
1969 0.0357095
1970 0.0356617
1971 0.0356133
1972 0.035565
1973 0.0355168
1974 0.0354688
1975 0.0354206
1976 0.0353725
1977 0.0353245
1978 0.0352775
1979 0.0352293
1980 0.0351813
1981 0.0351333
1982 0.0350854
1983 0.0350382
1984 0.0349902
1985 0.0349426
1986 0.0348948
1987 0.0348471
1988 0.0348001
1989 0.0347523
1990 0.0347048
1991 0.0346572
1992 0.0346097
1993 0.0345625
1994 0.034515
1995 0.0344677
1996 0.0344203
1997 0.034373
1998 0.0343284
1999 0.0342807
2000 0.0342333
2001 0.0341863
2002 0.0341391
2003 0.034092
2004 0.0340456
2005 0.0339984
2006 0.0339515
2007 0.0339046
2008 0.0338577
2009 0.0338109
2010 0.0337654
2011 0.0337182
2012 0.0336718
2013 0.0336251
2014 0.0335786
2015 0.0335346
2016 0.0334877
2017 0.0334409
2018 0.0333943
2019 0.0333478
2020 0.0333016
2021 0.033257
2022 0.0332106
2023 0.0331642
2024 0.0331178
2025 0.0330714
2026 0.0330251
2027 0.032979
2028 0.032944
2029 0.0328948
2030 0.0328497
2031 0.0328044
2032 0.0327613
2033 0.0327159
2034 0.0326717
2035 0.0326372
2036 0.0325891
2037 0.032547
2038 0.0325007
2039 0.0324547
2040 0.0324089
2041 0.0323632
2042 0.0323182
2043 0.0322733
2044 0.0322281
2045 0.0321835
2046 0.032151
2047 0.0321016
2048 0.0320594
2049 0.0320142
2050 0.0319692
2051 0.0319248
2052 0.0318845
2053 0.0318446
2054 0.0318033
2055 0.0317714
2056 0.0317239
2057 0.0316851
2058 0.0316391
2059 0.0315941
2060 0.0315491
2061 0.0315044
2062 0.0314595
2063 0.0314146
2064 0.0313698
2065 0.0313249
2066 0.0312801
2067 0.0312355
2068 0.0311908
2069 0.0311461
2070 0.0311015
2071 0.0310584
2072 0.0310134
2073 0.0309691
2074 0.0309247
2075 0.0308805
2076 0.0308415
2077 0.0307955
2078 0.0307528
2079 0.0307084
2080 0.030664
2081 0.0306197
2082 0.0305756
2083 0.0305326
2084 0.030489
2085 0.0304456
2086 0.030405
2087 0.0303612
2088 0.0303192
2089 0.0302756
2090 0.0302323
2091 0.0301883
2092 0.0301447
2093 0.0301008
2094 0.0300571
2095 0.0300137
2096 0.0299699
2097 0.0299262
2098 0.0298831
2099 0.0298395
2100 0.0297959
2101 0.0297542
2102 0.0297102
2103 0.0296669
2104 0.0296236
2105 0.0295806
2106 0.0295371
2107 0.029494
2108 0.0294507
2109 0.0294075
2110 0.0293644
2111 0.0293212
2112 0.0292781
2113 0.0292353
2114 0.0291922
2115 0.0291492
2116 0.0291063
2117 0.0290638
2118 0.0290207
2119 0.028978
2120 0.0289352
2121 0.0288925
2122 0.0288499
2123 0.0288072
2124 0.0287647
2125 0.0287253
2126 0.0286817
2127 0.0286402
2128 0.0285976
2129 0.028555
2130 0.0285125
2131 0.0284703
2132 0.0284313
2133 0.0283887
2134 0.028346
2135 0.0283035
2136 0.0282612
2137 0.028219
2138 0.0281769
2139 0.0281347
2140 0.0280926
2141 0.0280506
2142 0.0280086
2143 0.0279666
2144 0.0279246
2145 0.0278827
2146 0.0278435
2147 0.027801
2148 0.0277592
2149 0.0277175
2150 0.0276757
2151 0.027634
2152 0.0275926
2153 0.0275509
2154 0.0275093
2155 0.0274677
2156 0.0274262
2157 0.0273851
2158 0.0273435
2159 0.0273021
2160 0.0272607
2161 0.0272194
2162 0.0271782
2163 0.0271369
2164 0.0270957
2165 0.0270549
2166 0.0270136
2167 0.0269725
2168 0.0269314
2169 0.0268905
2170 0.0268496
2171 0.0268087
2172 0.0267682
2173 0.0267276
2174 0.0266871
2175 0.0266479
2176 0.0266071
2177 0.0265675
2178 0.0265271
2179 0.0264869
2180 0.026449
2181 0.0264087
2182 0.02637
2183 0.0263302
2184 0.0262905
2185 0.0262537
2186 0.0262137
2187 0.026176
2188 0.0261369
2189 0.0260978
2190 0.0260627
2191 0.0260228
2192 0.0259866
2193 0.0259476
2194 0.0259091
2195 0.0258774
2196 0.0258362
2197 0.0258015
2198 0.0257607
2199 0.0257217
2200 0.0256815
2201 0.0256414
2202 0.0256015
2203 0.0255617
2204 0.0255228
2205 0.0254828
2206 0.0254429
2207 0.0254031
2208 0.0253634
2209 0.025324
2210 0.0252843
2211 0.0252447
2212 0.0252051
2213 0.0251656
2214 0.0251263
2215 0.0250868
2216 0.0250473
2217 0.0250079
2218 0.0249689
2219 0.02493
2220 0.0248909
2221 0.0248522
2222 0.0248206
2223 0.024779
2224 0.0247438
2225 0.0247038
2226 0.0246647
2227 0.0246257
2228 0.0245867
2229 0.0245478
2230 0.0245089
2231 0.02447
2232 0.0244311
2233 0.0243932
2234 0.0243542
2235 0.0243156
2236 0.0242768
2237 0.0242381
2238 0.0241995
2239 0.0241608
2240 0.0241222
2241 0.0240837
2242 0.0240452
2243 0.0240067
2244 0.0239682
2245 0.0239298
2246 0.023895
2247 0.0238556
2248 0.0238179
2249 0.0237797
2250 0.0237417
2251 0.0237047
2252 0.0236666
2253 0.0236298
2254 0.0235942
2255 0.0235566
2256 0.0235191
2257 0.0234821
2258 0.0234493
2259 0.0234182
2260 0.0233859
2261 0.0233683
2262 0.0233227
2263 0.0232962
2264 0.0232562
2265 0.0232182
2266 0.0231805
2267 0.0231431
2268 0.0231071
2269 0.0230693
2270 0.0230315
2271 0.0229938
2272 0.0229563
2273 0.022919
2274 0.0228818
2275 0.0228444
2276 0.0228071
2277 0.0227707
2278 0.0227332
2279 0.0226968
2280 0.0226598
2281 0.022623
2282 0.0225883
2283 0.0225516
2284 0.0225166
2285 0.0224815
2286 0.0224457
2287 0.0224125
2289 0.022384
2291 0.0223693
2292 0.0223608
2293 0.0223454
2294 0.0223301
2295 0.022315
2296 0.0222999
2297 0.0222848
2298 0.0222698
2299 0.0222551
2300 0.02224
2301 0.022225
2302 0.0222101
2303 0.0221982
2304 0.0221825
2305 0.0221673
2306 0.0221523
2307 0.0221373
2308 0.0221223
2309 0.0221074
2310 0.0220937
2311 0.0220784
2312 0.0220633
2313 0.0220483
2314 0.0220333
2315 0.0220184
2316 0.0220034
2317 0.0219885
2318 0.0219736
2319 0.0219587
2320 0.0219439
2321 0.0219289
2322 0.0219139
2323 0.0218989
2324 0.021884
2325 0.0218691
2326 0.0218541
2327 0.0218392
2328 0.0218243
2329 0.0218094
2330 0.0217945
2331 0.0217796
2332 0.0217649
2333 0.0217501
2334 0.0217353
2335 0.0217207
2336 0.0217058
2337 0.0216909
2338 0.021676
2339 0.0216611
2340 0.0216463
2341 0.0216319
2342 0.021617
2343 0.0216021
2344 0.0215873
2345 0.0215725
2346 0.0215577
2347 0.0215429
2348 0.0215281
2349 0.0215133
2350 0.0214985
2351 0.0214837
2352 0.021469
2354 0.0214551
2355 0.0214427
2356 0.0214344
2358 0.0214183
2359 0.0214036
2360 0.021389
2361 0.0213756
2362 0.0213609
2363 0.0213462
2364 0.0213315
2365 0.0213168
2366 0.0213021
2367 0.0212875
2368 0.0212745
2369 0.0212598
2370 0.021245
2371 0.0212303
2372 0.0212156
2373 0.0212009
2374 0.0211862
2375 0.0211715
2376 0.0211569
2377 0.0211427
2378 0.0211279
2379 0.0211133
2380 0.0210987
2381 0.0210843
2382 0.0210696
2383 0.021055
2384 0.0210404
2385 0.0210258
2386 0.0210112
2387 0.0209967
2388 0.0209821
2389 0.0209675
2390 0.0209532
2391 0.0209386
2392 0.020924
2393 0.0209094
2394 0.0208948
2395 0.0208802
2396 0.0208656
2397 0.0208511
2398 0.020837
2399 0.0208224
2400 0.0208078
