1 225.0
11 218.4
12 211.8
13 205.2
14 198.6
15 192.0
16 185.4
17 178.8
18 172.2
19 165.6
20 159.0
21 152.4
22 145.8
23 139.2
24 132.6
25 126.0
26 119.4
27 112.8
28 106.2
29 99.6
30 93.0
31 86.4
32 79.8
33 73.2
34 66.6
35 60.0
36 57.0
45 55.1961
48 52.3867
49 50.9318
50 49.2645
51 47.7298
52 44.753
53 41.8247
54 38.9219
55 35.9869
56 33.1008
57 30.1647
58 27.407
59 24.5358
60 24.4792
61 24.4123
65 24.4083
67 24.4081
68 24.2688
69 23.1729
70 22.6472
72 22.6465
88 22.5954
95 22.5953
111 22.5484
112 22.5015
151 22.5008
152 22.5001
