1 0.00531185
13 0.00489713
16 0.00362641
19 0.00312362
22 0.000862928
27 0.000803396
28 0.00070413
30 0.000670375
31 0.000647563
32 0.000595599
33 0.000591343
41 0.000580595
46 0.000580155
51 0.00057971
52 0.000579595
53 0.000579485
54 0.000579023
56 0.000578484
57 0.000578052
58 0.000577658
59 0.000577201
60 0.000576722
61 0.000576253
62 0.000575819
63 0.000575393
64 0.000574937
65 0.000574683
66 0.000574281
69 0.000573787
70 0.000573537
71 0.00057338
72 0.000573375
74 0.000572771
75 0.000572261
76 0.000571882
77 0.000571512
78 0.000571293
79 0.00057074
80 0.000570229
81 0.000569746
82 0.000569299
83 0.000568946
84 0.000568431
85 0.000567919
86 0.000567417
87 0.000566921
88 0.000566423
89 0.000565923
90 0.000565428
91 0.000564931
92 0.000564462
93 0.000563965
94 0.000563464
95 0.000562956
96 0.00056245
97 0.000561942
98 0.000561435
99 0.000560927
100 0.000560421
101 0.000559918
102 0.000559412
103 0.000558908
104 0.000558456
105 0.000558
106 0.000557535
107 0.000557054
108 0.00055661
109 0.000556171
110 0.00055569
111 0.000555225
112 0.000554749
113 0.000554275
114 0.000553822
115 0.000553369
116 0.000552889
117 0.000552423
118 0.000551955
119 0.0005515
120 0.000551052
121 0.000550572
122 0.00055012
123 0.000549644
124 0.000549243
125 0.000548796
126 0.000548336
127 0.000547883
128 0.000547456
129 0.000547005
130 0.000546559
131 0.000546097
132 0.000545642
133 0.000545207
134 0.000544806
135 0.000544359
136 0.000543873
137 0.000543432
138 0.00054306
139 0.000542758
140 0.000542521
141 0.000542034
142 0.000541553
143 0.000541078
144 0.000540608
145 0.000540138
146 0.000539669
147 0.0005392
148 0.000538735
149 0.000538268
150 0.000537803
151 0.000537365
152 0.000536917
153 0.000536452
154 0.000535988
155 0.000535528
156 0.000535411
157 0.00053499
158 0.000534535
159 0.000534062
160 0.000533595
161 0.000533129
162 0.000532675
163 0.000532232
164 0.000531815
165 0.000531362
166 0.000530907
167 0.000530447
168 0.000529989
169 0.000529528
170 0.000529067
171 0.00052861
172 0.000528168
173 0.000527721
174 0.000527277
175 0.000526829
176 0.000526396
177 0.00052595
178 0.000525527
179 0.000525091
180 0.000524658
181 0.00052422
182 0.000523872
183 0.000523496
184 0.000523079
185 0.000522659
186 0.000522237
187 0.000521826
188 0.000521417
189 0.00052106
190 0.000520624
191 0.000520212
192 0.000519796
193 0.000519368
194 0.000518957
195 0.000518545
196 0.000518377
197 0.000517957
198 0.000517541
199 0.000517148
200 0.000516785
201 0.00051638
202 0.00051598
203 0.00051559
204 0.000515204
205 0.000514965
206 0.000514493
207 0.000514238
208 0.000513996
209 0.000513768
211 0.000513713
212 0.000513289
214 0.000513136
215 0.000513099
216 0.000513095
217 0.000512957
218 0.00051285
219 0.000512823
220 0.000512622
221 0.000512514
222 0.000512335
223 0.000512165
224 0.000512005
225 0.000511854
226 0.000511736
227 0.000511587
228 0.000511417
229 0.000511247
230 0.000511079
231 0.000510923
232 0.000510758
233 0.000510604
234 0.000510484
235 0.00051031
236 0.000510141
237 0.000509975
238 0.000509808
239 0.000509641
240 0.000509475
241 0.00050933
242 0.000509204
243 0.000509045
244 0.000508878
245 0.000508712
246 0.000508546
247 0.000508381
248 0.000508219
249 0.000508054
250 0.00050789
251 0.000507738
252 0.000507586
253 0.000507431
254 0.000507267
255 0.000507102
256 0.000506938
257 0.000506774
258 0.00050661
259 0.000506448
260 0.00050635
261 0.000506227
262 0.000506089
263 0.000505927
264 0.000505765
265 0.000505604
266 0.000505445
267 0.000505295
268 0.00050514
269 0.000504984
270 0.000504828
271 0.000504666
272 0.000504507
273 0.000504359
274 0.000504204
275 0.000504053
276 0.000503899
277 0.000503742
278 0.000503584
279 0.000503428
280 0.000503275
281 0.000503136
282 0.000502982
283 0.000502822
284 0.000502662
285 0.000502503
286 0.000502343
287 0.000502184
288 0.000502024
289 0.000501866
290 0.000501707
291 0.000501556
292 0.000501395
293 0.000501234
294 0.000501074
295 0.000500914
296 0.000500755
297 0.000500596
298 0.000500436
299 0.000500277
300 0.000500119
301 0.00049996
302 0.000499813
303 0.000499668
304 0.000499507
305 0.000499347
306 0.000499189
307 0.000499033
308 0.000498875
309 0.000498717
310 0.000498563
311 0.000498412
312 0.00049826
313 0.000498101
314 0.000497942
315 0.000497783
316 0.000497625
317 0.000497484
318 0.000497332
319 0.000497172
320 0.000497013
321 0.000496854
322 0.000496696
323 0.00049655
324 0.000496392
325 0.000496233
326 0.000496074
327 0.000495915
328 0.000495757
329 0.0004956
330 0.000495442
331 0.000495285
332 0.000495149
333 0.000494991
334 0.000494832
335 0.000494673
336 0.000494514
337 0.000494356
338 0.000494199
339 0.000494049
340 0.00049389
341 0.000493731
342 0.000493572
343 0.000493417
344 0.000493258
345 0.000493099
346 0.000492941
347 0.000492785
348 0.000492626
349 0.000492468
350 0.00049231
351 0.000492152
352 0.000491995
353 0.000491874
354 0.000491782
355 0.00049162
356 0.000491459
357 0.000491298
358 0.000491138
359 0.000490976
360 0.000490818
361 0.000490657
362 0.0004905
363 0.00049034
364 0.000490179
365 0.000490022
366 0.000489862
367 0.000489702
368 0.000489542
369 0.000489382
370 0.000489222
371 0.000489061
372 0.000488913
373 0.000488763
374 0.0004886
375 0.000488441
376 0.00048828
377 0.00048812
378 0.00048796
379 0.0004878
380 0.00048764
381 0.000487481
382 0.00048732
383 0.000487169
384 0.000487008
385 0.000486847
386 0.000486686
387 0.000486526
388 0.000486365
389 0.000486206
390 0.000486046
391 0.000485886
392 0.000485726
393 0.000485566
394 0.000485405
395 0.000485245
396 0.000485085
397 0.000484926
398 0.000484765
399 0.000484605
400 0.000484444
401 0.000484287
402 0.000484126
403 0.000483984
404 0.00048383
405 0.000483665
406 0.000483502
407 0.000483341
408 0.000483195
409 0.000483032
410 0.000482868
411 0.000482703
412 0.000482539
413 0.000482376
414 0.000482214
415 0.000482051
416 0.000481887
417 0.000481724
418 0.00048156
419 0.000481396
420 0.000481232
421 0.000481068
422 0.000480904
423 0.000480741
424 0.000480612
425 0.000480444
426 0.000480278
427 0.000480114
428 0.000479951
429 0.000479787
430 0.000479625
431 0.000479461
432 0.000479298
433 0.000479135
434 0.000478972
435 0.000478809
436 0.00047865
437 0.000478486
438 0.000478323
439 0.000478161
440 0.000478
441 0.000477838
442 0.000477681
443 0.000477522
444 0.000477371
445 0.000477209
446 0.000477047
447 0.000476888
448 0.000476732
449 0.000476609
450 0.000476453
451 0.00047629
452 0.000476127
453 0.000475966
454 0.000475822
455 0.000475665
456 0.000475508
457 0.000475353
458 0.000475196
459 0.000475076
460 0.000474974
461 0.000474802
462 0.000474639
463 0.00047448
464 0.000474322
465 0.000474174
466 0.000474015
467 0.000473857
468 0.000473701
469 0.000473546
470 0.000473402
471 0.000473262
472 0.000473105
473 0.000472948
474 0.000472792
475 0.000472638
476 0.000472483
477 0.00047233
478 0.000472176
479 0.000472023
480 0.000471874
481 0.000471723
482 0.000471574
483 0.000471423
484 0.00047127
485 0.000471122
486 0.000470971
487 0.000470823
488 0.000470676
489 0.00047053
490 0.000470411
491 0.000470287
492 0.000470138
493 0.000469998
494 0.000469857
495 0.00046973
496 0.000469605
497 0.00046949
498 0.000469417
499 0.000469343
500 0.000469168
501 0.000469015
502 0.000468874
503 0.000468752
504 0.000468627
505 0.000468613
506 0.000468599
507 0.000468437
508 0.000468281
509 0.000468128
510 0.000467986
511 0.000467842
512 0.000467733
513 0.000467587
514 0.000467444
515 0.000467298
516 0.000467175
517 0.000467033
518 0.000466902
519 0.000466755
520 0.000466609
521 0.000466463
522 0.000466317
523 0.000466173
524 0.00046603
525 0.000465885
526 0.00046574
527 0.000465596
528 0.000465473
529 0.000465344
530 0.000465198
531 0.000465053
532 0.000464908
533 0.000464764
534 0.000464623
535 0.000464481
536 0.00046434
537 0.000464198
538 0.000464056
539 0.000463914
540 0.000463776
541 0.000463635
542 0.000463495
543 0.000463355
544 0.000463216
545 0.000463084
546 0.000462946
547 0.000462804
548 0.000462663
549 0.000462527
550 0.000462388
551 0.000462258
552 0.000462127
553 0.000461985
554 0.000461845
555 0.000461705
556 0.000461566
557 0.000461427
558 0.000461295
559 0.00046118
560 0.000461041
561 0.000460903
562 0.000460762
563 0.000460624
564 0.000460487
565 0.000460349
566 0.000460214
567 0.000460076
568 0.00045994
569 0.000459803
570 0.000459667
571 0.00045953
572 0.000459393
573 0.000459264
574 0.000459129
575 0.000458994
576 0.000458861
577 0.000458727
578 0.000458596
579 0.00045846
580 0.000458324
581 0.000458188
582 0.000458052
583 0.000457916
584 0.000457781
585 0.000457655
586 0.000457527
587 0.000457405
588 0.000457267
589 0.000457131
590 0.000456996
591 0.000456862
592 0.000456729
593 0.000456596
594 0.000456461
595 0.000456327
596 0.0004562
597 0.000456067
598 0.000455933
599 0.000455802
600 0.000455668
601 0.000455536
602 0.000455407
603 0.000455276
604 0.000455146
605 0.000455014
606 0.000454881
607 0.000454749
608 0.000454617
609 0.000454485
610 0.000454353
611 0.000454231
612 0.000454098
613 0.000453966
614 0.000453839
615 0.000453707
616 0.000453575
617 0.000453443
618 0.000453311
619 0.000453179
620 0.000453048
621 0.000452987
622 0.000452871
623 0.000452762
624 0.000452623
625 0.000452489
626 0.00045236
627 0.000452239
628 0.000452119
629 0.000451997
630 0.000451885
631 0.000451766
632 0.000451649
633 0.000451534
634 0.000451413
635 0.000451325
636 0.00045132
637 0.000451296
638 0.000451139
639 0.000451018
640 0.000450989
641 0.00045098
642 0.000450924
643 0.000450791
644 0.000450663
645 0.000450533
646 0.000450405
647 0.000450277
648 0.000450148
649 0.000450025
650 0.000449903
651 0.000449785
652 0.000449658
653 0.000449533
654 0.000449414
655 0.000449288
656 0.000449161
657 0.000449034
658 0.000448908
659 0.000448782
660 0.000448659
661 0.000448535
662 0.000448429
663 0.000448331
664 0.000448194
665 0.000448069
666 0.000447946
667 0.000447842
668 0.000447791
669 0.000447662
670 0.00044753
671 0.000447405
672 0.00044729
673 0.000447165
674 0.00044704
675 0.000446913
676 0.000446787
677 0.000446668
678 0.000446545
679 0.000446427
680 0.000446306
681 0.000446181
682 0.000446088
683 0.000445979
686 0.000445854
687 0.000445765
688 0.000445689
690 0.000445648
691 0.000445526
692 0.000445436
693 0.000445389
694 0.000445258
695 0.000445156
696 0.000445043
697 0.000444956
699 0.000444947
700 0.000444824
701 0.000444736
702 0.00044469
703 0.000444689
704 0.000444615
705 0.000444477
706 0.000444364
707 0.000444252
708 0.000444153
709 0.000444035
710 0.000443933
711 0.000443803
712 0.000443679
713 0.000443562
714 0.000443441
715 0.000443321
716 0.0004432
717 0.000443096
718 0.000443043
719 0.000442899
720 0.000442769
721 0.000442645
722 0.000442528
723 0.000442423
724 0.000442294
725 0.000442168
726 0.000442044
727 0.000441922
728 0.000441796
729 0.000441671
730 0.000441547
731 0.000441422
732 0.000441299
733 0.000441174
734 0.000441051
735 0.000440926
736 0.000440801
737 0.000440676
738 0.000440551
739 0.00044043
740 0.000440305
741 0.000440183
742 0.000440059
743 0.000439942
744 0.000439821
745 0.000439699
746 0.000439574
747 0.000439449
748 0.000439325
749 0.000439206
750 0.000439082
751 0.000438958
752 0.000438834
753 0.000438711
754 0.000438587
755 0.000438464
756 0.000438344
757 0.000438221
758 0.000438097
759 0.000437974
760 0.000437851
761 0.000437728
762 0.000437605
763 0.000437484
764 0.000437362
765 0.000437239
766 0.000437116
767 0.000436994
768 0.000436872
769 0.000436753
770 0.000436629
771 0.000436506
772 0.000436386
773 0.000436263
774 0.000436144
775 0.000436021
776 0.000435901
777 0.000435779
778 0.000435671
779 0.000435558
780 0.000435434
781 0.000435311
782 0.000435189
783 0.000435067
784 0.000434945
785 0.000434823
786 0.000434702
787 0.000434581
788 0.000434467
789 0.000434352
790 0.000434228
791 0.000434108
792 0.000433986
793 0.000433865
794 0.000433744
795 0.000433623
796 0.000433502
797 0.000433386
798 0.000433281
799 0.000433165
800 0.000433041
801 0.000432919
802 0.000432799
803 0.000432691
804 0.00043257
805 0.000432449
806 0.000432328
807 0.000432208
808 0.000432096
809 0.000431977
810 0.000431856
811 0.000431735
812 0.000431615
813 0.000431496
814 0.000431376
815 0.000431257
816 0.000431139
817 0.000431019
818 0.000430901
819 0.000430782
820 0.000430664
821 0.000430549
822 0.000430429
823 0.00043031
824 0.000430196
825 0.000430076
826 0.000429958
827 0.00042984
828 0.000429724
829 0.000429605
830 0.000429489
831 0.000429373
832 0.00042926
833 0.000429142
834 0.00042903
835 0.000428912
836 0.000428795
837 0.000428677
838 0.000428559
839 0.000428443
840 0.000428327
841 0.000428216
842 0.000428106
843 0.00042799
844 0.000427872
845 0.000427762
846 0.000427646
847 0.000427538
848 0.000427424
849 0.000427329
850 0.00042722
851 0.000427108
852 0.000426996
853 0.000426892
854 0.000426807
855 0.000426695
856 0.0004266
857 0.000426491
858 0.00042641
859 0.000426297
860 0.00042621
861 0.000426105
862 0.000426
863 0.000425907
864 0.00042587
865 0.000425744
866 0.000425626
867 0.000425523
868 0.000425425
869 0.000425311
870 0.000425195
871 0.000425079
872 0.000424964
873 0.000424849
874 0.000424734
875 0.000424619
876 0.000424504
877 0.000424391
878 0.000424276
879 0.000424162
880 0.000424047
881 0.000423935
882 0.000423821
883 0.000423712
884 0.0004236
885 0.000423485
886 0.000423372
887 0.000423264
888 0.000423151
889 0.000423039
890 0.000422926
891 0.000422816
892 0.000422703
893 0.000422597
894 0.000422486
895 0.000422373
896 0.000422262
897 0.000422152
898 0.000422045
899 0.000421934
900 0.000421823
901 0.000421725
902 0.000421616
903 0.000421505
904 0.0004214
905 0.000421291
906 0.000421183
907 0.000421077
908 0.000420968
909 0.000420866
910 0.000420762
911 0.000420653
912 0.000420553
913 0.000420455
914 0.000420347
915 0.000420243
916 0.000420139
917 0.000420062
918 0.000419952
919 0.000419849
920 0.000419737
921 0.000419629
922 0.00041957
923 0.000419472
924 0.000419369
925 0.000419258
926 0.000419147
927 0.000419037
928 0.000418928
929 0.000418833
930 0.000418727
931 0.000418678
932 0.000418561
933 0.00041845
934 0.000418348
935 0.000418255
936 0.000418143
937 0.000418035
938 0.000417925
939 0.000417815
940 0.000417705
941 0.000417595
942 0.000417486
943 0.000417403
944 0.000417346
945 0.000417242
946 0.000417122
947 0.00041701
948 0.000416905
949 0.000416802
950 0.000416696
951 0.000416585
952 0.000416475
953 0.000416366
954 0.00041626
955 0.000416152
956 0.000416044
957 0.000415935
958 0.000415828
959 0.00041572
960 0.000415617
961 0.000415511
962 0.000415414
963 0.000415304
964 0.000415197
965 0.000415087
966 0.000414979
967 0.000414871
968 0.000414763
969 0.000414659
970 0.000414551
971 0.000414446
972 0.000414338
973 0.000414231
974 0.000414131
975 0.000414024
976 0.00041392
977 0.000413821
978 0.000413755
979 0.000413639
980 0.000413534
981 0.00041343
982 0.000413329
983 0.000413227
984 0.000413124
985 0.000413021
986 0.000412929
987 0.000412854
988 0.000412762
989 0.000412656
990 0.000412554
991 0.000412482
992 0.000412409
993 0.000412344
994 0.000412236
995 0.000412135
996 0.000412036
997 0.000411954
998 0.000411894
999 0.000411792
1000 0.000411687
1001 0.000411593
1002 0.000411489
1003 0.000411382
1004 0.000411276
1005 0.000411172
1006 0.000411066
1007 0.000410962
1008 0.000410871
1009 0.000410766
1010 0.000410662
1011 0.000410602
1012 0.000410485
1013 0.00041038
1014 0.000410277
1015 0.000410172
1016 0.000410068
1017 0.000409987
1018 0.000409897
1019 0.000409789
1020 0.000409685
1021 0.00040958
1022 0.000409477
1023 0.000409405
1024 0.000409335
1025 0.000409266
1026 0.000409148
1027 0.000409043
1028 0.000408942
1029 0.000408859
1030 0.000408759
1031 0.000408673
1032 0.000408565
1033 0.000408465
1034 0.000408363
1035 0.00040827
1036 0.000408168
1037 0.000408065
1038 0.000407963
1039 0.000407878
1040 0.000407781
1041 0.000407695
1042 0.000407594
1043 0.000407498
1044 0.000407403
1045 0.000407309
1046 0.000407217
1047 0.000407141
1048 0.000407047
1049 0.00040695
1050 0.000406855
1051 0.000406762
1052 0.000406672
1053 0.000406573
1054 0.000406476
1055 0.000406398
1056 0.000406294
1057 0.000406193
1058 0.000406093
1059 0.000405993
1060 0.000405893
1061 0.000405793
1062 0.000405694
1063 0.000405598
1064 0.000405503
1065 0.000405404
1066 0.000405304
1067 0.000405204
1068 0.000405105
1069 0.000405008
1070 0.000404912
1071 0.000404817
1072 0.000404732
1073 0.000404635
1074 0.000404536
1075 0.000404437
1076 0.000404338
1077 0.00040424
1078 0.000404163
1079 0.000404067
1080 0.000403971
1081 0.000403893
1082 0.000403795
1083 0.000403697
1084 0.000403598
1085 0.000403501
1086 0.000403403
1087 0.000403305
1088 0.000403207
1089 0.00040311
1090 0.000403035
1091 0.000402938
1092 0.000402842
1093 0.000402747
1094 0.000402658
1095 0.000402579
1096 0.000402488
1097 0.000402399
1098 0.000402308
1099 0.000402215
1100 0.000402121
1101 0.000402033
1102 0.000401946
1103 0.000401876
1104 0.000401773
1105 0.000401683
1106 0.000401593
1107 0.000401515
1108 0.000401496
1109 0.000401394
1110 0.000401308
1111 0.00040124
1112 0.000401135
1113 0.000401078
1114 0.000400994
1117 0.000400898
1118 0.000400834
1119 0.000400754
1120 0.000400752
1122 0.000400639
1123 0.000400543
1124 0.000400461
1125 0.000400423
1126 0.000400368
1128 0.00040033
1129 0.00040024
1131 0.000400154
1132 0.000400134
1133 0.000400053
1134 0.000399953
1135 0.000399862
1136 0.000399792
1137 0.000399713
1138 0.000399621
1139 0.000399539
1140 0.000399442
1141 0.000399351
1142 0.000399259
1143 0.000399172
1144 0.000399082
1145 0.000398991
1146 0.000398901
1147 0.000398816
1148 0.000398728
1149 0.000398639
1150 0.000398549
1151 0.000398459
1152 0.000398368
1153 0.000398279
1154 0.00039821
1155 0.000398173
1156 0.000398082
1157 0.00039799
1158 0.000397898
1159 0.000397807
1160 0.000397717
1161 0.000397629
1162 0.000397573
1163 0.00039749
1164 0.000397398
1165 0.000397312
1166 0.000397245
1167 0.000397165
1168 0.000397096
1169 0.000397038
1170 0.000396947
1171 0.000396865
1172 0.000396804
1173 0.000396709
1174 0.000396619
1175 0.00039653
1176 0.000396439
1177 0.000396349
1178 0.000396259
1179 0.00039617
1180 0.00039609
1181 0.000396002
1182 0.000395911
1183 0.000395822
1184 0.000395736
1185 0.000395647
1186 0.000395558
1187 0.00039547
1188 0.000395385
1189 0.000395298
1190 0.00039521
1191 0.000395122
1192 0.000395044
1193 0.000394955
1194 0.000394868
1195 0.000394782
1196 0.000394699
1197 0.000394612
1198 0.000394526
1199 0.000394439
1200 0.000394358
1201 0.000394273
1202 0.000394188
1203 0.000394101
1204 0.000394031
1205 0.000393943
1206 0.000393859
1207 0.000393772
1208 0.000393687
1209 0.000393602
1210 0.000393519
1211 0.00039344
1212 0.000393361
1213 0.000393274
1214 0.000393191
1215 0.000393133
1216 0.000393048
1217 0.000392962
1218 0.000392877
1219 0.00039283
1220 0.000392779
1221 0.000392695
1222 0.00039261
1223 0.000392528
1224 0.000392445
1225 0.000392362
1226 0.000392277
1227 0.000392192
1228 0.000392111
1229 0.000392026
1230 0.000391941
1231 0.000391857
1232 0.000391775
1233 0.000391691
1234 0.000391621
1235 0.000391543
1236 0.000391456
1237 0.000391372
1238 0.000391291
1239 0.000391215
1240 0.000391136
1241 0.000391068
1242 0.00039098
1243 0.000390905
1244 0.000390844
1245 0.00039084
1247 0.000390746
1248 0.000390715
1249 0.000390702
1250 0.000390674
1251 0.000390585
1252 0.000390506
1253 0.000390427
1254 0.000390388
1255 0.000390329
1256 0.00039024
1257 0.000390158
1258 0.000390089
1259 0.000390023
1260 0.000389947
1261 0.000389892
1262 0.0003898
1263 0.000389725
1264 0.000389644
1265 0.000389566
1266 0.00038949
1267 0.000389412
1268 0.000389345
1269 0.000389273
1270 0.000389193
1271 0.000389124
1272 0.000389058
1273 0.000389047
1274 0.000388997
1275 0.000388897
1276 0.000388826
1277 0.000388779
1278 0.000388727
1279 0.000388652
1280 0.000388592
1282 0.000388577
1283 0.000388495
1284 0.000388437
1287 0.000388397
1288 0.000388351
