1 112.0
13 47.0301
14 23.5481
18 23.41
32 22.5105
33 21.1257
34 21.0824
37 20.0225
39 17.925
41 17.7715
42 17.6688
45 16.2792
52 15.8075
54 15.7689
57 15.6405
58 15.5075
61 15.4456
65 15.4068
71 15.3887
76 15.34
78 15.2776
79 15.1964
80 15.1897
92 15.1874
94 15.1581
97 15.1291
98 15.1171
101 15.1124
109 15.1094
113 15.1022
114 15.0851
115 15.0679
121 15.0677
130 15.0675
135 15.0674
140 15.0673
141 15.0671
154 15.0668
155 15.0666
160 15.0665
161 15.0664
162 15.0657
169 15.0656
171 15.0655
172 15.0653
178 15.0652
181 15.065
