1 99.1512
3 99.0682
5 90.6424
6 78.309
7 65.4323
9 64.7944
15 64.6228
18 63.9766
19 63.4554
20 62.981
24 62.8936
25 62.7627
26 62.6306
27 62.4984
28 62.3665
29 62.2351
30 62.1043
31 61.9743
32 61.8456
33 61.7192
34 61.6013
36 61.591
37 61.5465
39 61.4775
40 61.4091
41 61.3427
42 61.2767
43 61.209
44 61.1539
45 61.1251
47 61.1045
49 61.0377
50 60.9704
51 60.9597
52 60.916
54 60.9008
55 60.8938
56 60.8609
57 60.8277
58 60.7946
59 60.7615
60 60.7284
61 60.6953
62 60.6623
63 60.6292
64 60.5962
65 60.5768
66 60.5741
67 60.5609
68 60.5458
70 60.5146
71 60.4811
72 60.4595
73 60.451
74 60.4195
75 60.3969
76 60.3704
77 60.3457
78 60.3291
79 60.2955
80 60.262
81 60.2285
82 60.1951
83 60.1704
84 60.1561
85 60.1412
86 60.1106
87 60.0788
88 60.0469
89 60.015
90 59.9831
91 59.9512
92 59.9194
93 59.889
94 59.8574
95 59.8264
96 59.8
97 59.7807
98 59.7742
99 59.7425
100 59.7101
101 59.6777
102 59.6452
103 59.6129
104 59.5963
105 59.573
107 59.5504
108 59.5389
109 59.5056
110 59.4725
111 59.455
112 59.4277
113 59.416
114 59.3962
116 59.363
117 59.3298
118 59.3121
121 59.2901
122 59.2834
124 59.2616
125 59.2284
126 59.1953
127 59.1622
128 59.1355
129 59.1079
130 59.0815
131 59.0521
132 59.0233
133 58.9959
134 58.9628
135 58.9297
136 58.8968
137 58.8876
139 58.8641
140 58.8584
141 58.8345
142 58.8239
143 58.7908
144 58.7579
145 58.7419
147 58.7249
148 58.715
149 58.7031
151 58.67
152 58.637
153 58.6041
154 58.5812
155 58.5663
156 58.5661
157 58.5362
158 58.5055
159 58.4746
160 58.4437
161 58.4129
162 58.382
163 58.3512
164 58.3266
165 58.3109
166 58.3052
167 58.2739
168 58.242
169 58.21
170 58.1781
171 58.1462
172 58.1143
173 58.0824
174 58.0588
175 58.037
176 58.0277
177 57.9984
178 57.9685
179 57.9385
180 57.9084
181 57.8784
182 57.8484
183 57.8184
184 57.7884
185 57.7584
186 57.7328
187 57.7096
189 57.6781
190 57.6464
191 57.6146
192 57.5994
193 57.5841
195 57.5809
197 57.5806
198 57.5642
199 57.5479
200 57.5316
201 57.5152
202 57.4989
203 57.4827
204 57.4668
206 57.4664
207 57.4566
208 57.4489
209 57.4439
210 57.4276
211 57.4114
212 57.3951
213 57.3881
214 57.3762
215 57.3731
216 57.3643
218 57.348
219 57.3317
220 57.3154
221 57.2992
222 57.283
223 57.2799
225 57.2667
226 57.2647
229 57.2566
230 57.2484
231 57.2403
232 57.2322
233 57.224
234 57.2159
235 57.2078
236 57.2062
237 57.1998
239 57.1993
240 57.1985
241 57.1944
242 57.1903
243 57.1863
244 57.1822
245 57.1782
246 57.1741
247 57.1727
248 57.1725
249 57.1692
250 57.1683
251 57.1663
253 57.1622
254 57.1582
255 57.1541
256 57.1507
257 57.1497
258 57.1448
259 57.1423
261 57.1408
262 57.1367
263 57.1353
266 57.1322
267 57.1306
268 57.1294
270 57.1253
271 57.1212
272 57.1172
273 57.1132
274 57.1092
275 57.1051
276 57.1029
277 57.1
278 57.0991
279 57.0961
280 57.0938
282 57.0929
283 57.0889
284 57.0848
285 57.0808
286 57.0767
287 57.0727
288 57.0687
289 57.0679
290 57.0678
292 57.0633
293 57.0625
294 57.0609
295 57.0568
296 57.0527
297 57.0487
298 57.0446
299 57.0406
300 57.0401
301 57.0394
302 57.0367
303 57.0363
304 57.0362
305 57.0352
306 57.0331
307 57.0311
308 57.0291
309 57.027
310 57.0251
311 57.023
312 57.0211
313 57.0201
316 57.0188
317 57.0186
318 57.0173
319 57.0165
320 57.0145
321 57.0125
322 57.0104
323 57.0084
324 57.0064
325 57.0044
326 57.0024
327 57.0008
329 57.0004
330 56.9998
331 56.9981
332 56.9963
333 56.9945
334 56.9928
335 56.991
336 56.9893
337 56.9873
338 56.9853
339 56.9833
340 56.9813
341 56.9793
342 56.9779
344 56.9773
345 56.9763
346 56.9749
347 56.9739
348 56.9718
349 56.9698
350 56.9678
351 56.9658
352 56.9638
353 56.9617
356 56.9609
358 56.9607
359 56.9588
360 56.9568
361 56.9547
362 56.9545
363 56.9539
364 56.9522
365 56.9516
366 56.9501
368 56.9481
369 56.9461
370 56.9441
371 56.9421
372 56.9406
375 56.9399
376 56.939
378 56.9371
379 56.9351
380 56.9342
381 56.9327
382 56.9325
383 56.9313
384 56.9312
386 56.9292
387 56.9272
388 56.9251
389 56.9231
390 56.9211
391 56.9192
392 56.9172
393 56.9158
394 56.9145
396 56.9137
398 56.9117
399 56.9097
400 56.9077
401 56.9057
402 56.9048
405 56.9033
406 56.9018
407 56.9009
408 56.8996
409 56.8976
410 56.8955
411 56.8935
412 56.8915
413 56.8895
414 56.8889
417 56.887
418 56.8858
421 56.8838
422 56.8817
423 56.8797
424 56.8777
425 56.8761
427 56.8756
428 56.8743
429 56.8739
430 56.8722
431 56.8701
432 56.8681
433 56.8661
434 56.8641
435 56.8621
436 56.8612
439 56.8597
442 56.8582
443 56.8562
444 56.8541
445 56.8521
446 56.8504
447 56.8491
448 56.8479
449 56.846
450 56.844
451 56.842
452 56.8401
453 56.8381
454 56.8364
455 56.8344
456 56.8332
457 56.8321
458 56.8313
459 56.8298
460 56.8282
461 56.8265
462 56.8249
463 56.8232
464 56.8216
465 56.8199
466 56.8183
467 56.8166
468 56.8151
469 56.8134
470 56.8118
471 56.8101
472 56.8087
473 56.8067
474 56.8047
475 56.8027
476 56.8007
477 56.7986
478 56.7968
479 56.795
480 56.793
481 56.7909
482 56.7896
484 56.7889
485 56.7883
487 56.7874
488 56.7864
489 56.7854
490 56.7844
491 56.7834
492 56.7823
495 56.7819
497 56.7816
498 56.7811
499 56.7808
500 56.7805
501 56.7803
502 56.7799
503 56.7795
504 56.7791
505 56.7788
506 56.7784
507 56.7782
508 56.7779
510 56.7775
511 56.7771
512 56.7767
513 56.7763
514 56.7759
515 56.7758
516 56.7755
518 56.7754
