1 0.0386557
28 0.0308855
29 0.0254596
30 0.0237397
32 0.0234561
35 0.0158923
45 0.0157061
48 0.0155226
49 0.0150083
51 0.0144254
55 0.0142789
59 0.0138365
60 0.0133909
61 0.0130627
64 0.0128996
68 0.0126512
71 0.0125247
72 0.0124054
78 0.012229
79 0.0122079
81 0.012109
82 0.0119598
83 0.0118864
84 0.011754
87 0.0116622
91 0.0116375
92 0.0115418
94 0.0115141
95 0.0114414
98 0.0114241
100 0.0114019
101 0.0113954
102 0.0113079
103 0.0112396
104 0.0111911
105 0.0111287
106 0.0110702
107 0.0110203
109 0.0110189
110 0.0110109
112 0.0109404
113 0.0108832
115 0.0108682
116 0.0107892
117 0.0107643
118 0.0107371
119 0.010701
120 0.0106915
121 0.0106878
124 0.0106404
125 0.0105921
127 0.0105902
128 0.0105682
129 0.0105644
130 0.0105422
131 0.0104688
132 0.0104666
133 0.010456
134 0.0104109
135 0.0103797
136 0.0103338
137 0.0102903
138 0.0102736
141 0.010184
142 0.010108
143 0.0100639
144 0.0100017
145 0.00998407
146 0.00991029
147 0.00985716
148 0.00981821
149 0.00978712
153 0.00976371
154 0.00974219
155 0.00968421
158 0.00964461
159 0.00961468
160 0.00959326
162 0.00955256
165 0.00951624
167 0.00949535
168 0.00943495
169 0.00942838
170 0.00942734
171 0.00939584
172 0.00936709
173 0.0093261
174 0.00927132
177 0.00919276
178 0.0091271
179 0.00912193
185 0.00905019
186 0.00900316
189 0.00894149
192 0.00892125
193 0.00891285
194 0.00885458
195 0.0088411
196 0.00882538
197 0.00880445
199 0.00870236
200 0.00863617
201 0.00859223
202 0.00858605
203 0.00857683
206 0.00849728
207 0.00844828
208 0.00839953
209 0.00836253
211 0.00835311
212 0.00827728
213 0.00825224
214 0.00824045
215 0.00822959
216 0.00818997
219 0.00815591
220 0.00811269
222 0.00803314
223 0.00797752
225 0.00796136
226 0.00792717
227 0.00791878
230 0.0079118
231 0.00783111
232 0.00779987
233 0.00771921
234 0.0076879
235 0.00764308
236 0.00761132
237 0.0075527
238 0.00752149
239 0.00746936
240 0.00744963
243 0.00735488
244 0.00732552
245 0.00732211
246 0.00731055
247 0.00729372
249 0.0072326
250 0.00718999
253 0.00712092
254 0.00706496
255 0.00703756
256 0.00697844
257 0.00693891
258 0.00689053
259 0.00688217
261 0.00686844
263 0.00684268
264 0.00680319
265 0.00679822
267 0.00671387
268 0.00664826
269 0.00661831
270 0.00658778
271 0.00655298
272 0.00651971
273 0.00645762
274 0.0064469
275 0.00643586
276 0.00639545
277 0.0063474
278 0.00631935
279 0.00627709
282 0.006231
283 0.00621749
284 0.00620963
285 0.00616307
286 0.00614874
287 0.00610433
288 0.00608159
289 0.00604541
290 0.00601083
291 0.00599034
292 0.00595676
293 0.00592718
294 0.0059005
295 0.00587898
296 0.00584459
297 0.0058049
298 0.00579591
300 0.00576862
301 0.00575946
303 0.00575052
306 0.0057143
308 0.00570242
310 0.00567739
313 0.00566324
319 0.00564697
320 0.00563084
321 0.00562323
322 0.00562038
323 0.00561328
324 0.00559562
325 0.0055885
326 0.00558331
328 0.00556703
329 0.00555194
330 0.00553518
331 0.00552083
332 0.00550927
333 0.00549728
334 0.00548588
335 0.00547757
336 0.00546511
337 0.00545361
338 0.00543841
339 0.0054244
340 0.00541426
341 0.00540283
342 0.0053917
343 0.00538071
346 0.00536721
347 0.00535679
348 0.00535251
350 0.00534896
351 0.00533791
352 0.00533037
354 0.00532705
355 0.00531844
357 0.00531283
358 0.00530315
359 0.00529592
360 0.00529004
361 0.00528304
362 0.00527771
363 0.00527712
365 0.00526197
366 0.00524581
367 0.00523937
368 0.00523905
372 0.00522615
373 0.00522024
375 0.0052185
376 0.00520591
377 0.00519655
378 0.00518894
379 0.00518671
380 0.0051867
381 0.00518148
382 0.0051672
383 0.00516443
384 0.00516172
385 0.00515796
386 0.00514254
387 0.00512953
388 0.00512055
390 0.00512052
391 0.0051203
392 0.00511776
393 0.00511513
394 0.00511426
395 0.00510381
396 0.00510103
397 0.0050968
398 0.0050952
399 0.00509519
400 0.00507589
401 0.00507342
402 0.0050727
403 0.00506834
404 0.00506451
405 0.00505306
406 0.00504893
409 0.0050369
410 0.00502609
411 0.0050141
412 0.00500282
413 0.0049916
414 0.00498057
415 0.00497335
416 0.00497249
418 0.00495908
419 0.00495288
420 0.00494229
421 0.0049366
425 0.00493384
426 0.00493117
427 0.00492628
428 0.00492466
429 0.00492282
430 0.00491939
432 0.00491524
433 0.00490424
434 0.00490311
436 0.00489728
437 0.00489662
438 0.0048912
439 0.00488205
440 0.0048751
443 0.0048713
444 0.00486468
446 0.00486131
447 0.00485608
448 0.00485337
451 0.004848
454 0.00484213
459 0.00483919
460 0.00483473
461 0.00483032
462 0.00482701
463 0.00482521
466 0.00482391
467 0.00481898
468 0.00481592
469 0.00481168
470 0.00480805
471 0.004806
472 0.00480366
473 0.00480214
474 0.00480048
476 0.004796
477 0.00479254
478 0.00478944
479 0.0047874
480 0.00478522
483 0.00478454
484 0.00478352
485 0.00477829
486 0.00477649
487 0.00477429
489 0.00477271
490 0.00476926
492 0.0047684
493 0.00476719
494 0.00476664
495 0.00476233
496 0.00475945
497 0.00475701
498 0.00475537
499 0.00475199
500 0.00475039
501 0.00474824
503 0.00474723
504 0.00474205
505 0.00473808
506 0.0047362
508 0.00473518
509 0.0047342
510 0.00473401
511 0.00473329
512 0.00473158
513 0.00472768
514 0.0047245
515 0.00472362
516 0.00472079
518 0.00471872
519 0.00471548
520 0.00471411
522 0.00471316
524 0.00471146
526 0.00470996
527 0.00470682
528 0.00470445
530 0.00470434
531 0.0047027
533 0.00469962
534 0.00469682
535 0.00469505
536 0.00469386
539 0.00468931
540 0.00468892
541 0.00468831
542 0.00468633
543 0.00468589
545 0.00468436
546 0.00468272
547 0.00467811
548 0.00467481
549 0.00467246
550 0.00466975
551 0.0046675
553 0.00466638
554 0.00466494
557 0.00466225
558 0.00466003
559 0.00465802
562 0.00465794
564 0.00465609
565 0.00465337
566 0.00465061
567 0.00465057
569 0.00464721
570 0.00464588
571 0.00464442
572 0.00464143
575 0.00463915
576 0.00463725
577 0.0046351
582 0.0046326
583 0.00463058
586 0.00462853
589 0.0046266
590 0.00462608
591 0.00462572
594 0.00462324
595 0.004622
596 0.00462199
597 0.00462192
599 0.00462112
600 0.00461949
601 0.00461788
602 0.0046176
603 0.00461715
604 0.00461692
607 0.0046152
608 0.00461116
609 0.00461037
612 0.00461032
613 0.00460827
616 0.00460765
617 0.00460501
618 0.00460339
620 0.00460281
621 0.00460087
622 0.00459906
625 0.00459642
626 0.00459446
629 0.00459287
630 0.00458996
631 0.0045899
633 0.00458795
634 0.0045847
635 0.00458239
636 0.00458151
640 0.00458058
641 0.00458023
643 0.0045773
645 0.00457576
647 0.00457504
648 0.00457356
649 0.00457216
650 0.00457206
651 0.00457183
652 0.0045712
653 0.00456934
655 0.00456926
656 0.00456568
657 0.00456412
658 0.00456401
659 0.00456322
660 0.00456211
662 0.00456196
663 0.00455989
666 0.00455774
667 0.0045565
672 0.00455339
673 0.0045518
676 0.00455087
677 0.00454893
678 0.00454806
680 0.00454798
682 0.00454754
684 0.00454682
685 0.0045424
686 0.00454116
689 0.00453965
690 0.00453957
691 0.00453928
694 0.00453544
695 0.00453423
698 0.00453221
700 0.00453181
701 0.00453021
704 0.0045272
705 0.00452571
707 0.00452525
708 0.00452519
709 0.00452514
712 0.00452147
713 0.00452002
715 0.00451975
716 0.00451716
718 0.00451619
719 0.00451588
721 0.00451433
722 0.00451149
724 0.00451141
725 0.00450973
726 0.00450895
727 0.0045086
728 0.00450724
729 0.00450685
732 0.00450299
733 0.0044997
734 0.0044964
735 0.00449339
736 0.00448987
737 0.00448642
738 0.00448286
739 0.00447931
740 0.00447612
741 0.00447276
742 0.00446905
743 0.00446543
744 0.00446181
745 0.00445817
746 0.00445452
747 0.00445089
748 0.00444724
749 0.00444367
750 0.00443983
751 0.00443615
752 0.00443343
753 0.00443037
754 0.00442532
755 0.00442144
756 0.00441736
757 0.00441424
758 0.00441009
759 0.00440577
760 0.00440161
761 0.00439822
762 0.0043941
763 0.00439069
764 0.00438638
765 0.00438228
766 0.00437846
767 0.00437541
768 0.00437203
769 0.00436808
770 0.00436386
771 0.00436047
772 0.00435642
773 0.0043523
774 0.00434839
775 0.0043444
776 0.00434044
777 0.00433651
778 0.00433291
779 0.0043291
780 0.0043247
781 0.00432055
782 0.0043162
783 0.00431194
784 0.00430791
785 0.00430413
786 0.00430056
787 0.00429961
788 0.00429314
789 0.00428833
790 0.00428453
791 0.00428192
792 0.00428058
793 0.00427934
794 0.00427511
795 0.00427046
796 0.00426721
797 0.00426372
798 0.00426067
799 0.00425682
800 0.0042524
801 0.00424815
802 0.00424413
803 0.00424281
804 0.00424144
805 0.00423734
806 0.00423185
807 0.00422729
808 0.00422319
809 0.00421944
810 0.00421594
811 0.00421364
812 0.00420891
813 0.00420568
814 0.00420361
815 0.00420237
818 0.00419968
819 0.00418591
820 0.0041752
821 0.0041649
822 0.0041598
823 0.00415409
824 0.00415285
825 0.00415165
828 0.00414331
829 0.00413537
830 0.00412738
831 0.00412306
832 0.00411541
833 0.00410881
834 0.00410162
835 0.00409479
836 0.0040886
837 0.00408468
838 0.00407978
840 0.00407775
842 0.00407763
843 0.00406996
844 0.00406277
845 0.00405681
846 0.00405142
847 0.00404905
848 0.0040436
849 0.004039
850 0.00403653
852 0.00403074
853 0.00402325
854 0.00401687
855 0.00400987
856 0.00400426
857 0.00400007
858 0.00399618
859 0.00399083
860 0.00399002
862 0.0039826
863 0.00397602
864 0.00396883
865 0.00396192
866 0.00395535
867 0.00394903
868 0.00394334
869 0.00393655
870 0.00393051
871 0.00392452
872 0.00391814
873 0.0039154
874 0.00391232
875 0.0039077
876 0.00390119
877 0.00389513
878 0.00388889
879 0.00388603
880 0.0038796
881 0.00387335
882 0.00386641
883 0.00386251
884 0.00385706
885 0.00385115
886 0.00384655
887 0.00384258
888 0.00383897
891 0.0038323
892 0.00382582
893 0.00382188
894 0.00381982
895 0.00381433
896 0.00380886
897 0.00380602
898 0.00380315
899 0.00379936
900 0.00379377
901 0.00378819
902 0.00378422
903 0.0037841
904 0.00378405
905 0.00377759
906 0.00377268
907 0.00376921
908 0.00376618
909 0.00376156
910 0.00375825
911 0.00375749
912 0.00375498
913 0.00375222
914 0.00374653
915 0.00374198
916 0.0037384
917 0.00373576
918 0.00373219
919 0.00373096
920 0.00372565
921 0.00372426
923 0.00372397
924 0.00371835
925 0.00371512
926 0.00371242
927 0.00371141
928 0.0037059
929 0.00370237
930 0.00369933
931 0.00369816
932 0.00369755
933 0.00369576
934 0.0036917
935 0.00368944
938 0.00368429
939 0.00368346
940 0.00368306
942 0.0036818
943 0.00367796
944 0.00367308
945 0.00367143
946 0.0036682
947 0.00366348
948 0.00366057
949 0.00365615
950 0.00365288
951 0.00364976
952 0.00364866
953 0.00364617
958 0.00364135
959 0.00363696
960 0.00363476
963 0.00363296
964 0.0036294
965 0.00362846
966 0.00362796
967 0.00362426
968 0.00362036
969 0.003618
970 0.0036155
971 0.00361188
972 0.00361031
973 0.00360666
974 0.00360357
975 0.00360121
976 0.0035986
977 0.00359771
979 0.00359701
981 0.00359484
982 0.00359125
983 0.00358859
984 0.00358639
985 0.00358395
986 0.00358124
987 0.00357956
990 0.00357879
992 0.00357627
993 0.00357518
996 0.00357368
998 0.0035732
999 0.00357131
1002 0.00356912
1003 0.00356808
1005 0.00356765
1007 0.00356756
1008 0.00356537
1010 0.00356503
1012 0.00356438
1014 0.00356398
1015 0.0035634
1016 0.00356312
1017 0.00356269
1019 0.0035626
1020 0.00356178
1021 0.00356149
1022 0.00356066
1023 0.00355984
1024 0.00355918
1025 0.00355895
1026 0.00355862
1027 0.00355768
1028 0.00355698
1029 0.00355657
1030 0.00355593
1031 0.00355542
1032 0.00355455
1033 0.00355383
1034 0.00355295
1035 0.00355233
1036 0.00355151
1037 0.00355076
1038 0.00355036
1039 0.0035501
1041 0.00354966
1042 0.00354933
1043 0.00354833
1044 0.00354781
1045 0.00354711
1046 0.00354657
1049 0.00354647
1052 0.0035464
1053 0.0035456
1054 0.00354518
1055 0.00354481
1056 0.00354402
1057 0.00354336
1058 0.00354302
1059 0.00354271
1061 0.00354263
1062 0.00354194
1063 0.00354179
1065 0.00354166
1066 0.00354099
1069 0.0035407
1070 0.00354038
1071 0.00353983
1072 0.00353971
1073 0.00353948
1074 0.00353904
1075 0.00353843
1076 0.00353815
1077 0.0035378
1079 0.0035377
1080 0.00353714
1081 0.00353699
1082 0.00353658
1083 0.00353655
1084 0.0035365
1085 0.00353636
1086 0.00353561
1087 0.00353538
1088 0.00353503
1089 0.0035344
1090 0.00353404
1091 0.00353399
1093 0.00353397
1095 0.00353344
1096 0.00353315
1098 0.00353307
1099 0.00353258
1100 0.00353231
1103 0.00353181
1104 0.00353145
1107 0.00353113
1108 0.00353066
1109 0.00353054
1110 0.00352998
1111 0.00352949
1112 0.00352912
1113 0.00352873
1114 0.00352828
1115 0.00352792
1116 0.00352775
1117 0.00352736
1120 0.0035273
1121 0.00352723
1122 0.00352677
1123 0.00352657
1126 0.00352647
1129 0.00352599
1132 0.00352565
1133 0.00352554
1138 0.00352516
1139 0.0035249
1140 0.00352463
1143 0.00352454
1144 0.00352436
1146 0.00352434
1147 0.00352402
1149 0.00352388
1150 0.00352365
1151 0.00352356
1153 0.00352327
1156 0.00352304
1158 0.00352296
1161 0.0035228
1162 0.00352277
1166 0.00352245
1167 0.00352242
1168 0.00352241
1169 0.00352238
1171 0.00352209
1172 0.00352188
1174 0.00352186
1177 0.00352157
1178 0.00352151
1184 0.00352132
