1 0.0267398
32 0.0207771
39 0.0193962
43 0.0187722
47 0.0165984
53 0.013665
57 0.0136108
69 0.0115914
70 0.0112847
71 0.0111186
73 0.0109289
74 0.0106692
76 0.0103823
79 0.0103105
80 0.0102669
81 0.00971944
83 0.00963966
84 0.00932652
87 0.00931356
88 0.00931011
90 0.00872561
93 0.00862335
94 0.00858208
97 0.00843132
99 0.00834587
105 0.00828777
106 0.00823572
107 0.00799695
108 0.00799239
110 0.00787731
111 0.00782936
119 0.00762275
120 0.00760262
123 0.00758768
124 0.00749518
125 0.00743575
126 0.00742557
129 0.0074014
131 0.00739723
132 0.00732924
134 0.00725509
136 0.0072477
139 0.0072012
141 0.00720092
147 0.00711865
151 0.00708447
154 0.00704747
155 0.00704031
160 0.00698537
161 0.00698345
163 0.00692751
166 0.00690722
167 0.00689146
173 0.00687552
176 0.00684604
177 0.00681315
178 0.0068037
180 0.00678441
181 0.00676109
183 0.00673159
184 0.00669889
187 0.00669176
193 0.0066548
195 0.00665209
196 0.00663078
199 0.00660458
202 0.00659757
204 0.00659718
206 0.00658121
207 0.00656685
208 0.0065548
209 0.00655313
213 0.00652967
214 0.00651125
216 0.00650881
217 0.00650381
221 0.00648825
222 0.00647492
223 0.00647475
224 0.00647149
226 0.00647011
227 0.00646067
230 0.00644052
231 0.00643966
232 0.00643608
233 0.0064307
234 0.00642286
235 0.00641795
237 0.00641314
238 0.00640984
241 0.00639165
242 0.00637838
243 0.00637648
245 0.00637593
248 0.00637526
249 0.00635783
250 0.00634949
251 0.00634418
252 0.00634404
253 0.00634222
255 0.00632802
257 0.0063261
260 0.00632293
261 0.00632073
264 0.00632033
266 0.0063064
269 0.00630377
273 0.0062918
274 0.00629144
277 0.00628738
278 0.00628316
279 0.00628003
280 0.00626983
281 0.00626488
282 0.00625248
283 0.00624971
284 0.00624434
285 0.00623895
286 0.00622956
287 0.00622468
289 0.00622375
290 0.00622022
293 0.00620926
295 0.00620599
300 0.00619366
301 0.0061916
303 0.00618857
307 0.00617478
309 0.00617431
313 0.00616202
314 0.00615298
320 0.00614423
323 0.00614125
328 0.00613286
329 0.00613145
330 0.00613103
333 0.00613042
335 0.00612457
339 0.00612278
340 0.0061151
341 0.00611011
342 0.00610792
343 0.00610092
344 0.00609405
345 0.00608906
346 0.00608624
349 0.00608325
350 0.00608305
351 0.00608253
352 0.0060815
353 0.00607261
354 0.00606573
355 0.00606195
356 0.00605762
360 0.00605685
361 0.00605594
363 0.00605305
365 0.00604617
366 0.00604333
369 0.00603844
370 0.00603118
371 0.00602935
372 0.00602513
373 0.00601874
374 0.00601505
375 0.00600971
376 0.00600712
377 0.00600501
378 0.00600194
380 0.00600115
381 0.00599567
382 0.00598989
385 0.00598975
387 0.00598427
388 0.00598309
390 0.005975
391 0.00597242
392 0.00597128
394 0.00596534
397 0.00596045
398 0.00595858
399 0.00595767
400 0.00595234
401 0.00595126
402 0.00595043
403 0.0059436
404 0.00594302
406 0.00593718
407 0.00593337
408 0.00593211
410 0.00593004
412 0.00592881
414 0.00592873
415 0.00592341
416 0.00591667
417 0.00591303
420 0.00590898
421 0.00590533
424 0.00590142
425 0.00589634
426 0.00589452
428 0.0058886
429 0.00588337
430 0.00587815
431 0.005875
433 0.00587411
436 0.00586894
437 0.00586463
439 0.00586265
440 0.00585897
441 0.0058589
443 0.00585219
446 0.00584781
447 0.00584731
449 0.00583968
450 0.00583468
451 0.00583123
452 0.00582658
453 0.00582508
454 0.0058244
455 0.00581943
456 0.00581388
458 0.00581216
459 0.00580647
460 0.00580208
461 0.00579636
462 0.00579428
463 0.005793
464 0.00579093
466 0.00579024
469 0.00578356
470 0.00577918
471 0.00577678
473 0.00577603
475 0.00577369
476 0.00576802
477 0.00576687
479 0.00576619
480 0.00576547
481 0.00576295
482 0.00576101
483 0.00575368
485 0.00575162
486 0.00574656
487 0.00574108
488 0.00573905
489 0.00573709
490 0.00573485
491 0.00572978
492 0.00572717
495 0.0057264
496 0.00572344
497 0.00571619
498 0.00571109
499 0.00570852
502 0.00570177
503 0.00569649
506 0.0056934
508 0.00568908
509 0.00568657
511 0.00568324
512 0.00567845
513 0.00567334
514 0.0056691
515 0.00566616
516 0.00566394
517 0.00566092
519 0.00565973
520 0.00565895
522 0.00565658
523 0.00564657
524 0.00564123
525 0.00563599
527 0.00563539
530 0.00563247
531 0.00563194
532 0.00562736
533 0.00562353
534 0.00562266
535 0.00562142
538 0.00561405
539 0.0056084
540 0.0056075
542 0.00560642
543 0.0056061
546 0.00559985
547 0.0055987
548 0.00559763
549 0.00559527
551 0.00559037
554 0.00558447
557 0.00557863
558 0.00557499
559 0.00557231
564 0.00556591
565 0.00556175
566 0.00555759
567 0.00555543
571 0.00555071
572 0.00554608
574 0.00554488
575 0.00554116
576 0.00553843
577 0.005536
580 0.00553214
581 0.00552729
582 0.00552507
584 0.00552054
585 0.00551841
586 0.00551303
587 0.0055112
588 0.00550941
589 0.00550677
592 0.00550217
593 0.00549445
594 0.00549227
595 0.00549135
596 0.00548934
598 0.00548703
599 0.00548483
600 0.00547865
601 0.0054753
603 0.00547028
604 0.00546937
606 0.00546279
607 0.00545703
608 0.00545535
609 0.00545311
610 0.00545053
611 0.0054491
612 0.00544901
613 0.00544497
614 0.00543788
615 0.00543444
616 0.00543257
619 0.00542601
620 0.00542249
621 0.00541726
622 0.00541556
623 0.00541472
626 0.00541249
627 0.00541026
628 0.00540857
629 0.00540277
630 0.0053968
631 0.00539316
632 0.00539073
633 0.00538569
634 0.00538464
638 0.00538087
640 0.0053779
641 0.00537192
642 0.00536691
644 0.00536604
645 0.00536564
646 0.00536418
647 0.00535774
648 0.00535308
649 0.00535124
651 0.00534604
652 0.00534519
654 0.00534349
655 0.00533753
656 0.00533568
657 0.00533247
658 0.00533013
659 0.00532369
660 0.00532151
661 0.00531947
664 0.00531929
665 0.00531245
668 0.00531153
669 0.00531047
670 0.00530405
671 0.00530249
672 0.00530187
675 0.00529807
676 0.00529475
678 0.00528841
679 0.00528316
680 0.00527722
681 0.00527705
682 0.00527551
683 0.00527517
684 0.00527317
685 0.0052723
687 0.00526189
688 0.00525499
689 0.00525176
691 0.00525152
692 0.00524699
696 0.00524441
697 0.00524173
699 0.00523531
700 0.00523203
703 0.00522898
705 0.00522302
707 0.00522255
708 0.0052197
709 0.00521941
710 0.00521908
712 0.00521579
713 0.00520998
714 0.00520748
715 0.00520716
716 0.00520543
717 0.0052028
718 0.00519623
719 0.00519108
720 0.00519022
722 0.00519021
723 0.00518934
724 0.00518156
725 0.00517646
726 0.00517179
727 0.00516742
731 0.00516708
732 0.00516476
734 0.00516322
735 0.00516153
736 0.00515688
739 0.00515416
742 0.00514768
743 0.00514654
744 0.00514589
747 0.0051445
748 0.00514122
749 0.00513427
750 0.00512948
752 0.00512912
753 0.00512663
754 0.00512267
755 0.00511517
756 0.00510973
757 0.005106
758 0.00510278
759 0.0051021
760 0.00509994
761 0.00509684
765 0.00509019
766 0.00508833
767 0.00508729
768 0.00508618
771 0.00508472
772 0.0050827
773 0.00507795
775 0.00507593
776 0.00507175
777 0.005069
778 0.00506204
781 0.00505916
782 0.00505471
785 0.00505003
786 0.00504571
787 0.00504551
788 0.00504361
791 0.00503628
792 0.00503285
793 0.00503135
795 0.0050296
796 0.00502942
799 0.00502806
800 0.00501985
801 0.00501742
803 0.00501266
806 0.00500985
808 0.00500855
809 0.00500212
810 0.00500044
811 0.00500036
812 0.00499465
813 0.00498937
814 0.00498523
815 0.00498387
817 0.00498215
818 0.00497532
820 0.0049743
821 0.00497289
822 0.00497253
823 0.00496498
824 0.00496288
825 0.00496038
830 0.0049566
831 0.0049498
832 0.00494822
835 0.00494818
836 0.00494193
837 0.0049401
838 0.00493559
839 0.00493315
840 0.00493106
841 0.00492923
842 0.00492544
844 0.00492365
845 0.00491609
846 0.00491514
848 0.00491331
853 0.00490513
854 0.00490355
856 0.00489799
858 0.00489762
859 0.00489347
860 0.00489217
862 0.0048914
864 0.0048882
865 0.00488223
866 0.00487495
867 0.00487289
868 0.00487248
869 0.00487201
870 0.00486801
871 0.00486213
872 0.00485559
874 0.00485488
875 0.00485375
877 0.00484982
878 0.00484492
879 0.00484097
880 0.00483882
881 0.00483776
882 0.00483717
884 0.00483625
886 0.00483489
887 0.0048262
888 0.00481974
889 0.00481593
890 0.00481452
892 0.00481234
897 0.00481053
899 0.00480409
900 0.00480269
901 0.00479747
903 0.00479533
904 0.00479019
906 0.00478973
907 0.00478631
908 0.00478509
910 0.00478375
911 0.00478045
912 0.00477611
913 0.00477468
914 0.00477219
915 0.00476739
916 0.00476618
917 0.00475913
920 0.00475897
922 0.00475141
923 0.00475003
924 0.00474806
926 0.00474766
927 0.00474412
928 0.00473835
931 0.00473542
932 0.00473218
933 0.00473175
934 0.00472939
935 0.00472729
936 0.00472309
938 0.00472207
941 0.00471632
942 0.00471477
943 0.00471453
945 0.00471425
946 0.0047099
949 0.00470801
952 0.00470581
954 0.00469914
955 0.00469634
958 0.00469626
960 0.0046936
963 0.00468733
964 0.00468181
965 0.00467975
966 0.00467739
967 0.00467652
969 0.00467499
970 0.00467473
971 0.00467372
972 0.00467266
973 0.00466659
974 0.0046597
975 0.00465433
976 0.00464794
977 0.00464539
980 0.00464222
982 0.00464184
984 0.00463992
985 0.00463961
986 0.0046332
989 0.00462692
990 0.00462488
993 0.00462136
994 0.00461995
995 0.00461926
996 0.00461589
999 0.00461248
1002 0.00460765
1003 0.00460083
1005 0.00460064
1006 0.00459994
1008 0.00459988
1012 0.00459701
1013 0.0045907
1014 0.00459028
1016 0.00458744
1018 0.00458733
1019 0.00457991
1021 0.00457848
1023 0.00457815
1024 0.00457425
1025 0.00457177
1026 0.0045675
1027 0.00456601
1028 0.00456486
1032 0.00455827
1034 0.00455721
1035 0.00455388
1036 0.0045537
1037 0.00455174
1040 0.00455136
1041 0.00454665
1042 0.00454166
1045 0.00453713
1046 0.00453137
1047 0.00453003
1048 0.00452999
1049 0.00452922
1051 0.00452511
1052 0.00452367
1054 0.0045219
1055 0.00451679
1058 0.00451676
1059 0.00451513
1060 0.00450826
1061 0.00450753
1065 0.00450349
1068 0.00449692
1069 0.00449509
1070 0.00449359
1071 0.00449337
1072 0.00449323
1074 0.004486
1075 0.00448121
1076 0.00447636
1077 0.00447232
1078 0.00447222
1079 0.00446929
1080 0.00446555
1081 0.00446534
1083 0.00446133
1084 0.00445678
1085 0.0044518
1088 0.00445034
1089 0.0044485
1090 0.00444727
1091 0.00444658
1092 0.00444408
1093 0.00443802
1094 0.00443458
1097 0.00442951
1098 0.0044268
1099 0.00442471
1100 0.00442213
1101 0.0044214
1102 0.0044201
1103 0.00441944
1104 0.00441906
1106 0.00441572
1107 0.00441244
1108 0.00440941
1109 0.00440509
1110 0.00440403
1111 0.00439899
1114 0.00439773
1117 0.00439672
1120 0.00439071
1121 0.00438766
1122 0.00438503
1125 0.00438046
1128 0.00437647
1131 0.00437609
1132 0.00437484
1134 0.00436903
1136 0.00436758
1137 0.00436396
1138 0.00436267
1140 0.00435996
1142 0.00435747
1143 0.00435364
1144 0.00434823
1147 0.00434495
1148 0.00433975
1149 0.004339
1150 0.00433783
1153 0.00433497
1156 0.0043301
1157 0.00432747
1161 0.00432606
1162 0.00432171
1163 0.00432007
1165 0.00431809
1166 0.00431769
1167 0.00431675
1169 0.00431578
1171 0.00431327
1172 0.00430579
1173 0.00430379
1176 0.00430326
1177 0.00430269
1178 0.00430258
1180 0.0042991
1181 0.00429537
1183 0.00429425
1184 0.00429371
1185 0.0042894
1186 0.00428729
1187 0.00428616
1188 0.00428256
1189 0.00427909
1192 0.00427447
1193 0.00427059
1199 0.00426954
1200 0.00426528
1203 0.00426372
1204 0.00426365
1205 0.00426173
1206 0.00426071
1207 0.00425973
1208 0.00425493
1209 0.00425223
1211 0.00425161
1212 0.00425159
1214 0.0042457
1215 0.00424541
1219 0.00424108
1220 0.00423722
1222 0.00423617
1223 0.00423586
1224 0.00423391
1225 0.00422937
1226 0.00422719
1227 0.00422228
1228 0.00421824
1229 0.00421521
1230 0.00421385
1231 0.00420972
1232 0.00420777
1233 0.00420315
1235 0.00420107
1236 0.00419849
1237 0.00419364
1239 0.00419356
1240 0.0041914
1242 0.00419088
1243 0.00418961
1245 0.0041869
1246 0.00418441
1247 0.00418315
1250 0.004183
1251 0.00417638
1253 0.00417579
1254 0.00417457
1256 0.00417149
1259 0.00416644
1262 0.00416285
1263 0.00416001
1264 0.00415784
1265 0.00415403
1266 0.00414882
1267 0.00414714
1268 0.00414633
1270 0.00414523
1272 0.00414018
1273 0.00413982
1275 0.00413641
1276 0.00413386
1278 0.00413372
1280 0.0041325
1281 0.00412855
1282 0.00412717
1284 0.00412714
1285 0.00412431
1286 0.00412042
1287 0.00411771
1288 0.00411566
1290 0.00411544
1291 0.00410988
1292 0.00410899
1295 0.00410767
1296 0.00410505
1297 0.0041038
1298 0.00410177
1303 0.00410034
1304 0.00409957
1306 0.00409615
1307 0.00409349
1310 0.00408828
1313 0.00408507
1316 0.00408146
1317 0.00408002
1318 0.00407604
1321 0.00407356
1322 0.00407014
1323 0.00406648
1324 0.00406448
1325 0.00406447
1327 0.00406396
1331 0.00405833
1332 0.00405545
1333 0.00405368
1334 0.00405328
1335 0.0040511
1336 0.00405001
1337 0.0040483
1340 0.00404677
1341 0.00404604
1343 0.00404443
1344 0.00404274
1349 0.00403627
1350 0.00403397
1352 0.0040337
1353 0.00403299
1354 0.00403274
1356 0.00403063
1358 0.00402937
1359 0.00402626
1360 0.00402552
1361 0.00402399
1362 0.00402389
1364 0.00401768
1365 0.004013
1366 0.00401115
1369 0.00401066
1370 0.0040104
1371 0.00401005
1373 0.00400939
1374 0.00400708
1375 0.00400362
1377 0.00400338
1378 0.00399893
1387 0.00399762
1389 0.00399427
1392 0.00399069
1393 0.00398989
1394 0.00398972
1395 0.00398936
1396 0.00398847
1398 0.00398614
1399 0.00398054
1400 0.0039789
1401 0.00397699
1403 0.00397658
1404 0.00397267
1405 0.00396978
1407 0.00396922
1411 0.00396898
1412 0.00396445
1413 0.00396365
1416 0.00396261
1419 0.00395778
1422 0.00395463
1426 0.00395099
1427 0.00394796
1428 0.00394578
1429 0.00394492
1430 0.00394404
1431 0.00394244
1432 0.00394226
1435 0.00394135
1436 0.00393397
1438 0.00393366
1439 0.00393138
1441 0.00393115
1443 0.00392991
1445 0.0039291
1446 0.00392712
1447 0.00392665
1450 0.00392304
1451 0.00392194
1453 0.00392014
1455 0.00391969
1459 0.00391711
1460 0.0039137
1462 0.00391297
1465 0.00391198
1468 0.00391064
1469 0.00391004
1470 0.00390991
1471 0.0039095
1474 0.00390731
1475 0.00390557
1476 0.0039051
1477 0.00390498
1478 0.00390347
1479 0.00390211
1480 0.00390133
1481 0.00390129
1482 0.00390097
1483 0.00389889
1485 0.00389862
1486 0.00389614
1487 0.00389439
1488 0.00389386
1490 0.0038933
1491 0.00389321
1492 0.0038928
1494 0.00389263
1495 0.00389046
1496 0.0038886
1498 0.00388856
1499 0.00388667
1500 0.00388475
1501 0.00388422
1502 0.00388411
1504 0.00388366
1505 0.00388242
1506 0.00388191
1508 0.00387988
1509 0.00387801
1510 0.00387679
1511 0.00387586
1512 0.00387391
1513 0.00387206
1514 0.00387063
1515 0.00386939
1516 0.00386928
1518 0.00386734
1519 0.00386537
1520 0.00386404
1521 0.00386269
1524 0.00386166
1525 0.00386107
1528 0.00386035
1529 0.00385847
1530 0.00385682
1531 0.00385513
1532 0.00385426
1533 0.003852
1534 0.00385035
1535 0.00384888
1536 0.0038472
1537 0.00384616
1538 0.0038453
1539 0.00384351
1540 0.00384202
1541 0.00384067
1542 0.00383914
1543 0.0038383
1545 0.00383758
1546 0.00383585
1547 0.00383481
1548 0.00383425
1551 0.00383234
1552 0.00383144
1554 0.00383139
1555 0.00383111
1557 0.00382865
1558 0.00382717
1559 0.00382642
1560 0.00382513
1562 0.00382479
1563 0.00382346
1565 0.00382258
1566 0.00382095
1567 0.0038191
1568 0.00381838
1569 0.00381837
1570 0.00381688
1571 0.00381664
1573 0.00381535
1574 0.00381336
1575 0.00381217
1576 0.0038115
1577 0.0038091
1578 0.00380711
1579 0.00380535
1580 0.00380523
1581 0.00380507
1582 0.00380414
1583 0.00380198
1584 0.0038011
1587 0.00379913
1588 0.00379706
1589 0.00379606
1590 0.00379472
1591 0.00379421
1592 0.00379246
1593 0.00379225
1594 0.00379153
1595 0.00378963
1596 0.00378932
1597 0.00378915
1598 0.00378697
1599 0.003785
1600 0.00378323
1601 0.0037825
1602 0.00378186
1604 0.00378154
1605 0.00377959
1606 0.00377788
1607 0.00377647
1608 0.00377567
1610 0.00377429
1611 0.00377375
1613 0.00377351
1614 0.00377098
1615 0.00377047
1617 0.00376859
1618 0.00376719
1619 0.00376625
1620 0.00376566
1621 0.00376524
1622 0.00376459
1624 0.00376375
1625 0.00376172
1626 0.00375938
1627 0.00375807
1628 0.00375771
1629 0.00375746
1630 0.00375568
1631 0.00375537
1633 0.00375472
1634 0.00375259
1637 0.00374987
1638 0.00374776
1639 0.00374614
1640 0.00374541
1641 0.00374441
1642 0.00374402
1643 0.00374388
1646 0.00374233
1647 0.00374021
1648 0.00373891
1649 0.00373714
1650 0.00373596
1651 0.00373492
1652 0.00373484
1654 0.00373188
1655 0.00373015
1656 0.00372931
1658 0.00372777
1659 0.00372605
1661 0.00372561
1664 0.0037236
1665 0.00372145
1666 0.00371971
1667 0.00371806
1668 0.00371709
1669 0.00371681
1671 0.00371548
1672 0.00371384
1673 0.00371134
1674 0.0037104
1675 0.00370952
1676 0.00370939
1677 0.00370739
1678 0.00370639
1679 0.00370599
1680 0.0037055
1681 0.00370533
1682 0.00370464
1685 0.00370162
1686 0.00370047
1687 0.00369953
1688 0.00369937
1689 0.00369915
1690 0.0036979
1691 0.00369534
1692 0.00369431
1696 0.00369344
1697 0.0036907
1698 0.00368815
1699 0.00368637
1700 0.00368475
1701 0.00368386
1702 0.00368247
1704 0.00368005
1705 0.00367782
1706 0.00367641
1707 0.00367474
1708 0.00367316
1709 0.0036716
1710 0.00366927
1711 0.00366799
1712 0.00366744
1715 0.00366459
1716 0.00366224
1717 0.00366009
1719 0.00366
1720 0.00365854
1721 0.00365794
1722 0.0036576
1723 0.0036565
1724 0.00365497
1725 0.00365325
1727 0.00365303
1728 0.00365031
1729 0.00364772
1730 0.00364509
1731 0.00364295
1732 0.00364108
1733 0.00364023
1734 0.00363998
1735 0.00363964
1736 0.00363766
1737 0.00363646
1738 0.00363467
1739 0.00363214
1740 0.00362938
1741 0.00362667
1742 0.00362397
1743 0.00362157
1744 0.00362003
1745 0.003619
1748 0.0036185
1750 0.00361681
1751 0.00361427
1752 0.0036116
1753 0.00360892
1754 0.00360621
1755 0.0036036
1756 0.00360095
1757 0.00359957
1758 0.0035989
1759 0.00359696
1760 0.00359624
1761 0.00359623
1762 0.00359439
1763 0.00359182
1764 0.00358909
1765 0.00358634
1766 0.00358362
1767 0.00358096
1768 0.00357829
1769 0.00357574
1770 0.00357329
1771 0.00357166
1774 0.0035692
1775 0.00356843
1776 0.0035684
1777 0.00356732
1778 0.00356521
1779 0.00356203
1780 0.00355962
1781 0.00355723
1782 0.00355519
1783 0.00355486
1784 0.0035541
1785 0.00355139
1786 0.003549
1787 0.00354786
1788 0.00354738
1790 0.00354601
1791 0.00354281
1792 0.00354023
1793 0.00353722
1794 0.00353474
1795 0.00353256
1796 0.00353191
1797 0.00352917
1798 0.00352831
1799 0.0035249
1800 0.00352181
1801 0.00351938
1802 0.00351766
1803 0.00351589
1804 0.00351297
1805 0.00350995
1806 0.0035072
1807 0.00350405
1808 0.00350118
1809 0.00349836
1810 0.00349745
1811 0.00349624
1812 0.00349488
1813 0.00349201
1814 0.0034883
1815 0.00348527
1816 0.00348274
1817 0.00347967
1818 0.0034767
1819 0.00347389
1820 0.00347207
1821 0.00347001
1822 0.00346856
1823 0.00346739
1825 0.00346671
1826 0.00346316
1827 0.00346016
1828 0.00345741
1829 0.00345416
1830 0.00345092
1831 0.00344771
1832 0.00344428
1833 0.00344076
1834 0.0034374
1835 0.00343402
1836 0.00343063
1837 0.00342795
1838 0.00342664
1839 0.00342433
1840 0.00342304
1841 0.00342148
1842 0.00341868
1843 0.00341528
1844 0.00341205
1845 0.00340824
1846 0.00340453
1847 0.00340092
1848 0.00339727
1849 0.00339423
1850 0.00339148
1851 0.0033885
1852 0.00338601
1853 0.00338413
1855 0.00338374
1856 0.00338236
1857 0.00337947
1858 0.00337662
1859 0.00337267
1860 0.0033688
1861 0.00336509
1862 0.00336224
1863 0.00335873
1864 0.0033552
1865 0.00335202
1866 0.00334883
1867 0.00334559
1868 0.00334271
1869 0.00334099
1870 0.003339
1871 0.00333636
1872 0.00333221
1873 0.0033282
1874 0.00332429
1875 0.00332069
1876 0.003317
1877 0.00331295
1878 0.00330893
1879 0.00330496
1880 0.00330093
1881 0.00329693
1882 0.00329295
1883 0.00328901
1884 0.00328507
1885 0.00328118
1886 0.00327722
1887 0.00327326
1888 0.00326932
1889 0.00326546
1890 0.00326155
1891 0.00325789
1892 0.00325408
1893 0.00325079
1894 0.00324676
1895 0.00324309
1896 0.00323879
1897 0.00323457
1898 0.00323043
1899 0.00322641
1900 0.00322243
1901 0.00321843
1902 0.00321461
1903 0.00321104
1904 0.00320794
1905 0.0032042
1906 0.00320015
1907 0.00319617
1908 0.0031924
1909 0.00318884
1910 0.00318511
1911 0.00318124
1912 0.00317724
1913 0.00317328
1914 0.0031693
1915 0.00316589
1916 0.00316239
1917 0.00315938
1918 0.00315681
1919 0.00315464
1920 0.0031508
1921 0.00314634
1922 0.00314217
1923 0.00314052
1924 0.00313948
1926 0.00313702
1927 0.00313599
1928 0.00313588
1929 0.00313497
1930 0.0031348
1931 0.00313447
1932 0.00313034
1933 0.00312585
1934 0.0031214
1935 0.00311778
1936 0.00311488
1937 0.00311313
1938 0.00311075
1939 0.00310742
1940 0.00310357
1941 0.00309978
1942 0.00309589
1943 0.00309162
1944 0.0030874
1945 0.00308327
1946 0.00307924
1947 0.00307534
1948 0.00307233
1949 0.00307145
1951 0.00306711
1952 0.0030629
1953 0.00305868
1954 0.00305479
1955 0.00305099
1956 0.00304713
1957 0.00304301
1958 0.00303884
1959 0.00303481
1960 0.00303081
1961 0.00302689
1962 0.00302308
1963 0.00301934
1964 0.00301547
1965 0.00301251
1966 0.00301046
1967 0.00300924
1969 0.00300824
1971 0.00300423
1972 0.00300061
1973 0.00299723
1974 0.00299412
1975 0.00299129
1976 0.0029874
1977 0.00298363
1978 0.00298021
1979 0.00297689
1980 0.00297341
1981 0.00297001
1982 0.00296729
1983 0.00296538
1984 0.00296377
1985 0.00296081
1986 0.00295709
1987 0.00295412
1988 0.00295145
1989 0.00294804
1990 0.00294551
1991 0.0029431
1992 0.00294147
1993 0.0029391
1994 0.00293622
1997 0.00293275
1998 0.00292924
1999 0.00292647
2000 0.00292461
2001 0.00292282
2002 0.00292093
2003 0.00291974
2006 0.00291727
2007 0.00291606
2008 0.00291381
2009 0.0029108
2010 0.00290769
2011 0.00290505
2012 0.00290373
2013 0.002902
2014 0.002901
2015 0.00290022
2016 0.0028998
2017 0.00289716
2018 0.00289466
2019 0.00289379
2021 0.00289067
2022 0.00288776
2023 0.00288525
2024 0.00288344
2026 0.00288302
2027 0.00288164
2028 0.00288119
2029 0.00288107
2030 0.00287855
2031 0.00287714
2032 0.00287632
2033 0.00287608
2034 0.00287395
2035 0.0028723
2036 0.00287142
2038 0.00287022
2039 0.00286788
2040 0.00286613
2041 0.00286464
2042 0.00286245
2043 0.00286173
2044 0.00286145
2046 0.00286033
2049 0.00285988
2050 0.00285972
2051 0.0028569
2052 0.00285524
2053 0.00285404
2054 0.00285218
2055 0.00285088
2056 0.0028489
2057 0.00284853
2062 0.00284845
2063 0.00284614
2064 0.00284433
2065 0.00284292
2066 0.002842
2067 0.00284084
2068 0.00283907
2069 0.00283779
2070 0.00283679
2073 0.00283527
2074 0.00283452
2075 0.00283444
2076 0.00283265
2077 0.00283189
2078 0.00283156
2080 0.00283071
2081 0.00283046
2083 0.00283009
2084 0.00282969
2085 0.00282773
2086 0.00282684
2087 0.00282588
2088 0.00282449
2089 0.00282422
2091 0.00282384
2093 0.00282252
2095 0.00282233
2096 0.00282086
2097 0.00281982
2098 0.00281929
2099 0.00281894
2101 0.00281847
2103 0.0028181
2104 0.00281779
2106 0.00281688
2107 0.00281625
2108 0.00281584
2109 0.00281535
2110 0.00281525
2114 0.00281435
2115 0.00281362
2116 0.00281262
2119 0.00281256
2123 0.00281144
2124 0.00281095
2125 0.00281062
2127 0.00281049
2128 0.00281035
2130 0.00280988
2131 0.00280931
2132 0.00280918
2133 0.00280911
2134 0.0028091
2135 0.00280906
2136 0.00280861
2139 0.00280814
2142 0.0028074
2143 0.00280734
2145 0.0028071
2146 0.00280698
2148 0.00280683
2149 0.00280661
2150 0.00280629
2153 0.00280627
2154 0.00280617
2155 0.00280588
2159 0.00280564
2160 0.00280554
2163 0.00280536
2164 0.00280529
2166 0.00280516
2171 0.00280501
