1 2412780.0
4 2410650.0
5 2409710.0
6 2376260.0
7 2343080.0
8 2310160.0
9 2277510.0
10 2245150.0
11 2213160.0
12 2181990.0
13 2160110.0
14 2140370.0
15 2109570.0
16 2081670.0
17 2050930.0
18 2020970.0
19 1993700.0
20 1963810.0
21 1936840.0
22 1908060.0
23 1878820.0
24 1850180.0
25 1824950.0
26 1796570.0
27 1768890.0
28 1741370.0
29 1714710.0
30 1688950.0
31 1662440.0
32 1636710.0
33 1612340.0
34 1590050.0
35 1563710.0
36 1537750.0
37 1512100.0
38 1486820.0
39 1464080.0
40 1439710.0
41 1417220.0
42 1392690.0
43 1368440.0
44 1344970.0
45 1322240.0
46 1299910.0
47 1278640.0
48 1255570.0
49 1232980.0
50 1210520.0
51 1188720.0
52 1167230.0
53 1146210.0
54 1126640.0
55 1106020.0
56 1085440.0
57 1066310.0
58 1048330.0
59 1031350.0
60 1011200.0
61 991328.0
62 972779.0
63 953580.0
64 935464.0
65 917469.0
66 900102.0
67 881750.0
68 864210.0
69 846361.0
70 829682.0
71 812672.0
72 796794.0
73 781301.0
74 764606.0
75 748636.0
76 732480.0
77 717084.0
78 701912.0
79 687048.0
80 672677.0
81 659647.0
82 646888.0
83 632331.0
84 618199.0
85 604268.0
86 590739.0
87 577774.0
88 564846.0
89 553150.0
90 541723.0
91 531881.0
92 519435.0
93 507303.0
94 495557.0
95 484275.0
96 475676.0
97 464796.0
98 454532.0
99 443794.0
100 433414.0
101 423773.0
102 413924.0
103 404792.0
104 396248.0
105 386938.0
106 379127.0
107 370652.0
108 362069.0
109 354076.0
110 347253.0
111 340132.0
112 332541.0
113 325128.0
114 317937.0
115 311476.0
116 305318.0
117 299242.0
118 292893.0
119 286860.0
120 281041.0
121 275536.0
122 270387.0
123 265224.0
124 260216.0
125 255506.0
126 250955.0
127 246646.0
128 242414.0
129 238519.0
130 234634.0
131 230945.0
132 227549.0
133 224212.0
134 220962.0
135 217992.0
136 215070.0
137 212276.0
138 209540.0
139 207085.0
140 204542.0
141 202113.0
142 199858.0
143 197603.0
144 195348.0
145 193268.0
146 191172.0
147 189097.0
148 187025.0
149 185055.0
150 183342.0
151 181366.0
152 179448.0
153 177515.0
154 175712.0
155 173832.0
156 172116.0
157 170348.0
158 168490.0
159 166726.0
160 164959.0
161 163244.0
162 161519.0
163 159765.0
164 158014.0
165 156283.0
166 154587.0
167 152934.0
168 151262.0
169 149641.0
170 148262.0
171 146729.0
172 145089.0
173 143476.0
174 141878.0
175 140327.0
176 138979.0
177 137553.0
178 135989.0
179 134477.0
180 133014.0
181 131488.0
182 130062.0
183 128571.0
184 127093.0
185 125654.0
186 124250.0
187 122802.0
188 121360.0
189 119936.0
190 118551.0
191 117159.0
192 115782.0
193 114462.0
194 113136.0
195 111813.0
196 110560.0
197 109292.0
198 107945.0
199 106618.0
200 105293.0
201 103984.0
202 102706.0
203 101414.0
204 100198.0
205 98980.0
206 97718.2
207 96493.9
208 95319.5
209 94194.9
210 93139.3
211 91908.4
212 90695.8
213 89576.8
214 88388.5
215 87245.1
216 86128.5
217 85011.2
218 83842.9
219 82697.7
220 81558.7
221 80430.5
222 79456.3
223 78385.8
224 77264.4
225 76159.2
226 75057.2
227 73975.8
228 72902.3
229 71835.9
230 70820.3
231 69771.6
232 68808.8
233 67786.6
234 66830.1
235 65864.5
236 64939.7
237 64171.2
238 63162.0
239 62176.2
240 61187.6
241 60210.1
242 59462.5
243 58543.2
244 57574.1
245 56617.1
246 55670.1
247 54742.1
248 53812.2
249 52915.3
250 52002.8
251 51123.9
252 50237.6
253 49367.2
254 48528.3
255 47669.7
256 46884.5
257 46210.2
258 45526.1
259 44675.1
260 43839.5
261 43032.6
262 42704.0
263 41846.3
264 41019.8
265 40208.9
266 39411.8
267 38657.2
268 37901.3
269 37352.9
270 36917.8
271 36169.1
272 35415.5
273 34671.4
274 33950.5
275 33229.6
276 32530.9
277 31868.1
278 31195.9
279 30676.3
280 30118.6
281 29462.8
282 28805.0
283 28172.6
284 27618.3
285 27221.3
286 26603.7
287 25961.6
288 25348.7
289 24729.5
290 24121.3
291 23551.5
292 23007.9
293 22435.5
294 21864.1
295 21314.7
296 20816.6
297 20308.4
298 19962.6
299 19400.8
300 18853.6
301 18333.7
302 17813.9
303 17315.2
304 16856.3
305 16392.1
306 15913.3
307 15430.3
308 14950.5
309 14495.8
310 14035.3
311 13606.3
312 13184.0
313 12803.3
314 12424.2
315 12064.5
316 11650.1
317 11256.5
318 10925.6
319 10603.6
320 10267.0
321 9919.6
322 9559.28
323 9257.81
324 9028.72
325 8728.81
326 8394.21
327 8082.02
328 7847.39
329 7726.01
330 7473.68
331 7124.7
332 6821.08
333 6576.61
334 6369.78
336 6328.8
337 6044.48
338 5867.51
339 5725.56
340 5449.99
342 5420.81
343 5148.67
344 5022.12
345 4796.07
346 4570.87
347 4384.9
348 4249.91
349 4020.05
350 3874.86
351 3656.37
352 3509.17
353 3445.64
354 3256.32
356 3234.0
357 3106.05
359 3077.09
362 2907.05
363 2868.93
364 2678.98
365 2540.86
366 2413.69
367 2310.75
368 2150.18
369 2016.7
370 1916.58
371 1803.67
373 1798.8
374 1729.47
376 1721.4
379 1650.63
380 1606.57
381 1574.69
382 1532.54
383 1514.13
384 1487.92
385 1433.17
386 1390.69
387 1365.13
388 1317.95
389 1279.92
390 1256.48
393 1230.19
396 1220.93
399 1203.3
400 1188.6
401 1176.6
402 1166.52
403 1149.74
404 1133.68
405 1118.34
406 1106.79
407 1094.07
408 1082.24
409 1070.58
410 1060.5
411 1051.52
412 1040.09
413 1031.48
414 1023.9
415 1019.2
416 1007.4
417 1000.41
418 993.201
421 984.486
423 977.324
424 977.19
426 969.322
427 962.099
428 958.585
429 956.617
431 953.072
432 949.788
434 949.699
435 942.044
438 939.375
441 937.134
442 935.172
444 933.925
445 933.411
446 933.32
447 932.523
449 931.18
450 930.478
451 930.186
453 928.872
454 927.601
455 926.377
456 925.231
457 924.081
458 923.091
459 922.11
460 921.177
461 920.205
462 919.763
463 918.744
464 917.829
465 916.991
466 916.165
467 915.521
468 914.692
469 914.135
470 913.323
471 912.679
472 912.379
473 912.191
475 911.815
476 911.031
478 910.62
479 910.261
481 909.591
484 909.103
485 908.779
487 908.221
488 908.113
489 908.003
490 907.768
492 907.174
493 906.841
494 906.51
495 906.165
496 905.766
497 905.445
498 905.417
499 905.351
500 904.982
501 904.835
503 904.701
504 904.617
506 904.579
509 904.422
510 904.287
511 904.186
513 904.148
514 904.097
515 904.057
517 904.01
518 903.921
520 903.876
523 903.827
524 903.785
525 903.743
526 903.716
527 903.677
528 903.642
529 903.61
530 903.575
531 903.573
533 903.533
534 903.517
535 903.479
536 903.467
537 903.456
540 903.422
541 903.411
543 903.398
544 903.394
547 903.386
548 903.375
549 903.365
551 903.363
552 903.353
553 903.346
554 903.34
555 903.328
556 903.32
557 903.314
558 903.307
559 903.299
560 903.291
561 903.285
562 903.279
563 903.278
565 903.272
567 903.269
570 903.268
572 903.263
573 903.261
574 903.26
575 903.258
576 903.256
577 903.255
578 903.253
581 903.252
582 903.25
583 903.248
584 903.247
587 903.246
588 903.245
595 903.244
596 903.243
