1 0.0464282
20 0.0395564
22 0.0336088
23 0.0313043
25 0.0261838
29 0.0200291
30 0.0171436
31 0.0165186
32 0.0157831
33 0.013198
36 0.0103742
38 0.00965678
39 0.00773439
40 0.00657435
42 0.00592668
43 0.00515332
47 0.00439039
48 0.0036836
49 0.00328396
50 0.00296839
51 0.00279476
55 0.00192232
56 0.00143131
60 0.00137685
63 0.00132828
65 0.00123415
66 0.00101013
69 0.000966477
70 0.000962409
72 0.000946954
74 0.000897556
75 0.000785886
76 0.000767959
77 0.000694283
78 0.000623303
79 0.000576726
80 0.000519336
83 0.000486985
85 0.00044982
87 0.00044879
88 0.000411646
90 0.000399518
92 0.000389742
93 0.000354706
94 0.000327497
95 0.000309605
100 0.000284701
101 0.000268403
102 0.000261766
104 0.000259604
105 0.000247099
106 0.000235846
108 0.000213644
109 0.000213444
110 0.00019762
111 0.000185934
112 0.000178106
113 0.000177254
115 0.000169498
116 0.000151957
117 0.000149407
119 0.00012695
120 0.000122072
124 0.000117224
125 0.000114332
128 0.000110334
129 0.000102253
130 0.000100902
131 0.000100896
132 9.66715e-05
133 9.12949e-05
134 8.90302e-05
137 8.31208e-05
138 7.81628e-05
139 7.60951e-05
142 7.36859e-05
143 6.7492e-05
146 6.36878e-05
147 6.33e-05
148 6.23461e-05
150 5.99544e-05
151 5.68917e-05
153 5.68115e-05
154 5.15964e-05
155 4.99005e-05
157 4.69599e-05
158 4.65428e-05
160 4.50441e-05
162 3.99634e-05
163 3.68029e-05
166 3.23293e-05
167 2.9122e-05
168 2.75477e-05
170 2.69403e-05
171 2.44286e-05
173 2.38665e-05
175 2.2292e-05
177 2.17629e-05
178 2.07947e-05
179 1.97871e-05
180 1.88598e-05
181 1.85978e-05
182 1.79616e-05
185 1.64093e-05
188 1.55417e-05
194 1.49134e-05
195 1.45988e-05
196 1.4223e-05
197 1.36909e-05
198 1.32952e-05
199 1.28336e-05
200 1.25638e-05
201 1.20184e-05
202 1.14999e-05
203 1.10177e-05
204 1.07556e-05
205 1.02662e-05
206 9.97077e-06
207 9.55797e-06
208 9.4228e-06
209 8.99331e-06
210 8.83882e-06
211 8.4334e-06
212 8.181e-06
213 8.11504e-06
214 8.10608e-06
215 7.55604e-06
216 7.19683e-06
217 7.00907e-06
218 6.74915e-06
222 6.63064e-06
223 6.27741e-06
225 6.13724e-06
226 5.90508e-06
227 5.60738e-06
228 5.50127e-06
230 5.22277e-06
231 5.12959e-06
233 5.07168e-06
234 4.77334e-06
235 4.58992e-06
236 4.4408e-06
238 4.18046e-06
239 4.08248e-06
240 3.88902e-06
243 3.58119e-06
246 3.40855e-06
247 3.33175e-06
248 3.23601e-06
250 3.17579e-06
252 3.02756e-06
253 2.7531e-06
256 2.64018e-06
258 2.62705e-06
259 2.56389e-06
260 2.32834e-06
263 2.18067e-06
265 2.17247e-06
267 2.11511e-06
