1 128.0
14 55.9517
15 28.9026
28 27.4688
30 26.6782
31 25.0142
33 21.3836
34 20.395
38 20.232
42 19.2411
45 18.9375
49 18.5169
51 18.4744
57 18.4668
58 17.9619
60 17.9595
61 17.9328
65 17.909
77 17.8959
79 17.8779
80 17.8444
81 17.8047
87 17.7836
95 17.7821
96 17.7754
97 17.7735
98 17.7684
100 17.7677
102 17.7653
105 17.744
106 17.7339
107 17.7319
110 17.7235
111 17.7227
122 17.7151
127 17.7132
146 17.7131
157 17.713
160 17.7128
165 17.7127
169 17.7125
170 17.7124
171 17.7123
184 17.7122
185 17.7121
186 17.712
187 17.7119
