1 3365730000.0
10 3211510000.0
11 3055290000.0
12 2905300000.0
13 2833950000.0
14 2712380000.0
15 2591870000.0
16 2475410000.0
17 2361370000.0
18 2249210000.0
19 2144030000.0
20 2045370000.0
21 1922090000.0
22 1845340000.0
23 1751750000.0
24 1650800000.0
25 1554370000.0
26 1461480000.0
27 1372570000.0
28 1297490000.0
29 1234960000.0
30 1141830000.0
31 1103550000.0
32 1050430000.0
33 985420000.0
34 912866000.0
35 843211000.0
36 776470000.0
37 709587000.0
38 666268000.0
39 597985000.0
40 577136000.0
41 577110000.0
42 530340000.0
43 482260000.0
44 431424000.0
45 384508000.0
46 336798000.0
47 299782000.0
48 256792000.0
49 239394000.0
50 226298000.0
52 197087000.0
53 168906000.0
54 140283000.0
55 116031000.0
56 92111700.0
57 69824500.0
58 60450600.0
59 52211400.0
60 46657400.0
62 34659200.0
63 24341000.0
64 15260300.0
65 7962990.0
66 4013230.0
67 2847070.0
69 1219740.0
71 970980.0
76 906101.0
82 353863.0
84 286541.0
92 135132.0
93 51305.1
103 17676.6
109 10621.4
113 7221.0
114 4892.5
121 3454.38
122 2862.96
123 2411.65
125 1216.25
130 925.925
136 765.684
138 616.457
139 532.876
140 455.876
143 406.178
147 403.782
148 329.177
149 309.974
150 255.768
151 200.813
152 125.65
153 64.8548
161 37.1811
164 13.8719
170 8.96798
171 6.36522
174 5.38282
175 4.72448
177 2.9929
181 1.92146
183 1.09995
188 1.02292
190 0.936901
194 0.324627
200 0.238622
204 0.164768
206 0.0870532
210 0.0708789
214 0.0325257
215 0.00967288
217 0.00793382
219 0.00717446
