1 21.8829
3 15.2598
4 12.1364
5 2.62114
12 2.60575
13 2.45297
16 2.02347
18 1.9751
23 1.95929
24 1.95172
26 1.9419
27 1.93542
29 1.92654
30 1.91758
31 1.91201
34 1.90494
36 1.90464
37 1.89637
38 1.88722
39 1.8835
40 1.87658
41 1.87467
42 1.87006
44 1.86085
45 1.85162
46 1.84237
47 1.83737
50 1.83115
51 1.82936
53 1.82279
54 1.81348
55 1.80414
56 1.79528
57 1.78975
60 1.78351
62 1.78273
63 1.77478
64 1.76536
65 1.75694
66 1.7482
67 1.74346
68 1.73904
69 1.73901
70 1.73313
71 1.72779
72 1.72607
73 1.71471
74 1.70794
75 1.69906
76 1.68946
77 1.68014
80 1.67348
81 1.67147
82 1.66229
83 1.65988
84 1.65708
86 1.64738
87 1.63767
88 1.62793
89 1.61865
91 1.61819
92 1.61567
94 1.6108
95 1.60593
96 1.60105
97 1.59616
98 1.59127
99 1.58701
100 1.58236
101 1.57761
102 1.57331
103 1.56854
104 1.56498
105 1.56068
106 1.55646
107 1.55152
108 1.54753
109 1.54264
110 1.53854
111 1.53369
112 1.52984
113 1.52492
114 1.52076
115 1.51597
116 1.51226
117 1.50738
118 1.50298
119 1.49843
120 1.4935
121 1.4897
122 1.48471
123 1.48058
124 1.47574
125 1.47205
126 1.46716
127 1.46281
128 1.45824
129 1.45329
130 1.44939
131 1.44447
132 1.4403
133 1.43557
134 1.43211
135 1.428
136 1.42352
137 1.41964
138 1.41917
140 1.41484
142 1.40981
143 1.40636
144 1.40295
145 1.39841
146 1.39445
147 1.39013
148 1.38758
149 1.38242
150 1.37737
151 1.37341
152 1.36863
153 1.36491
154 1.36101
155 1.36021
156 1.35501
157 1.34981
158 1.34461
159 1.33939
160 1.33515
161 1.33176
162 1.32739
163 1.32265
164 1.31788
165 1.31303
166 1.308
167 1.3028
168 1.29756
169 1.29335
170 1.28836
171 1.28386
172 1.27865
173 1.27446
174 1.26934
175 1.26497
176 1.25967
177 1.25543
178 1.25004
179 1.24606
180 1.24074
181 1.23627
182 1.23092
183 1.227
184 1.22169
185 1.21688
186 1.21193
187 1.20654
188 1.2027
189 1.19734
190 1.19255
191 1.18754
192 1.18231
193 1.17895
194 1.17565
195 1.17028
196 1.16504
197 1.16031
198 1.15592
199 1.15119
200 1.14636
201 1.14292
202 1.13727
203 1.13161
204 1.12687
205 1.12246
206 1.11682
207 1.11161
208 1.10656
209 1.10288
210 1.0979
211 1.09382
212 1.09093
214 1.08544
215 1.08306
216 1.07924
218 1.07326
219 1.06951
220 1.06435
221 1.06014
222 1.05525
223 1.05198
224 1.04627
225 1.04312
226 1.03827
227 1.03358
228 1.02899
229 1.02633
231 1.02044
232 1.01745
233 1.01655
235 1.01075
236 1.00635
238 1.00613
239 1.00152
240 0.99646
241 0.991401
242 0.986337
243 0.981246
244 0.976016
245 0.970385
246 0.964549
247 0.959585
248 0.954213
249 0.948847
250 0.943469
251 0.938078
252 0.932667
253 0.927234
254 0.921782
255 0.91642
256 0.910963
257 0.905824
258 0.900529
259 0.895357
260 0.890002
261 0.884896
262 0.879947
264 0.87983
265 0.876274
266 0.874978
268 0.872399
269 0.86675
270 0.86107
271 0.855384
272 0.849694
273 0.843999
274 0.839771
277 0.836111
278 0.831248
279 0.826367
280 0.821453
281 0.816464
282 0.811312
283 0.805945
284 0.800464
285 0.794948
286 0.789418
287 0.783879
288 0.778331
289 0.772774
290 0.76721
291 0.761637
292 0.756196
293 0.751026
294 0.745961
295 0.740538
296 0.735136
297 0.730225
298 0.72444
299 0.7187
300 0.712923
301 0.707217
302 0.702292
303 0.698918
304 0.696585
305 0.690967
306 0.685181
307 0.679548
308 0.674216
309 0.669282
310 0.665215
312 0.661364
314 0.655455
315 0.649752
316 0.644412
317 0.639313
318 0.6361
319 0.632198
320 0.627961
321 0.623719
322 0.622124
323 0.616365
324 0.610347
325 0.604321
326 0.598288
327 0.592249
328 0.586818
329 0.582927
330 0.577117
331 0.571464
332 0.565639
333 0.559845
334 0.554307
335 0.549287
336 0.543956
337 0.537965
338 0.531976
339 0.525999
340 0.520451
341 0.515581
342 0.513899
343 0.507852
344 0.501741
345 0.495614
346 0.490119
347 0.484039
348 0.478839
349 0.47277
350 0.466973
351 0.461252
352 0.455235
353 0.449728
354 0.443527
355 0.438216
356 0.431905
357 0.428735
358 0.422805
359 0.418157
360 0.412045
361 0.407157
362 0.401507
363 0.395819
364 0.390568
365 0.384993
366 0.379278
367 0.373813
368 0.369311
369 0.363008
370 0.358677
371 0.352907
372 0.347164
373 0.341602
374 0.336944
375 0.331232
376 0.325992
377 0.321649
378 0.316691
379 0.315108
381 0.309574
382 0.303949
383 0.298248
384 0.293522
385 0.290171
386 0.286222
387 0.280753
388 0.275708
389 0.27078
390 0.265983
391 0.261119
392 0.26058
394 0.253684
395 0.251749
396 0.250114
398 0.244865
400 0.240992
402 0.240493
404 0.240043
405 0.237035
406 0.235227
408 0.234652
409 0.232
410 0.229387
411 0.227213
412 0.225406
413 0.22473
414 0.222165
415 0.220014
416 0.218193
417 0.217413
418 0.217011
419 0.214377
420 0.212905
421 0.210832
422 0.208852
423 0.207104
424 0.205447
425 0.204414
426 0.202556
427 0.201067
429 0.200444
430 0.199505
432 0.198419
433 0.197562
434 0.19688
435 0.19615
436 0.195505
437 0.195018
438 0.194288
439 0.193555
440 0.193057
441 0.192463
442 0.191827
443 0.191281
444 0.190701
445 0.190282
446 0.189548
447 0.188815
448 0.188081
449 0.187628
451 0.187348
452 0.186934
454 0.186916
455 0.186184
456 0.18545
457 0.184715
458 0.184201
459 0.184084
461 0.183388
463 0.182696
464 0.181989
465 0.181471
467 0.181293
468 0.180915
470 0.180604
471 0.180236
472 0.179868
473 0.179501
474 0.179133
475 0.178814
476 0.178714
478 0.178387
479 0.178261
482 0.177893
483 0.177525
484 0.177157
485 0.176987
487 0.176972
488 0.176713
489 0.176494
490 0.176476
492 0.176108
493 0.175806
494 0.175682
495 0.175613
497 0.17524
498 0.175121
500 0.174958
501 0.1748
504 0.174791
