1 56.5201
7 17.5992
10 16.5373
11 7.1412
14 5.73836
20 4.75948
21 4.23104
22 2.7419
23 2.19173
24 2.11626
26 1.95981
27 1.92704
28 1.76335
33 1.6687
34 1.6053
36 1.52441
40 1.52031
44 1.48706
46 1.48213
47 1.44037
50 1.43598
51 1.43349
52 1.42696
55 1.40824
56 1.40044
57 1.38336
58 1.36763
59 1.36243
60 1.34621
61 1.32872
62 1.31629
63 1.3105
64 1.29671
65 1.28753
69 1.27571
70 1.25239
71 1.24034
74 1.23617
75 1.23173
76 1.21344
77 1.19715
78 1.18145
79 1.17429
80 1.16466
81 1.15129
82 1.1351
83 1.12032
84 1.10784
87 1.10236
88 1.08636
89 1.07986
92 1.06912
94 1.05486
95 1.05067
96 1.044
99 1.02436
100 1.01004
101 1.00415
102 1.00037
103 0.984952
104 0.97163
105 0.966731
106 0.950447
109 0.936134
110 0.93518
112 0.926131
113 0.91059
114 0.900768
115 0.888275
116 0.880371
117 0.873346
119 0.872054
120 0.856168
121 0.852717
123 0.850035
124 0.834234
125 0.830811
126 0.820307
127 0.807912
130 0.794882
131 0.786134
132 0.778493
133 0.775504
135 0.761776
136 0.750661
139 0.738353
140 0.735824
142 0.734023
143 0.718163
144 0.708119
145 0.699093
146 0.69292
148 0.686093
149 0.681267
151 0.67203
153 0.668165
154 0.658032
155 0.647793
156 0.641676
157 0.632645
159 0.632351
160 0.62085
163 0.619403
164 0.617618
166 0.612784
167 0.610749
168 0.603579
171 0.596838
172 0.592359
173 0.587508
174 0.582426
175 0.579735
176 0.573717
177 0.568531
178 0.565598
179 0.56344
180 0.557508
182 0.557193
183 0.551333
184 0.546724
185 0.542948
186 0.541288
189 0.534847
190 0.530882
191 0.52886
192 0.524132
194 0.52375
195 0.518667
196 0.514655
197 0.513431
198 0.509049
199 0.508347
200 0.502862
201 0.498491
202 0.493086
203 0.489
205 0.487254
206 0.483371
207 0.482628
208 0.480909
209 0.476752
211 0.475254
212 0.47085
213 0.469993
215 0.467558
217 0.464944
218 0.460176
219 0.455402
220 0.45053
221 0.4469
222 0.442811
224 0.442746
225 0.438409
226 0.435581
229 0.431518
230 0.429923
231 0.426012
232 0.423749
233 0.420788
235 0.420014
236 0.414694
237 0.410588
239 0.409492
240 0.405441
241 0.404181
242 0.403613
243 0.399931
244 0.397173
246 0.395489
247 0.391021
248 0.389796
249 0.386765
250 0.383458
252 0.383126
253 0.378525
254 0.374599
255 0.373489
256 0.370718
259 0.366799
260 0.365241
261 0.361867
264 0.358183
265 0.354642
266 0.35184
267 0.351433
269 0.347922
270 0.344173
271 0.342625
273 0.34202
274 0.33774
275 0.33768
277 0.33305
278 0.330071
279 0.32896
280 0.325868
282 0.324341
283 0.321142
286 0.320705
288 0.319597
289 0.317915
290 0.316982
291 0.315345
292 0.314236
293 0.313795
296 0.311973
297 0.309886
298 0.308733
299 0.307623
303 0.307004
304 0.305513
305 0.304575
306 0.303742
308 0.303412
309 0.301602
310 0.300034
311 0.299626
312 0.29766
313 0.296871
314 0.295839
315 0.293872
316 0.292195
317 0.290425
318 0.288846
319 0.287291
320 0.286782
321 0.28539
322 0.283966
323 0.282391
324 0.281023
325 0.279559
326 0.278054
327 0.277213
328 0.275458
329 0.274027
330 0.273483
331 0.272327
332 0.271069
334 0.270741
335 0.268955
336 0.267275
337 0.266438
338 0.265926
339 0.265651
341 0.26368
342 0.262159
343 0.26103
345 0.261022
347 0.259549
348 0.258473
349 0.257243
350 0.256599
351 0.255416
352 0.253789
353 0.252636
354 0.252634
355 0.251806
356 0.250396
357 0.249351
358 0.247722
359 0.246797
360 0.24525
363 0.24406
364 0.242975
367 0.241604
370 0.240538
372 0.240097
373 0.238825
375 0.238737
376 0.237604
377 0.237365
378 0.235994
379 0.235096
380 0.234888
381 0.233357
384 0.231909
385 0.23144
386 0.229864
387 0.228737
388 0.228683
390 0.227059
391 0.225693
392 0.225567
394 0.224254
395 0.222852
396 0.222527
397 0.221419
398 0.221071
399 0.220439
401 0.219801
403 0.218144
404 0.217655
405 0.216722
406 0.216467
407 0.216024
409 0.215956
410 0.214561
411 0.214163
412 0.212848
413 0.212533
415 0.212144
416 0.210853
417 0.209717
418 0.208936
419 0.208492
420 0.207288
422 0.207044
423 0.205808
426 0.204819
427 0.204106
428 0.20353
429 0.203273
431 0.202476
432 0.201171
433 0.200781
434 0.20034
435 0.199747
436 0.199122
438 0.199108
439 0.197582
440 0.19658
441 0.195887
442 0.194528
443 0.193267
444 0.192058
445 0.190916
446 0.189654
447 0.188323
448 0.187346
449 0.186504
450 0.185927
452 0.18542
453 0.184502
457 0.183989
458 0.183971
460 0.183604
461 0.183459
463 0.182807
464 0.182342
465 0.181893
466 0.181505
468 0.1813
469 0.180719
470 0.180342
471 0.179892
472 0.179492
473 0.179287
474 0.178713
475 0.178154
476 0.177622
477 0.177331
478 0.177128
479 0.176679
480 0.176463
481 0.175814
482 0.175237
483 0.174687
484 0.174164
485 0.173702
486 0.173592
487 0.173005
488 0.172384
489 0.17192
490 0.171581
492 0.171401
493 0.170963
494 0.17046
495 0.170085
496 0.169813
497 0.169617
498 0.169144
499 0.168669
500 0.168213
501 0.168096
502 0.168059
504 0.167327
505 0.16674
506 0.166411
507 0.166048
508 0.165768
509 0.165303
511 0.165279
512 0.164698
513 0.164425
516 0.163952
517 0.163652
518 0.163313
519 0.163124
520 0.162874
522 0.162719
523 0.162182
524 0.161896
525 0.161487
528 0.161374
529 0.160862
530 0.160835
532 0.16025
533 0.159759
534 0.15926
535 0.15888
536 0.1584
537 0.157994
538 0.157657
539 0.157229
540 0.156784
541 0.156518
542 0.156074
543 0.155587
544 0.155129
545 0.154658
546 0.154344
547 0.153909
548 0.153595
549 0.153162
550 0.152704
551 0.152228
552 0.151813
553 0.151398
555 0.15136
556 0.150883
557 0.150521
558 0.150256
559 0.149867
560 0.149721
562 0.149526
563 0.149047
564 0.149016
565 0.148972
566 0.148451
567 0.148157
569 0.148139
570 0.147736
571 0.147383
572 0.14706
573 0.146894
575 0.146637
576 0.146209
577 0.146093
578 0.14597
581 0.145429
582 0.144999
583 0.144609
584 0.144192
585 0.143822
586 0.143463
587 0.143343
588 0.142729
589 0.142241
590 0.142034
591 0.142027
592 0.141763
593 0.141552
594 0.141016
595 0.140599
596 0.140187
597 0.13988
598 0.139686
601 0.139186
602 0.139064
604 0.138968
605 0.138536
606 0.138511
608 0.13804
609 0.137629
610 0.13742
611 0.136939
612 0.136508
613 0.136134
614 0.135713
615 0.135285
616 0.134885
617 0.134714
620 0.134225
621 0.133828
622 0.133589
623 0.13316
626 0.132843
627 0.13252
628 0.13242
629 0.132175
630 0.132009
633 0.131463
634 0.13122
636 0.131042
637 0.130744
638 0.130565
639 0.130259
641 0.130083
642 0.12983
643 0.12968
646 0.129192
647 0.128875
649 0.128835
650 0.128487
652 0.128255
653 0.128218
655 0.127694
656 0.127397
657 0.127204
658 0.127027
659 0.12696
661 0.126577
662 0.126068
663 0.126008
665 0.125573
668 0.125155
669 0.124759
670 0.124396
671 0.124021
672 0.123734
673 0.12343
675 0.123303
676 0.123015
677 0.122943
678 0.122925
680 0.122502
681 0.122165
682 0.121983
683 0.121596
684 0.121267
685 0.12101
686 0.120752
689 0.120342
690 0.120052
691 0.119867
692 0.119569
694 0.119456
695 0.119076
696 0.118998
697 0.118875
698 0.118641
700 0.118467
701 0.118118
702 0.117809
703 0.117618
705 0.117483
706 0.117314
707 0.117043
709 0.116869
710 0.116576
711 0.116411
712 0.116384
714 0.115934
715 0.115613
716 0.115345
717 0.1153
719 0.114808
720 0.114424
721 0.114248
724 0.114151
725 0.113933
726 0.113708
727 0.113282
728 0.112992
729 0.112656
730 0.112374
731 0.112176
734 0.111856
735 0.111532
736 0.111531
738 0.111169
739 0.110864
740 0.110635
742 0.110488
743 0.110416
744 0.110281
745 0.110096
747 0.109905
748 0.109598
749 0.109555
752 0.109188
753 0.109137
755 0.108753
758 0.108453
759 0.108199
760 0.10795
763 0.107645
764 0.107585
766 0.107515
768 0.107272
769 0.106997
770 0.106756
771 0.106559
774 0.106198
777 0.106037
778 0.105791
781 0.105403
782 0.105335
783 0.105334
786 0.10499
787 0.104975
788 0.104707
789 0.104695
791 0.104507
792 0.104294
793 0.104127
794 0.104041
797 0.103928
798 0.103752
799 0.103632
800 0.103441
801 0.103313
802 0.10322
803 0.103087
804 0.102919
805 0.102891
806 0.102683
807 0.102522
808 0.10241
809 0.102337
810 0.102193
811 0.102036
812 0.101954
813 0.10175
814 0.101621
815 0.101541
816 0.101446
817 0.101386
818 0.101189
819 0.101018
820 0.100858
821 0.100718
822 0.10057
823 0.10048
824 0.100347
825 0.100288
826 0.100126
827 0.0999728
828 0.0998613
829 0.0997135
830 0.0996625
831 0.099595
832 0.0994324
833 0.0993232
835 0.0993142
836 0.0991803
838 0.0990531
839 0.099041
840 0.099034
841 0.0988489
842 0.0987021
843 0.0986919
844 0.0986576
845 0.0985028
846 0.0983469
847 0.0981818
848 0.098025
849 0.0978924
850 0.097725
851 0.0975717
852 0.0973921
853 0.0972177
854 0.0970361
855 0.0968579
856 0.0966821
857 0.0965156
858 0.0963465
859 0.0962075
860 0.0960553
861 0.0959615
862 0.0957992
863 0.095635
864 0.0954799
865 0.0953431
866 0.0952022
867 0.0950992
868 0.0950221
869 0.0948818
870 0.0947243
871 0.0945669
872 0.0944095
873 0.094252
874 0.0940938
875 0.0939341
876 0.0937741
877 0.0936154
878 0.0934596
879 0.0933139
880 0.0931828
881 0.0930693
882 0.0928566
883 0.0926974
884 0.0926314
885 0.0925305
886 0.092491
887 0.0922905
888 0.0921331
889 0.091991
890 0.0919555
893 0.0918993
894 0.0917437
895 0.0916478
896 0.0915096
897 0.0914935
899 0.0913378
900 0.091203
903 0.0910636
904 0.0910234
905 0.0909919
907 0.0908065
908 0.0907053
909 0.0905517
910 0.0904032
911 0.0902765
912 0.0901541
913 0.0899968
914 0.0899005
915 0.0898451
916 0.0896908
917 0.0895494
918 0.0894096
919 0.0892827
920 0.0892534
921 0.0890676
922 0.0889279
923 0.0887987
924 0.0887786
925 0.0887497
927 0.0886995
928 0.0885368
929 0.088464
930 0.0883514
931 0.0883083
933 0.0882375
934 0.0880879
937 0.0879824
938 0.0878923
939 0.0878831
941 0.0877337
942 0.087597
943 0.0874713
944 0.087394
945 0.087264
946 0.0871376
947 0.0870267
948 0.086915
949 0.0868611
951 0.0868115
952 0.0866549
953 0.0866328
954 0.0866142
955 0.0865301
956 0.0864111
957 0.0863075
958 0.0861689
959 0.0860274
960 0.0859397
961 0.0858845
962 0.0857428
963 0.0856215
964 0.0854839
965 0.0853577
966 0.0852495
967 0.0851218
968 0.0850152
971 0.0848542
972 0.0847562
973 0.0846861
974 0.0845898
975 0.0844599
976 0.0843843
978 0.084368
979 0.0841963
980 0.0841558
981 0.0840307
983 0.0839871
985 0.0838501
986 0.0838031
989 0.0836783
990 0.0836234
991 0.0835731
994 0.0834312
995 0.0832877
996 0.083202
997 0.0831318
1000 0.0830163
1001 0.0828885
1004 0.0827712
1006 0.0827582
1007 0.0826548
1009 0.0826093
1010 0.0825225
1011 0.0824978
1012 0.0824546
1014 0.0822839
1015 0.082189
1016 0.0821712
1017 0.0821559
1018 0.0820018
1019 0.0818566
1020 0.0817387
1021 0.0816716
1022 0.0816034
1023 0.0814513
1024 0.0813859
1025 0.0812366
1026 0.0811835
1029 0.0810474
1030 0.0809692
1031 0.0809212
1032 0.0808285
1034 0.0807718
1035 0.0806597
1038 0.0805852
1039 0.0805572
1040 0.080517
1042 0.0804154
1043 0.0804025
1046 0.0802479
1047 0.0801797
1048 0.080112
1049 0.0800848
1051 0.0800145
1052 0.0799126
1053 0.0798596
1054 0.0798174
1055 0.0796721
1058 0.0795341
1059 0.0793972
1060 0.079283
1061 0.0791446
1062 0.0790204
1063 0.078899
1065 0.0788822
1066 0.0787609
1067 0.0786344
1068 0.0785838
1069 0.078416
1070 0.0783774
1071 0.0783764
1072 0.0783363
1073 0.0782536
1074 0.0780742
1075 0.0779358
1076 0.0778112
1077 0.0777842
1078 0.0777062
1081 0.0775664
1082 0.0775362
1083 0.0774682
1086 0.077324
1087 0.0772466
1088 0.0771291
1089 0.0770408
1090 0.0769966
1093 0.0768673
1094 0.0767993
1096 0.0767911
1097 0.0766668
1099 0.0765968
1100 0.0764485
1101 0.0763594
1102 0.0762647
1103 0.0762084
1104 0.0760677
1105 0.0759549
1106 0.0758948
1107 0.0757237
1108 0.0756225
1109 0.0755751
1110 0.0754484
1111 0.075304
1113 0.0752975
1114 0.0751483
1115 0.0750355
1116 0.0749455
1119 0.0748122
1120 0.0746913
1121 0.0746337
1122 0.0745275
1123 0.0744196
1124 0.0744023
1125 0.0743681
1126 0.0742779
1127 0.0742633
1129 0.0741133
1130 0.0740641
1131 0.0739622
1132 0.0739564
1133 0.0739327
1134 0.0737825
1135 0.0736569
1136 0.0735398
1137 0.0734286
1140 0.0733183
1141 0.0733061
1142 0.07329
1143 0.0732167
1145 0.0731532
1146 0.0730387
1147 0.0729959
1148 0.0729519
1150 0.0728669
1151 0.0727536
1152 0.0726892
1154 0.0726594
1155 0.0725443
1156 0.0724446
1157 0.0724074
1158 0.0722804
1159 0.0722361
1160 0.0721277
1161 0.0720071
1162 0.0719969
1164 0.0719345
1167 0.0717966
1168 0.0717356
1169 0.071653
1170 0.0715817
1172 0.0715246
1173 0.0714086
1174 0.0713711
1175 0.0712835
1176 0.0712401
1177 0.0711177
1178 0.071008
1179 0.070929
1180 0.0708515
1181 0.0707956
1182 0.0707768
1184 0.0706464
1185 0.0705419
1188 0.0704311
1189 0.0703847
1190 0.0703488
1192 0.0703076
1193 0.0702423
1197 0.0702383
1198 0.0701983
1199 0.0701443
1200 0.0701256
1203 0.0700645
1205 0.0700017
1206 0.0699428
1207 0.069887
1208 0.0698313
1209 0.0697805
1210 0.0697548
1211 0.0696896
1212 0.0696294
1213 0.0695704
1214 0.0695144
1215 0.0694591
1216 0.0694117
1217 0.0693503
1218 0.0692914
1219 0.069231
1220 0.0691685
1221 0.0691065
1222 0.069048
1223 0.0689875
1224 0.0689254
1225 0.0688633
1226 0.0688041
1227 0.0687418
1228 0.0686813
1229 0.0686193
1230 0.0685581
1231 0.0684999
1232 0.0684392
1233 0.06838
1234 0.0683193
1235 0.0682622
1236 0.0682032
1237 0.0681479
1238 0.0680894
1239 0.0680522
1240 0.0680379
1241 0.0679615
1242 0.067895
1243 0.067834
1244 0.0677818
1245 0.0677239
1246 0.0676807
1247 0.0676547
1248 0.0675902
1249 0.0675258
1250 0.0674624
1251 0.0674001
1252 0.0673553
1253 0.0672933
1254 0.0672335
1255 0.0671773
1256 0.0671188
1257 0.0670669
1258 0.0670088
1259 0.0669645
1260 0.0669485
1261 0.0668854
1262 0.0668247
1263 0.0667689
1264 0.0667187
1265 0.0666731
1266 0.0666502
1267 0.0665784
1268 0.0665644
1269 0.066561
1270 0.0665047
1271 0.0664497
1272 0.0664073
1273 0.0663588
1276 0.0663193
1277 0.0662652
1278 0.0662427
1279 0.0661911
1280 0.0661609
1281 0.0661579
1282 0.0661409
1283 0.0660828
1284 0.0660253
1285 0.0659751
1286 0.0659401
1287 0.0659069
1288 0.0658795
1289 0.0658744
1290 0.0658463
1291 0.0657895
1292 0.0657477
1293 0.0657148
1294 0.0657103
1295 0.0657095
1296 0.0656419
1297 0.0655856
1298 0.065547
1299 0.0655224
1301 0.0655067
1302 0.0654538
1303 0.0654117
1304 0.0653867
1306 0.0653707
1307 0.0653246
1308 0.0652918
1309 0.0652903
1311 0.0652293
1312 0.0651899
1313 0.065146
1315 0.0651354
1316 0.0650867
1317 0.065044
1318 0.065006
1319 0.0649628
1320 0.0649258
1321 0.0649128
1322 0.0648624
1323 0.0648083
1324 0.0647574
1325 0.0647133
1327 0.0647051
1330 0.0646502
1331 0.0646351
1332 0.0646272
1334 0.064567
1335 0.0645489
1336 0.0645466
1337 0.0644866
1338 0.064434
1339 0.0643863
1340 0.0643596
1341 0.0643067
1342 0.0642874
1343 0.0642809
1344 0.0642271
1345 0.0641811
1346 0.0641407
1349 0.0640856
1350 0.0640518
1351 0.0640409
1353 0.0640321
1354 0.0639726
1355 0.0639263
1356 0.0639084
1358 0.0638837
1359 0.0638364
1360 0.0637815
1361 0.0637395
1362 0.063694
1363 0.0636841
1364 0.063633
1365 0.0635768
1366 0.0635229
1367 0.0634977
1368 0.0634463
1369 0.0633924
1370 0.0633638
1371 0.0633086
1372 0.0632573
1373 0.0632038
1374 0.0631591
1375 0.0631043
1376 0.0630506
1377 0.0630008
1378 0.0629519
1379 0.0629
1380 0.0628616
1381 0.062805
1382 0.0627527
1383 0.0627044
1384 0.0626672
1385 0.062617
1386 0.0626076
1387 0.06255
1388 0.0625012
1389 0.0624609
1391 0.0624549
1392 0.0624115
1393 0.0623743
1394 0.062362
1395 0.0623451
1397 0.0623098
1398 0.0622474
1399 0.0622083
1400 0.0621806
1403 0.0621298
1404 0.0620817
1405 0.0620625
1406 0.0620028
1407 0.0619653
1408 0.0619106
1409 0.0618598
1410 0.0618213
1411 0.0617668
1412 0.061727
1413 0.0616806
1414 0.0616539
1415 0.061591
1416 0.0615328
1417 0.0614771
1418 0.0614309
1419 0.0614116
1420 0.0613625
1421 0.0613034
1422 0.0612482
1423 0.0611978
1424 0.0611809
1425 0.0611253
1426 0.0611067
1427 0.0610416
1428 0.0609867
1429 0.060941
1430 0.060886
1431 0.0608566
1432 0.0607952
1433 0.0607447
1434 0.0606868
1435 0.0606393
1436 0.0605868
1437 0.0605327
1438 0.060496
1439 0.060458
1440 0.0603971
1441 0.0603469
1442 0.0603006
1443 0.0602521
1444 0.0602247
1445 0.060183
1446 0.0601783
1447 0.0601709
1448 0.0601123
1449 0.060069
1452 0.0600344
1453 0.0599842
1454 0.0599503
1455 0.0599163
1456 0.0598745
1457 0.0598693
1458 0.0598649
1459 0.059814
1460 0.0597678
1461 0.0597362
1462 0.0597229
1463 0.0596726
1464 0.0596456
1465 0.0596075
1466 0.0595772
1469 0.0595256
1472 0.0594962
1473 0.0594487
1474 0.0594244
1475 0.0593737
1476 0.0593262
1477 0.0592799
1478 0.0592352
1479 0.0592034
1480 0.0591579
1481 0.0591227
1482 0.059083
1483 0.0590275
1484 0.0589852
1485 0.0589721
1486 0.0589331
1489 0.0588691
1490 0.0588412
1491 0.0588156
1494 0.0587561
1495 0.0587013
1496 0.0586723
1497 0.0586351
1498 0.0586133
1499 0.0585642
1500 0.0585109
1501 0.0584648
1502 0.0584248
1505 0.0583669
1506 0.0583409
1508 0.05832
1509 0.0582682
1510 0.0582511
1511 0.0582068
1512 0.0581928
1513 0.0581778
1514 0.05811
1515 0.0580548
1516 0.0580251
1517 0.0579911
1518 0.0579334
1519 0.0579073
1520 0.057874
1521 0.0578215
1522 0.0577684
1523 0.0577197
1524 0.057683
1525 0.057633
1526 0.0576029
1527 0.0575657
1528 0.0575307
1529 0.0575098
1531 0.0575035
1532 0.057447
1533 0.0574351
1535 0.0574195
1536 0.0573735
1537 0.0573616
1539 0.0573104
1540 0.0572683
1541 0.0572204
1542 0.0571723
1543 0.0571256
1544 0.0570864
1545 0.0570542
1546 0.0570369
1547 0.0569963
1548 0.0569473
1549 0.0568988
1550 0.0568517
1551 0.0568092
1552 0.0567656
1553 0.056751
1554 0.0567345
1556 0.0567213
1557 0.0566759
1558 0.0566341
1559 0.0566025
1562 0.0565562
1563 0.0565217
1564 0.0565172
1566 0.0564782
1567 0.0564441
1568 0.056401
1569 0.056389
1570 0.0563648
1571 0.0563281
1573 0.05632
1574 0.0562686
1575 0.0562496
1578 0.0562007
1579 0.0561631
1580 0.0561196
1581 0.0560798
1582 0.0560733
1583 0.0560205
1584 0.0559956
1585 0.0559507
1586 0.0559179
1587 0.0559134
1588 0.0558914
1589 0.0558318
1590 0.0558011
1591 0.0557669
1593 0.0557466
1594 0.0557246
1595 0.055688
1596 0.0556858
1598 0.0556295
1599 0.0555904
1600 0.055578
1602 0.0555299
1603 0.0554845
1604 0.0554511
1605 0.0554033
1606 0.0553518
1607 0.0553027
1608 0.0552573
1609 0.0552091
1610 0.0551584
1611 0.0551084
1612 0.0550581
1613 0.0550074
1614 0.0549579
1615 0.054907
1616 0.0548563
1617 0.0548058
1618 0.0547562
1619 0.0547056
1620 0.0546556
1621 0.0546061
1622 0.0545559
1623 0.0545091
1624 0.0544618
1625 0.0544122
1626 0.0543684
1627 0.0543195
1628 0.05427
1629 0.054222
1630 0.0541807
1631 0.0541326
1632 0.0540851
1633 0.0540554
1634 0.0540081
1635 0.0539554
1636 0.0539046
1637 0.0538585
1638 0.0538169
1639 0.0538096
1640 0.0537959
1641 0.0537626
1642 0.0537239
1644 0.0537155
1645 0.0536887
1646 0.0536552
1647 0.0536377
1648 0.0536302
1651 0.0535716
1652 0.053531
1653 0.0535072
1654 0.0535056
1655 0.0534803
1656 0.0534667
1657 0.0534127
1658 0.0533697
1659 0.0533602
1660 0.0533057
1661 0.053292
1662 0.0532755
1663 0.0532286
1664 0.0532101
1665 0.0531593
1666 0.0531154
1667 0.0530899
1668 0.0530427
1669 0.0530332
1671 0.0529898
1672 0.0529636
1673 0.0529145
1674 0.0528815
1675 0.0528365
1676 0.052795
1677 0.052752
1678 0.0527171
1679 0.0526778
1680 0.0526569
1681 0.0526091
1682 0.0525737
1683 0.0525385
1684 0.0525146
1685 0.0524827
1686 0.052442
1687 0.0524046
1689 0.0523856
1690 0.0523724
1691 0.0523718
1692 0.0523218
1693 0.0522804
1694 0.0522528
1695 0.0522299
1696 0.0521879
1697 0.0521734
1698 0.0521678
1699 0.0521215
1700 0.0520773
1701 0.0520363
1702 0.0519968
1703 0.0519761
1704 0.0519576
1705 0.0519142
1706 0.0518691
1707 0.0518224
1708 0.0517778
1709 0.0517387
1710 0.0517001
1711 0.0516534
1712 0.0516105
1713 0.0515656
1714 0.0515225
1715 0.0514832
1716 0.0514398
1717 0.0514004
1718 0.0513668
1719 0.0513239
1720 0.0512881
1721 0.0512678
1722 0.0512146
1723 0.0511806
1724 0.0511788
1725 0.0511765
1726 0.05114
1728 0.0511354
1729 0.0510808
1730 0.0510433
1731 0.051005
1732 0.0509843
1733 0.0509505
1734 0.0509404
1735 0.0508877
1736 0.0508403
1737 0.0507974
1738 0.0507505
1739 0.0507042
1740 0.0506587
1741 0.0506145
1742 0.0505697
1743 0.0505255
1744 0.0504919
1745 0.0504607
1746 0.0504398
1747 0.0504177
1748 0.0503668
1749 0.050315
1750 0.0502658
1751 0.0502191
1752 0.0501783
1753 0.0501334
1754 0.0500944
1755 0.0500505
1756 0.0500118
1757 0.0499684
1758 0.0499267
1759 0.0498887
1760 0.0498481
1761 0.0498091
1762 0.0497754
1764 0.0497716
1765 0.049712
1766 0.0496892
1767 0.049656
1769 0.0496502
1770 0.0496098
1771 0.0495808
1774 0.0495313
1775 0.0495111
1776 0.0495056
1778 0.0494709
1779 0.0494214
1780 0.0493837
1781 0.0493354
1782 0.0493004
1783 0.0492751
1784 0.0492528
1785 0.0491994
1786 0.0491633
1787 0.0491165
1788 0.0490699
1789 0.0490236
1790 0.0489855
1791 0.0489484
1792 0.048935
1793 0.0488976
1794 0.0488512
1795 0.0488062
1796 0.0487631
1797 0.0487218
1798 0.0486812
1799 0.0486644
1801 0.0486626
1802 0.048626
1803 0.0486209
1805 0.0485719
1806 0.048537
1809 0.0485347
1810 0.0485109
1811 0.0484663
1812 0.0484374
1813 0.0483966
1814 0.0483578
1815 0.0483208
1816 0.0483116
1817 0.0483026
1819 0.0482514
1820 0.0482144
1821 0.0482048
1823 0.0481929
1825 0.048152
1826 0.0481146
1829 0.0481027
1830 0.0480809
1834 0.0480725
1835 0.0480587
1836 0.0480476
1837 0.0480371
1838 0.0480296
1839 0.0480213
1840 0.0480212
1841 0.0480136
1842 0.0479933
1843 0.0479749
1844 0.0479624
1845 0.0479458
1846 0.0479294
1847 0.047912
1848 0.0478948
1849 0.0478775
1850 0.0478601
1851 0.0478427
1852 0.0478252
1853 0.0478079
1854 0.0477903
1855 0.0477723
1856 0.0477545
1857 0.0477366
1858 0.0477189
1859 0.0477012
1860 0.0476833
1861 0.0476657
1862 0.0476479
1863 0.0476301
1864 0.0476124
1865 0.0475969
1866 0.047582
1867 0.0475633
1868 0.0475456
1869 0.0475275
1870 0.0475108
1871 0.0474917
1872 0.0474726
1873 0.0474536
1874 0.0474347
1875 0.0474168
1876 0.0473978
1877 0.0473786
1878 0.0473594
1879 0.0473403
1880 0.0473213
1881 0.0473032
1882 0.047284
1883 0.0472648
1884 0.0472456
1885 0.0472264
1886 0.0472071
1887 0.0471879
1888 0.0471688
1889 0.0471498
1890 0.0471326
1891 0.0471188
1892 0.0471002
1893 0.0470806
1894 0.0470616
1895 0.047044
1896 0.0470251
1897 0.0470067
1898 0.0469923
1899 0.0469796
1900 0.0469617
1901 0.0469431
1902 0.0469244
1903 0.0469068
1904 0.0468886
1905 0.0468704
1906 0.0468536
1907 0.0468356
1908 0.0468183
1909 0.0468006
1910 0.0467883
1911 0.0467735
1912 0.046756
1913 0.0467393
1914 0.0467228
1915 0.046706
1916 0.0466915
1917 0.0466763
1918 0.0466646
1919 0.0466608
1920 0.0466412
1921 0.0466233
1922 0.0466063
1923 0.04659
1924 0.0465737
1925 0.0465579
1926 0.0465416
1927 0.0465262
1928 0.0465121
1929 0.0464965
1930 0.0464804
1931 0.0464658
1932 0.0464508
1933 0.046436
1934 0.0464202
1935 0.0464096
1936 0.0463993
1937 0.0463915
1938 0.046375
1939 0.0463591
1940 0.0463451
1941 0.0463364
1942 0.0463203
1943 0.0463054
1944 0.0462922
1945 0.0462768
1946 0.0462632
1947 0.0462477
1948 0.0462327
1949 0.0462177
1950 0.0462034
1951 0.0461894
1952 0.0461746
1953 0.0461596
1954 0.0461451
1955 0.0461325
1956 0.0461187
1957 0.0461039
1958 0.0460903
1959 0.0460761
1960 0.0460612
1961 0.0460465
1962 0.0460348
1963 0.0460278
1964 0.0460142
1965 0.0459996
1966 0.0459849
1967 0.0459714
1968 0.0459574
1969 0.0459509
1970 0.0459427
1971 0.0459273
1972 0.0459116
1973 0.0458971
1974 0.0458828
1975 0.0458679
1976 0.0458547
1977 0.045841
1978 0.0458272
1979 0.0458149
1980 0.0458015
1981 0.0457883
1982 0.0457769
1983 0.0457641
1984 0.0457532
1985 0.0457348
1986 0.0457175
1987 0.0457009
1988 0.0456873
1989 0.045673
1990 0.0456677
1991 0.0456577
1992 0.0456385
1993 0.0456209
1994 0.0456046
1995 0.0455885
1996 0.0455717
1997 0.0455557
1998 0.0455392
1999 0.0455227
2000 0.0455098
2001 0.0454932
2002 0.0454766
2003 0.0454604
2004 0.0454438
2005 0.0454269
2006 0.0454111
2007 0.045396
2008 0.0453806
2009 0.0453656
2010 0.0453494
2011 0.0453325
2012 0.0453149
2013 0.0452978
2014 0.04528
2015 0.0452622
2016 0.0452445
2017 0.0452267
2018 0.0452089
2019 0.0451915
2020 0.0451737
2021 0.0451558
2022 0.045138
2023 0.0451203
2024 0.0451079
2025 0.0450926
2026 0.0450769
2027 0.0450654
2028 0.0450463
2029 0.045028
2030 0.0450104
2031 0.0449929
2032 0.0449755
2033 0.0449581
2034 0.0449412
2035 0.0449244
2036 0.0449073
2037 0.0448908
2038 0.0448742
2039 0.0448602
2040 0.0448431
2041 0.0448265
2042 0.0448102
2043 0.0447933
2044 0.0447768
2045 0.0447601
2046 0.0447439
2047 0.0447275
2048 0.0447118
2049 0.044696
2050 0.0446797
2051 0.0446637
2052 0.0446506
2053 0.0446341
2054 0.0446177
2055 0.0446016
2056 0.0445854
2057 0.0445698
2058 0.0445537
2059 0.0445386
2060 0.0445226
2061 0.0445065
2062 0.0444909
2063 0.0444756
2064 0.0444608
2065 0.0444456
2066 0.04443
2067 0.0444146
2068 0.0443988
2069 0.0443833
2070 0.0443745
2071 0.0443632
2072 0.0443472
2073 0.0443313
2074 0.0443156
2075 0.0442998
2076 0.0442848
2077 0.0442696
2078 0.0442552
2079 0.0442394
2080 0.0442236
2081 0.0442079
2082 0.044193
2083 0.0441773
2084 0.0441617
2085 0.0441467
2086 0.0441315
2087 0.0441162
2088 0.0440999
2089 0.0440842
2090 0.0440695
2091 0.0440541
2092 0.0440404
2093 0.044024
2094 0.0440088
2095 0.0439925
2096 0.0439761
2097 0.0439598
2098 0.0439437
2099 0.0439279
2100 0.0439125
2101 0.0438962
2102 0.0438802
2103 0.0438638
2104 0.0438476
2105 0.0438312
2106 0.0438151
2107 0.0437986
2108 0.0437822
2109 0.0437657
2110 0.0437499
2111 0.0437335
2112 0.043717
2113 0.0437005
2114 0.0436841
2115 0.0436676
2116 0.0436513
2117 0.0436348
2118 0.0436184
2119 0.0436019
2120 0.0435863
2121 0.0435701
2122 0.0435537
2123 0.0435374
2124 0.0435211
2125 0.0435048
2126 0.0434885
2127 0.0434725
2128 0.0434562
2129 0.0434403
2130 0.0434241
2131 0.0434083
2132 0.0433929
2133 0.043377
2134 0.0433609
2135 0.0433461
2136 0.0433316
2137 0.0433157
2138 0.0433003
2139 0.0432851
2140 0.0432698
2141 0.0432544
2142 0.0432421
2143 0.0432276
2144 0.0432122
2145 0.0431989
2146 0.0431862
2147 0.0431709
2148 0.0431543
2149 0.0431388
2150 0.0431227
2151 0.0431077
2152 0.0430919
2153 0.0430766
2154 0.0430644
2155 0.0430562
2156 0.0430472
2157 0.0430311
2158 0.0430153
2159 0.0430015
2160 0.0429868
2161 0.0429766
2162 0.0429631
2163 0.0429475
2164 0.0429329
2165 0.0429211
2166 0.0429138
2168 0.0429125
2169 0.0428841
2170 0.0428656
2171 0.0428562
2172 0.0428365
2173 0.0428263
2174 0.0428114
2175 0.0427977
2176 0.0427822
2177 0.0427642
2178 0.042747
2179 0.0427307
2180 0.0427172
2181 0.0427018
2182 0.0426885
2183 0.0426785
2184 0.0426657
2185 0.0426491
2186 0.0426335
2187 0.0426173
2188 0.0426012
2189 0.0425855
2190 0.0425701
2191 0.0425547
2192 0.0425408
2193 0.0425284
2194 0.0425145
2195 0.0425022
2196 0.0424916
2197 0.0424762
2198 0.0424652
2199 0.0424502
2200 0.0424347
2201 0.0424199
2202 0.0424056
2203 0.0423947
2204 0.0423793
2205 0.0423657
2206 0.0423504
2207 0.0423376
2208 0.0423223
2209 0.0423075
2210 0.0422952
2211 0.0422821
2212 0.0422792
2213 0.0422599
2214 0.0422426
2215 0.0422265
2216 0.0422128
2217 0.0422
2218 0.0421945
2219 0.0421929
2220 0.0421886
2221 0.0421821
2222 0.0421653
2223 0.0421496
2224 0.0421342
2225 0.0421182
2226 0.0421026
2227 0.0420867
2228 0.0420708
2229 0.0420557
2230 0.0420406
2231 0.0420251
2232 0.0420108
2233 0.0419958
2234 0.0419809
2235 0.0419682
2236 0.0419523
2237 0.0419365
2238 0.0419209
2239 0.0419055
2240 0.0418953
2241 0.0418848
2242 0.0418728
2243 0.0418635
2244 0.0418472
2245 0.0418313
2246 0.0418158
2247 0.0418007
2248 0.0417875
2249 0.0417771
2250 0.0417695
2251 0.0417624
2252 0.0417453
2253 0.0417287
2254 0.0417126
2255 0.0416969
2256 0.0416821
2257 0.041667
2258 0.0416531
2259 0.0416409
2260 0.0416247
2261 0.0416095
2262 0.0415938
2263 0.0415781
2264 0.0415629
2265 0.0415473
2266 0.041532
2267 0.0415165
2268 0.0415011
2269 0.0414865
2270 0.0414713
2271 0.0414556
2272 0.0414401
2273 0.0414318
2274 0.0414185
2275 0.0414036
2276 0.0413881
2277 0.0413734
2278 0.0413583
2279 0.0413452
2280 0.0413323
2281 0.0413222
2282 0.0413074
2283 0.0412933
2284 0.0412784
2285 0.0412637
2286 0.0412514
2287 0.0412381
2288 0.0412242
2289 0.041211
2290 0.041201
2291 0.0411867
2292 0.0411752
2293 0.0411627
2294 0.04115
2295 0.0411353
2296 0.0411207
2297 0.0411067
2298 0.0410926
2299 0.0410829
2300 0.0410743
2301 0.0410599
2302 0.0410444
2303 0.0410298
2304 0.0410177
2305 0.0410045
2306 0.0409901
2307 0.0409775
2308 0.0409628
2309 0.0409479
2310 0.0409331
2311 0.0409186
2312 0.0409156
2314 0.0409013
2315 0.0408889
2316 0.0408733
2317 0.0408589
2318 0.0408454
2319 0.0408387
2320 0.0408323
2322 0.0408289
2323 0.0408136
2324 0.0408012
2327 0.0407872
2328 0.0407808
2329 0.0407663
2330 0.0407524
2331 0.0407405
2332 0.0407304
2333 0.0407166
2334 0.040705
2335 0.0406915
2336 0.040678
2337 0.0406678
2338 0.0406609
2339 0.0406445
2340 0.0406304
2341 0.040617
2342 0.0406072
2345 0.0405922
2346 0.0405794
2347 0.0405666
2348 0.0405592
2349 0.0405493
2350 0.0405384
2351 0.0405318
2352 0.0405159
2353 0.0405015
2354 0.0404931
2355 0.0404816
2356 0.0404714
2357 0.0404708
2358 0.0404668
2359 0.0404514
2360 0.0404379
2361 0.0404237
2362 0.0404096
2363 0.0403984
2364 0.0403852
2365 0.0403777
2366 0.0403633
2367 0.0403505
2368 0.0403359
2369 0.0403216
2370 0.0403072
2371 0.040294
2372 0.0402798
2373 0.0402661
2374 0.040253
2375 0.0402395
2376 0.0402264
2377 0.0402138
2378 0.0401999
2379 0.0401867
2380 0.0401747
2381 0.0401624
2382 0.0401487
2383 0.0401419
2385 0.0401415
2386 0.0401237
2387 0.0401157
2388 0.0401055
2389 0.0401044
2391 0.0400908
2392 0.0400754
2393 0.0400633
2394 0.0400506
2395 0.0400378
2396 0.0400244
2397 0.0400164
2398 0.0400018
2399 0.0399884
2400 0.0399766
2401 0.039961
2402 0.0399488
2403 0.0399388
2404 0.0399277
2405 0.039919
2407 0.0399166
2408 0.0399013
2409 0.0398927
2410 0.0398843
2411 0.0398801
2412 0.0398762
2413 0.0398594
2414 0.0398441
2415 0.0398298
2416 0.0398221
2417 0.0398171
2420 0.0398006
2421 0.0397865
2422 0.039776
2423 0.0397707
2426 0.0397554
2427 0.0397439
2428 0.0397343
2429 0.0397323
2430 0.0397272
2431 0.0397113
2432 0.0396965
2433 0.0396819
2434 0.0396669
2435 0.0396524
2436 0.0396376
2437 0.0396232
2438 0.0396089
2439 0.039595
2440 0.0395801
2441 0.0395657
2442 0.0395508
2443 0.039536
2444 0.0395282
2445 0.0395165
2446 0.0395072
2447 0.0394906
2448 0.0394749
2449 0.0394598
2450 0.0394456
2451 0.039434
2452 0.0394186
2453 0.0394044
2454 0.0393898
2455 0.0393751
2456 0.0393621
2457 0.0393476
2458 0.0393336
2459 0.0393191
2460 0.0393048
2461 0.0392963
2462 0.039282
2463 0.0392704
2464 0.0392532
2465 0.0392382
2466 0.0392292
2467 0.0392289
2470 0.0392223
2471 0.0392074
2472 0.0391979
2473 0.0391824
2474 0.0391709
2475 0.0391582
2476 0.0391519
2477 0.0391362
2478 0.0391208
2479 0.0391055
2480 0.0390902
2481 0.039075
2482 0.0390599
2483 0.0390454
2484 0.0390305
2485 0.0390154
2486 0.0390005
2487 0.0389869
2488 0.0389728
2489 0.0389582
2490 0.0389432
2491 0.0389284
2492 0.0389145
2493 0.0389
2494 0.038886
2495 0.0388713
2496 0.0388568
2497 0.0388425
2498 0.0388281
2499 0.0388174
2500 0.0388026
2501 0.0387881
2502 0.0387737
2503 0.038765
2504 0.0387643
2506 0.0387479
2507 0.0387324
2508 0.0387182
2509 0.0387038
2510 0.0386906
2511 0.0386773
2512 0.0386725
2513 0.0386629
2514 0.0386469
2515 0.0386343
2516 0.0386251
2517 0.0386188
2518 0.038615
2519 0.0385979
2520 0.0385836
2521 0.0385701
2522 0.0385625
2525 0.0385478
2526 0.0385373
2527 0.0385243
2528 0.038516
2529 0.0385086
2530 0.0384963
2531 0.0384822
2532 0.0384687
2533 0.0384556
2534 0.0384447
2535 0.0384345
2536 0.0384257
2537 0.0384101
2538 0.0383959
2539 0.0383816
2540 0.038369
2541 0.0383553
2542 0.0383453
2543 0.0383333
2544 0.038323
2545 0.0383089
2546 0.0382956
2547 0.0382888
2548 0.0382723
2549 0.0382595
2550 0.0382456
2551 0.0382315
2552 0.0382192
2553 0.0382047
2554 0.0381905
2555 0.0381761
2556 0.0381618
2557 0.0381561
2558 0.0381528
2560 0.0381386
2561 0.0381248
2562 0.0381106
2563 0.0380967
2564 0.038084
2565 0.0380704
2566 0.038057
2567 0.0380467
2568 0.0380365
2569 0.0380274
2570 0.0380108
2571 0.037997
2572 0.0379903
2573 0.0379776
2574 0.0379649
2575 0.0379549
2576 0.0379456
2577 0.0379302
2578 0.0379169
2579 0.0379054
2581 0.0379031
2582 0.0378966
2583 0.0378837
2584 0.0378728
2585 0.0378627
2586 0.0378536
2587 0.037849
2589 0.0378416
2590 0.0378266
2591 0.0378166
2592 0.0378118
2595 0.0377972
2596 0.0377839
2597 0.0377723
2598 0.0377597
2599 0.0377476
2600 0.0377439
2601 0.0377412
2602 0.0377302
2603 0.0377161
2604 0.0377027
2605 0.0376898
2606 0.0376776
2607 0.0376671
2608 0.0376555
2609 0.0376442
2610 0.0376318
2611 0.03762
2612 0.037609
2613 0.0376
2614 0.0375871
2615 0.037575
2616 0.0375632
2617 0.0375543
2618 0.0375419
2619 0.0375316
2620 0.0375198
2621 0.0375087
2622 0.0374999
2625 0.0374861
2626 0.0374753
2627 0.0374664
2628 0.0374632
2630 0.0374588
2631 0.0374445
2632 0.0374325
2633 0.0374232
2634 0.0374223
2636 0.0374183
2637 0.0374034
2638 0.0373898
2639 0.0373778
2640 0.0373646
2641 0.0373526
2642 0.0373395
2643 0.0373266
2644 0.0373159
2645 0.0373088
2646 0.0372973
2647 0.0372844
2648 0.0372713
2649 0.0372581
2650 0.037245
2651 0.0372319
2652 0.0372188
2653 0.0372057
2654 0.0371927
2655 0.0371801
2656 0.0371681
2657 0.0371547
2658 0.0371421
2659 0.0371297
2660 0.0371165
2661 0.0371034
2662 0.0370904
2663 0.0370796
2664 0.037068
2665 0.037055
2666 0.0370421
2667 0.03703
2668 0.0370168
2669 0.0370035
2670 0.0369904
2671 0.0369773
2672 0.0369647
2673 0.0369516
2674 0.0369386
2675 0.0369255
2676 0.0369125
2677 0.0368996
2678 0.0368866
2679 0.0368736
2680 0.0368606
2681 0.0368479
2682 0.0368349
2683 0.0368223
2684 0.0368095
2685 0.0367971
2686 0.0367843
2687 0.0367715
2688 0.036759
2689 0.0367462
2690 0.0367338
2691 0.0367217
2692 0.0367091
2693 0.0366983
2694 0.0366802
2695 0.0366664
2696 0.0366554
2697 0.0366442
2698 0.0366348
2699 0.036623
2700 0.0366117
2701 0.0365971
2702 0.0365836
2703 0.0365698
2704 0.0365568
2705 0.036544
2706 0.0365306
2707 0.0365181
2708 0.0365048
2709 0.0364906
2710 0.0364766
2711 0.0364627
2712 0.0364492
2713 0.0364354
2714 0.0364246
2715 0.0364114
2716 0.0363977
2717 0.036384
2718 0.0363703
2719 0.0363568
2720 0.0363439
2721 0.0363309
2722 0.0363179
2723 0.0363049
2724 0.036293
2725 0.0362806
2726 0.0362739
2727 0.0362597
2728 0.036246
2729 0.0362329
2730 0.0362236
2731 0.0362113
2732 0.0362049
2733 0.0361947
2734 0.0361795
2735 0.0361661
2736 0.0361558
2737 0.0361438
2738 0.0361304
2739 0.0361168
2740 0.0361037
2741 0.0360908
2742 0.0360779
2743 0.0360671
2744 0.0360545
2745 0.0360438
2746 0.0360334
2747 0.036021
2748 0.0360087
2749 0.0359956
2750 0.0359829
2751 0.0359709
2752 0.0359595
2753 0.0359497
2754 0.0359439
2755 0.035929
2756 0.0359155
2757 0.0359023
2758 0.0358894
2759 0.035877
2760 0.0358644
2761 0.0358518
2762 0.0358409
2763 0.0358388
2764 0.0358303
2765 0.0358268
2766 0.0358121
2767 0.0357996
2768 0.0357907
2769 0.0357786
2771 0.0357771
2772 0.0357653
2773 0.0357537
2774 0.0357504
2775 0.0357356
2776 0.0357253
2777 0.0357155
2778 0.0357038
2779 0.0356947
2780 0.0356815
2781 0.035671
2782 0.0356571
2783 0.0356469
2784 0.0356372
2785 0.0356266
2786 0.0356133
2787 0.0356028
2788 0.0355889
2789 0.0355756
2790 0.0355622
2791 0.0355487
2792 0.0355352
2793 0.0355216
2794 0.0355086
2795 0.035495
2796 0.0354814
2797 0.0354677
2798 0.0354542
2799 0.0354405
2800 0.0354274
2801 0.0354136
2802 0.0354005
2803 0.0353872
2804 0.0353737
2805 0.03536
2806 0.0353461
2807 0.0353322
2808 0.0353186
2809 0.035305
2810 0.0352912
2811 0.0352776
2812 0.0352646
2813 0.0352503
2814 0.0352418
2815 0.0352345
2816 0.0352288
2818 0.0352145
2819 0.0352015
2820 0.0351947
2821 0.0351821
2822 0.0351723
2823 0.0351625
2824 0.0351479
2825 0.0351347
2826 0.0351248
2827 0.0351151
2828 0.0351138
2829 0.0351113
2830 0.0350964
2831 0.0350831
2832 0.035075
2833 0.0350745
2834 0.0350733
2835 0.0350622
2836 0.0350462
2837 0.035032
2838 0.0350223
2839 0.0350147
2840 0.0350124
2841 0.0349959
2842 0.0349847
2843 0.0349685
2844 0.0349587
2845 0.0349522
2846 0.0349395
2847 0.0349261
2848 0.0349114
2849 0.034897
2850 0.0348832
2851 0.0348698
2852 0.0348571
2853 0.0348434
2854 0.0348304
2855 0.0348183
2856 0.0348052
2857 0.0347946
2858 0.0347914
2859 0.0347734
2860 0.0347586
2861 0.0347456
2862 0.0347367
2863 0.0347229
2864 0.03471
2865 0.034696
2866 0.0346821
2867 0.0346685
2868 0.0346548
2869 0.0346424
2870 0.0346305
2871 0.0346181
2872 0.0346054
2873 0.0345919
2874 0.0345786
2875 0.0345658
2876 0.034553
2877 0.03454
2878 0.0345282
2879 0.0345157
2880 0.0345051
2881 0.0344934
2882 0.0344853
2883 0.0344745
2884 0.0344617
2885 0.0344491
2886 0.0344376
2887 0.0344275
2888 0.0344192
2889 0.0344148
2890 0.0344002
2891 0.0343881
2892 0.0343762
2893 0.0343665
2894 0.0343569
2895 0.0343499
2896 0.0343479
2897 0.0343344
2898 0.0343217
2899 0.0343095
2900 0.0342977
2901 0.0342863
2902 0.0342745
2903 0.0342629
2904 0.0342513
2905 0.0342397
2906 0.0342285
2907 0.0342169
2908 0.0342062
2909 0.0341956
2910 0.0341864
2911 0.0341761
2912 0.0341647
2913 0.0341535
2914 0.0341446
2915 0.0341347
2916 0.0341266
2919 0.0341144
2920 0.0341082
2921 0.0341016
2924 0.0340913
2925 0.0340835
2928 0.0340727
2929 0.0340703
2930 0.0340682
2931 0.0340611
2932 0.0340524
2933 0.0340495
2934 0.0340351
2935 0.0340245
2936 0.0340185
2937 0.0340153
2938 0.0340124
2939 0.0340016
2940 0.0339895
2941 0.0339776
2942 0.0339663
2943 0.0339572
2944 0.0339459
2945 0.0339349
2946 0.0339234
2947 0.0339119
2948 0.0339005
2949 0.033889
2950 0.0338774
2951 0.0338657
2952 0.0338541
2953 0.0338426
2954 0.0338308
2955 0.0338191
2956 0.0338076
2957 0.033796
2958 0.0337843
2959 0.0337726
2960 0.0337612
2961 0.0337496
2962 0.0337382
2963 0.033727
2964 0.0337192
2965 0.033707
2966 0.0337002
2967 0.0336931
2968 0.0336709
2969 0.0336541
2970 0.0336408
2971 0.0336317
2972 0.0336262
2973 0.0336134
2974 0.0335993
2975 0.0335856
2976 0.0335723
2977 0.0335592
2978 0.0335491
2979 0.0335377
2980 0.0335232
2981 0.03351
2982 0.0334972
2983 0.0334847
2984 0.0334719
2985 0.0334593
2986 0.0334465
2987 0.0334345
2988 0.0334203
2989 0.0334061
2990 0.0333926
2991 0.0333835
2993 0.0333817
2994 0.033374
2995 0.0333605
2996 0.0333483
2997 0.0333397
2998 0.033334
3000 0.0333306
3001 0.0333153
3002 0.0333029
3003 0.0333006
3004 0.0332986
3005 0.0332915
3006 0.0332807
3007 0.0332666
3008 0.0332527
3009 0.033239
3010 0.0332262
3011 0.0332135
3012 0.0332015
3013 0.0331879
3014 0.0331751
3015 0.0331619
3016 0.0331489
3017 0.0331423
3018 0.0331372
3019 0.0331257
3020 0.0331132
3021 0.0330995
3022 0.0330859
3023 0.0330726
3024 0.0330597
3025 0.0330477
3026 0.0330358
3027 0.0330232
3028 0.0330117
3029 0.0330023
3030 0.0329903
3031 0.032978
3032 0.0329662
3033 0.0329561
3034 0.0329451
3035 0.0329336
3036 0.0329222
3037 0.0329105
3038 0.0329013
3039 0.0328904
3040 0.0328817
3041 0.0328793
3042 0.0328791
3043 0.032869
3046 0.0328577
3047 0.0328511
3048 0.0328454
3049 0.0328401
3051 0.0328353
3052 0.0328231
3053 0.0328165
3054 0.0328153
3055 0.0328115
3056 0.0328003
3057 0.0327909
3058 0.0327802
3059 0.0327695
3060 0.0327596
3061 0.0327538
3062 0.0327423
3063 0.0327323
3064 0.0327223
3065 0.0327129
3066 0.0327051
3067 0.0326961
3068 0.0326871
3069 0.0326782
3070 0.0326697
3071 0.0326627
3072 0.0326521
3073 0.0326447
3074 0.0326391
3075 0.0326309
3076 0.0326241
3079 0.032614
3082 0.0326045
3083 0.0326028
3084 0.0326013
3085 0.0325936
3086 0.0325819
3087 0.0325715
3088 0.0325615
3089 0.0325502
3090 0.0325392
3091 0.0325283
3092 0.0325178
3093 0.0325074
3094 0.0324981
3095 0.0324875
3096 0.0324818
3097 0.0324762
3098 0.0324653
3099 0.0324571
3100 0.0324546
3101 0.0324403
3102 0.0324288
3103 0.0324183
3104 0.0324132
3105 0.0324039
3106 0.0323927
3107 0.0323811
3108 0.0323697
3109 0.0323595
3110 0.0323479
3111 0.0323367
3112 0.0323255
3113 0.0323143
3114 0.0323026
3115 0.0322909
3116 0.0322792
3117 0.0322674
3118 0.0322558
3119 0.032244
3120 0.0322326
3121 0.0322214
3122 0.03221
3123 0.032198
3124 0.0321865
3125 0.0321748
3126 0.0321632
3127 0.0321514
3128 0.0321399
3129 0.0321282
3130 0.0321165
3131 0.0321049
3132 0.0320932
3133 0.0320815
3134 0.0320716
3135 0.0320592
3136 0.0320485
3137 0.03204
3138 0.0320325
3139 0.03202
3140 0.0320078
3141 0.0319968
3142 0.0319859
3143 0.0319743
3144 0.0319622
3145 0.0319511
3146 0.0319396
3147 0.0319283
3148 0.0319169
3149 0.0319048
3150 0.031893
3151 0.0318809
3152 0.0318697
3153 0.031857
3154 0.0318444
3155 0.031832
3156 0.0318198
3157 0.0318074
3158 0.0317951
3159 0.0317836
3160 0.0317723
3161 0.0317603
3162 0.0317543
3163 0.0317404
3164 0.0317278
3165 0.0317156
3166 0.0317035
3167 0.0316925
3168 0.0316805
3169 0.0316686
3170 0.0316583
3171 0.0316491
3172 0.0316436
3173 0.0316338
3174 0.0316213
3175 0.031609
3176 0.031597
3177 0.0315855
3178 0.0315764
3179 0.031568
3180 0.0315637
3182 0.0315603
3183 0.0315484
3184 0.0315371
3185 0.031531
3186 0.0315181
3187 0.0315078
3188 0.0314996
3189 0.0314888
3190 0.031478
3191 0.0314673
3192 0.0314571
3193 0.0314482
3194 0.0314414
3195 0.0314344
3196 0.0314237
3197 0.0314127
3198 0.0314028
3199 0.0313961
3200 0.0313857
3201 0.0313803
3202 0.0313723
3203 0.0313629
3206 0.0313525
3207 0.0313514
3208 0.0313493
3209 0.0313402
3210 0.0313328
3211 0.0313313
3212 0.031317
3213 0.0313123
3215 0.0313022
3216 0.0312956
3217 0.0312851
3218 0.031277
3221 0.0312696
3222 0.0312599
3223 0.0312537
3225 0.0312519
3226 0.0312417
3227 0.0312363
3228 0.0312321
3229 0.0312301
3230 0.0312152
3231 0.0312064
3232 0.0311975
3233 0.0311897
3234 0.0311778
3235 0.0311682
3236 0.0311591
3237 0.0311486
3238 0.0311399
3239 0.0311327
3240 0.0311202
3241 0.0311135
3242 0.0311024
3243 0.0310956
3246 0.0310829
3247 0.0310741
3248 0.0310627
3249 0.0310561
3250 0.031047
3251 0.0310402
3252 0.031031
3253 0.0310199
3254 0.0310095
3255 0.0310015
3258 0.0309904
3259 0.0309839
3260 0.0309834
3262 0.0309715
3263 0.0309598
3264 0.03095
3265 0.0309489
3266 0.0309438
3267 0.0309323
3268 0.0309221
3269 0.0309116
3270 0.0309032
3271 0.0308902
3272 0.0308813
3273 0.0308708
3274 0.0308582
3275 0.0308457
3276 0.0308333
3277 0.0308209
3278 0.0308085
3279 0.0307961
3280 0.0307837
3281 0.0307713
3282 0.030759
3283 0.0307484
3284 0.0307361
3285 0.0307236
3286 0.0307113
3287 0.0306998
3288 0.0306875
3289 0.0306752
3290 0.0306629
3291 0.0306507
3292 0.0306385
3293 0.0306264
3294 0.0306216
3295 0.0306177
3296 0.0306168
3297 0.0306155
3298 0.0306006
3299 0.0305865
3300 0.0305733
3301 0.0305653
3302 0.0305521
3303 0.0305394
3304 0.0305273
3305 0.0305157
3306 0.0305056
3307 0.0304938
3308 0.0304834
3309 0.0304723
3310 0.0304628
3311 0.0304524
3312 0.0304454
3313 0.0304349
3314 0.0304286
3315 0.0304159
3316 0.0304047
3317 0.0303921
3318 0.0303797
3319 0.0303677
3320 0.0303568
3321 0.0303483
3322 0.0303386
3323 0.0303275
3324 0.0303176
3325 0.0303107
3326 0.0303077
3329 0.0302936
3330 0.0302876
3332 0.0302852
3333 0.0302747
3334 0.0302663
3335 0.0302558
3336 0.0302494
3337 0.0302395
3338 0.0302293
3339 0.0302232
3340 0.0302154
3341 0.0302107
3344 0.0301963
3345 0.0301846
3346 0.0301769
3347 0.0301661
3348 0.0301568
3349 0.0301449
3350 0.0301328
3351 0.0301207
3352 0.0301087
3353 0.0300967
3354 0.0300848
3355 0.0300747
3356 0.030063
3357 0.0300511
3358 0.0300396
3359 0.0300279
3360 0.0300165
3361 0.0300047
3362 0.029993
3363 0.0299813
3364 0.02997
3365 0.0299585
3366 0.0299478
3367 0.0299361
3368 0.0299245
3369 0.029913
3370 0.0299023
3371 0.0298908
3372 0.0298804
3373 0.0298704
3374 0.0298583
3375 0.0298472
3376 0.0298359
3377 0.0298253
3378 0.0298156
3379 0.0298083
3380 0.0297964
3381 0.029785
3382 0.0297742
3383 0.0297637
3384 0.0297532
3385 0.029744
3386 0.0297326
3387 0.029725
3388 0.0297162
3389 0.0297048
3390 0.0296948
3391 0.0296856
3392 0.0296759
3393 0.0296653
3394 0.0296539
3395 0.0296428
3396 0.0296326
3397 0.029622
3398 0.0296113
3399 0.0296028
3400 0.0296004
3401 0.029595
3402 0.0295817
3403 0.0295698
3404 0.0295593
3405 0.0295531
3406 0.0295512
3407 0.0295493
3408 0.0295433
3409 0.0295322
3410 0.0295218
3411 0.0295129
3413 0.0295119
3414 0.029511
3416 0.0294987
3417 0.0294931
3418 0.0294834
3419 0.0294742
3420 0.0294666
3421 0.0294626
3424 0.0294524
3425 0.0294416
3426 0.0294338
3427 0.0294238
3428 0.0294198
3429 0.0294156
3430 0.0294153
3431 0.0294061
3432 0.0294051
3434 0.0293899
3435 0.0293819
3436 0.0293803
3438 0.0293739
3439 0.0293625
3440 0.0293529
3441 0.0293528
3442 0.029351
3443 0.0293392
3444 0.029332
3445 0.0293304
3446 0.0293267
3447 0.0293199
3449 0.0293168
3450 0.029305
3451 0.0292955
3452 0.029293
3453 0.0292829
3456 0.0292714
3457 0.029261
3458 0.0292524
3459 0.0292506
3460 0.029244
3461 0.0292355
3462 0.0292246
3463 0.0292157
3464 0.0292112
3467 0.0292006
3468 0.0291945
3470 0.0291916
3471 0.0291816
3472 0.0291806
3473 0.0291788
3474 0.0291727
3475 0.0291605
3476 0.0291515
3477 0.0291424
3478 0.0291314
3479 0.0291211
3480 0.0291154
3481 0.0291033
3482 0.0290946
3483 0.029088
3484 0.0290811
3485 0.0290751
3486 0.0290647
3487 0.0290551
3488 0.0290475
3489 0.0290366
3490 0.0290292
3491 0.0290261
3492 0.0290173
3493 0.0290102
3496 0.0289986
3497 0.0289937
3500 0.0289883
3501 0.0289796
3502 0.0289712
3503 0.0289667
3504 0.0289603
3506 0.0289581
3507 0.0289463
3508 0.0289439
3510 0.0289399
3511 0.0289293
3513 0.0289204
3514 0.0289103
3515 0.0289088
3516 0.0289078
3517 0.0288962
3518 0.0288873
3519 0.0288787
3520 0.0288716
3521 0.0288609
3522 0.0288505
3523 0.0288404
3524 0.0288313
3525 0.0288217
3526 0.028812
3527 0.0288045
3528 0.0287949
3529 0.0287858
3530 0.0287805
3531 0.0287708
3532 0.0287597
3533 0.0287506
3534 0.0287407
3535 0.028735
3536 0.0287274
3537 0.0287203
3538 0.0287109
3539 0.0287094
3540 0.0286949
3541 0.0286872
3542 0.0286819
3544 0.0286772
3545 0.0286723
3546 0.0286623
3547 0.0286536
3548 0.0286472
3549 0.0286392
3550 0.0286331
3551 0.0286291
3552 0.0286184
3553 0.0286087
3554 0.0286046
3555 0.0285951
3557 0.0285948
3558 0.0285841
3559 0.0285772
3560 0.0285682
3561 0.0285645
3562 0.0285605
3563 0.0285569
3564 0.0285462
3565 0.0285415
3566 0.0285317
3567 0.0285243
3568 0.0285171
3569 0.0285127
3570 0.028506
3573 0.0284941
3574 0.0284906
3576 0.0284903
3577 0.028479
3578 0.0284764
3579 0.0284714
3580 0.0284593
3581 0.0284496
3582 0.0284421
3583 0.0284323
3584 0.0284226
3585 0.0284146
3586 0.0284123
3587 0.0283999
3588 0.0283941
3589 0.028386
3590 0.0283787
3592 0.0283751
3593 0.0283651
3594 0.02836
3595 0.0283542
3596 0.028346
3597 0.0283397
3598 0.0283304
3599 0.0283219
3600 0.0283173
3601 0.0283103
3602 0.0283033
3603 0.0283029
3604 0.0282981
3606 0.0282961
3607 0.0282809
3608 0.0282774
3609 0.0282701
3610 0.0282658
3613 0.028255
3614 0.0282447
3615 0.0282349
3616 0.0282251
3617 0.0282168
3618 0.0282076
3619 0.0282
3620 0.0281939
3621 0.0281811
3622 0.0281744
3623 0.0281684
3624 0.0281594
3625 0.0281482
3626 0.0281372
3627 0.0281267
3628 0.0281169
3629 0.0281069
3630 0.0280966
3631 0.0280883
3632 0.02808
3635 0.0280695
3636 0.028062
3639 0.0280525
3640 0.0280478
3641 0.0280414
3642 0.0280404
3644 0.0280328
3645 0.0280199
3646 0.0280164
3647 0.0280125
3648 0.0280059
3650 0.0280006
3651 0.02799
3652 0.0279815
3653 0.027976
3654 0.0279739
3655 0.0279698
3656 0.0279561
3657 0.0279455
3658 0.0279367
3659 0.0279264
3660 0.0279153
3661 0.0279047
3662 0.0278967
3663 0.0278914
3664 0.0278814
3665 0.02787
3666 0.0278589
3667 0.0278481
3668 0.0278402
3669 0.0278382
3670 0.027837
3672 0.0278251
3673 0.0278165
3674 0.0278089
3675 0.0278073
3676 0.0278033
3677 0.027794
3678 0.027785
3679 0.0277797
3680 0.0277733
3681 0.027762
3682 0.0277568
3683 0.0277502
3684 0.0277462
3687 0.0277336
3688 0.0277242
3689 0.0277196
3690 0.0277187
3691 0.0277181
3693 0.0277129
3694 0.0277031
3696 0.0276929
3697 0.0276885
3698 0.0276835
3701 0.0276718
3702 0.0276612
3703 0.0276527
3704 0.027646
3705 0.0276363
3706 0.0276271
3707 0.0276206
3708 0.0276107
3709 0.0276024
3710 0.0276008
3711 0.0275886
3712 0.0275787
3713 0.0275738
3714 0.0275662
3715 0.0275592
3716 0.027549
3717 0.0275404
3718 0.0275296
3719 0.0275199
3720 0.0275098
3721 0.0275004
3722 0.0274943
3723 0.0274923
3725 0.0274807
3726 0.0274781
3727 0.0274777
3729 0.0274653
3730 0.0274561
3731 0.0274494
3732 0.0274394
3733 0.0274299
3734 0.0274251
3735 0.0274184
3736 0.0274181
3737 0.0274139
3738 0.0273997
3739 0.0273914
3740 0.0273882
3741 0.0273805
3742 0.0273769
3743 0.0273655
3744 0.0273561
3745 0.0273478
3746 0.0273422
3747 0.027331
3748 0.027323
3749 0.0273223
3750 0.0273181
3753 0.0273066
3754 0.0273014
3755 0.0272928
3756 0.0272862
3758 0.0272846
3759 0.0272748
3761 0.0272687
3762 0.0272645
3763 0.02726
3764 0.0272594
3766 0.0272472
3767 0.0272462
3768 0.0272453
3771 0.027235
3772 0.0272267
3774 0.0272257
3775 0.0272172
3776 0.0272109
3777 0.0272029
3778 0.0271977
3779 0.0271931
3780 0.027183
3781 0.0271798
3783 0.0271721
3786 0.0271621
3789 0.0271529
3790 0.027149
3791 0.0271386
3792 0.0271286
3793 0.0271191
3794 0.0271098
3795 0.0271014
3796 0.0270968
3797 0.0270932
3798 0.027084
3799 0.0270733
3800 0.0270634
3801 0.0270549
3802 0.027051
3803 0.027047
3804 0.0270395
3805 0.0270311
3806 0.027027
3807 0.0270187
3809 0.0270143
3810 0.027005
3811 0.027001
3812 0.0269952
3815 0.0269855
3816 0.0269804
3818 0.026977
3819 0.0269673
3820 0.0269632
3821 0.026957
3822 0.0269478
3824 0.0269465
3825 0.0269376
3826 0.026934
3827 0.0269325
3829 0.0269211
3830 0.0269135
3831 0.0269033
3832 0.0268933
3833 0.0268843
3834 0.0268756
3835 0.0268725
3836 0.0268669
3837 0.0268589
3838 0.0268487
3839 0.0268406
3840 0.0268359
3841 0.0268278
3842 0.0268218
3843 0.0268115
3844 0.026801
3845 0.0267909
3846 0.0267813
3847 0.0267719
3848 0.0267621
3849 0.0267523
3850 0.0267427
3851 0.0267329
3852 0.0267237
3853 0.0267151
3854 0.0267057
3855 0.0266958
3856 0.0266861
3857 0.0266765
3858 0.026671
3859 0.0266609
3860 0.0266525
3861 0.026643
3862 0.0266384
3863 0.0266318
3864 0.0266219
3865 0.0266159
3866 0.0266136
3867 0.0266016
3868 0.0265923
3869 0.0265833
3870 0.0265787
3871 0.0265717
3872 0.0265646
3873 0.0265578
3874 0.0265498
3875 0.0265444
3876 0.026539
3879 0.0265303
3880 0.0265254
3883 0.0265153
3885 0.0265105
3886 0.0265036
3889 0.026494
3890 0.0264858
3891 0.0264816
3892 0.0264786
3894 0.0264718
3895 0.0264618
3896 0.0264525
3897 0.0264432
3898 0.0264339
3899 0.0264249
3900 0.0264158
3901 0.0264079
3902 0.026398
3903 0.0263906
3904 0.0263865
3905 0.026381
3906 0.0263711
3907 0.026368
3908 0.0263595
3910 0.0263588
3912 0.0263514
3914 0.0263487
3915 0.0263425
3917 0.0263388
3918 0.0263338
3919 0.0263305
3922 0.0263215
3923 0.0263152
3926 0.0263067
3929 0.0263023
3930 0.0262928
3931 0.0262869
3932 0.0262791
3933 0.026271
3934 0.0262656
3935 0.026258
3936 0.0262543
3937 0.0262473
3938 0.0262397
3939 0.0262328
3940 0.0262314
3941 0.026228
3942 0.0262242
3943 0.0262239
3944 0.0262137
3945 0.0262039
3946 0.0261949
3947 0.0261902
3948 0.0261844
3949 0.0261776
3951 0.0261746
3952 0.026168
3953 0.0261576
3954 0.0261489
3955 0.0261424
3956 0.0261387
3957 0.0261363
3959 0.0261259
3960 0.0261238
3963 0.0261145
3964 0.0261095
3965 0.0261067
3966 0.0260956
3968 0.0260953
3969 0.0260858
3970 0.0260779
3971 0.0260697
3972 0.0260617
3973 0.0260558
3974 0.0260476
3975 0.0260397
3976 0.0260373
3977 0.0260318
3978 0.0260235
3980 0.0260228
3981 0.0260131
3982 0.0260085
3985 0.0259988
3986 0.0259956
3987 0.0259899
3988 0.0259784
3989 0.02597
3990 0.0259642
3991 0.0259546
3992 0.025945
3993 0.0259355
3994 0.025927
3995 0.0259176
3996 0.0259085
3997 0.0259013
3998 0.0258941
3999 0.025886
4000 0.0258782
4001 0.0258692
4002 0.0258613
4003 0.0258597
4004 0.025859
4007 0.0258491
4008 0.0258478
4009 0.0258375
4011 0.0258364
4012 0.0258292
4013 0.0258215
4014 0.0258125
4015 0.0258057
4018 0.0258026
4019 0.0257995
4020 0.0257947
4021 0.0257846
4022 0.0257765
4023 0.0257724
4024 0.0257647
4025 0.0257586
4026 0.0257513
4027 0.0257472
4028 0.0257388
4031 0.0257293
4032 0.0257254
4035 0.0257153
4038 0.0257097
4039 0.0256996
4040 0.0256957
4041 0.0256853
4042 0.0256759
4043 0.0256666
4044 0.0256577
4045 0.0256494
4046 0.0256471
4047 0.0256395
4048 0.0256314
4049 0.0256208
4050 0.0256131
4051 0.0256076
4054 0.0256051
4055 0.025594
4056 0.0255911
4057 0.0255815
4059 0.0255798
4061 0.0255704
4062 0.0255628
4063 0.0255576
4064 0.0255525
4065 0.0255486
4067 0.0255476
4068 0.0255366
4069 0.0255307
4070 0.0255216
4071 0.0255163
4074 0.0255063
4075 0.0255016
4076 0.0254947
4077 0.0254917
4078 0.0254815
4079 0.0254718
4080 0.0254631
4081 0.0254602
4082 0.0254587
4084 0.0254478
4085 0.0254394
4086 0.0254328
4087 0.0254246
4088 0.0254182
4089 0.0254158
4090 0.0254082
4092 0.0254045
4093 0.0253968
4096 0.025391
4097 0.0253871
4100 0.025377
4101 0.0253685
4102 0.0253593
4103 0.0253496
4104 0.0253399
4105 0.025331
4106 0.0253216
4107 0.0253122
4108 0.0253032
4109 0.0252961
4110 0.0252881
4111 0.0252782
4112 0.0252687
4113 0.0252591
4114 0.0252496
4115 0.0252405
4116 0.0252315
4117 0.0252234
4118 0.0252136
4119 0.0252072
4120 0.0251967
4121 0.0251874
4122 0.0251781
4123 0.0251756
4124 0.0251672
4125 0.0251587
4126 0.0251498
4127 0.0251475
4128 0.02514
4131 0.0251294
4132 0.0251204
4133 0.0251169
4134 0.0251158
4136 0.0251054
4137 0.025095
4138 0.0250877
4139 0.0250835
4140 0.0250806
4141 0.0250714
4143 0.0250689
4144 0.0250603
4147 0.0250572
4148 0.0250485
4151 0.0250384
4152 0.0250313
4153 0.0250288
4154 0.0250186
4155 0.0250089
4156 0.0250004
4157 0.0249948
4158 0.0249855
4159 0.0249754
4160 0.0249666
4161 0.0249562
4162 0.024946
4163 0.0249361
4164 0.0249261
4165 0.0249163
4166 0.0249062
4167 0.0248963
4168 0.0248863
4169 0.0248766
4170 0.0248666
4171 0.0248569
4172 0.0248468
4173 0.0248372
4174 0.0248271
4175 0.0248173
4176 0.0248073
4177 0.0247974
4178 0.0247904
4181 0.0247788
4182 0.02477
4183 0.0247623
4184 0.0247563
4187 0.0247506
4188 0.024745
4190 0.0247406
4191 0.0247315
4192 0.0247265
4193 0.0247219
4195 0.0247184
4196 0.0247095
4197 0.0247082
4199 0.0246974
4202 0.0246868
4203 0.024681
4204 0.024674
4207 0.0246717
4208 0.0246706
4209 0.0246639
4211 0.0246591
4212 0.0246504
4213 0.0246465
4216 0.0246362
4217 0.024629
4220 0.0246199
4221 0.0246165
4222 0.0246101
4223 0.0246084
4224 0.0246007
4226 0.0245978
4227 0.0245872
4228 0.0245834
4229 0.0245738
4230 0.0245728
4232 0.024566
4233 0.0245547
4234 0.0245454
4235 0.024539
4236 0.0245342
4237 0.0245332
4238 0.0245296
4239 0.0245187
4240 0.0245094
4241 0.0245016
4243 0.0245013
4244 0.0244974
4245 0.0244913
4247 0.0244869
4248 0.0244784
4249 0.0244699
4250 0.02446
4251 0.0244507
4252 0.0244425
4253 0.0244368
4254 0.0244301
4255 0.0244213
4256 0.024416
4257 0.0244059
4258 0.0243967
4259 0.0243885
4260 0.0243806
4261 0.0243784
4262 0.0243711
4263 0.024363
4264 0.0243529
4265 0.0243448
4266 0.0243381
4268 0.0243365
4269 0.0243309
4270 0.024322
4271 0.024315
4272 0.0243086
4273 0.0243033
4274 0.0242987
4276 0.0242951
4277 0.0242896
4278 0.0242804
4279 0.0242734
4280 0.0242671
4281 0.0242657
4283 0.0242591
4284 0.0242495
4285 0.0242413
4286 0.0242369
4287 0.0242306
4288 0.0242221
4289 0.0242134
4290 0.0242051
4291 0.0241969
4292 0.0241903
4293 0.0241825
4294 0.0241745
4295 0.0241671
4296 0.0241584
4297 0.0241502
4298 0.0241424
4299 0.0241384
4300 0.0241338
4301 0.0241273
4302 0.0241235
4303 0.0241145
4304 0.0241051
4305 0.0240963
4306 0.0240879
4307 0.0240795
4308 0.0240712
4309 0.0240633
4310 0.0240551
4311 0.0240479
4312 0.0240396
4313 0.024032
4314 0.0240247
4315 0.0240157
4316 0.0240077
4317 0.0239998
4318 0.0239923
4319 0.0239844
4320 0.0239764
4321 0.023969
4322 0.0239617
4323 0.0239533
4324 0.0239465
4325 0.0239395
4326 0.0239311
4327 0.0239284
4329 0.023925
4330 0.0239169
4332 0.023912
4333 0.0239043
4335 0.023903
4336 0.0238956
4337 0.0238917
4340 0.0238822
4341 0.0238761
4342 0.023868
4343 0.0238658
4344 0.0238612
4345 0.0238524
4346 0.0238437
4347 0.0238378
4348 0.02383
4349 0.0238253
4350 0.0238196
4351 0.0238157
4352 0.0238056
4353 0.0237958
4354 0.0237861
4355 0.0237766
4356 0.0237672
4357 0.023758
4358 0.0237491
4359 0.0237407
4360 0.0237331
4361 0.0237255
4362 0.0237148
4363 0.0237076
4364 0.0237003
4365 0.0236926
4366 0.0236879
4367 0.0236802
4368 0.023671
4369 0.0236619
4370 0.0236569
4371 0.0236481
4372 0.0236399
4373 0.0236354
4374 0.0236328
4375 0.0236275
4376 0.0236166
4377 0.0236103
4378 0.0236011
4381 0.0235992
4382 0.02359
4383 0.0235884
4384 0.0235828
4385 0.0235808
4386 0.0235762
4387 0.0235644
4388 0.0235559
4389 0.0235518
4392 0.023541
4393 0.0235361
4394 0.0235347
4395 0.0235242
4397 0.0235237
4398 0.0235137
4399 0.0235046
4400 0.0234966
4401 0.0234893
4402 0.0234796
4403 0.0234723
4404 0.0234635
4405 0.0234555
4406 0.0234499
4409 0.0234397
4410 0.0234376
4411 0.023437
4413 0.0234298
4415 0.0234237
4416 0.0234135
4417 0.0234075
4418 0.0234016
4419 0.0233936
4420 0.0233854
4421 0.0233806
4422 0.0233716
4423 0.0233668
4424 0.0233582
4425 0.023352
4426 0.0233424
4427 0.0233404
4428 0.0233336
4429 0.0233264
4430 0.0233228
4431 0.0233124
4432 0.0233055
4433 0.0232985
4434 0.0232941
4435 0.0232933
4437 0.0232821
4438 0.0232771
4439 0.0232722
4440 0.0232698
4441 0.0232667
4442 0.0232586
4443 0.0232503
4444 0.0232422
4445 0.0232355
4446 0.0232312
4447 0.0232278
4448 0.0232246
4449 0.0232148
4450 0.0232072
4451 0.0232011
4452 0.0231932
4453 0.0231922
4454 0.0231918
4455 0.0231829
4456 0.0231766
4458 0.0231752
4459 0.0231677
4460 0.0231665
4461 0.0231658
4462 0.0231569
4463 0.0231518
4464 0.0231504
4466 0.0231407
4467 0.0231329
4468 0.0231311
4470 0.0231298
4471 0.0231237
4472 0.0231197
4474 0.0231187
4475 0.023111
4477 0.023109
4479 0.0231048
4480 0.0230983
4481 0.0230902
4482 0.0230823
4483 0.0230774
4484 0.0230742
4485 0.0230727
4487 0.0230638
4488 0.0230557
4489 0.0230491
4490 0.023042
4491 0.0230371
4492 0.0230292
4493 0.0230246
4494 0.0230197
4495 0.0230168
4496 0.0230116
4498 0.0230104
4499 0.0230027
4500 0.0230022
4502 0.0229944
4503 0.0229909
4504 0.0229875
4505 0.0229784
4506 0.0229733
4508 0.0229701
4511 0.0229637
4513 0.0229612
4515 0.0229594
4516 0.0229555
4517 0.0229554
4518 0.0229516
4519 0.022941
4520 0.0229358
4521 0.0229321
4522 0.0229272
4523 0.0229188
4524 0.0229101
4525 0.0229025
4526 0.0228995
4527 0.0228906
4528 0.0228824
4529 0.0228746
4530 0.0228666
4531 0.0228591
4532 0.0228511
4533 0.0228432
4534 0.0228352
4535 0.0228272
4536 0.0228193
4537 0.0228113
4538 0.0228033
4539 0.0227953
4540 0.0227873
4541 0.0227795
4542 0.0227716
4543 0.0227661
4544 0.0227589
4545 0.0227504
4546 0.0227425
4547 0.0227346
4548 0.022727
4549 0.0227191
4550 0.0227112
4551 0.0227072
4552 0.0226989
4553 0.0226902
4554 0.0226826
4555 0.0226758
4558 0.022668
4559 0.0226665
4561 0.0226566
4562 0.0226525
4563 0.0226474
4564 0.0226411
4565 0.022632
4566 0.0226232
4567 0.022615
4568 0.0226098
4569 0.0226064
4570 0.022606
4571 0.0226046
4572 0.0225949
4573 0.0225852
4574 0.0225757
4575 0.022567
4578 0.022564
4579 0.0225636
4580 0.0225588
4582 0.0225502
4583 0.0225451
4584 0.0225435
4586 0.0225353
4587 0.0225341
4588 0.0225209
4589 0.0225142
4590 0.0225113
4592 0.0225067
4594 0.0224985
4595 0.0224954
4597 0.0224923
4598 0.0224832
4599 0.0224794
4600 0.0224755
4601 0.0224713
4603 0.0224696
4604 0.0224595
4605 0.022452
4606 0.0224477
4610 0.0224397
4612 0.0224369
4613 0.0224323
4614 0.0224322
4618 0.0224244
4619 0.0224207
