1 20575900.0
14 15959500.0
15 12314700.0
16 9710830.0
17 8766920.0
18 8757770.0
19 7603500.0
20 6796730.0
21 6795840.0
22 5738670.0
23 4975640.0
25 3966970.0
26 3241400.0
27 2559520.0
28 1852800.0
29 1295430.0
30 1072050.0
32 820708.0
34 662107.0
35 655136.0
36 435560.0
37 364452.0
38 355370.0
39 209636.0
40 142906.0
41 133297.0
42 59239.9
43 37722.6
44 37664.2
45 19078.1
46 19009.4
47 10850.2
48 10827.0
49 3372.54
50 3347.15
51 2081.41
52 1896.93
53 1477.1
54 935.76
55 933.954
62 583.549
63 467.115
64 429.936
65 183.876
67 147.38
69 126.681
71 124.92
73 82.4108
79 72.0152
81 66.7575
83 62.3933
85 59.1657
91 58.8272
92 53.3764
98 50.6891
110 47.5946
111 42.5072
112 39.2965
113 37.3828
114 33.8557
115 31.6475
116 29.8644
117 29.3252
119 26.3134
120 26.1127
123 26.0317
126 24.8947
127 24.3093
133 23.2409
134 23.0548
135 23.0052
136 22.6825
140 22.2711
141 21.932
145 20.936
147 20.7494
148 20.1755
149 20.1698
150 20.1141
151 19.9905
152 19.9818
153 19.8521
155 19.7648
156 19.688
157 19.4786
160 18.1867
161 18.1857
162 17.956
166 17.8804
167 17.4829
170 17.474
171 17.3275
173 16.9687
174 15.9498
176 15.6687
177 15.0928
178 14.805
179 14.6574
181 14.3842
183 14.2352
184 13.3871
185 13.1844
186 12.9954
188 12.6686
190 12.5816
192 12.4119
193 12.1461
196 12.1228
198 11.9998
199 11.9215
201 11.7603
204 11.7497
206 11.7495
208 11.0611
209 11.0177
210 11.0079
213 10.4636
215 10.4474
216 10.2377
218 10.1137
222 9.58074
228 9.57162
231 9.5071
236 9.41866
237 9.1239
238 9.0642
240 9.04993
241 8.92658
242 8.73801
243 8.61072
244 8.56461
247 8.51111
248 8.4708
250 8.43585
251 8.43158
252 8.36659
253 8.10115
254 8.02758
255 7.85298
256 7.71319
257 7.70796
259 7.65947
266 7.58434
267 7.35369
268 7.32851
270 7.22193
271 7.18641
272 7.13023
273 6.99505
274 6.97815
276 6.95906
277 6.95592
278 6.89842
279 6.88055
280 6.79605
282 6.69258
283 6.63213
285 6.61415
288 6.41865
289 6.38127
291 6.37572
292 6.35306
294 6.33787
296 6.1659
297 5.99991
298 5.85177
299 5.75253
300 5.65902
302 5.60313
303 5.45838
304 5.45216
310 5.41975
311 5.37649
313 5.34277
314 5.33542
315 5.32726
317 5.28133
318 5.09627
319 5.09003
322 5.07888
324 5.03363
326 4.99718
327 4.86107
328 4.79892
329 4.76767
331 4.71483
334 4.59655
335 4.54594
336 4.54024
338 4.53524
340 4.5162
343 4.50438
344 4.47806
345 4.40362
347 4.36674
350 4.2508
351 4.25074
352 4.24759
356 4.24307
360 4.17464
361 4.03925
365 3.98436
366 3.96557
367 3.96478
368 3.95219
369 3.94849
370 3.93368
371 3.84833
372 3.77067
373 3.71815
374 3.68601
375 3.63876
376 3.61413
377 3.58051
379 3.56446
384 3.50626
385 3.47218
387 3.4703
388 3.46435
390 3.40021
391 3.38286
393 3.35252
394 3.32243
395 3.31281
399 3.25255
400 3.20524
401 3.18775
408 3.1377
409 3.1166
412 3.08551
413 3.03549
414 3.01474
417 2.947
418 2.94245
420 2.92265
422 2.88973
423 2.84238
424 2.84074
425 2.8403
426 2.83273
427 2.81196
428 2.78777
429 2.74116
430 2.68899
431 2.64687
432 2.60943
433 2.57343
434 2.52541
437 2.51908
438 2.51567
439 2.4966
440 2.46153
441 2.44194
442 2.41829
443 2.38654
448 2.33237
449 2.31049
450 2.30172
452 2.29645
454 2.26686
455 2.25342
458 2.19392
459 2.18069
460 2.1799
466 2.17905
468 2.17242
469 2.1333
472 2.1162
473 2.10211
475 2.09258
476 2.04408
477 2.03742
479 2.03016
481 2.02306
483 2.01881
485 1.99795
487 1.9971
488 1.95881
489 1.90905
490 1.89714
491 1.89701
497 1.87168
501 1.84208
502 1.79631
503 1.77505
505 1.77246
506 1.73211
507 1.71421
508 1.70304
510 1.69768
511 1.69432
512 1.68843
513 1.6875
514 1.68281
516 1.63821
517 1.60155
518 1.56343
519 1.53314
520 1.50244
521 1.466
522 1.4337
523 1.41335
524 1.38913
525 1.37708
526 1.36455
528 1.3558
529 1.35424
530 1.34854
531 1.33858
532 1.30279
533 1.2734
534 1.25507
535 1.23759
536 1.19472
537 1.18704
539 1.16615
540 1.16303
542 1.15883
543 1.15636
545 1.15528
546 1.14657
547 1.10594
548 1.09102
549 1.08802
550 1.0682
551 1.04052
552 1.03911
554 1.03235
555 1.03148
559 1.03127
561 1.02153
563 1.01339
564 0.993629
565 0.98383
567 0.981482
571 0.977178
572 0.944201
573 0.935397
575 0.920643
576 0.911917
578 0.911781
579 0.896803
581 0.896269
582 0.894474
583 0.893255
584 0.892341
587 0.889407
588 0.863708
589 0.862238
590 0.860739
592 0.857635
594 0.855195
595 0.829673
597 0.827597
599 0.826527
602 0.816362
603 0.81396
606 0.813392
610 0.811841
611 0.798532
612 0.796267
614 0.795261
616 0.782345
617 0.778829
619 0.777963
620 0.771228
622 0.76653
623 0.76629
624 0.760473
625 0.750312
626 0.743478
627 0.734897
628 0.734196
630 0.722856
631 0.712712
632 0.708954
633 0.706373
634 0.706195
639 0.704134
640 0.696602
641 0.686472
642 0.682876
644 0.680638
645 0.677144
646 0.672748
649 0.665133
651 0.662077
653 0.657496
654 0.654955
656 0.650201
657 0.640553
660 0.636238
661 0.632617
664 0.62751
665 0.618741
666 0.6093
667 0.606964
669 0.604797
670 0.598884
671 0.593093
672 0.589625
673 0.581172
674 0.580766
676 0.579617
677 0.57961
680 0.567984
681 0.561428
682 0.558044
683 0.554073
684 0.553727
686 0.547986
687 0.547939
688 0.547553
690 0.545125
691 0.537563
692 0.528406
693 0.527287
696 0.526554
699 0.518609
700 0.517449
701 0.51697
702 0.516668
703 0.51618
704 0.512609
706 0.511654
707 0.50638
708 0.505928
713 0.505377
714 0.496737
715 0.488038
716 0.479916
717 0.473072
718 0.466085
719 0.465178
721 0.461685
722 0.458948
723 0.452606
724 0.447135
725 0.440125
726 0.438774
727 0.438444
728 0.43662
729 0.435997
730 0.434394
731 0.432333
732 0.429415
733 0.426322
735 0.42594
736 0.423146
737 0.422185
738 0.422028
739 0.417796
740 0.417098
741 0.416713
742 0.411317
744 0.410527
746 0.409465
747 0.404924
748 0.399397
749 0.396874
751 0.396533
752 0.39521
755 0.39437
757 0.392528
759 0.391964
760 0.39093
763 0.382185
764 0.381609
767 0.381519
771 0.381191
772 0.374686
773 0.371609
775 0.371452
778 0.367766
781 0.367059
782 0.366992
784 0.366968
786 0.364752
787 0.360795
788 0.358862
791 0.358753
793 0.352379
794 0.348309
795 0.347449
796 0.343732
797 0.341937
798 0.341236
799 0.340434
800 0.340018
805 0.336662
807 0.335193
809 0.334279
812 0.332101
813 0.329697
814 0.329604
820 0.324029
821 0.322334
822 0.322315
823 0.322284
825 0.321661
827 0.320802
828 0.3167
829 0.316078
830 0.315851
832 0.315693
835 0.314023
838 0.313741
840 0.313578
844 0.310869
845 0.309665
846 0.309203
847 0.308363
848 0.307659
849 0.307315
852 0.305725
853 0.304674
854 0.304488
855 0.303575
857 0.302071
858 0.301146
859 0.300951
863 0.298665
864 0.297101
865 0.295699
866 0.294376
867 0.292347
868 0.290943
869 0.290151
871 0.289224
873 0.289187
874 0.287845
875 0.286847
876 0.286393
877 0.285662
878 0.285185
879 0.285157
880 0.284782
884 0.283679
885 0.281845
886 0.281244
888 0.280085
889 0.279898
891 0.279162
892 0.276893
893 0.275911
897 0.275723
898 0.275694
902 0.274826
903 0.272948
904 0.272326
905 0.272183
906 0.272163
908 0.270762
909 0.269279
912 0.267914
913 0.266852
914 0.265485
915 0.264969
916 0.264385
917 0.263511
919 0.263366
920 0.262698
921 0.262017
922 0.26138
923 0.260662
924 0.260376
925 0.260353
926 0.259661
928 0.258799
930 0.258254
931 0.257138
934 0.257131
935 0.257002
938 0.25503
939 0.254282
940 0.252915
941 0.252809
943 0.252022
945 0.251677
946 0.250588
947 0.25025
949 0.250019
950 0.249927
951 0.249692
952 0.249501
954 0.249404
955 0.247662
956 0.247622
958 0.24743
959 0.247307
962 0.245614
966 0.245582
969 0.244895
970 0.244555
971 0.244532
973 0.244527
974 0.244493
975 0.244488
977 0.24341
978 0.243294
980 0.242566
981 0.242323
982 0.242058
984 0.24191
985 0.241791
986 0.241698
987 0.241315
988 0.241136
989 0.24107
990 0.241044
991 0.240338
992 0.239746
993 0.239343
994 0.238829
995 0.238823
997 0.238293
998 0.237443
999 0.237194
1001 0.236483
1002 0.236446
1004 0.236115
1005 0.235771
1006 0.235538
1008 0.23525
1011 0.234449
1012 0.233747
1013 0.233192
1014 0.232925
1016 0.232823
1018 0.232575
1019 0.232508
1020 0.232171
1021 0.231315
1022 0.230724
1023 0.230431
1024 0.230422
1025 0.229759
1026 0.229403
1027 0.229235
1028 0.22922
1029 0.229098
1031 0.228965
1032 0.228843
1033 0.22806
1034 0.227489
1035 0.227358
1038 0.22731
1040 0.227154
1041 0.226473
1042 0.226449
1044 0.226241
1045 0.226194
1046 0.226059
1048 0.22583
1049 0.225188
1050 0.225001
1051 0.224901
1052 0.224884
1053 0.224871
1056 0.224745
1058 0.224564
1059 0.223918
1060 0.22372
1061 0.223663
1063 0.22366
1066 0.223119
1067 0.223014
1068 0.222919
1069 0.222799
1070 0.222793
1071 0.222665
1072 0.222575
1075 0.221908
1076 0.221861
1078 0.221647
1079 0.221574
1080 0.221563
1081 0.221503
1084 0.221485
1085 0.220604
1088 0.219936
1089 0.219447
1090 0.21918
1091 0.219013
1092 0.218771
1094 0.218676
1098 0.217908
1099 0.217581
1101 0.21743
1102 0.217302
1104 0.217161
1105 0.216558
1106 0.216392
1110 0.216263
1111 0.216193
1112 0.215904
1113 0.215082
1114 0.214642
1115 0.214514
1117 0.21408
1118 0.213829
1119 0.213038
1120 0.212373
1121 0.2118
1122 0.211158
1123 0.210737
1124 0.210471
1125 0.210305
1127 0.210228
1128 0.210216
1129 0.20979
1130 0.209515
1131 0.209326
1132 0.209218
1133 0.208447
1134 0.20804
1135 0.207534
1136 0.207373
1140 0.207318
1142 0.207233
1143 0.207087
1144 0.206984
1146 0.206333
1147 0.206027
1148 0.205768
1149 0.205307
1150 0.205237
1151 0.205143
1152 0.204785
1153 0.204692
1155 0.204624
1157 0.204262
1158 0.204015
1159 0.203774
1160 0.203631
1162 0.203551
1163 0.202726
1164 0.202579
1165 0.202564
1166 0.20248
1167 0.202448
1168 0.202204
1169 0.202067
1170 0.202042
1171 0.201793
1172 0.201472
1173 0.200814
1174 0.20032
1175 0.200133
1176 0.199713
1177 0.199392
1178 0.199227
1179 0.199203
1180 0.199141
1181 0.199025
1183 0.198252
1184 0.198041
1186 0.197428
1187 0.197215
1189 0.1972
1191 0.197137
1193 0.19692
1194 0.196745
1195 0.196736
1196 0.196211
1197 0.195812
1198 0.195699
1200 0.195181
1201 0.194799
1204 0.194512
1206 0.194182
1207 0.194164
1208 0.194163
1209 0.194127
1212 0.193891
1214 0.193604
1215 0.193054
1217 0.193045
1218 0.192931
1219 0.192895
1220 0.19251
1222 0.192481
1223 0.192216
1224 0.192087
1225 0.191721
1226 0.191553
1227 0.191498
1229 0.191421
1230 0.191415
1231 0.190698
1232 0.190419
1234 0.190417
1235 0.190216
1236 0.189928
1237 0.189686
1239 0.18968
1241 0.189637
1243 0.189508
1244 0.189135
1250 0.188934
1251 0.188869
1252 0.188753
1254 0.188734
1256 0.188671
1257 0.188469
1258 0.188338
1259 0.188287
1260 0.188031
1261 0.187865
1262 0.187687
1263 0.187552
1264 0.187543
1266 0.187516
1267 0.187497
1268 0.18734
1269 0.187235
1270 0.186946
1271 0.186741
1272 0.186617
1273 0.186373
1274 0.186098
1275 0.185828
1276 0.185627
1277 0.185318
1278 0.185027
1279 0.184821
1280 0.184704
1281 0.184679
1282 0.184643
1284 0.184621
1285 0.184467
1286 0.184405
1287 0.184396
1288 0.184333
1290 0.184066
1291 0.183848
1292 0.183656
1293 0.183564
1294 0.183411
1295 0.183385
1297 0.183283
1298 0.183138
1299 0.18304
1300 0.18301
1301 0.182988
1303 0.182923
1304 0.182714
1305 0.182526
1306 0.182391
1307 0.182215
1308 0.182023
1309 0.181909
1310 0.181824
1311 0.181645
1312 0.181457
1313 0.181291
1314 0.181178
1315 0.180972
1316 0.180772
1317 0.180668
1318 0.180365
1319 0.180108
1320 0.179875
1321 0.179803
1322 0.179573
1323 0.17955
1324 0.179531
1325 0.179413
1329 0.179363
1330 0.179097
1331 0.178829
1332 0.178577
1333 0.1784
1334 0.178207
1335 0.178098
1336 0.177948
1337 0.177777
1338 0.177663
1339 0.177622
1341 0.177618
1342 0.177612
1343 0.177493
1344 0.177312
1345 0.177068
1346 0.176831
1347 0.176601
1348 0.176358
1349 0.176109
1350 0.175855
1351 0.175597
1352 0.175335
1353 0.175072
1354 0.174812
1355 0.174559
1356 0.174329
1357 0.174118
1358 0.173958
1359 0.173842
1360 0.173745
1361 0.173612
1362 0.17354
1364 0.173537
1366 0.173468
1367 0.173458
1368 0.173268
1369 0.173239
1370 0.172967
1371 0.172767
1372 0.172685
1373 0.172593
1374 0.172523
1375 0.172485
1376 0.172464
1377 0.172396
1379 0.172378
1381 0.172291
1382 0.172251
1383 0.17222
1384 0.171997
1385 0.171832
1386 0.17168
1387 0.171573
1388 0.171547
1390 0.171458
1392 0.171389
1394 0.171253
1395 0.171026
1396 0.170795
1397 0.170561
1398 0.170328
1399 0.170097
1400 0.169878
1401 0.169664
1402 0.169519
1403 0.16933
1405 0.169322
1406 0.169114
1407 0.16896
1408 0.168898
1409 0.168895
1412 0.168765
1413 0.168753
1417 0.168535
1418 0.168435
1419 0.168258
1420 0.168093
1421 0.168048
1423 0.167999
1427 0.167788
1428 0.167693
1429 0.16766
1431 0.167541
1432 0.167467
1434 0.167429
1435 0.167346
1436 0.16726
1437 0.167257
1438 0.167244
1440 0.167068
1441 0.167019
1442 0.166974
1443 0.16697
1444 0.166948
1446 0.166826
1447 0.166648
1448 0.166535
1449 0.166408
1450 0.166239
1451 0.166175
1452 0.166089
1453 0.166083
1455 0.166082
1456 0.165878
1457 0.165735
1458 0.165604
1459 0.165596
1461 0.165366
1462 0.165206
1463 0.165028
1464 0.165013
1466 0.164736
1467 0.164559
1468 0.164426
1469 0.164267
1470 0.164173
1471 0.164093
1473 0.164026
1474 0.164012
1475 0.16392
1477 0.163772
1478 0.16359
1479 0.163394
1480 0.163285
1481 0.163226
1483 0.163216
1489 0.163084
1490 0.162806
1491 0.162662
1492 0.162552
1495 0.162446
1496 0.162317
1497 0.162231
1498 0.162099
1499 0.162005
1500 0.161949
1502 0.161748
1503 0.161554
1504 0.161394
1505 0.161372
1507 0.161095
1508 0.160944
1509 0.160805
1510 0.160719
1511 0.16065
1512 0.160627
1513 0.160625
1516 0.160569
1518 0.160441
1519 0.160328
1520 0.160122
1521 0.160032
1522 0.159995
1523 0.159966
1525 0.159923
1526 0.159803
1527 0.159683
1528 0.159539
1529 0.15953
1530 0.159529
1531 0.159505
1532 0.159499
1533 0.15943
1535 0.159331
1536 0.159158
1537 0.159081
1538 0.159001
1539 0.158944
1540 0.158918
1541 0.158853
1542 0.158852
1544 0.158663
1546 0.158637
1548 0.158593
1549 0.15837
1550 0.158224
1551 0.158189
1552 0.15817
1554 0.158116
1555 0.158076
1556 0.158068
1557 0.157906
1558 0.157773
1559 0.157739
1561 0.157695
1562 0.157675
1563 0.15757
1564 0.157339
1565 0.15728
1566 0.157164
1567 0.156994
1568 0.156881
1569 0.156828
1570 0.156827
1571 0.156704
1572 0.156487
1573 0.156273
1574 0.156062
1575 0.155852
1576 0.155642
1577 0.155435
1578 0.155239
1579 0.155028
1580 0.154816
1581 0.154604
1582 0.154391
1583 0.154179
1584 0.153966
1585 0.153753
1586 0.15354
1587 0.153326
1588 0.153113
1589 0.152899
1590 0.152686
1591 0.152472
1592 0.15226
1593 0.152047
1594 0.151833
1595 0.151629
1596 0.151424
1597 0.151211
1598 0.150999
1599 0.150789
1600 0.150584
1601 0.150397
1602 0.150211
1603 0.150009
1604 0.149802
1605 0.149601
1606 0.149442
1607 0.149317
1609 0.149307
1610 0.149241
1611 0.149103
1612 0.149018
1614 0.148987
1615 0.148914
1616 0.148826
1617 0.148819
1618 0.148769
1619 0.148686
1622 0.148506
1623 0.148442
1624 0.148435
1625 0.148243
1626 0.148122
1627 0.148083
1629 0.147959
1632 0.147822
1635 0.147734
1636 0.147584
1637 0.147462
1638 0.14736
1641 0.147328
1643 0.147122
1644 0.147062
1646 0.146939
1647 0.146911
1649 0.14683
1651 0.146738
1652 0.146574
1653 0.146514
1654 0.146509
1655 0.146451
1656 0.146446
1657 0.146423
1661 0.146193
1662 0.146005
1663 0.145944
1665 0.14586
1666 0.145752
1667 0.145694
1669 0.145681
1671 0.145679
1672 0.14554
1675 0.145321
1676 0.14517
1677 0.145149
1678 0.145137
1679 0.145128
1683 0.144911
1684 0.144901
1685 0.1449
1686 0.144866
1688 0.144714
1689 0.144651
1690 0.144507
1691 0.144444
1694 0.144289
1696 0.144287
1697 0.144078
1698 0.143951
1699 0.143805
1700 0.143633
1701 0.143582
1704 0.143549
1706 0.143373
1707 0.143263
1708 0.143057
1709 0.14292
1710 0.142833
1711 0.142745
1712 0.142583
1713 0.142451
1714 0.142315
1716 0.142283
1717 0.142201
1718 0.142168
1720 0.14207
1721 0.141892
1722 0.141807
1725 0.141604
1726 0.14147
1727 0.14137
1728 0.141337
1730 0.141304
1731 0.141299
1732 0.141278
1733 0.141261
1734 0.141187
1737 0.140951
1738 0.140796
1739 0.140723
1744 0.140721
1746 0.140564
1747 0.140469
1748 0.140283
1749 0.140212
1750 0.14006
1751 0.13996
1753 0.139933
1754 0.139781
1755 0.139692
1756 0.139623
1757 0.139551
1758 0.139513
1759 0.139499
1761 0.139419
1762 0.13935
1763 0.139263
1764 0.13916
1765 0.139065
1766 0.138932
1767 0.138884
1768 0.138878
1769 0.138869
1770 0.138795
1772 0.138766
1773 0.13876
1775 0.13867
1776 0.1385
1777 0.138457
1778 0.138377
1779 0.138362
1780 0.138354
1782 0.138241
1783 0.138085
1784 0.13803
1785 0.13802
1786 0.137956
1787 0.137952
1788 0.137914
1789 0.137912
1790 0.137911
1793 0.137788
1794 0.137636
1795 0.137506
1796 0.137467
1798 0.137465
1800 0.137463
1801 0.137416
1803 0.137396
1804 0.137271
1805 0.137122
1807 0.137116
1808 0.136927
1809 0.136797
1810 0.13671
1811 0.136604
1813 0.136589
1814 0.136512
1815 0.136511
1816 0.13641
1817 0.13638
1819 0.136245
1820 0.136103
1821 0.136018
1824 0.135773
1825 0.135694
1826 0.135677
1827 0.135674
1828 0.135635
1830 0.135617
1832 0.135608
1834 0.135527
1835 0.135421
1838 0.135148
1839 0.135002
1840 0.134985
1841 0.134979
1842 0.134946
1848 0.134785
1849 0.13471
1850 0.134671
1851 0.134637
1852 0.134446
1853 0.134263
1854 0.134087
1855 0.133907
1856 0.133725
1857 0.13354
1858 0.133426
1859 0.133334
1860 0.133285
1861 0.133278
1862 0.133172
1863 0.133166
1864 0.133165
1865 0.133117
1866 0.133092
1867 0.132888
1868 0.132679
1869 0.132474
1870 0.132287
1871 0.132095
1872 0.132047
1873 0.131896
1874 0.131642
1875 0.131418
1876 0.131218
1877 0.131027
1878 0.130923
1879 0.130759
1880 0.130631
1881 0.130495
1882 0.130389
1883 0.130331
1885 0.130252
1886 0.13017
1887 0.130162
1888 0.130148
1889 0.130043
1890 0.129873
1891 0.129698
1892 0.129531
1893 0.129391
1894 0.129219
1895 0.129064
1896 0.128886
1897 0.128704
1898 0.128522
1899 0.128352
1900 0.128295
1901 0.128141
1902 0.128073
1903 0.127981
1908 0.127975
1909 0.127943
1911 0.127861
1912 0.127687
1913 0.127614
1918 0.127515
1919 0.12746
1920 0.127454
1921 0.127406
1923 0.127376
1924 0.12733
1925 0.127192
1926 0.127046
1927 0.126913
1928 0.126795
1929 0.126652
1930 0.1265
1931 0.126412
1932 0.126328
1933 0.126266
1934 0.126175
1935 0.126013
1936 0.125883
1937 0.125783
1938 0.12577
1939 0.125757
1940 0.125712
1941 0.125705
1942 0.125569
1943 0.125334
1944 0.125166
1945 0.12499
1946 0.124831
1947 0.124682
1948 0.124567
1949 0.124445
1952 0.124299
1953 0.124258
1954 0.124147
1955 0.124049
1956 0.123994
1958 0.123853
1959 0.123792
1960 0.123716
1961 0.12363
1962 0.123625
1964 0.123559
1965 0.12347
1966 0.123337
1967 0.123291
1968 0.123147
1969 0.123057
1970 0.122952
1971 0.122805
1972 0.122673
1973 0.122617
1974 0.122543
1975 0.122419
1976 0.122316
1977 0.122274
1978 0.122158
1979 0.121993
1980 0.121832
1981 0.121685
1982 0.121564
1983 0.121464
1984 0.121373
1985 0.121258
1988 0.121041
1989 0.120892
1990 0.120852
1992 0.120778
1994 0.120755
1997 0.120607
1998 0.120579
2002 0.12038
2003 0.120202
2004 0.120122
2005 0.120058
2006 0.120053
2007 0.12004
2008 0.120038
2009 0.119922
2010 0.11981
2011 0.119676
2012 0.119612
2013 0.119525
2015 0.119516
2016 0.119363
2017 0.119253
2018 0.11916
2019 0.119101
2020 0.119023
2021 0.11884
2022 0.11869
2023 0.118599
2024 0.118449
2025 0.118306
2026 0.118218
2027 0.118189
2028 0.118185
2031 0.118143
2032 0.117942
2033 0.117789
2034 0.11769
2035 0.117611
2036 0.117557
2037 0.11754
2038 0.117447
2039 0.11734
2040 0.117244
2041 0.117179
2044 0.117119
2046 0.117063
2048 0.116929
2049 0.116848
2050 0.116772
2051 0.11671
2052 0.116668
2053 0.116614
2054 0.116574
2055 0.116471
2056 0.116376
2057 0.116323
2058 0.11624
2059 0.116163
2060 0.116099
2061 0.116061
2062 0.116017
2064 0.116012
2065 0.11591
2066 0.115758
2067 0.115743
2068 0.115735
2069 0.115647
2070 0.115616
2071 0.115611
2072 0.115604
2075 0.115493
2076 0.115433
2077 0.115401
2078 0.11539
2079 0.115192
2080 0.115164
2082 0.115062
2083 0.11497
2086 0.114921
2087 0.114847
2088 0.114691
2089 0.114573
2090 0.114546
2091 0.114541
2092 0.11441
2093 0.114234
2094 0.11413
2095 0.114108
2097 0.113929
2098 0.113799
2099 0.113742
2100 0.11369
2101 0.113604
2106 0.11347
2107 0.113421
2108 0.1134
2109 0.113369
2110 0.113358
2111 0.113293
2112 0.113245
2117 0.113096
2118 0.113036
2120 0.112966
2121 0.112851
2122 0.112776
2125 0.11274
2129 0.112595
2130 0.112526
2131 0.112426
2133 0.112421
2134 0.11239
2136 0.112376
2137 0.112177
2138 0.112083
2139 0.112067
2141 0.111999
2142 0.111877
2143 0.111843
2146 0.111676
2147 0.111557
2150 0.111454
2156 0.111408
2157 0.111241
2158 0.111182
2159 0.111166
2160 0.111083
2162 0.111075
2164 0.111061
2165 0.110892
2166 0.110867
2167 0.110849
2168 0.110808
2169 0.110807
2170 0.11076
2171 0.110661
2173 0.110622
2175 0.110609
2176 0.110473
2178 0.11036
2179 0.110253
2180 0.110251
2181 0.11023
2182 0.110119
2184 0.110109
2187 0.110083
2188 0.109947
2189 0.109897
2191 0.109768
2193 0.109725
2194 0.109624
2195 0.109575
2197 0.109484
2198 0.109427
2199 0.109331
2200 0.109318
2202 0.109227
2203 0.109176
2204 0.109043
2205 0.10895
2206 0.108879
2207 0.108679
2208 0.108523
2209 0.108406
2210 0.108251
2211 0.10809
2212 0.107932
2213 0.107781
2214 0.107635
2215 0.107503
2216 0.107383
2217 0.107276
2218 0.107268
2220 0.10722
2221 0.107206
2222 0.107165
2224 0.107109
2226 0.106975
2227 0.106892
2231 0.106841
2232 0.10674
2233 0.10672
2235 0.106602
2236 0.106497
2237 0.106448
2238 0.106399
2240 0.106346
2241 0.106238
2242 0.106165
2243 0.106064
2244 0.105982
2245 0.105921
2246 0.105781
2247 0.105741
2248 0.105574
2249 0.105453
2250 0.105392
2251 0.105381
2253 0.10533
2255 0.105287
2257 0.105272
2259 0.105212
2260 0.105078
2261 0.104996
2263 0.104976
2265 0.104968
2268 0.104832
2269 0.104763
2270 0.104689
2271 0.104666
2273 0.10458
2275 0.104578
2276 0.104413
2277 0.104371
2279 0.104362
2281 0.104355
2282 0.104342
2284 0.104323
2285 0.104173
2286 0.104084
2287 0.104046
2289 0.103957
2290 0.103861
2292 0.103845
2293 0.103784
2297 0.103773
2299 0.103644
2300 0.103525
2301 0.103518
2303 0.103415
2304 0.103296
2305 0.103214
2307 0.103195
2308 0.103187
2309 0.103172
2311 0.103153
2312 0.103119
2313 0.103036
2314 0.103021
2315 0.102968
2316 0.10283
2317 0.10275
2318 0.102636
2320 0.102607
2321 0.102506
2323 0.102497
2325 0.102489
2326 0.10242
2327 0.102318
2328 0.102264
2329 0.102182
2330 0.102111
2333 0.101934
2334 0.101783
2335 0.101654
2336 0.101529
2337 0.101468
2338 0.101303
2339 0.10116
2340 0.101152
2341 0.101143
2342 0.101119
2346 0.101013
2347 0.10092
2348 0.100915
2349 0.100892
2351 0.100891
2352 0.100706
2353 0.100576
2354 0.100454
2355 0.100371
2357 0.100339
2358 0.100282
2359 0.100273
2360 0.100243
2361 0.100238
2362 0.100215
2364 0.100129
2365 0.100011
2367 0.0999937
2368 0.0998939
2371 0.0998333
2372 0.0998329
2375 0.0998306
2378 0.0997393
2381 0.099638
2382 0.0995231
2383 0.0994895
2385 0.0994646
2386 0.0994233
2387 0.0993369
2389 0.0992461
2390 0.0992253
2392 0.099122
2393 0.099018
2394 0.0989552
2395 0.0989035
2396 0.0988715
2397 0.0987955
2398 0.0986601
2399 0.0985966
2400 0.0984873
2401 0.0984626
2402 0.098462
2403 0.0984202
2406 0.098297
2407 0.0981802
2408 0.0981445
2409 0.0981364
2411 0.0981239
2412 0.0981211
2413 0.0980862
2414 0.0979736
2415 0.0978709
2417 0.0978664
2419 0.0978606
2420 0.0977122
2421 0.0975976
2422 0.0974984
2423 0.0974608
2424 0.0974591
2425 0.0974439
2427 0.0974283
2429 0.0973111
2430 0.0971972
2431 0.0971555
2432 0.0971282
2434 0.0970982
2435 0.0970374
2437 0.0970158
2438 0.0969014
2439 0.0968087
2440 0.0967577
2441 0.0966978
2442 0.0966592
2443 0.0965991
2444 0.0965491
2445 0.0965023
2450 0.0963828
2451 0.0963097
2452 0.0962277
2453 0.0961445
2454 0.0960966
2455 0.0960174
2456 0.0959654
2458 0.0959068
2460 0.0959031
2461 0.0958697
2463 0.0957336
2464 0.0956955
2465 0.0956722
2469 0.0956326
2470 0.095556
2471 0.0954678
2472 0.0954206
2473 0.0954142
2476 0.0953847
2478 0.0953588
2479 0.0952234
2480 0.0952075
2481 0.0952065
2483 0.0951965
2486 0.0951188
2487 0.0950037
2488 0.0949801
2490 0.0949518
2491 0.0949469
2492 0.0949438
2493 0.0948878
2494 0.09474
2495 0.0946429
2496 0.0946387
2498 0.0946167
2499 0.0946156
2500 0.0946151
2501 0.0945912
2502 0.094457
2503 0.0942904
2504 0.0942041
2505 0.0941182
2506 0.0940888
2508 0.0940423
2509 0.0940081
2510 0.0939756
2511 0.0938874
2514 0.0938821
2515 0.0937496
2516 0.0936594
2517 0.0936356
2518 0.0936338
2520 0.0935974
2521 0.0935412
2523 0.0935355
2524 0.09344
2525 0.0933963
2526 0.0933957
2528 0.0933811
2530 0.0933235
2531 0.0932416
2532 0.0932068
2533 0.0932022
2534 0.0931898
2535 0.09318
2537 0.0931392
2540 0.0929792
2541 0.0929399
2544 0.0929286
2546 0.0929174
2547 0.0928316
2548 0.0928299
2552 0.092764
2553 0.0926935
2554 0.0926638
2556 0.0926488
2557 0.0926173
2558 0.092497
2559 0.0924459
2560 0.0924435
2561 0.0923713
2564 0.092294
2565 0.0922206
2566 0.0922033
2567 0.0921754
2569 0.0921704
2570 0.092151
2571 0.092145
2572 0.0920523
2573 0.0920184
2576 0.0919376
2577 0.0918621
2578 0.0917537
2579 0.0916735
2580 0.0916324
2586 0.0915187
2587 0.091416
2588 0.0913206
2589 0.0912114
2590 0.0911435
2591 0.0910882
2593 0.0910402
2594 0.0909483
2595 0.0908244
2596 0.0907803
2600 0.0907603
2601 0.0906267
2602 0.0905371
2605 0.0904913
2606 0.0904835
2607 0.0904343
2610 0.0903171
2612 0.0903165
2613 0.0902825
2614 0.090271
2615 0.0902629
2616 0.0902427
2617 0.0901004
2618 0.0900344
2619 0.0900236
2620 0.0900172
2621 0.0899962
2623 0.0898799
2624 0.089833
2625 0.0897042
2626 0.089689
2627 0.0896797
2628 0.0896657
2630 0.0895188
2631 0.0894134
2632 0.0893645
2633 0.0893087
2634 0.0892368
2637 0.0891322
2638 0.0890504
2639 0.0890177
2641 0.0889615
2642 0.0889125
2643 0.0888887
2644 0.088886
2645 0.088795
2646 0.0887216
2647 0.0886784
2649 0.0885943
2650 0.0884456
2653 0.088383
2654 0.0883364
2655 0.088336
2656 0.0882877
2657 0.0882863
2658 0.0882253
2659 0.0881763
2661 0.0881599
2662 0.0880662
2663 0.0879918
2664 0.0878958
2665 0.0878098
2666 0.0877622
2667 0.0876466
2668 0.0876179
2670 0.0875795
2671 0.0875107
2672 0.0874713
2673 0.087416
2674 0.0872472
2675 0.0871865
2678 0.0871678
2680 0.0871114
2681 0.0870448
2682 0.0870038
2683 0.0868953
2684 0.0867706
2685 0.0867157
2686 0.0866798
2687 0.0865896
2688 0.0865287
2691 0.0864922
2693 0.0864611
2695 0.0864442
2697 0.0863351
2698 0.0862461
2703 0.0861487
2704 0.0860751
2705 0.0860685
2707 0.0860385
2709 0.0860143
2711 0.0858999
2712 0.0858568
2713 0.0858187
2714 0.085814
2715 0.0858115
2716 0.0858001
2717 0.0857955
2722 0.0856256
2723 0.0855881
2725 0.0855609
2728 0.0854785
2729 0.0854636
2730 0.0854382
2732 0.0853919
2734 0.0853488
2735 0.0852843
2738 0.0851633
2739 0.0851248
2747 0.085036
2748 0.0849953
2751 0.0848838
2752 0.0848291
2753 0.0848005
2755 0.08479
2756 0.0847065
2757 0.0846869
2758 0.0846615
2760 0.0846435
2762 0.0845969
2764 0.084547
2766 0.0845418
2767 0.084441
2769 0.0844391
2774 0.0844091
2775 0.0843061
2777 0.0843046
2778 0.0842711
2779 0.0842104
2780 0.0841928
2781 0.0841747
2782 0.0840925
2783 0.0839891
2784 0.0839601
2786 0.0839471
2789 0.0839285
2790 0.0838574
2792 0.0838547
2793 0.0838276
2795 0.0837648
2796 0.0837575
2797 0.0836871
2798 0.083586
2803 0.0834754
2804 0.0834256
2805 0.0833886
2806 0.0832883
2807 0.0831626
2808 0.0830813
2809 0.0830324
2810 0.0830024
2812 0.0829015
2813 0.0828494
2814 0.0828347
2815 0.0828334
2816 0.082832
2817 0.0827641
2818 0.0827039
2819 0.0825771
2820 0.0824736
2823 0.0824597
2825 0.082408
2829 0.0823933
2830 0.082285
2832 0.0822636
2833 0.0821907
2834 0.0820891
2835 0.0820161
2836 0.0819061
2837 0.0818253
2838 0.0817458
2839 0.0816769
2840 0.0816561
2842 0.0815842
2843 0.0815233
2844 0.0813642
2845 0.0812908
2846 0.0812616
2848 0.081177
2849 0.0810736
2850 0.0809999
2851 0.0809441
2853 0.0809269
2858 0.0808155
2859 0.0806853
2860 0.0806253
2861 0.0806205
2863 0.0806103
2865 0.0805377
2867 0.0805196
2868 0.080412
2869 0.0803049
2870 0.080288
2871 0.0802862
2873 0.0802812
2874 0.0802512
2875 0.0802059
2877 0.0801236
2878 0.0801111
2880 0.080102
2881 0.0800915
2882 0.080014
2883 0.0799844
2884 0.0799437
2885 0.079943
2886 0.0799234
2887 0.0797567
2888 0.079728
2889 0.0797256
2890 0.0796689
2893 0.0796546
2894 0.0796316
2895 0.0795667
2896 0.0795363
2900 0.0794804
2901 0.0793574
2902 0.079252
2903 0.079217
2906 0.0791811
2907 0.079078
2908 0.0789983
2909 0.0789609
2910 0.0788345
2911 0.0787334
2912 0.0786744
2913 0.0785844
2914 0.0785322
2915 0.0784855
2916 0.0784636
2918 0.0784385
2920 0.0783748
2923 0.0782521
2924 0.0781971
2925 0.0781638
2926 0.0781619
2927 0.0781471
2929 0.0781098
2932 0.0780857
2935 0.0779835
2939 0.0779667
2940 0.0778839
2941 0.0778555
2943 0.0778413
2946 0.0778401
2947 0.0778211
2949 0.0777448
2950 0.0776917
2952 0.0776732
2954 0.0776543
2955 0.0775852
2956 0.0775763
2957 0.0775762
2958 0.0775548
2962 0.0775372
2965 0.0774254
2966 0.0774241
2967 0.0774082
2968 0.0773509
2969 0.0772546
2970 0.0771952
2971 0.0771309
2972 0.0770513
2974 0.0770442
2975 0.0769648
2976 0.0769565
2977 0.0769543
2978 0.0768682
2979 0.076774
2980 0.0766962
2981 0.0766478
2982 0.0766249
2984 0.0765918
2985 0.0765786
2986 0.0764737
2987 0.0763706
2988 0.0762666
2989 0.0761627
2990 0.0760587
2991 0.0759545
2992 0.07585
2993 0.0757452
2994 0.07564
2995 0.0755345
2996 0.0754287
2997 0.0753226
2998 0.0752164
2999 0.0751101
3000 0.075004
3001 0.074898
3002 0.0747924
3003 0.0746872
3004 0.0745824
3005 0.0744804
3006 0.0743773
3007 0.0742961
3008 0.0742509
3009 0.0742044
3010 0.0741397
3012 0.0741283
3013 0.0741169
3016 0.0740616
3017 0.0740215
3018 0.0739433
3019 0.0739304
3020 0.0739112
3022 0.0738887
3023 0.0737496
3024 0.0736927
3025 0.0736568
3027 0.0735817
3028 0.0735415
3029 0.0734654
3030 0.0734343
3031 0.0734146
3032 0.073372
3033 0.0733328
3034 0.073298
3036 0.0731662
3037 0.0730605
3038 0.0729677
3039 0.0729394
3040 0.0729293
3041 0.0729188
3042 0.072872
3044 0.0728622
3045 0.0728505
3046 0.0728413
3047 0.0727781
3048 0.0727711
3050 0.0727664
3052 0.072757
3055 0.072692
3060 0.0726781
3062 0.0726774
3063 0.0726441
3064 0.0726346
3065 0.0725986
3066 0.072543
3067 0.0725313
3068 0.0725308
3069 0.0724972
3070 0.0724386
3071 0.0724179
3073 0.0724051
3074 0.072402
3076 0.0723966
3077 0.0723695
3078 0.0723077
3079 0.0722428
3080 0.0721773
3081 0.0721114
3082 0.0720455
3083 0.0719795
3084 0.0719135
3085 0.0718476
3086 0.0717819
3087 0.0717164
3088 0.0716529
3089 0.0715888
3090 0.0715262
3091 0.0714655
3092 0.0714045
3093 0.071349
3094 0.0712902
3095 0.0712377
3096 0.0711817
3097 0.0711298
3098 0.0710778
3099 0.0710262
3100 0.0709809
3101 0.0709295
3102 0.0708957
3103 0.0708565
3104 0.0708407
3105 0.0708325
3106 0.0708015
3107 0.070756
3108 0.0707192
3109 0.0706771
3110 0.0706339
3111 0.0706018
3112 0.0705649
3113 0.0705094
3114 0.0704697
3115 0.0704301
3116 0.0703839
3117 0.0703298
3118 0.0702904
3119 0.0702708
3120 0.0702195
3121 0.0701707
3122 0.070121
3123 0.0700828
3124 0.0700337
3125 0.0699768
3126 0.0699195
3127 0.069865
3128 0.0698095
3129 0.0697538
3130 0.0697185
3131 0.0696989
3132 0.069689
3133 0.0696861
3134 0.0696825
3136 0.0696735
3137 0.0696707
3138 0.0696115
3139 0.0695537
3140 0.0694995
3141 0.0694555
3142 0.069418
3143 0.0693736
3144 0.0693441
3145 0.0693298
3147 0.0693297
3149 0.0692766
3150 0.0692461
3151 0.0692091
3152 0.0692036
3154 0.0691486
3155 0.0691053
3158 0.0690713
3159 0.0690439
3160 0.0690316
3162 0.069019
3163 0.0690184
3164 0.0690084
3165 0.0690076
3166 0.0690001
3167 0.0689972
3168 0.0689648
3170 0.0689451
3171 0.0689053
3172 0.0688983
3174 0.0688976
3177 0.0688975
3178 0.0688796
3179 0.0688728
3180 0.0688569
3182 0.0688147
3183 0.0687767
3184 0.0687512
3185 0.0687105
3186 0.0686814
3188 0.0686781
3189 0.0686573
3190 0.0686471
3192 0.0686265
3193 0.0686164
3195 0.0685861
3198 0.0685364
3199 0.0685109
3201 0.0685095
3202 0.068506
3203 0.0685057
3210 0.0684545
3211 0.0684182
3212 0.068416
3213 0.068415
3214 0.0683782
3215 0.068346
3216 0.0683146
3217 0.0682878
3218 0.0682855
3219 0.0682782
3220 0.0682493
3221 0.0682281
3222 0.0682085
3223 0.0681812
3225 0.0681537
3226 0.0681345
3227 0.068127
3228 0.0680948
3229 0.0680758
3233 0.0680745
3234 0.0680729
3235 0.0680721
3237 0.0680457
3238 0.0679924
3239 0.0679734
3240 0.0679601
3241 0.0679526
3242 0.067939
3243 0.0678971
3244 0.0678605
3245 0.0678455
3247 0.0678368
3250 0.0678337
3251 0.0677868
3252 0.0677338
3253 0.067699
3254 0.0676793
3255 0.0676403
3256 0.0675999
3257 0.0675979
3258 0.0675965
3259 0.0675215
3260 0.0674754
3261 0.0674669
3263 0.0674516
3265 0.0674225
3266 0.0673921
3267 0.0673785
3269 0.0673479
3271 0.0673468
3272 0.0672876
3273 0.0672392
3274 0.0672182
3275 0.0672106
3277 0.0672013
3281 0.0671437
3282 0.0671343
3283 0.0671304
3284 0.0671109
3285 0.0671065
3286 0.0671021
3288 0.0670402
3289 0.067009
3290 0.06697
3291 0.0669376
3292 0.0669282
3293 0.0669265
3294 0.0668973
3295 0.06687
3296 0.0668229
3297 0.0667802
3298 0.0667637
3299 0.0667274
3300 0.0667116
3301 0.0667068
3303 0.0666542
3304 0.0666203
3305 0.0665681
3306 0.0665475
3308 0.0665439
3309 0.0665215
3310 0.0665134
3311 0.0664977
3312 0.0664919
3314 0.0664612
3315 0.0664422
3318 0.0663843
3319 0.0663446
3320 0.0663315
3324 0.0663288
3325 0.0663244
3326 0.066322
3327 0.0662984
3330 0.0662563
3331 0.0662241
3332 0.0662092
3333 0.0661643
3334 0.0661596
3335 0.0661459
3336 0.0661075
3337 0.0660947
3339 0.0660862
3341 0.0660535
3342 0.0660438
3343 0.0660324
3344 0.0660163
3345 0.0659695
3346 0.065942
3347 0.0659018
3348 0.0658886
3349 0.0658483
3350 0.0658293
3351 0.0658203
3353 0.0658147
3356 0.065784
3357 0.0657528
3358 0.0657069
3359 0.0656913
3360 0.0656901
3361 0.0656696
3363 0.0656657
3366 0.0656229
3369 0.0655818
3370 0.0655711
3372 0.0655653
3373 0.065555
3374 0.0654913
3375 0.0654849
3376 0.0654755
3377 0.0654197
3378 0.0654002
3379 0.0653589
3380 0.0653541
3383 0.065343
3384 0.065309
3385 0.0652581
3386 0.0652514
3387 0.0652448
3388 0.0652146
3389 0.0651975
3390 0.0651973
3391 0.0651473
3392 0.0651179
3393 0.0650796
3394 0.0650586
3395 0.0650458
3397 0.0650095
3398 0.0649672
3399 0.0649254
3400 0.0648971
3401 0.0648865
3402 0.0648767
3403 0.0648413
3404 0.0648298
3406 0.0648177
3407 0.06481
3408 0.064808
3409 0.0647503
3410 0.0647146
3411 0.0646794
3412 0.0646719
3415 0.0646438
3416 0.0646131
3417 0.0645752
3418 0.0645719
3421 0.0645691
3422 0.0645341
3423 0.0645188
3425 0.0644966
3426 0.0644628
3427 0.0644598
3428 0.0644545
3429 0.0644261
3430 0.064417
3431 0.0644142
3436 0.0643685
3437 0.0643262
3438 0.0643048
3439 0.0642858
3440 0.0642542
3441 0.0642204
3442 0.0641921
3443 0.0641879
3444 0.0641819
3447 0.0641548
3448 0.0641316
3449 0.0641271
3450 0.0640894
3451 0.0640893
3454 0.064085
3455 0.0640558
3456 0.064006
3457 0.063978
3460 0.0639675
3462 0.0639424
3463 0.0639416
3464 0.0639387
3465 0.063887
3466 0.0638587
3467 0.063842
3468 0.0637925
3469 0.0637556
3470 0.0637431
3471 0.0637415
3475 0.0637412
3476 0.0637061
3477 0.0636939
3479 0.0636396
3480 0.0635928
3481 0.0635686
3485 0.0635541
3486 0.0635369
3487 0.0635333
3488 0.0635294
3489 0.0635213
3490 0.0634773
3491 0.0634595
3492 0.0634303
3493 0.063399
3495 0.0633912
3496 0.0633497
3497 0.0633324
3498 0.0633022
3499 0.0632889
3501 0.0632842
3503 0.0632666
3504 0.0632273
3505 0.0631914
3506 0.0631673
3507 0.0631487
3508 0.0631162
3511 0.0630624
3512 0.0630292
3513 0.0630111
3516 0.0630097
3519 0.063006
3520 0.0629843
3521 0.0629612
3523 0.0629408
3524 0.062896
3525 0.062871
3526 0.0628558
3527 0.0628214
3528 0.0628108
3530 0.0627732
3531 0.0627485
3532 0.0627187
3533 0.0627127
3535 0.0627016
3536 0.0627007
3537 0.062669
3540 0.0626289
3541 0.0626117
3542 0.0626099
3544 0.0626068
3546 0.0626052
3547 0.0625679
3548 0.0625497
3551 0.0625422
3553 0.0625059
3554 0.0624934
3557 0.0624527
3558 0.0624354
3559 0.0624233
3560 0.0624223
3561 0.0624048
3563 0.0624035
3565 0.0624026
3568 0.0623837
3569 0.0623537
3570 0.062338
3571 0.0623376
3575 0.0623203
3578 0.0623152
3580 0.0623013
3581 0.0622792
3582 0.0622784
3583 0.0622678
3584 0.0622134
3585 0.0621999
3587 0.0621938
3589 0.0621734
3590 0.0621412
3591 0.062117
3592 0.0621125
3594 0.0621067
3595 0.0620983
3596 0.0620971
3597 0.0620586
3598 0.062027
3599 0.0620038
3600 0.061994
3601 0.0619471
3602 0.0619401
3604 0.0618931
3605 0.0618538
3606 0.0618327
3607 0.0618257
3611 0.0618241
3612 0.0618218
3615 0.0617791
3616 0.0617557
3617 0.0617507
3618 0.0617457
3620 0.0617291
3621 0.0616889
3622 0.0616647
3623 0.0616485
3624 0.0616295
3627 0.0616258
3628 0.0616243
3629 0.0616065
3631 0.0615958
3632 0.0615465
3633 0.0615217
3634 0.0615201
3635 0.0615138
3639 0.0615047
3640 0.0614522
3641 0.0614178
3642 0.0613917
3643 0.0613899
3644 0.0613789
3646 0.0613461
3647 0.0613079
3649 0.0612896
3650 0.061256
3651 0.061239
3652 0.0612384
3653 0.061185
3654 0.0611376
3655 0.0610997
3656 0.0610809
3659 0.0610605
3660 0.0610074
3661 0.0609721
3662 0.0609543
3663 0.0609531
3664 0.0609467
3665 0.0609453
3666 0.060936
3667 0.0609156
3674 0.0608391
3675 0.0607875
3676 0.0607548
3677 0.0607533
3685 0.0607243
3686 0.0606853
3687 0.0606438
3688 0.0606261
3691 0.0605782
3692 0.0605615
3693 0.0605599
3694 0.0605467
3695 0.060546
3696 0.0605431
3698 0.0605402
3699 0.0605376
3701 0.0605041
3702 0.0604579
3703 0.0604476
3704 0.0604456
3705 0.0604217
3706 0.0603879
3707 0.0603629
3708 0.0603233
3709 0.0602897
3710 0.0602636
3711 0.0602226
3712 0.0601903
3713 0.0601702
3714 0.0601444
3717 0.0600978
3718 0.0600725
3719 0.060067
3721 0.0600542
3722 0.0600411
3724 0.0600162
3727 0.0600154
3729 0.0599765
3730 0.0599375
3731 0.0599255
3732 0.0598926
3735 0.0598843
3737 0.0598522
3738 0.0598172
3739 0.0598047
3741 0.0598034
3742 0.0597986
3743 0.0597738
3744 0.0597383
3745 0.0597117
3746 0.0596796
3747 0.0596586
3748 0.0596477
3749 0.0596469
3750 0.0596159
3751 0.0595931
3752 0.0595381
3753 0.0595144
3754 0.059501
3756 0.0594799
3757 0.0594456
3758 0.0594039
3759 0.0593564
3760 0.0593086
3761 0.0592604
3762 0.0592121
3763 0.0591634
3764 0.0591147
3765 0.0590658
3766 0.0590168
3767 0.0589679
3768 0.058919
3769 0.0588703
3770 0.0588219
3771 0.0587753
3772 0.0587278
3773 0.0586807
3774 0.0586599
3775 0.0586454
3776 0.0586264
3778 0.0585731
3779 0.058535
3780 0.058507
3781 0.058472
3783 0.0584712
3789 0.0584691
3790 0.0584566
3791 0.058443
3792 0.0583928
3793 0.0583844
3795 0.0583784
3796 0.0583395
3797 0.0583098
3799 0.0583073
3800 0.0583058
3801 0.0583
3802 0.0582992
3803 0.0582938
3804 0.0582933
3805 0.0582649
3806 0.058252
3808 0.0582311
3809 0.0581959
3810 0.0581674
3811 0.0581295
3813 0.0581289
3814 0.0581076
3818 0.058107
3821 0.0580628
3822 0.0580377
3825 0.0579999
3826 0.0579804
3829 0.0579695
3831 0.0579585
3833 0.0579495
3834 0.0579386
3835 0.0579262
3836 0.0578755
3837 0.0578419
3838 0.057821
3840 0.0578195
3842 0.0578176
3843 0.0578174
3847 0.057791
3849 0.0577855
3850 0.0577461
3853 0.0577262
3854 0.0577253
3855 0.0577179
3856 0.0577163
3857 0.0576921
3858 0.0576829
3860 0.0576614
3861 0.0576515
3862 0.057647
3864 0.0576353
3865 0.0576003
3866 0.0575987
3867 0.0575986
3868 0.0575945
3872 0.0575901
3875 0.0575782
3876 0.0575277
3877 0.0575078
3878 0.0574989
3879 0.0574589
3880 0.0574278
3881 0.0574201
3882 0.0574098
3887 0.0573998
3888 0.0573992
3889 0.0573623
3890 0.0573153
3891 0.0572699
3892 0.0572233
3893 0.0571762
3894 0.0571287
3895 0.0570812
3896 0.0570334
3897 0.0569863
3898 0.0569383
3899 0.0568919
3900 0.0568452
3901 0.0567989
3902 0.0567534
3903 0.056709
3904 0.0566656
3905 0.0566234
3906 0.0565843
3907 0.0565502
3908 0.0565153
3909 0.0564833
3910 0.0564497
3911 0.0564265
3912 0.0564012
3913 0.0563704
3914 0.0563512
3915 0.056328
3916 0.0563039
3917 0.0562783
3918 0.0562772
3919 0.0562755
3922 0.056274
3924 0.0562719
3925 0.056267
3926 0.056246
3931 0.0562026
3932 0.0561859
3934 0.0561739
3935 0.0561691
3936 0.0561672
3940 0.0561623
3942 0.0561507
3943 0.0561306
3944 0.056107
3947 0.0560706
3948 0.0560599
3950 0.0560579
3952 0.0560566
3953 0.0560562
3955 0.0560548
3957 0.0560321
3958 0.0559937
3959 0.0559688
3960 0.0559547
3962 0.0559539
3963 0.055936
3964 0.0559207
3965 0.0559181
3966 0.0559178
3971 0.0559109
3974 0.0558643
3975 0.0558422
3976 0.0558278
3978 0.0558275
3979 0.0557899
3981 0.0557563
3982 0.0557505
3984 0.0557309
3985 0.0557289
3987 0.0557176
3989 0.0556873
3990 0.0556442
3991 0.0556247
3992 0.055616
3997 0.0556136
3998 0.0555768
4000 0.0555731
4002 0.055558
4003 0.0555153
4004 0.0555152
4006 0.0554742
4008 0.0554724
4009 0.055451
4010 0.055449
4011 0.0554033
4012 0.0553743
4013 0.0553579
4015 0.0553483
4016 0.055331
4017 0.0553165
4018 0.055298
4019 0.0552827
4020 0.0552278
4021 0.0552003
4022 0.0551827
4023 0.0551717
4024 0.0551696
4025 0.0551475
4026 0.0550978
4028 0.0550973
4029 0.0550789
4032 0.0550486
4033 0.055022
4034 0.0549758
4035 0.0549667
4039 0.054927
4040 0.0549102
4041 0.0548621
4042 0.0548483
4043 0.0548393
4045 0.0548182
4046 0.0548079
4048 0.0547993
4049 0.0547583
4050 0.054717
4051 0.0546955
4052 0.0546881
4054 0.0546824
4055 0.0546817
4056 0.0546627
4057 0.0546418
4059 0.0546376
4062 0.0546037
4063 0.0545777
4065 0.0545774
4067 0.0545758
4068 0.0545672
4070 0.0545654
4071 0.0545542
4072 0.0545153
4073 0.0545027
4074 0.0544815
4075 0.0544577
4078 0.0544315
4079 0.0544278
4084 0.0544247
4086 0.0544219
4087 0.0543891
4088 0.0543749
4089 0.0543656
4090 0.0543397
4091 0.0543172
4092 0.0543092
4096 0.0543071
4097 0.0542664
4098 0.0542482
4099 0.0542335
4100 0.0542129
4101 0.0542087
4103 0.05419
4105 0.0541896
4106 0.0541585
4109 0.0541364
4113 0.0541295
4116 0.0541001
4117 0.0540913
4118 0.0540912
4119 0.0540808
4121 0.0540783
4124 0.054051
4126 0.0540384
4127 0.0540287
4130 0.0540227
4131 0.0539978
4132 0.0539936
4136 0.053988
4137 0.0539876
4138 0.0539631
4139 0.0539604
4140 0.0539366
4141 0.0539015
4142 0.0538925
4143 0.053892
4144 0.0538785
4145 0.0538701
4151 0.0538472
4152 0.0538459
4153 0.0538311
4154 0.0537886
4155 0.0537694
4157 0.053769
4159 0.0537537
4160 0.0537484
4162 0.0537342
4163 0.0537331
4164 0.0536943
4165 0.0536751
4167 0.0536704
4168 0.0536441
4169 0.0536102
4170 0.0535661
4171 0.0535447
4172 0.053529
4173 0.0535004
4174 0.0534882
4175 0.053472
4176 0.0534515
4177 0.0534386
4178 0.0534335
4179 0.0534275
4180 0.0534164
4182 0.0533635
4183 0.0533141
4184 0.0532868
4185 0.0532772
4187 0.0532762
4194 0.0532684
4195 0.0532233
4196 0.0531722
4198 0.0531694
4199 0.0531251
4200 0.053106
4202 0.0531056
4203 0.0530969
4204 0.0530961
4205 0.0530937
4206 0.0530934
4207 0.0530849
4208 0.0530826
4209 0.05305
4210 0.0530404
4211 0.0529785
4212 0.052938
4213 0.0529052
4214 0.052862
4215 0.0528513
4216 0.0528165
4217 0.0527955
4218 0.052791
4219 0.0527892
4220 0.0527654
4221 0.0527433
4222 0.0527234
4223 0.0527143
4225 0.0526821
4226 0.0526812
4227 0.0526636
4228 0.0526212
4229 0.0525944
4230 0.0525763
4233 0.0525543
4234 0.052535
4235 0.0525218
4236 0.0525152
4239 0.0525015
4240 0.0524766
4241 0.0524673
4242 0.0524658
4243 0.0524633
4244 0.0524631
4247 0.0524604
4250 0.052442
4251 0.0524266
4252 0.0523881
4253 0.0523813
4254 0.0523769
4256 0.0523656
4257 0.0523307
4258 0.052321
4259 0.052304
4260 0.0522805
4261 0.052275
4262 0.0522613
4263 0.0522591
4264 0.05225
4265 0.0522488
4266 0.0522146
4267 0.0521807
4268 0.0521505
4270 0.0521469
4271 0.0521105
4272 0.0520733
4273 0.0520539
4274 0.0520191
4275 0.0519785
4276 0.0519373
4277 0.0519047
4278 0.0518729
4279 0.051839
4280 0.0518262
4282 0.0518162
4284 0.0517764
4285 0.0517568
4286 0.0517254
4287 0.0517107
4288 0.0516734
4289 0.0516389
4292 0.0516091
4293 0.0515745
4295 0.0515743
4296 0.0515455
4297 0.0515225
4298 0.0515174
4299 0.0515131
4300 0.0514857
4301 0.0514501
4302 0.051419
4303 0.0513892
4305 0.051378
4306 0.0513406
4307 0.0513142
4308 0.0512995
4309 0.0512934
4311 0.0512684
4314 0.0512364
4317 0.0512032
4318 0.0511946
4319 0.0511881
4321 0.0511821
4322 0.051155
4323 0.0511476
4324 0.0511439
4325 0.0511366
4327 0.0511316
4328 0.0511309
4329 0.0511238
4332 0.0510882
4333 0.051072
4334 0.0510648
4335 0.0510621
4337 0.0510496
4338 0.0510269
4339 0.0510258
4342 0.0510115
4344 0.0510112
4347 0.0509734
4348 0.0509595
4349 0.0509575
4350 0.0509546
4351 0.0509411
4352 0.050918
4353 0.0509005
4358 0.0508852
4359 0.05085
4360 0.05082
4361 0.0507933
4362 0.0507685
4363 0.0507495
4366 0.050744
4368 0.0507249
4369 0.0507094
4370 0.0507018
4371 0.0506996
4372 0.0506832
4377 0.0506609
4378 0.0506462
4379 0.0506445
4380 0.0506374
4381 0.0506366
4383 0.0506352
4385 0.050612
4386 0.0505844
4387 0.0505666
4388 0.0505629
4389 0.0505615
4391 0.0505609
4394 0.0505493
4396 0.0505202
4397 0.0505116
4398 0.0505075
4401 0.0505024
4402 0.0504946
4403 0.0504748
4404 0.0504694
4405 0.0504626
4406 0.0504449
4407 0.0504448
4408 0.0504439
4409 0.0504414
4412 0.0504144
4413 0.0504076
4414 0.0504064
4415 0.0504004
4417 0.0503986
4418 0.050396
4421 0.0503515
4422 0.0503431
4423 0.0503427
4425 0.0503387
4428 0.0503106
4429 0.0502859
4430 0.050275
4431 0.050257
4432 0.0502349
4433 0.0502273
4435 0.050205
4436 0.0501983
4437 0.0501764
4438 0.0501649
4440 0.0501397
4441 0.0500936
4442 0.0500805
4443 0.0500731
4444 0.0500647
4445 0.0500461
4446 0.0500222
4447 0.0500173
4448 0.0499949
4453 0.0499926
4454 0.0499499
4455 0.0499145
4456 0.0498965
4457 0.0498742
4458 0.0498677
4460 0.0498351
4461 0.0497904
4462 0.0497679
4463 0.0497611
4465 0.0497538
4466 0.0497536
4469 0.049752
4471 0.0497151
4472 0.0496721
4474 0.049672
4475 0.04963
4476 0.0496011
4477 0.0495741
4479 0.0495733
4481 0.0495724
4482 0.0495594
4484 0.0495286
4485 0.0494906
4486 0.0494611
4487 0.0494394
4488 0.0494257
4489 0.0494169
4490 0.0493849
4491 0.0493407
4492 0.0493134
4493 0.0492965
4494 0.0492879
4496 0.0492819
4498 0.0492591
4500 0.0492491
4503 0.0492248
4504 0.049197
4506 0.0491956
4507 0.0491897
4508 0.0491885
4509 0.0491867
4510 0.0491854
4512 0.0491776
4513 0.0491529
4514 0.0491465
4515 0.0491456
4516 0.0491405
4518 0.0490957
4519 0.0490625
4520 0.0490331
4521 0.0490252
4522 0.0489837
4523 0.048968
4524 0.0489585
4528 0.0489485
4529 0.0489478
4532 0.04892
4534 0.0489127
4535 0.0489054
4537 0.0488862
4538 0.0488569
4539 0.0488451
4543 0.0488414
4545 0.0488386
4546 0.048833
4547 0.0488077
4550 0.0487709
4551 0.0487613
4555 0.0487604
4556 0.0487356
4557 0.0487353
4558 0.0487348
4560 0.0487304
4562 0.0486959
4563 0.0486737
4564 0.0486523
4565 0.0486265
4568 0.0486079
4569 0.048606
4571 0.0485855
4572 0.0485802
4574 0.0485725
4575 0.0485595
4578 0.0485289
4579 0.0485034
4581 0.0485025
4585 0.0484966
4586 0.0484642
4587 0.0484384
4588 0.048427
4589 0.0484112
4590 0.0483876
4591 0.048383
4593 0.0483457
4594 0.0483158
4595 0.0482927
4596 0.0482815
4597 0.0482637
4598 0.0482508
4599 0.0482275
4600 0.0481923
4601 0.0481635
4602 0.0481298
4603 0.0481212
4605 0.0480846
4606 0.0480453
4607 0.0480099
4608 0.0479708
4609 0.0479352
4610 0.0479012
4611 0.0478569
4612 0.0478143
4613 0.047773
4614 0.0477347
4615 0.0476953
4616 0.0476558
4617 0.0476162
4618 0.0475782
4619 0.0475405
4620 0.0475101
4621 0.0474878
4622 0.0474696
4625 0.0474689
4626 0.0474684
4627 0.0474616
4629 0.0474216
4630 0.0474059
4631 0.0473933
4632 0.0473706
4635 0.047326
4636 0.0473081
4637 0.0473041
4639 0.0472662
4640 0.0472311
4641 0.0472153
4648 0.0471861
4649 0.0471669
4650 0.0471641
4652 0.0471554
4654 0.0471443
4655 0.0471351
4657 0.0471069
4659 0.0471044
4660 0.0470933
4661 0.0470902
4662 0.0470781
4663 0.0470426
4665 0.0470422
4667 0.0470369
4668 0.0470123
4669 0.0469955
4671 0.0469936
4672 0.0469716
4674 0.0469715
4677 0.0469421
4678 0.0469162
4679 0.0469018
4680 0.0468975
4681 0.0468962
4686 0.0468646
4687 0.0468562
4688 0.0468561
4693 0.0468506
4694 0.0468444
4695 0.0468432
4696 0.0468239
4697 0.0468023
4698 0.0467911
4699 0.0467861
4700 0.0467768
4702 0.0467672
4703 0.0467575
4704 0.0467263
4707 0.0467097
4708 0.0466996
4709 0.0466985
4710 0.0466911
4712 0.0466665
4713 0.0466333
4714 0.0466217
4715 0.046621
4716 0.0466185
4717 0.0466166
4718 0.0466119
4719 0.0466046
4720 0.0465826
4722 0.0465777
4724 0.0465762
4725 0.0465343
4726 0.046531
4729 0.0465284
4730 0.046509
4731 0.0465012
4732 0.0464993
4733 0.0464739
4736 0.0464521
4737 0.0464432
4739 0.0464114
4740 0.0463814
4741 0.0463512
4742 0.046339
4743 0.0463167
4748 0.0462843
4749 0.0462716
4751 0.0462649
4752 0.0462622
4754 0.0462388
4755 0.0462238
4756 0.0461951
4757 0.0461803
4758 0.0461754
4760 0.0461714
4761 0.046168
4764 0.0461378
4766 0.0461376
4767 0.0461146
4768 0.0461132
4769 0.0461103
4771 0.0460991
4772 0.0460682
4773 0.0460681
4775 0.0460678
4776 0.0460672
4777 0.0460449
4778 0.0460355
4781 0.0459927
4782 0.0459858
4783 0.0459854
4784 0.0459836
4785 0.0459829
4787 0.0459823
4791 0.0459742
4792 0.0459332
4793 0.0459198
4795 0.0459097
4796 0.0458903
4797 0.0458758
4798 0.0458726
4799 0.0458524
4800 0.0458518
4801 0.0458497
4804 0.0458479
4805 0.0458259
4808 0.0457904
4809 0.0457789
4810 0.045777
4813 0.0457696
4814 0.0457455
4815 0.0457366
4816 0.0457051
4817 0.0456991
4818 0.0456985
4820 0.0456984
4822 0.0456865
4823 0.0456669
4824 0.0456585
4826 0.0456501
4827 0.0456482
4828 0.0456474
4829 0.0456441
4830 0.0456257
4832 0.0456224
4833 0.045586
4834 0.0455673
4835 0.0455411
4836 0.0455155
4837 0.0454902
4838 0.045467
4839 0.0454605
4841 0.0454525
4842 0.0454497
4844 0.0454345
4846 0.0454294
4847 0.045405
4849 0.0454026
4851 0.045397
4852 0.0453954
4854 0.0453749
4857 0.0453557
4858 0.0453347
4859 0.0453259
4861 0.0452966
4862 0.0452707
4863 0.0452538
4864 0.0452297
4865 0.0452188
4866 0.0452067
4867 0.0452009
4868 0.0451976
4869 0.0451807
4870 0.0451741
4871 0.045172
4872 0.0451645
4873 0.0451232
4874 0.0450942
4875 0.0450791
4876 0.0450557
4877 0.045032
4878 0.0450133
4879 0.0450034
4881 0.0449993
4884 0.0449889
4885 0.0449867
4886 0.044983
4887 0.0449821
4888 0.0449623
4890 0.0449549
4891 0.0449402
4892 0.044925
4894 0.0449103
4895 0.0448808
4898 0.0448651
4899 0.0448616
4900 0.0448601
4903 0.0448425
4904 0.0448362
4906 0.0448251
4909 0.0448063
4910 0.044801
4911 0.0448008
4912 0.0447945
4914 0.0447633
4915 0.044762
4916 0.0447619
4918 0.0447564
4919 0.0447376
4920 0.0447359
4922 0.0447351
4924 0.0447163
4925 0.0447162
4928 0.0447043
4929 0.0446686
4930 0.0446666
4936 0.0446384
4937 0.0446276
4938 0.044623
4940 0.044621
4941 0.0445969
4942 0.044595
4944 0.0445541
4945 0.0445294
4946 0.0445199
4947 0.0445143
4948 0.0445006
4949 0.0445005
4950 0.0444959
4952 0.0444834
4953 0.0444801
4954 0.0444739
4955 0.0444594
4957 0.0444017
4958 0.0443793
4959 0.0443745
4962 0.0443733
4963 0.0443728
4964 0.0443716
4968 0.0443624
4969 0.0443231
4970 0.0442921
4971 0.044286
4972 0.044242
4975 0.0442105
4976 0.0441888
4977 0.0441695
4978 0.0441482
4979 0.0441101
4980 0.0440756
4981 0.0440404
4982 0.0440036
4983 0.0439684
4984 0.0439371
4985 0.0439136
4986 0.0438976
4987 0.0438825
4988 0.043868
4989 0.043835
4990 0.0438084
4991 0.0437993
4992 0.0437842
4993 0.0437582
4994 0.0437481
4995 0.0437466
4996 0.0437212
4997 0.0437063
4998 0.0436935
4999 0.04369
5000 0.0436874
5001 0.0436839
5002 0.0436797
5003 0.0436507
5004 0.0436297
5007 0.0435981
5008 0.0435795
5009 0.0435727
5011 0.0435621
5014 0.0435554
5016 0.0435497
5018 0.0435258
5020 0.0435211
5021 0.043511
5022 0.04348
5024 0.0434778
5025 0.0434634
5026 0.043454
5028 0.0434424
5029 0.0434416
5030 0.0434307
5031 0.0434202
5032 0.0433816
5033 0.0433566
5034 0.0433469
5035 0.0433413
5037 0.0433212
5038 0.0432855
5039 0.0432538
5040 0.043223
5041 0.0431938
5042 0.0431652
5043 0.0431355
5044 0.0431056
5045 0.0430825
5046 0.0430559
5047 0.0430332
5048 0.0430303
5049 0.04303
5052 0.0430041
5053 0.0429928
5054 0.0429905
5055 0.0429704
5057 0.0429625
5058 0.0429505
5060 0.0429475
5061 0.0429368
5062 0.0429299
5064 0.0429275
5065 0.0429268
5066 0.0429227
5067 0.0429069
5070 0.0428623
5071 0.0428468
5072 0.0428465
5075 0.0428452
5077 0.0428346
5078 0.0428266
5079 0.0427977
5080 0.0427826
5083 0.042778
5084 0.0427664
5085 0.042743
5086 0.0427115
5087 0.0426913
5088 0.0426886
5090 0.0426852
5091 0.0426828
5092 0.0426719
5094 0.0426703
5096 0.0426661
5097 0.0426164
5098 0.0426026
5100 0.0425893
5102 0.042579
5103 0.0425694
5104 0.042563
5105 0.0425522
5106 0.0425443
5109 0.0425309
5110 0.0424948
5111 0.0424776
5112 0.0424738
5115 0.0424685
5116 0.0424279
5117 0.0424114
5118 0.0424102
5119 0.0424037
5120 0.0424033
5125 0.0423773
5126 0.0423647
5127 0.042347
5130 0.0423193
5131 0.0423
5132 0.042276
5133 0.0422581
5134 0.042255
5137 0.0422371
5138 0.0422123
5139 0.0422002
5141 0.0421764
5146 0.0421458
5147 0.0421429
5155 0.0421235
5156 0.042089
5157 0.042076
5159 0.0420666
5160 0.0420359
5161 0.0420072
5162 0.0420041
5164 0.0419958
5166 0.04198
5167 0.0419748
5169 0.0419623
5170 0.0419262
5171 0.0418938
5172 0.0418825
5174 0.0418583
5175 0.0418299
5176 0.0418179
5183 0.041798
5184 0.04177
5185 0.0417601
5187 0.0417536
5189 0.0417221
5190 0.0416925
5191 0.0416658
5192 0.041639
5193 0.04162
5194 0.0416048
5195 0.0415925
5196 0.0415808
5198 0.0415805
5199 0.0415748
5200 0.0415746
5201 0.0415686
5204 0.0415518
5205 0.0415271
5207 0.0415193
5208 0.0415001
5210 0.0414983
5211 0.0414746
5212 0.0414628
5213 0.0414464
5214 0.0414429
5219 0.0414127
5220 0.041393
5222 0.0413911
5223 0.0413695
5224 0.0413672
5225 0.0413656
5229 0.0413653
5234 0.0413296
5235 0.0413196
5236 0.0413106
5238 0.0413062
5239 0.041282
5242 0.0412516
5243 0.0412427
5245 0.0412406
5246 0.0412404
5250 0.0412304
5251 0.0412092
5252 0.0412043
5253 0.0412041
5254 0.0412015
5255 0.0411994
5257 0.0411944
5258 0.0411775
5260 0.0411741
5261 0.0411691
5262 0.0411635
5264 0.0411611
5266 0.0411591
5267 0.0411308
5268 0.0411256
5269 0.0411234
5270 0.0411001
5271 0.0410671
5272 0.0410474
5273 0.0410238
5274 0.0410152
5275 0.0410054
5276 0.0410028
5277 0.0409727
5279 0.0409678
5280 0.0409551
5281 0.0409494
5283 0.0409415
5285 0.0409367
5286 0.0409297
5289 0.0409287
5291 0.040895
5292 0.0408722
5293 0.0408632
5294 0.0408456
5296 0.0408429
5298 0.0408382
5299 0.0408205
5302 0.0408202
5303 0.0408129
5304 0.0408123
5306 0.040798
5307 0.0407934
5309 0.0407811
5312 0.0407797
5314 0.0407776
5315 0.0407504
5316 0.0407493
5319 0.0407464
5321 0.0407413
5322 0.040714
5324 0.0407132
5325 0.0406997
5326 0.0406996
5327 0.0406969
5329 0.0406813
5330 0.0406566
5331 0.0406537
5332 0.0406437
5333 0.0406414
5335 0.0406337
5337 0.0406261
5339 0.0406259
5340 0.0406002
5343 0.0405777
5345 0.0405772
5346 0.0405733
5347 0.0405723
5348 0.0405561
5353 0.0405324
5354 0.0405272
5355 0.0405212
5358 0.0404969
5363 0.0404937
5365 0.0404659
5366 0.0404365
5367 0.0404061
5368 0.0403751
5369 0.0403435
5370 0.0403131
5371 0.0402811
5372 0.0402491
5373 0.0402171
5374 0.040185
5375 0.0401532
5376 0.0401207
5377 0.0400909
5378 0.0400782
5379 0.0400574
5381 0.0400563
5382 0.0400546
5384 0.0400361
5385 0.0400033
5386 0.0399724
5387 0.0399405
5388 0.0399079
5389 0.0398753
5390 0.0398417
5391 0.0398082
5392 0.0397747
5393 0.0397413
5394 0.0397103
5395 0.0396767
5396 0.0396432
5397 0.0396098
5398 0.0395767
5399 0.0395457
5400 0.0395157
5401 0.0394875
5402 0.0394552
5403 0.0394224
5404 0.03939
5405 0.0393583
5406 0.0393285
5407 0.0392988
5408 0.0392717
5409 0.0392524
5410 0.039221
5411 0.0391957
5412 0.0391774
5413 0.039167
5415 0.0391404
5416 0.0391152
5417 0.0391029
5418 0.0390989
5419 0.0390921
5420 0.0390621
5421 0.0390375
5422 0.0390303
5423 0.0390156
5425 0.0390125
5426 0.0390023
5427 0.039002
5429 0.0389923
5430 0.0389818
5431 0.0389684
5433 0.0389679
5434 0.0389475
5435 0.0389326
5436 0.0389206
5437 0.0389067
5438 0.0389053
5439 0.0389008
5440 0.0389005
5444 0.038898
5446 0.0388803
5447 0.0388648
5449 0.0388635
5451 0.0388558
5452 0.0388389
5453 0.0388258
5455 0.0388232
5457 0.0388187
5458 0.0388043
5459 0.0388042
5462 0.0387777
5464 0.0387772
5472 0.0387645
5473 0.0387609
5474 0.038751
5475 0.0387414
5476 0.0387356
5477 0.0387252
5478 0.0387209
5479 0.0387207
5480 0.0387174
5481 0.0387142
5482 0.0387096
5483 0.0387026
5484 0.0386981
5485 0.0386976
5486 0.0386874
5487 0.0386749
5488 0.0386634
5489 0.0386513
5490 0.0386436
5491 0.0386287
5492 0.0386148
5493 0.038602
5494 0.038589
5495 0.0385764
5496 0.0385641
5497 0.038552
5498 0.0385432
5499 0.0385283
5500 0.038518
5501 0.0385127
5502 0.0385106
5503 0.0385105
5504 0.0385062
5505 0.0385019
5506 0.0384999
5508 0.0384876
5509 0.0384739
5510 0.0384604
5511 0.0384454
5512 0.038431
5513 0.0384173
5514 0.0384037
5515 0.0383914
5516 0.0383785
5517 0.0383689
5518 0.0383586
5519 0.0383477
5520 0.0383448
5524 0.0383356
5525 0.0383187
5526 0.0383056
5527 0.0382947
5528 0.0382857
5529 0.0382814
5530 0.0382807
5531 0.0382785
5532 0.0382781
5535 0.0382625
5536 0.0382492
5537 0.0382405
5538 0.0382319
5539 0.0382187
5540 0.038206
5541 0.0381974
5542 0.038188
5543 0.0381847
5544 0.0381841
5545 0.038174
5546 0.0381611
5547 0.0381481
5548 0.0381374
5549 0.038125
5550 0.038114
5551 0.0381049
5552 0.0380928
5553 0.0380829
5554 0.0380705
5555 0.0380692
5556 0.0380678
5557 0.0380554
5558 0.0380497
5559 0.0380388
5560 0.0380283
5561 0.0380218
5562 0.0380181
5563 0.0380168
5564 0.0380162
5565 0.0380148
5567 0.0380031
5568 0.0379976
5569 0.0379965
5571 0.0379835
5572 0.0379715
5573 0.0379633
5575 0.0379625
5578 0.0379504
5579 0.0379427
5580 0.0379393
5581 0.0379364
5582 0.0379361
5583 0.0379247
5584 0.0379133
5585 0.0379003
5586 0.0378881
5587 0.0378791
5588 0.0378696
5589 0.0378616
5590 0.037849
5591 0.0378363
5592 0.0378235
5593 0.0378131
5594 0.0378043
5595 0.0377972
5596 0.0377925
5597 0.0377924
5598 0.0377832
5599 0.0377729
5600 0.0377611
5601 0.0377519
5602 0.037741
5603 0.0377335
5604 0.0377202
5605 0.0377085
5606 0.0376982
5607 0.0376905
5608 0.0376852
5609 0.0376822
5611 0.0376758
5613 0.037667
5614 0.0376618
5615 0.0376506
5616 0.037646
5617 0.0376321
5618 0.0376209
5619 0.0376128
5620 0.037609
5621 0.0376057
5623 0.0376035
5625 0.0375949
5626 0.0375878
5628 0.0375865
5629 0.0375769
5630 0.0375655
5631 0.0375606
5632 0.0375604
5635 0.0375591
5636 0.0375546
5638 0.0375441
5639 0.0375367
5640 0.0375246
5641 0.0375207
5642 0.0375203
5643 0.0375102
5644 0.0375032
5646 0.0374998
5647 0.0374954
5648 0.0374953
5649 0.0374906
5651 0.0374863
5652 0.0374857
5653 0.0374758
5656 0.037475
5657 0.0374696
5658 0.0374561
5659 0.0374473
5660 0.0374424
5661 0.0374404
5662 0.0374403
5663 0.0374368
5664 0.0374337
5666 0.037431
5667 0.0374192
5668 0.0374079
5670 0.0374045
5671 0.037393
5672 0.0373865
5673 0.0373857
5676 0.0373856
5678 0.0373817
5680 0.0373807
5681 0.0373679
5682 0.0373599
5683 0.037354
5684 0.0373469
5685 0.0373386
5686 0.0373281
5687 0.0373229
5688 0.037315
5689 0.037311
5691 0.0373083
5692 0.0373082
5693 0.0373018
5694 0.0372903
5695 0.0372809
5696 0.0372697
5697 0.0372591
5698 0.0372487
5699 0.0372404
5700 0.0372258
5701 0.0372148
5702 0.0372067
5703 0.037203
5705 0.0372006
5706 0.0372003
5707 0.0371997
5709 0.0371904
5710 0.0371864
5711 0.0371858
5713 0.0371704
5714 0.0371588
5715 0.0371527
5716 0.0371523
5718 0.0371437
5721 0.0371371
5722 0.0371334
5723 0.0371332
5724 0.0371308
5725 0.0371185
5726 0.0371074
5727 0.0370962
5728 0.0370907
5729 0.0370851
5732 0.0370722
5733 0.0370628
5734 0.037059
5735 0.0370586
5736 0.0370506
5737 0.0370406
5738 0.0370325
5739 0.0370227
5740 0.0370139
5741 0.0370054
5744 0.036996
5745 0.036989
5746 0.0369796
5747 0.0369691
5748 0.0369595
5749 0.0369487
5750 0.0369428
5751 0.0369381
5752 0.0369297
5753 0.0369198
5754 0.0369109
5755 0.0369011
5756 0.0368908
5757 0.036879
5758 0.0368693
5759 0.0368611
5760 0.0368511
5761 0.0368431
5762 0.0368328
5763 0.0368262
5764 0.0368233
5766 0.0368193
5767 0.0368136
5768 0.0368079
5769 0.0367972
5770 0.0367865
5771 0.0367761
5772 0.0367681
5773 0.0367652
5774 0.0367531
5775 0.0367397
5776 0.0367291
5777 0.0367237
5778 0.0367209
5779 0.0367204
5780 0.0367202
5782 0.0367159
5783 0.0367094
5784 0.0367022
5787 0.036694
5788 0.0366813
5789 0.0366721
5790 0.036672
5793 0.0366704
5794 0.0366677
5795 0.0366668
5796 0.0366619
5797 0.0366543
5798 0.036646
5799 0.0366379
5800 0.0366339
5801 0.0366253
5802 0.0366202
5803 0.0366171
5804 0.0366093
5805 0.0366043
5806 0.0365964
5809 0.0365902
5810 0.0365841
5811 0.0365759
5812 0.036571
5813 0.0365681
5817 0.0365676
5818 0.0365596
5819 0.0365506
5820 0.0365439
5821 0.0365436
5822 0.0365432
5823 0.0365397
5826 0.0365338
5827 0.0365239
5829 0.0365238
5830 0.0365189
5831 0.0365126
5832 0.036505
5833 0.0365036
5834 0.0365026
5835 0.0364939
5836 0.0364868
5837 0.0364856
5839 0.0364844
5841 0.0364703
5842 0.036459
5843 0.0364511
5844 0.036447
5845 0.0364439
5846 0.0364437
5847 0.0364389
5848 0.0364372
5851 0.0364319
5853 0.0364304
5854 0.0364281
5855 0.0364178
5856 0.0364142
5861 0.0364015
5862 0.0363963
5863 0.0363941
5865 0.0363888
5866 0.0363858
5868 0.0363778
5869 0.036373
5871 0.0363701
5872 0.0363602
5873 0.0363569
5874 0.0363559
5875 0.0363486
5876 0.0363384
5877 0.0363334
5878 0.0363232
5879 0.0363106
5880 0.036299
5881 0.0362895
5882 0.0362822
5883 0.0362713
5884 0.036261
5885 0.0362505
5886 0.0362395
5887 0.0362283
5888 0.0362168
5889 0.0362055
5890 0.0361941
5891 0.0361827
5892 0.0361711
5893 0.0361595
5894 0.036148
5895 0.0361367
5896 0.0361252
5897 0.0361137
5898 0.0361022
5899 0.0360905
5900 0.0360789
5901 0.0360673
5902 0.0360556
5903 0.0360443
5904 0.0360328
5905 0.0360212
5906 0.0360095
5907 0.0359979
5908 0.0359861
5909 0.0359757
5910 0.0359644
5911 0.0359527
5912 0.035941
5913 0.0359293
5914 0.0359175
5915 0.0359064
5916 0.0358944
5917 0.0358827
5918 0.0358709
5919 0.035859
5920 0.0358474
5921 0.0358355
5922 0.0358237
5923 0.0358119
5924 0.0358
5925 0.0357882
5926 0.0357763
5927 0.0357644
5928 0.0357525
5929 0.0357406
5930 0.0357287
5931 0.0357168
5932 0.0357049
5933 0.035693
5934 0.0356811
5935 0.0356693
5936 0.0356576
5937 0.0356458
5938 0.0356356
5939 0.0356235
5940 0.0356126
5941 0.0356021
5942 0.0355914
5943 0.0355789
5944 0.0355667
5945 0.0355545
5946 0.0355423
5947 0.0355301
5948 0.035518
5949 0.035506
5950 0.0354945
5951 0.0354822
5952 0.03547
5953 0.0354578
5954 0.0354456
5955 0.0354335
5956 0.035422
5957 0.0354099
5958 0.0353977
5959 0.0353855
5960 0.0353734
5961 0.0353616
5962 0.0353496
5963 0.0353376
5964 0.0353255
5965 0.0353135
5966 0.0353015
5967 0.0352905
5968 0.0352793
5969 0.0352672
5970 0.0352553
5971 0.0352433
5972 0.0352313
5973 0.0352194
5974 0.0352075
5975 0.0351956
5976 0.0351836
5977 0.0351715
5978 0.0351595
5979 0.035148
5980 0.0351362
5981 0.0351242
5982 0.0351122
5983 0.0351002
5984 0.0350885
5985 0.0350766
5986 0.0350646
5987 0.0350534
5988 0.0350414
5989 0.0350295
5990 0.0350185
5991 0.0350065
5992 0.0349946
5993 0.0349833
5994 0.0349713
5995 0.0349594
5996 0.034948
5997 0.0349361
5998 0.0349243
5999 0.0349128
6000 0.0349012
6001 0.0348906
6002 0.0348799
6003 0.0348697
6004 0.034858
6005 0.0348461
6006 0.0348344
6007 0.0348251
6008 0.0348181
6009 0.0348164
6010 0.0348163
6011 0.0348125
6012 0.0348116
6013 0.034805
6014 0.0347943
6015 0.0347823
6016 0.0347721
6017 0.0347617
6018 0.034755
6019 0.0347471
6020 0.0347402
6021 0.0347276
6022 0.0347154
6023 0.0347034
6024 0.0346915
6025 0.0346798
6026 0.0346699
6027 0.0346602
6028 0.034649
6029 0.0346375
6030 0.0346266
6031 0.0346154
6032 0.0346047
6033 0.034597
6034 0.0345879
6035 0.034586
6037 0.0345784
6038 0.034568
6039 0.0345588
6040 0.0345477
6041 0.0345363
6042 0.0345267
6043 0.0345216
6044 0.034519
6045 0.0345189
6046 0.0345073
6047 0.0344951
6048 0.0344832
6049 0.0344713
6050 0.0344594
6051 0.0344481
6052 0.0344367
6053 0.034425
6054 0.0344132
6055 0.0344045
6056 0.0343948
6057 0.034385
6058 0.0343766
6059 0.0343637
6060 0.034351
6061 0.0343385
6062 0.0343262
6063 0.0343147
6064 0.0343028
6065 0.034291
6066 0.0342793
6067 0.0342678
6068 0.034257
6069 0.0342472
6070 0.0342359
6071 0.0342227
6072 0.0342124
6073 0.0342047
6074 0.0341949
6075 0.0341879
6076 0.0341857
6077 0.0341856
6079 0.0341824
6080 0.0341814
6084 0.0341667
6085 0.0341584
6086 0.0341543
6087 0.0341529
6088 0.0341522
6091 0.0341443
6092 0.0341438
6093 0.0341329
6094 0.0341284
6095 0.0341273
6096 0.0341211
6097 0.0341132
6098 0.0341102
6100 0.0341033
6101 0.0340936
6102 0.0340872
6103 0.0340853
6105 0.0340779
6106 0.0340721
6107 0.0340645
6108 0.0340629
6110 0.0340619
6111 0.034058
6113 0.0340552
6114 0.034041
6115 0.0340347
6116 0.0340332
6117 0.0340331
6118 0.0340307
6120 0.0340294
6121 0.0340248
6122 0.0340122
6123 0.0340061
6124 0.034003
6125 0.0340023
6126 0.034001
6127 0.0340003
6128 0.0339908
6129 0.0339797
6130 0.0339684
6131 0.033959
6132 0.0339503
6133 0.033945
6134 0.033944
6137 0.0339439
6138 0.0339305
6139 0.0339219
6140 0.0339137
6141 0.0339046
6142 0.0338962
6143 0.0338892
6144 0.0338846
6145 0.033884
6146 0.0338796
6147 0.033871
6148 0.0338608
6149 0.0338557
6150 0.0338524
6151 0.0338518
6152 0.0338402
6153 0.0338351
6154 0.0338313
6155 0.033825
6156 0.0338202
6157 0.0338155
6158 0.0338136
6159 0.0338018
6160 0.0337976
6161 0.0337877
6162 0.0337835
6163 0.0337813
6165 0.0337686
6166 0.0337572
6167 0.0337492
6170 0.0337456
6171 0.0337426
6173 0.0337351
6174 0.0337271
6175 0.033718
6176 0.0337074
6177 0.0337007
6178 0.0336952
6179 0.0336873
6180 0.0336794
6181 0.0336731
6183 0.0336712
6184 0.0336643
6185 0.0336606
6186 0.0336602
6187 0.0336521
6188 0.0336475
6190 0.0336467
6194 0.033645
6195 0.0336337
6196 0.0336293
6197 0.0336243
6198 0.0336225
6200 0.033622
6202 0.0336148
6203 0.0336063
6204 0.0336005
6206 0.0335963
6207 0.033591
6208 0.0335907
6209 0.0335823
6210 0.0335764
6215 0.0335703
6216 0.0335604
6217 0.0335532
6218 0.0335474
6219 0.0335392
6220 0.0335348
6221 0.0335341
6223 0.0335331
6225 0.0335167
6226 0.033508
6227 0.0335027
6229 0.0334955
6230 0.0334932
6231 0.0334927
6233 0.0334892
6236 0.0334858
6237 0.0334818
6238 0.0334715
6239 0.0334637
6240 0.0334605
6242 0.0334591
6243 0.0334587
6245 0.0334468
6246 0.0334369
6247 0.0334334
6248 0.0334325
6249 0.0334282
6250 0.0334243
6251 0.0334203
6256 0.0334136
6257 0.0334018
6258 0.0333969
6259 0.033388
6260 0.0333804
6261 0.0333795
6263 0.0333789
6266 0.0333751
6267 0.0333631
6268 0.0333565
6269 0.0333545
6270 0.033354
6271 0.0333475
6274 0.0333385
6275 0.0333343
6276 0.0333303
6277 0.0333292
6278 0.033323
6279 0.0333182
6280 0.0333164
6281 0.0333162
6282 0.0333099
6283 0.033303
6284 0.0333014
6286 0.033288
6287 0.0332778
6288 0.0332674
6289 0.0332583
6290 0.0332511
6291 0.0332474
6292 0.0332461
6293 0.0332451
6295 0.033243
6300 0.0332333
6301 0.0332234
6302 0.0332185
6303 0.0332146
6306 0.0332051
6307 0.0332002
6308 0.0331986
6309 0.033194
6311 0.033188
6312 0.0331831
6313 0.0331755
6314 0.0331694
6317 0.0331652
6318 0.0331571
6319 0.0331477
6320 0.0331438
6321 0.0331429
6325 0.0331413
6327 0.0331322
6329 0.0331311
6330 0.0331216
6331 0.0331135
6332 0.0331074
6333 0.0331055
6334 0.0331041
6337 0.0330986
6341 0.0330879
6342 0.0330795
6343 0.0330752
6344 0.0330656
6345 0.0330568
6346 0.0330544
6347 0.0330437
6348 0.033042
6349 0.0330413
6350 0.0330315
6351 0.0330247
6352 0.0330192
6353 0.0330181
6355 0.0330122
6356 0.0330103
6357 0.0330089
6359 0.0330025
6360 0.0329933
6361 0.0329885
6362 0.0329879
6363 0.032987
6364 0.0329803
6365 0.03298
6366 0.0329767
6367 0.0329719
6368 0.0329707
6369 0.0329677
6370 0.0329636
6372 0.0329519
6373 0.0329419
6374 0.0329349
6375 0.0329302
6376 0.0329199
6377 0.032914
6378 0.032912
6379 0.0329118
6380 0.0329065
6381 0.0328996
6382 0.0328961
6383 0.0328908
6384 0.0328827
6385 0.0328737
6386 0.0328667
6389 0.0328564
6390 0.0328515
6391 0.0328465
6392 0.0328449
6394 0.0328424
6395 0.032842
6396 0.0328352
6397 0.032831
6398 0.0328268
6399 0.0328252
6400 0.0328184
6402 0.0328159
6403 0.0328034
6404 0.0327953
6405 0.03279
6406 0.0327886
6407 0.032788
6408 0.0327836
6409 0.0327767
6410 0.0327742
6411 0.0327708
6414 0.032762
6415 0.0327587
6416 0.0327577
6417 0.0327478
6418 0.0327434
6421 0.0327417
6422 0.0327402
6423 0.0327333
6424 0.0327252
6425 0.0327201
6426 0.032718
6427 0.0327178
6428 0.0327131
6430 0.0327116
6431 0.032708
6432 0.0327049
6433 0.032694
6434 0.0326887
6435 0.0326873
6436 0.0326867
6437 0.0326804
6438 0.032679
6439 0.0326759
6440 0.0326657
6441 0.0326592
6442 0.0326585
6444 0.0326577
6446 0.0326521
6447 0.0326431
6448 0.0326376
6449 0.0326334
6451 0.0326323
6452 0.0326235
6453 0.0326198
6454 0.0326106
6455 0.0326012
6456 0.0325965
6457 0.0325907
6458 0.0325834
6459 0.0325814
6460 0.0325812
6461 0.0325755
6462 0.032575
6464 0.0325693
6465 0.0325588
6467 0.0325585
6468 0.0325479
6469 0.0325413
6470 0.0325393
6472 0.0325355
6473 0.0325339
6477 0.0325318
6479 0.0325191
6480 0.0325106
6481 0.0325036
6482 0.0325022
6483 0.0324993
6484 0.0324911
6486 0.0324902
6487 0.0324833
6488 0.0324787
6489 0.0324711
6490 0.0324655
6491 0.0324637
6492 0.0324635
6493 0.0324566
6494 0.0324537
6495 0.0324425
6496 0.0324395
6497 0.0324297
6498 0.0324257
6499 0.0324239
6500 0.0324237
6501 0.0324207
6502 0.0324201
6504 0.0324188
6505 0.0324183
6506 0.032416
6508 0.0324032
6509 0.0323928
6510 0.0323863
6511 0.032386
6512 0.0323849
6514 0.032384
6516 0.0323814
6517 0.0323807
6519 0.0323706
6520 0.0323643
6521 0.0323593
6522 0.0323506
6523 0.0323459
6524 0.0323348
6525 0.0323285
6526 0.0323232
6527 0.0323207
6529 0.0323134
6530 0.0323067
6531 0.0323035
6532 0.0322974
6533 0.0322944
6534 0.0322906
6535 0.0322888
6537 0.0322886
6538 0.0322751
6539 0.0322645
6540 0.0322569
6541 0.0322497
6542 0.0322496
6543 0.0322491
6544 0.032247
6548 0.032246
6549 0.0322451
6551 0.0322426
6552 0.0322314
6553 0.0322235
6554 0.0322188
6555 0.0322145
6556 0.0322097
6557 0.0322066
6558 0.0322039
6559 0.0322017
6561 0.0321971
6562 0.0321942
6563 0.032194
6564 0.0321924
6565 0.0321904
6566 0.0321802
6567 0.032171
6568 0.0321659
6569 0.0321604
6570 0.0321542
6571 0.0321451
6572 0.0321358
6573 0.0321343
6575 0.032128
6576 0.0321246
6578 0.0321233
6579 0.0321218
6580 0.0321114
6581 0.0321023
6582 0.0320942
6583 0.0320887
6586 0.0320809
6587 0.0320793
6589 0.0320739
6590 0.0320712
6592 0.0320644
6593 0.0320623
6595 0.0320608
6596 0.0320492
6597 0.0320452
6598 0.0320385
6599 0.0320292
6600 0.0320221
6601 0.0320207
6602 0.0320205
6603 0.0320135
6604 0.0320104
6606 0.0320091
6608 0.0319985
6609 0.0319934
6610 0.0319896
6613 0.031977
6614 0.0319682
6615 0.0319616
6616 0.0319574
6619 0.0319569
6620 0.0319568
6625 0.0319554
6626 0.0319528
6627 0.0319422
6628 0.0319408
6629 0.0319303
6630 0.0319294
6632 0.0319206
6633 0.0319173
6634 0.0319172
6635 0.0319156
6637 0.0319146
6638 0.0319145
6639 0.0319106
6640 0.0318997
6641 0.0318897
6642 0.0318844
6643 0.0318746
6644 0.0318667
6645 0.0318625
6647 0.0318624
6648 0.0318553
6649 0.0318516
6650 0.0318481
6651 0.0318441
6652 0.0318354
6653 0.0318227
6654 0.0318121
6655 0.0318047
6656 0.0318016
6657 0.0318001
6658 0.0317999
6659 0.0317924
6660 0.0317894
6661 0.0317888
6662 0.0317884
6666 0.0317767
6667 0.0317676
6668 0.0317655
6671 0.0317651
6672 0.0317637
6673 0.0317594
6674 0.031749
6675 0.0317403
6676 0.0317348
6677 0.0317272
6678 0.0317247
6680 0.0317177
6681 0.0317104
6682 0.0317012
6684 0.0317008
6685 0.0316994
6686 0.0316984
6687 0.0316882
6688 0.0316785
6689 0.0316717
6690 0.031666
6691 0.0316635
6692 0.0316604
6693 0.0316554
6694 0.031655
6696 0.031644
6697 0.0316355
6698 0.0316283
6699 0.0316227
6700 0.0316183
6701 0.0316167
6702 0.0316158
6703 0.0316123
6705 0.0316098
6706 0.0316043
6707 0.0315947
6708 0.0315863
6709 0.0315818
6710 0.0315765
6711 0.0315724
6713 0.0315715
6714 0.0315695
6715 0.0315691
6716 0.0315615
6718 0.0315603
6719 0.0315524
6720 0.0315451
6721 0.0315424
6723 0.0315392
6724 0.0315384
6725 0.0315363
6726 0.0315263
6727 0.0315252
6729 0.031518
6730 0.0315106
6731 0.0315092
6732 0.0315078
6733 0.0315037
6734 0.0314953
6736 0.0314926
6737 0.0314863
6738 0.0314813
6739 0.0314744
6740 0.0314737
6742 0.0314721
6743 0.0314709
6744 0.0314702
6745 0.0314701
6746 0.0314565
6747 0.031447
6748 0.0314447
6749 0.0314391
6750 0.0314314
6751 0.0314267
6752 0.0314252
6753 0.0314222
6756 0.0314113
6757 0.0314048
6758 0.031401
6759 0.0313993
6760 0.0313991
6761 0.0313981
6763 0.0313923
6766 0.0313833
6767 0.0313806
6768 0.0313717
6769 0.0313657
6770 0.0313649
6771 0.0313637
6773 0.0313623
6774 0.0313551
6775 0.0313493
6776 0.0313409
6777 0.0313343
6780 0.0313254
6781 0.0313161
6782 0.0313126
6783 0.0313043
6784 0.0312946
6785 0.0312852
6786 0.0312768
6787 0.0312701
6788 0.031264
6789 0.0312585
6790 0.0312583
6792 0.0312536
6793 0.0312469
6794 0.0312402
6795 0.0312385
6796 0.0312383
6797 0.0312343
6798 0.0312297
6801 0.0312149
6802 0.0312087
6803 0.0312032
6804 0.0312017
6806 0.0312008
6807 0.0311994
6808 0.0311986
6810 0.0311933
6811 0.031189
6814 0.0311774
6815 0.0311676
6816 0.0311591
6817 0.0311498
6818 0.0311452
6819 0.0311399
6820 0.0311321
6821 0.0311271
6823 0.0311249
6824 0.0311243
6826 0.031124
6827 0.0311152
6828 0.0311063
6829 0.0311019
6830 0.0310967
6831 0.0310914
6834 0.0310835
6835 0.0310749
6836 0.0310679
6837 0.0310661
6839 0.031065
6840 0.0310645
6841 0.0310565
6842 0.0310503
6845 0.0310464
6846 0.0310402
6848 0.031031
6849 0.0310299
6853 0.0310294
6855 0.031017
6856 0.0310131
6857 0.0310093
6859 0.0310028
6860 0.0309995
6861 0.030996
6862 0.0309859
6863 0.0309779
6864 0.0309681
6865 0.0309577
6866 0.0309485
6867 0.0309388
6868 0.0309292
6869 0.0309204
6870 0.0309133
6871 0.0309091
6872 0.0309008
6873 0.0308898
6874 0.030879
6875 0.0308687
6876 0.0308582
6877 0.030848
6878 0.0308374
6879 0.0308268
6880 0.0308163
6881 0.0308057
6882 0.0307951
6883 0.0307845
6884 0.0307754
6885 0.0307633
6886 0.030752
6887 0.0307413
6888 0.0307303
6889 0.0307194
6890 0.0307083
6891 0.0306974
6892 0.0306889
6893 0.0306777
6894 0.0306667
6895 0.0306556
6896 0.0306443
6897 0.0306329
6898 0.0306215
6899 0.0306101
6900 0.0305987
6901 0.0305873
6902 0.0305759
6903 0.0305645
6904 0.0305531
6905 0.0305417
6906 0.0305303
6907 0.0305189
6908 0.0305075
6909 0.030496
6910 0.0304881
6911 0.0304763
6912 0.030465
6913 0.0304536
6914 0.0304422
6915 0.0304309
6916 0.0304195
6917 0.0304081
6918 0.0303967
6919 0.0303853
6920 0.0303739
6921 0.0303626
6922 0.0303516
6923 0.0303402
6924 0.030329
6925 0.0303184
6926 0.030307
6927 0.0302957
6930 0.0302935
6931 0.0302932
6932 0.0302891
6933 0.0302872
6934 0.030287
6935 0.0302844
6937 0.030276
6938 0.0302647
6939 0.0302556
6940 0.0302442
6941 0.030233
6942 0.0302218
6943 0.0302107
6944 0.0301998
6945 0.0301887
6946 0.0301777
6947 0.0301674
6948 0.0301564
6949 0.0301455
6950 0.0301346
6951 0.0301243
6952 0.0301135
6953 0.0301026
6954 0.0300918
6955 0.0300818
6956 0.0300711
6957 0.0300608
6958 0.0300512
6959 0.0300423
6960 0.0300344
6961 0.0300263
6962 0.0300168
6963 0.0300087
6964 0.0300022
6965 0.0299922
6966 0.0299814
6967 0.0299711
6968 0.0299612
6969 0.0299522
6970 0.0299434
6971 0.029936
6972 0.0299348
6973 0.0299325
6974 0.0299221
6975 0.029912
6976 0.0299019
6977 0.0298925
6978 0.0298858
6979 0.0298803
6980 0.0298712
6981 0.02986
6982 0.0298494
6983 0.0298387
6984 0.0298284
6985 0.0298194
6986 0.0298104
6987 0.0298035
6988 0.0297972
6989 0.0297907
6990 0.0297873
6991 0.0297868
6992 0.0297764
6993 0.0297661
6994 0.0297557
6995 0.0297455
6996 0.0297354
6997 0.0297258
6998 0.029717
6999 0.0297065
7000 0.0296964
7001 0.0296874
7002 0.0296785
7003 0.02967
7004 0.0296646
7005 0.0296571
7006 0.029648
7007 0.0296397
7008 0.0296321
7009 0.0296246
7010 0.0296193
7011 0.0296174
7012 0.029614
7013 0.0296044
7014 0.0295983
7015 0.0295881
7016 0.0295808
7017 0.0295769
7018 0.0295711
7019 0.0295653
7020 0.0295637
7023 0.0295617
7025 0.0295578
7026 0.0295512
7027 0.0295506
7028 0.0295476
7029 0.0295386
7030 0.0295307
7031 0.0295277
7032 0.0295244
7034 0.0295218
7036 0.0295213
7037 0.0295137
7038 0.0295092
7039 0.0295086
7040 0.0295053
7041 0.0295023
7045 0.0294933
7047 0.0294931
7048 0.0294871
7049 0.0294845
7050 0.0294806
7051 0.0294803
7052 0.0294793
7053 0.0294773
7054 0.0294753
7057 0.029471
7058 0.0294589
7059 0.0294543
7060 0.0294531
7061 0.0294528
7062 0.0294519
7063 0.0294491
7065 0.0294479
7066 0.0294384
7067 0.0294339
7068 0.0294314
7070 0.0294283
7071 0.0294274
7072 0.029422
7073 0.0294132
7074 0.0294041
7075 0.0293968
7076 0.0293869
7077 0.0293774
7078 0.0293684
7079 0.0293599
7080 0.0293503
7081 0.0293407
7082 0.0293314
7083 0.0293238
7084 0.0293184
7085 0.0293118
7086 0.0293036
7087 0.0293004
7088 0.029298
7089 0.0292964
7091 0.0292918
7092 0.0292801
7093 0.0292698
7094 0.0292619
7095 0.0292595
7096 0.0292554
7099 0.0292498
7100 0.0292436
7102 0.029242
7105 0.0292381
7106 0.0292265
7107 0.0292191
7108 0.0292136
7109 0.029206
7110 0.0292037
7111 0.0291973
7112 0.0291931
7115 0.0291847
7116 0.029181
7117 0.0291801
7118 0.0291744
7119 0.029171
7121 0.0291689
7122 0.0291649
7123 0.0291586
7124 0.0291567
7125 0.0291547
7126 0.0291454
7127 0.029139
7128 0.0291298
7129 0.0291202
7130 0.029111
7131 0.0291015
7132 0.029093
7133 0.0290844
7134 0.029077
7135 0.0290699
7136 0.0290604
7137 0.0290509
7138 0.0290417
7139 0.0290328
7140 0.0290241
7141 0.0290151
7142 0.0290057
7143 0.0289973
7144 0.0289897
7145 0.0289842
7146 0.0289765
7147 0.0289697
7148 0.0289606
7149 0.0289526
7150 0.0289438
7151 0.028935
7152 0.0289258
7153 0.0289168
7154 0.0289086
7155 0.0288992
7156 0.0288908
7157 0.0288815
7158 0.0288731
7159 0.0288654
7160 0.028858
7161 0.028854
7162 0.0288505
7163 0.0288504
7164 0.0288428
7165 0.0288346
7166 0.0288259
7167 0.0288181
7168 0.0288082
7169 0.0287986
7170 0.0287892
7171 0.0287798
7172 0.0287705
7173 0.0287612
7174 0.0287519
7175 0.0287425
7176 0.0287336
7177 0.0287274
7178 0.0287198
7179 0.0287134
7180 0.0287111
7182 0.028709
7183 0.0287089
7184 0.0287012
7185 0.0286934
7186 0.0286903
7187 0.0286851
7188 0.0286774
7189 0.0286692
7190 0.0286663
7191 0.0286565
7192 0.0286486
7193 0.0286431
7194 0.028639
7197 0.0286344
7198 0.0286337
7199 0.02863
7201 0.0286288
7202 0.02862
7203 0.0286122
7204 0.0286076
7205 0.028605
7208 0.0286042
7209 0.0286033
7210 0.028601
7211 0.0285964
7212 0.0285912
7213 0.0285843
7214 0.0285825
7215 0.0285819
7216 0.0285771
7217 0.0285751
7218 0.0285702
7219 0.0285659
7220 0.0285595
7221 0.0285519
7222 0.0285488
7223 0.0285437
7224 0.0285421
7226 0.0285374
7227 0.0285342
7228 0.0285333
7231 0.0285297
7232 0.0285182
7233 0.0285132
7234 0.0285112
7236 0.0285102
7237 0.028506
7240 0.0284999
7241 0.0284961
7242 0.0284952
7244 0.0284942
7245 0.0284851
7246 0.0284799
7247 0.0284741
7249 0.0284735
7250 0.0284661
7251 0.028461
7252 0.0284576
7253 0.0284545
7254 0.0284511
7255 0.0284498
7257 0.0284491
7258 0.0284468
7259 0.0284453
7260 0.0284332
7261 0.0284254
7262 0.0284214
7263 0.0284167
7265 0.0284163
7266 0.028413
7270 0.0284085
7271 0.0284061
7273 0.0284047
7274 0.0283975
7275 0.0283952
7278 0.0283857
7279 0.0283835
7280 0.0283833
7281 0.0283789
7282 0.0283775
7283 0.028377
7284 0.0283757
7285 0.0283754
7288 0.0283671
7289 0.0283621
7291 0.028362
7292 0.0283523
7293 0.0283451
7294 0.0283386
7295 0.0283335
7296 0.0283285
7297 0.0283281
7298 0.0283275
7301 0.0283251
7302 0.0283169
7303 0.0283144
7304 0.0283091
7305 0.0282996
7306 0.0282941
7308 0.028294
7309 0.028288
7310 0.0282829
7311 0.0282796
7312 0.0282793
7313 0.0282781
7315 0.0282767
7316 0.0282766
7317 0.0282737
7318 0.028268
7321 0.0282594
7322 0.0282534
7323 0.0282505
7324 0.0282504
7325 0.02825
7327 0.0282494
7329 0.0282485
7330 0.0282425
7331 0.0282399
7332 0.0282345
7334 0.028231
7335 0.0282244
7337 0.0282226
7338 0.0282148
7339 0.0282108
7340 0.028209
7341 0.0282089
7342 0.0282055
7343 0.0282048
7344 0.0281989
7345 0.028193
7346 0.0281878
7347 0.0281829
7348 0.0281824
7349 0.02818
7350 0.0281663
7351 0.028158
7352 0.0281518
7353 0.0281484
7360 0.0281462
7363 0.0281367
7364 0.0281292
7365 0.0281237
7366 0.0281198
7367 0.0281126
7368 0.0281082
7370 0.0281005
7371 0.0280953
7372 0.0280925
7373 0.0280894
7374 0.0280858
7375 0.0280779
7376 0.0280701
7377 0.0280687
7378 0.0280681
7380 0.0280549
7381 0.0280462
7382 0.0280412
7383 0.0280383
7388 0.0280339
7389 0.0280309
7390 0.0280298
7391 0.0280246
7392 0.0280171
7393 0.0280104
7394 0.0280024
7395 0.0279988
7397 0.0279983
7398 0.0279908
7399 0.0279861
7400 0.0279845
7401 0.0279843
7402 0.027981
7403 0.0279785
7404 0.0279779
7406 0.0279765
7408 0.0279673
7409 0.0279599
7410 0.0279559
7413 0.027943
7414 0.0279364
7415 0.0279328
7416 0.0279322
7421 0.0279309
7422 0.0279237
7423 0.0279189
7426 0.0279187
7427 0.0279093
7428 0.0279061
7429 0.0278976
7430 0.0278914
7432 0.0278893
7433 0.0278843
7434 0.0278794
7435 0.027873
7436 0.027867
7437 0.0278655
7438 0.0278651
7439 0.0278565
7440 0.0278491
7441 0.0278416
7442 0.027838
7443 0.0278332
7444 0.0278287
7445 0.0278214
7446 0.0278164
7447 0.0278133
7448 0.0278084
7449 0.0278025
7450 0.0277969
7451 0.0277929
7452 0.0277898
7454 0.0277848
7455 0.0277775
7456 0.0277743
7457 0.0277698
7458 0.0277647
7459 0.0277633
7461 0.0277596
7462 0.0277558
7467 0.0277456
7468 0.02774
7469 0.0277387
7470 0.0277378
7472 0.027736
7473 0.0277296
7474 0.0277258
7477 0.0277234
7479 0.0277198
7480 0.0277136
7482 0.0277108
7483 0.027704
7484 0.0277023
7485 0.0277022
7486 0.0276985
7487 0.0276959
7488 0.0276958
7490 0.0276949
7492 0.0276946
7494 0.0276825
7495 0.0276727
7496 0.0276685
7497 0.0276623
7498 0.0276573
7499 0.0276491
7500 0.0276463
7501 0.0276377
7502 0.0276317
7503 0.0276235
7504 0.027616
7505 0.0276079
7506 0.0276015
7507 0.0275944
7508 0.027586
7509 0.0275782
7510 0.0275721
7513 0.0275701
7514 0.0275612
7515 0.0275579
7517 0.027554
7521 0.0275535
7524 0.0275445
7525 0.0275389
7526 0.027537
7527 0.0275365
7528 0.027533
7529 0.0275274
7532 0.0275203
7533 0.0275201
7534 0.0275173
7535 0.0275094
7536 0.0275049
7537 0.0275002
7540 0.0274999
7542 0.0274964
7543 0.0274878
7544 0.0274863
7545 0.0274855
7546 0.0274796
7547 0.0274757
7548 0.0274741
7549 0.0274726
7551 0.0274687
7552 0.0274586
7553 0.0274549
7554 0.0274524
7556 0.0274516
7557 0.0274514
7558 0.0274503
7559 0.0274492
7561 0.0274434
7562 0.0274343
7563 0.0274323
7564 0.0274316
7565 0.0274259
7567 0.0274258
7570 0.0274176
7571 0.0274148
7574 0.0274134
7575 0.0274056
7576 0.0273973
7577 0.0273944
7578 0.0273917
7580 0.0273833
7581 0.0273779
7582 0.0273679
7583 0.0273605
7584 0.0273535
7585 0.0273518
7586 0.0273514
7587 0.0273508
7590 0.0273498
7591 0.027343
7592 0.0273387
7593 0.0273347
7595 0.0273339
7596 0.0273258
7597 0.027325
7598 0.0273236
7599 0.0273227
7601 0.0273218
7603 0.0273205
7604 0.0273199
7605 0.0273101
7606 0.027301
7607 0.0272974
7608 0.0272964
7609 0.0272945
7610 0.0272855
7611 0.0272762
7612 0.0272702
7613 0.0272651
7615 0.027265
7616 0.0272598
7617 0.0272585
7619 0.0272495
7620 0.0272419
7621 0.027233
7622 0.0272272
7625 0.0272168
7626 0.0272136
7629 0.0272124
7630 0.0272123
7631 0.0272116
7634 0.0272109
7635 0.0272061
7636 0.027206
7637 0.0272036
7638 0.0271937
7639 0.0271861
7640 0.0271817
7641 0.0271745
7642 0.0271713
7644 0.0271647
7645 0.0271619
7647 0.0271602
7649 0.027153
7650 0.0271486
7651 0.0271396
7652 0.0271337
7653 0.0271245
7654 0.0271208
7655 0.0271112
7656 0.0271062
7657 0.027103
7658 0.0271013
7660 0.0270956
7661 0.0270937
7662 0.0270931
7663 0.0270862
7664 0.0270814
7666 0.0270792
7667 0.0270706
7668 0.0270643
7670 0.0270617
7673 0.0270569
7674 0.0270568
7675 0.0270563
7676 0.0270513
7677 0.0270429
7678 0.0270407
7679 0.0270353
7680 0.0270276
7681 0.0270245
7682 0.0270153
7683 0.0270087
7684 0.0270033
7685 0.0270012
7687 0.0270002
7688 0.0269999
7689 0.0269977
7690 0.026996
7692 0.0269939
7693 0.0269928
7695 0.0269799
7696 0.026971
7697 0.0269695
7701 0.0269692
7703 0.0269677
7705 0.0269587
7706 0.0269508
7707 0.0269468
7708 0.0269411
7710 0.0269308
7711 0.0269216
7712 0.0269134
7713 0.0269064
7714 0.0269001
7715 0.0268981
7716 0.0268951
7719 0.0268931
7721 0.0268866
7722 0.0268814
7723 0.0268748
7724 0.0268706
7725 0.0268674
7727 0.0268653
7728 0.0268628
7729 0.0268525
7730 0.0268492
7732 0.0268462
7733 0.0268447
7735 0.0268398
7738 0.0268317
7740 0.0268308
7741 0.0268278
7742 0.0268277
7743 0.0268219
7744 0.0268116
7745 0.0268065
7746 0.026801
7747 0.0267981
7748 0.0267979
7749 0.0267912
7750 0.026782
7751 0.0267737
7752 0.026764
7753 0.0267552
7754 0.0267452
7755 0.0267354
7756 0.0267258
7757 0.026717
7758 0.026711
7759 0.026703
7760 0.0266989
7761 0.0266956
7762 0.0266953
7763 0.0266897
7764 0.026683
7765 0.0266751
7766 0.026672
7767 0.0266711
7768 0.0266707
7769 0.0266636
7770 0.0266583
7772 0.0266581
7773 0.0266492
7774 0.0266422
7775 0.0266406
7776 0.0266405
7777 0.0266392
7778 0.026639
7779 0.0266355
7781 0.0266337
7783 0.0266303
7784 0.0266213
7785 0.0266174
7786 0.0266113
7787 0.0266077
7788 0.0266004
7790 0.0265996
7793 0.0265957
7794 0.0265908
7795 0.0265861
7796 0.0265857
7797 0.0265827
7798 0.0265748
7799 0.0265744
7801 0.026573
7802 0.0265627
7803 0.0265558
7804 0.0265524
7805 0.0265522
7806 0.0265473
7807 0.0265438
7809 0.0265426
7810 0.0265339
7811 0.0265309
7812 0.0265242
7813 0.0265218
7814 0.0265217
7815 0.0265208
7816 0.0265205
7817 0.0265165
7818 0.0265087
7819 0.0265077
7820 0.0265056
7822 0.0265049
7823 0.0264949
7824 0.0264917
7825 0.0264886
7826 0.0264818
7828 0.0264815
7831 0.0264779
7832 0.0264761
7833 0.0264734
7834 0.0264655
7835 0.0264616
7836 0.0264558
7837 0.0264498
7840 0.0264419
7841 0.0264365
7842 0.0264332
7843 0.0264312
7845 0.0264306
7847 0.0264272
7850 0.0264216
7851 0.0264135
7852 0.0264054
7853 0.0264017
7855 0.0264002
7862 0.0263912
7863 0.0263891
7864 0.0263885
7865 0.0263804
7867 0.0263798
7868 0.0263727
7869 0.0263709
7870 0.0263703
7871 0.0263675
7873 0.0263648
7874 0.026361
7875 0.0263568
7878 0.0263531
7879 0.0263521
7881 0.02634
7882 0.0263321
7883 0.0263292
7884 0.026329
7885 0.0263282
7889 0.0263273
7890 0.0263264
7892 0.026326
7893 0.0263176
7894 0.0263082
7895 0.0262996
7896 0.0262929
7897 0.0262864
7898 0.0262793
7899 0.0262726
7900 0.026269
7902 0.0262684
7903 0.0262637
7904 0.0262614
7906 0.0262555
7907 0.0262463
7908 0.0262374
7909 0.0262286
7910 0.0262201
7911 0.0262127
7912 0.0262043
7913 0.026196
7914 0.0261884
7915 0.0261811
7916 0.0261758
7917 0.0261691
7918 0.0261615
7919 0.0261561
7920 0.0261523
7921 0.026149
7922 0.0261445
7923 0.0261357
7924 0.0261274
7925 0.0261203
7926 0.0261116
7927 0.0261034
7928 0.0260952
7929 0.0260889
7930 0.0260802
7931 0.026074
7932 0.0260673
7933 0.0260612
7934 0.0260577
7935 0.0260554
7937 0.026051
7938 0.0260454
7939 0.0260386
7940 0.0260334
7943 0.0260237
7944 0.0260187
7945 0.026016
7947 0.0260152
7948 0.0260124
7949 0.026012
7952 0.0260064
7953 0.0260031
7954 0.0259982
7955 0.0259962
7956 0.025991
7957 0.0259902
7959 0.0259876
7960 0.0259814
7961 0.025971
7962 0.0259676
7963 0.0259659
7964 0.0259657
7965 0.0259622
7966 0.0259614
7970 0.0259554
7971 0.0259525
7972 0.0259467
7973 0.0259412
7974 0.0259388
7976 0.0259383
7979 0.0259298
7981 0.0259285
7982 0.025927
7983 0.025925
7984 0.0259194
7985 0.0259151
7987 0.0259116
7988 0.0259086
7990 0.0259024
7991 0.0259004
7993 0.0258971
7997 0.0258954
7999 0.0258918
8000 0.0258842
8001 0.0258823
8002 0.0258822
8004 0.0258811
8005 0.0258745
8006 0.0258731
8007 0.025873
8010 0.0258701
8011 0.0258667
8012 0.0258656
8013 0.0258603
8014 0.0258541
8015 0.0258525
8016 0.0258507
8018 0.0258456
8019 0.0258358
8020 0.0258291
8021 0.0258255
8022 0.0258243
8023 0.0258241
8024 0.0258217
8026 0.0258193
8029 0.0258179
8030 0.025812
8031 0.025806
8032 0.0258033
8037 0.0257999
8038 0.0257995
8040 0.0257969
8041 0.0257895
8042 0.0257873
8043 0.0257867
8044 0.025784
8045 0.025779
8048 0.0257732
8049 0.0257731
8050 0.0257673
8051 0.0257633
8053 0.0257607
8055 0.0257598
8056 0.0257536
8057 0.0257495
8058 0.0257448
8059 0.025744
8061 0.0257386
8062 0.02573
8063 0.025724
8064 0.0257172
8065 0.0257139
8066 0.0257107
8069 0.0257013
8070 0.0256947
8071 0.0256892
8073 0.0256889
8074 0.0256849
8075 0.0256785
8076 0.0256781
8077 0.0256773
8080 0.0256708
8081 0.025665
8082 0.0256594
8083 0.0256561
8086 0.0256559
8088 0.0256487
8089 0.0256428
8090 0.0256424
8091 0.0256422
8093 0.0256419
8094 0.0256412
8096 0.025634
8098 0.0256335
8099 0.0256249
8100 0.0256227
8101 0.0256222
8102 0.0256162
8103 0.0256106
8104 0.0256059
8106 0.0256052
8107 0.0256045
8108 0.0256033
8110 0.0256032
8111 0.0255953
8112 0.0255881
8113 0.0255819
8114 0.0255808
8115 0.0255803
8116 0.0255792
8118 0.0255728
8119 0.0255697
8120 0.0255654
8121 0.0255573
8122 0.0255549
8123 0.0255546
8124 0.0255511
8126 0.0255478
8127 0.0255447
8128 0.0255415
8130 0.0255368
8133 0.0255329
8134 0.0255294
8135 0.025524
8138 0.025523
8139 0.025513
8140 0.0255072
8141 0.0255031
8142 0.0255015
8143 0.0255008
8144 0.0254998
8145 0.0254988
8146 0.0254901
8147 0.0254881
8149 0.0254831
8150 0.0254749
8151 0.0254693
8152 0.0254668
8153 0.0254666
8154 0.0254614
8156 0.0254611
8158 0.0254607
8159 0.0254524
8160 0.025448
8161 0.0254478
8163 0.0254416
8164 0.0254369
8165 0.025435
8169 0.0254272
8170 0.0254233
8171 0.0254212
8172 0.0254209
8173 0.0254179
8175 0.0254171
8177 0.025416
8178 0.0254126
8179 0.0254105
8181 0.0254051
8182 0.0254033
8186 0.0253984
8187 0.0253911
8188 0.0253857
8189 0.0253848
8190 0.0253846
8191 0.0253828
8192 0.0253826
8193 0.0253808
8195 0.0253774
8196 0.0253734
8198 0.025373
8199 0.0253617
8200 0.0253577
8202 0.0253567
8203 0.0253528
8204 0.0253463
8205 0.0253423
8206 0.0253374
8207 0.025331
8208 0.0253241
8209 0.0253191
8210 0.0253126
8211 0.0253082
8212 0.0253003
8213 0.0252933
8214 0.0252861
8215 0.02528
8216 0.0252733
8217 0.0252679
8218 0.0252655
8219 0.0252635
8221 0.0252568
8222 0.0252485
8223 0.0252401
8224 0.0252319
8225 0.0252239
8226 0.0252162
8227 0.0252094
8228 0.0252014
8229 0.0251942
8230 0.0251865
8231 0.0251802
8232 0.0251733
8233 0.0251656
8234 0.0251613
8235 0.0251569
8236 0.0251512
8237 0.0251464
8238 0.0251422
8239 0.0251402
8241 0.0251363
8242 0.0251279
8243 0.0251273
8245 0.0251226
8246 0.0251153
8247 0.0251138
8248 0.0251135
8249 0.0251108
8250 0.0251096
8251 0.0251077
8253 0.0251035
8254 0.0251008
8255 0.0250925
8256 0.025091
8257 0.0250909
8258 0.0250902
8259 0.0250896
8260 0.025089
8262 0.0250805
8265 0.0250752
8266 0.0250673
8267 0.0250642
8268 0.0250625
8269 0.0250601
8270 0.0250594
8273 0.025059
8275 0.025052
8276 0.025045
8277 0.0250414
8278 0.025039
8279 0.0250375
8281 0.0250352
8282 0.0250299
8283 0.0250292
8285 0.025025
8286 0.0250236
8289 0.0250227
8290 0.0250223
8292 0.0250174
8293 0.0250167
8294 0.0250109
8295 0.0250025
8296 0.025001
8297 0.0250004
8298 0.0249969
8302 0.0249927
8303 0.0249869
8304 0.0249852
8307 0.0249842
8308 0.0249758
8309 0.0249676
8310 0.0249608
8311 0.0249587
8312 0.0249547
8313 0.0249486
8314 0.0249458
8315 0.024943
8316 0.0249386
8317 0.0249292
8318 0.0249223
8319 0.0249207
8320 0.0249206
8321 0.0249182
8322 0.024915
8323 0.0249149
8324 0.0249117
8326 0.0249112
8330 0.024911
8331 0.0249002
8332 0.0248942
8333 0.0248928
8334 0.0248918
8335 0.0248906
8336 0.0248902
8337 0.0248898
8341 0.0248891
8343 0.0248782
8344 0.0248707
8346 0.0248694
8347 0.0248632
8348 0.0248589
8349 0.0248562
8350 0.0248531
8351 0.0248523
8353 0.0248516
8354 0.0248514
8355 0.0248505
8356 0.0248492
8357 0.0248464
8359 0.0248429
8360 0.0248321
8361 0.0248269
8362 0.0248255
8363 0.0248252
8365 0.0248247
8372 0.024823
8373 0.0248188
8374 0.0248098
8375 0.0248084
8376 0.024802
8379 0.0247961
8380 0.0247912
8381 0.0247866
8382 0.0247818
8383 0.0247796
8384 0.0247706
8385 0.0247615
8386 0.0247537
8387 0.0247467
8388 0.0247412
8389 0.0247391
8391 0.0247379
8393 0.0247323
8395 0.024731
8398 0.0247235
8399 0.0247221
8400 0.0247219
8402 0.0247215
8405 0.0247209
8407 0.024716
8408 0.0247128
8409 0.0247103
8412 0.0247008
8413 0.0246957
8414 0.024692
8416 0.0246915
8418 0.0246861
8419 0.0246826
8420 0.0246754
8421 0.024669
8422 0.0246628
8423 0.0246593
8424 0.0246582
8426 0.0246529
8427 0.0246503
8430 0.0246446
8432 0.0246379
8433 0.0246318
8434 0.0246292
8436 0.0246291
8437 0.0246287
8438 0.0246274
8441 0.0246252
8443 0.0246202
8444 0.0246137
8445 0.0246119
8447 0.0246077
8448 0.0246018
8449 0.0245978
8450 0.0245946
8451 0.0245872
8452 0.0245849
8453 0.0245739
8454 0.024565
8455 0.0245567
8456 0.0245492
8457 0.0245416
8458 0.0245339
8459 0.0245273
8460 0.0245223
8461 0.0245183
8462 0.0245175
8464 0.0245139
8465 0.0245107
8466 0.0245055
8467 0.0244999
8468 0.0244954
8469 0.0244862
8470 0.0244773
8471 0.0244686
8472 0.0244602
8473 0.024453
8474 0.0244441
8475 0.0244354
8476 0.0244267
8477 0.0244181
8478 0.0244094
8479 0.0244007
8480 0.024392
8481 0.0243833
8482 0.0243746
8483 0.024366
8484 0.024358
8485 0.0243494
8486 0.0243407
8487 0.024332
8488 0.0243232
8489 0.0243147
8490 0.0243061
8491 0.0242978
8492 0.0242891
8493 0.0242804
8494 0.0242718
8495 0.0242634
8496 0.0242551
8497 0.0242464
8498 0.0242378
8499 0.0242292
8500 0.0242207
8501 0.0242135
8502 0.0242062
8503 0.0241987
8504 0.0241915
8505 0.0241876
8506 0.0241832
8507 0.0241767
8508 0.0241732
8509 0.0241676
8510 0.0241664
8511 0.024165
8512 0.0241564
8513 0.0241499
8514 0.0241442
8515 0.0241387
8516 0.0241338
8517 0.0241288
8518 0.0241248
8520 0.0241242
8521 0.0241198
8522 0.0241125
8523 0.024108
8524 0.0241076
8525 0.0241013
8526 0.0241009
8528 0.0240935
8529 0.0240912
8530 0.0240891
8531 0.0240889
8532 0.0240882
8533 0.0240803
8534 0.0240765
8535 0.0240704
8536 0.0240698
8537 0.0240697
8539 0.0240667
8540 0.0240597
8541 0.0240548
8542 0.0240542
8543 0.0240541
8544 0.0240536
8545 0.0240533
8546 0.0240521
8547 0.024051
8549 0.0240471
8550 0.0240394
8551 0.0240369
8552 0.0240363
8553 0.0240349
8555 0.0240329
8556 0.0240252
8557 0.0240216
8559 0.0240177
8562 0.0240175
8563 0.0240167
8564 0.024016
8565 0.0240149
8566 0.0240075
8567 0.0240003
8570 0.0239927
8571 0.0239868
8572 0.0239843
8575 0.0239826
8577 0.0239776
8578 0.0239761
8580 0.0239754
8581 0.0239681
8582 0.0239627
8585 0.0239598
8586 0.0239528
8587 0.0239488
8591 0.0239487
8592 0.0239432
8593 0.0239405
8594 0.0239359
8597 0.0239284
8598 0.0239269
8599 0.0239268
8600 0.0239214
8601 0.0239184
8605 0.0239181
8606 0.0239175
8607 0.0239171
8609 0.0239126
8610 0.0239044
8611 0.0239032
8612 0.0239027
8615 0.0239002
8617 0.0238926
8618 0.0238888
8619 0.0238847
8620 0.0238835
8621 0.0238834
8622 0.0238823
8623 0.02388
8624 0.0238757
8625 0.0238707
8626 0.0238674
8627 0.0238621
8628 0.0238614
8629 0.0238612
8630 0.0238578
8631 0.0238574
8632 0.0238532
8635 0.0238451
8636 0.023841
8637 0.0238381
8638 0.0238332
8639 0.0238314
8640 0.0238305
8644 0.0238288
8645 0.0238218
8646 0.0238197
8648 0.0238171
8650 0.0238162
8652 0.0238141
8653 0.0238101
8654 0.0238037
8655 0.0238021
8657 0.0238007
8658 0.0238002
8661 0.0237943
8663 0.023793
8664 0.0237883
8665 0.0237849
8666 0.0237832
8667 0.0237827
8670 0.0237804
8672 0.0237764
8674 0.0237704
8675 0.0237687
8676 0.0237684
8677 0.0237672
8679 0.0237634
8680 0.0237563
8681 0.023752
8683 0.0237517
8684 0.0237438
8685 0.0237419
8687 0.0237398
8689 0.0237369
8692 0.0237281
8693 0.0237235
8696 0.0237192
8697 0.0237141
8698 0.0237082
8705 0.0237034
8707 0.023701
8708 0.0236937
8709 0.0236917
8710 0.0236913
8711 0.0236897
8712 0.0236822
8713 0.0236747
8714 0.0236722
8715 0.0236717
8718 0.0236715
8719 0.0236669
8720 0.0236612
8721 0.023652
8722 0.0236458
8723 0.0236434
8724 0.023641
8725 0.0236409
8730 0.0236318
8731 0.0236273
8732 0.0236257
8734 0.0236213
8737 0.0236159
8738 0.0236101
8739 0.0236099
8740 0.0236098
8741 0.0236069
8743 0.0236062
8746 0.023606
8747 0.0235965
8749 0.0235954
8750 0.0235886
8751 0.0235871
8752 0.0235814
8753 0.0235788
8754 0.0235736
8755 0.0235644
8756 0.0235563
8757 0.0235474
8758 0.023539
8759 0.0235313
8760 0.023524
8761 0.0235165
8762 0.023512
8763 0.0235087
8764 0.0235082
8765 0.0235079
8766 0.0235071
8768 0.0235043
8771 0.0234964
8772 0.0234898
8773 0.0234836
8774 0.0234776
8777 0.0234709
8778 0.0234702
8780 0.0234682
8782 0.0234641
8783 0.0234599
8784 0.023457
8786 0.0234561
8789 0.0234494
8790 0.0234455
8791 0.0234406
8792 0.0234385
8793 0.0234383
8794 0.0234362
8795 0.023436
8796 0.0234322
8798 0.0234288
8799 0.0234224
8800 0.0234209
8802 0.0234196
8803 0.0234195
8804 0.0234189
8805 0.0234146
8806 0.0234062
8807 0.0234
8808 0.0233988
8809 0.0233985
8810 0.0233963
8812 0.0233926
8813 0.0233838
8814 0.0233754
8815 0.0233684
8816 0.0233613
8817 0.023355
8818 0.0233468
8819 0.0233379
8820 0.0233293
8821 0.0233208
8822 0.0233123
8823 0.0233038
8824 0.0232956
8825 0.0232871
8826 0.0232786
8827 0.0232701
8828 0.0232616
8829 0.0232531
8830 0.0232447
8831 0.0232378
8832 0.0232328
8833 0.0232305
8834 0.0232284
8836 0.0232255
8837 0.0232253
8838 0.0232229
8839 0.0232227
8840 0.0232151
8841 0.0232108
8842 0.0232036
8843 0.0231961
8844 0.0231888
8845 0.0231817
8846 0.0231746
8847 0.0231674
8848 0.0231613
8849 0.0231567
8850 0.023152
8851 0.0231516
8853 0.0231476
8854 0.0231418
8855 0.0231384
8856 0.0231364
8858 0.0231284
8859 0.0231231
8860 0.0231182
8861 0.0231147
8862 0.0231124
8863 0.0231069
8864 0.0231066
8866 0.0231056
8867 0.023104
8868 0.0231014
8869 0.0230911
8870 0.0230842
8871 0.0230807
8872 0.0230793
8874 0.0230777
8875 0.0230765
8877 0.0230745
8878 0.0230718
8880 0.0230697
8882 0.0230633
8883 0.0230629
8884 0.0230618
8886 0.0230604
8887 0.0230599
8888 0.0230567
8889 0.0230498
8890 0.0230453
8891 0.0230435
8893 0.0230429
8894 0.0230425
8896 0.0230379
8897 0.0230319
8898 0.0230308
8899 0.0230305
8900 0.0230288
8901 0.0230285
8902 0.0230273
8903 0.023027
8905 0.0230268
8906 0.0230177
8907 0.0230123
8908 0.0230106
8909 0.02301
8911 0.0230093
8912 0.023003
8913 0.0230002
8914 0.0229978
8915 0.0229899
8916 0.0229861
8917 0.0229813
8918 0.022979
8919 0.0229729
8920 0.0229713
8924 0.0229694
8925 0.0229616
8926 0.0229596
8928 0.0229536
8929 0.0229527
8931 0.0229521
8933 0.0229504
8935 0.0229446
8936 0.0229403
8937 0.0229376
8938 0.0229367
8939 0.0229304
8940 0.0229294
8941 0.0229291
8944 0.0229262
8945 0.0229209
8946 0.0229202
8948 0.0229182
8949 0.0229167
8950 0.0229162
8951 0.0229161
8953 0.0229146
8955 0.0229117
8956 0.0229049
8957 0.0229045
8958 0.0229042
8960 0.0229034
8961 0.0228977
8962 0.0228975
8963 0.0228972
8965 0.0228971
8966 0.0228965
8967 0.0228957
8968 0.0228909
8969 0.0228872
8970 0.0228843
8972 0.0228807
8973 0.0228749
8974 0.0228735
8976 0.0228712
8977 0.0228683
8978 0.0228675
8981 0.0228669
8982 0.0228662
8985 0.0228661
8986 0.0228549
8987 0.0228481
8988 0.022844
8989 0.0228401
8990 0.0228358
8993 0.0228356
8996 0.0228355
8997 0.0228323
8998 0.0228319
8999 0.0228233
9000 0.0228186
9001 0.0228165
9005 0.0228089
9006 0.0228029
9007 0.0228002
9008 0.0227977
9009 0.0227974
9010 0.0227969
9011 0.0227967
9012 0.022791
9014 0.0227897
9015 0.0227837
9016 0.0227834
9021 0.0227832
