1 273.248
2 175.244
3 99.2325
4 45.198
5 13.0981
6 2.8317
19 2.53945
33 2.44638
35 2.41073
37 2.40383
38 2.32833
39 2.28323
40 2.23946
42 2.22971
44 2.16414
45 2.11828
47 2.11466
48 2.0508
49 1.95783
50 1.93274
53 1.89141
56 1.80561
59 1.74813
60 1.66854
61 1.58566
62 1.51812
63 1.4631
64 1.41247
65 1.39082
66 1.39078
67 1.33117
69 1.31158
70 1.26017
72 1.24443
73 1.21902
75 1.20581
76 1.19835
77 1.19745
79 1.179
80 1.12121
82 1.11218
83 1.08264
85 1.07984
90 1.078
92 1.05184
93 1.01302
94 0.981859
97 0.964042
98 0.958129
99 0.956965
100 0.950733
101 0.950711
102 0.945015
103 0.937561
104 0.930496
106 0.927505
107 0.883371
108 0.871138
109 0.862868
110 0.860586
111 0.855693
112 0.846269
113 0.844284
118 0.806591
119 0.779773
120 0.773136
121 0.772052
123 0.769802
124 0.756075
126 0.74422
127 0.744136
128 0.739637
129 0.728118
131 0.721801
132 0.696432
133 0.672233
134 0.655907
135 0.631015
136 0.609718
137 0.603511
138 0.603438
139 0.595001
140 0.582259
141 0.582152
142 0.581912
143 0.577614
144 0.569191
145 0.529598
146 0.520852
147 0.505509
148 0.497749
149 0.497687
156 0.478559
159 0.461444
163 0.450281
164 0.439598
165 0.429379
166 0.419173
167 0.410663
168 0.4053
169 0.401997
170 0.401868
171 0.39231
172 0.382713
173 0.374491
174 0.365108
175 0.356943
176 0.347062
177 0.337717
178 0.32923
179 0.322417
180 0.319253
181 0.31734
183 0.308854
184 0.307041
186 0.29618
187 0.288259
188 0.283748
189 0.279929
190 0.279399
191 0.278691
195 0.275265
196 0.270059
197 0.26701
198 0.260672
200 0.257758
201 0.25552
203 0.252552
204 0.252523
205 0.25114
206 0.250837
207 0.248189
210 0.238566
211 0.23681
212 0.236669
214 0.236656
216 0.236606
218 0.233645
219 0.227329
221 0.220331
222 0.214433
224 0.214054
225 0.210167
226 0.209249
230 0.208077
231 0.208019
234 0.198994
235 0.196511
236 0.196373
237 0.192905
240 0.186292
241 0.184819
244 0.184764
247 0.179258
248 0.176708
249 0.17616
251 0.172321
252 0.172134
253 0.169973
254 0.168094
257 0.165039
258 0.159887
259 0.158156
264 0.15454
265 0.149197
266 0.146122
269 0.145041
271 0.141572
272 0.138136
274 0.136934
275 0.134051
277 0.134017
278 0.133558
279 0.133228
281 0.13108
282 0.130601
283 0.130374
286 0.124989
287 0.124569
289 0.122579
291 0.122048
293 0.11691
294 0.113388
295 0.112322
297 0.112318
299 0.104637
300 0.102844
301 0.102734
303 0.101682
305 0.0996813
306 0.0988616
309 0.0957874
310 0.0946589
313 0.089934
314 0.0886054
316 0.0870289
317 0.0868907
318 0.0864924
319 0.0837822
320 0.0833213
321 0.0827235
324 0.0804213
326 0.0795168
327 0.0788383
328 0.0787081
329 0.0780838
330 0.0767655
333 0.0743638
334 0.0738074
336 0.0706235
337 0.0681774
345 0.0661825
348 0.0649226
351 0.0634
359 0.0617524
362 0.0609493
364 0.060827
365 0.0595399
366 0.0590999
367 0.0590909
373 0.0573233
374 0.0569625
375 0.0565012
376 0.0563729
377 0.0559102
378 0.0544015
379 0.0535034
380 0.0527152
382 0.0525782
383 0.0515474
384 0.0509092
385 0.0493572
387 0.0492935
388 0.0489602
390 0.0480059
391 0.0474678
396 0.0458119
397 0.0447747
398 0.0439681
399 0.0429872
400 0.0419459
401 0.0419403
402 0.0417874
404 0.0417118
405 0.0412936
408 0.0404685
409 0.0399441
410 0.0393979
412 0.0388711
413 0.0377518
414 0.0371268
415 0.0362876
416 0.0356444
418 0.0356301
419 0.0355313
420 0.0344586
421 0.0332763
422 0.0326437
423 0.0319029
424 0.0314623
425 0.0314184
427 0.0305405
428 0.0289773
431 0.0289747
432 0.0285079
434 0.0280027
436 0.0277907
439 0.0271108
440 0.0267928
441 0.0257214
442 0.0248341
443 0.0240592
444 0.0234469
445 0.0232354
447 0.0226757
448 0.0224209
450 0.0219439
452 0.0218799
453 0.0213608
457 0.0213187
460 0.0210548
461 0.0204725
462 0.0201222
463 0.0197788
464 0.0194975
465 0.019123
466 0.0188987
467 0.0184817
468 0.0182285
469 0.0181109
470 0.0178204
473 0.0174969
475 0.0174816
480 0.0173395
481 0.0172819
483 0.0169115
484 0.016901
486 0.0164084
487 0.0161959
488 0.0159614
489 0.0156887
490 0.0153183
491 0.0149782
493 0.0149388
494 0.0147532
495 0.014675
497 0.0146596
498 0.0146306
499 0.0144727
500 0.0140891
501 0.013856
502 0.013727
503 0.0135844
504 0.013269
505 0.0132439
506 0.0131865
507 0.0128645
509 0.012793
510 0.0126876
512 0.0125377
514 0.0124028
516 0.0123434
519 0.0120971
520 0.0119759
521 0.0119097
522 0.011824
523 0.0116404
524 0.0113984
525 0.0111433
526 0.0108867
527 0.0106629
528 0.0104548
529 0.0102928
530 0.0101961
531 0.0100128
532 0.00983537
533 0.00972558
535 0.0097048
536 0.00967963
537 0.00965647
543 0.00941125
544 0.00932972
546 0.00924682
548 0.00923424
550 0.00902269
551 0.00893583
552 0.00891932
553 0.00884671
554 0.00882262
555 0.00867071
556 0.00858471
559 0.00856935
560 0.00845741
561 0.00843531
562 0.00823723
563 0.00811572
564 0.00795107
565 0.00791792
567 0.00788093
569 0.00770354
570 0.00759518
571 0.00741121
572 0.00733256
573 0.00729013
574 0.00728665
575 0.00715504
577 0.00714003
578 0.00699771
581 0.00698488
582 0.00697569
587 0.00697393
588 0.00694347
590 0.00688468
593 0.00677969
594 0.00674755
595 0.00674544
596 0.00674309
597 0.0067426
602 0.00667647
603 0.00660458
606 0.00654024
607 0.00650031
608 0.00646623
610 0.00645229
611 0.00637063
612 0.00633323
613 0.0063257
614 0.00630344
615 0.00628727
617 0.0062803
618 0.00625847
619 0.00620672
621 0.00620364
623 0.00618337
626 0.00614502
627 0.00611746
628 0.00611444
631 0.00607805
633 0.00605254
634 0.00600861
635 0.0060079
638 0.0059428
640 0.00593456
641 0.00585695
642 0.00585689
643 0.00585112
646 0.00578501
647 0.00573624
648 0.00567514
649 0.00560366
650 0.005534
651 0.0054705
652 0.00542466
653 0.00538258
654 0.0053178
655 0.00529981
656 0.00527731
658 0.00524588
659 0.00512977
660 0.00511847
661 0.00511037
663 0.00509885
664 0.00507564
665 0.00505028
668 0.00502479
671 0.00500251
674 0.00499991
675 0.00499947
676 0.00499684
680 0.00495851
681 0.00493299
684 0.00491465
685 0.0049067
686 0.00490301
687 0.00489367
690 0.00489313
693 0.0048575
694 0.00484319
695 0.00484174
696 0.00483824
698 0.00482577
699 0.00479907
702 0.00478039
703 0.00477955
704 0.00477886
706 0.00474479
707 0.00472557
708 0.00470033
709 0.00469606
711 0.00469072
712 0.00468929
713 0.00466695
715 0.00466363
716 0.0046319
717 0.00462234
718 0.00460016
719 0.00459887
722 0.00459762
723 0.00457589
725 0.00457184
726 0.0045391
727 0.00452095
730 0.00451476
731 0.00451198
732 0.0044923
733 0.0044867
735 0.00445918
736 0.00445497
737 0.00444567
738 0.00444202
740 0.00440365
741 0.00438132
742 0.00436702
743 0.00436254
745 0.00435302
746 0.004353
748 0.00433337
749 0.0043172
750 0.0042843
751 0.00427776
752 0.00427589
753 0.00427382
755 0.00427333
757 0.00426715
758 0.00423243
759 0.004229
761 0.00421662
762 0.00418812
763 0.00417217
764 0.00416605
767 0.00416598
768 0.00414101
769 0.00411931
770 0.0041061
775 0.00408247
776 0.00407628
778 0.00407302
779 0.00406684
781 0.00406063
782 0.00404526
784 0.00404515
786 0.0040422
788 0.00402645
789 0.00402049
790 0.00401593
791 0.00401294
792 0.00401043
793 0.00400855
794 0.00399622
795 0.00398339
796 0.00398167
797 0.00398001
798 0.00397517
799 0.00397452
800 0.00396345
801 0.00394998
802 0.00393549
803 0.00392133
804 0.00390773
805 0.00389406
806 0.0038822
807 0.00387376
808 0.00386925
809 0.003859
810 0.00384594
811 0.0038328
812 0.00381961
813 0.00380822
814 0.00380049
815 0.003788
816 0.00377628
817 0.00376866
818 0.00375498
819 0.00374721
820 0.00374426
821 0.00374335
822 0.00373314
823 0.00372534
824 0.00371775
825 0.00371522
826 0.00371309
829 0.00369866
830 0.0036934
831 0.00369222
832 0.00369145
833 0.00368573
834 0.00368478
835 0.00368357
836 0.00368221
837 0.00367631
838 0.0036616
839 0.00365649
840 0.00365568
841 0.00364315
842 0.00363196
843 0.00362048
844 0.00361149
845 0.00360949
847 0.00360578
848 0.00360568
850 0.00358923
851 0.00357639
852 0.00356543
853 0.0035567
854 0.00354939
855 0.00354503
856 0.00354187
857 0.00353769
859 0.0035314
860 0.00352095
861 0.00351797
862 0.00351506
863 0.0035057
864 0.00350141
869 0.00350031
870 0.00349906
871 0.00348635
872 0.00347635
873 0.00347146
874 0.00346924
875 0.00346901
878 0.0034586
879 0.00345338
880 0.00345043
881 0.00345024
882 0.00345018
883 0.00344825
885 0.00344649
886 0.00344432
888 0.00343657
889 0.00342432
890 0.00342077
893 0.00341003
894 0.00340861
895 0.00340774
896 0.00340209
899 0.00340056
900 0.00339048
901 0.00337887
902 0.00337412
903 0.0033629
904 0.00335062
905 0.00334127
906 0.00333198
907 0.00332156
908 0.00331184
909 0.00330007
910 0.00328847
911 0.00327851
912 0.00327139
913 0.00326603
914 0.00326229
915 0.00326216
916 0.00325294
917 0.0032417
918 0.00322991
919 0.0032191
920 0.00320839
921 0.00319923
922 0.00319087
923 0.00318115
924 0.00317391
925 0.00316375
926 0.00315574
927 0.00315545
928 0.00315478
929 0.00314558
930 0.00313375
931 0.00312309
932 0.00311316
933 0.00310343
934 0.0030939
935 0.00308569
936 0.00308042
937 0.00307317
938 0.00307189
940 0.00306484
941 0.00305245
942 0.00304253
943 0.0030331
944 0.00302355
945 0.00301838
947 0.00301676
948 0.00301217
950 0.00301181
953 0.00300161
954 0.00299561
955 0.00299121
956 0.00298556
959 0.00297842
960 0.00297419
961 0.00297028
962 0.00296972
963 0.00296792
964 0.00296782
965 0.00296754
967 0.00296299
968 0.00295059
969 0.00294386
970 0.00294191
971 0.00294123
973 0.00294035
974 0.0029353
975 0.00293327
976 0.0029226
977 0.00291713
978 0.00291086
979 0.00290438
981 0.00290087
982 0.00289766
983 0.00289762
984 0.00289541
986 0.00289406
987 0.00289353
988 0.00288785
991 0.00287877
992 0.00287199
993 0.00286977
995 0.00286971
996 0.0028697
998 0.00286856
1001 0.00285869
1002 0.00285284
1004 0.00285134
1005 0.00284683
1006 0.00284344
1008 0.00284217
1014 0.00283054
1015 0.0028228
1016 0.00282248
1017 0.00282082
1020 0.00281228
1021 0.0028083
1025 0.00280762
1026 0.0028076
1027 0.00280425
1028 0.00279274
1029 0.00278886
1030 0.00278633
1031 0.00278611
1032 0.0027856
1036 0.00277841
1038 0.00277658
1039 0.00276687
1040 0.00276138
1044 0.00275848
1045 0.00275614
1046 0.00275596
1047 0.00274753
1048 0.0027434
1049 0.00274149
1050 0.00274119
1051 0.00273698
1052 0.0027307
1053 0.00272297
1054 0.00272007
1056 0.00271836
1057 0.00271464
1058 0.00271091
1061 0.00270854
1063 0.00270084
1064 0.00269231
1065 0.00268662
1066 0.00268397
1067 0.00268347
1073 0.0026823
1075 0.00266968
1076 0.0026679
1078 0.00266231
1079 0.00265615
1080 0.0026524
1081 0.00265106
1082 0.00264918
1083 0.00264908
1084 0.00264534
1086 0.0026368
1087 0.00262806
1088 0.00262091
1091 0.00261376
1094 0.00261093
1096 0.00260914
1100 0.00260203
1101 0.00260088
1102 0.00260073
1103 0.0026001
1104 0.00259991
1105 0.00259555
1107 0.00259445
1108 0.00258399
1109 0.00258184
1111 0.00257667
1112 0.00257617
1113 0.0025753
1116 0.00256892
1119 0.00256063
1122 0.00255856
1124 0.00255498
1125 0.00255044
1126 0.00254808
1128 0.00254451
1129 0.00254398
1131 0.00253343
1132 0.00252485
1133 0.00251694
1134 0.00251312
1135 0.00250855
1136 0.00250642
1137 0.0025064
1138 0.00250193
1139 0.00249869
1143 0.00249456
1144 0.00248626
1145 0.00247952
1146 0.00247621
1147 0.00247289
1149 0.00247272
1150 0.00246988
1151 0.00246876
1152 0.00246701
1153 0.00246278
1154 0.002459
1155 0.00245782
1158 0.00245041
1159 0.00244929
1163 0.00244927
1164 0.00244844
1166 0.00244506
1167 0.00243806
1169 0.00243764
1170 0.0024338
1171 0.00243215
1173 0.00243164
1174 0.00242918
1175 0.00242599
1176 0.0024239
1177 0.002423
1179 0.00242055
1180 0.00241752
1181 0.0024156
1184 0.00241324
1185 0.00241169
1186 0.00240891
1187 0.00240607
1188 0.00240438
1189 0.00240378
1190 0.00240281
1191 0.0023998
1192 0.00239683
1193 0.00239391
1194 0.00239153
1195 0.00238937
1196 0.00238759
1197 0.00238581
1198 0.00238253
1199 0.00237915
1200 0.00237602
1201 0.00237284
1202 0.00237007
1203 0.00236708
1204 0.00236411
1205 0.00236116
1206 0.00236035
1207 0.00236023
1208 0.00235711
1209 0.00235456
1210 0.0023527
1211 0.00235056
1212 0.00234746
1213 0.00234428
1214 0.00234098
1215 0.00233807
1216 0.00233482
1217 0.00233155
1218 0.00232878
1219 0.00232598
1220 0.00232304
1221 0.0023202
1222 0.00231895
1223 0.0023164
1224 0.00231347
1225 0.00231114
1226 0.00230981
1227 0.00230803
1228 0.00230511
1229 0.00230353
1230 0.00230146
1231 0.00229892
1232 0.00229645
1233 0.00229357
1234 0.0022912
1235 0.00228795
1236 0.0022851
1237 0.00228324
1238 0.00228098
1239 0.00227834
1240 0.00227532
1241 0.00227241
1242 0.00226942
1243 0.00226695
1244 0.00226456
1245 0.00226429
1247 0.00226101
1248 0.0022583
1249 0.00225511
1250 0.00225235
1251 0.00225052
1252 0.00224873
1253 0.0022464
1254 0.00224543
1255 0.00224304
1256 0.0022408
1258 0.00224035
1259 0.0022376
1260 0.00223496
1261 0.00223278
1262 0.00223206
1264 0.0022308
1265 0.00222836
1266 0.00222602
1267 0.00222412
1268 0.00222341
1270 0.00222152
1271 0.00222043
1272 0.0022194
1273 0.00221769
1275 0.00221623
1276 0.00221296
1277 0.00221038
1278 0.00220865
1279 0.0022069
1280 0.00220623
1281 0.00220622
1284 0.00220421
1285 0.00220235
1286 0.00220048
1287 0.00219842
1288 0.00219726
1290 0.00219722
1291 0.00219579
1292 0.00219442
1293 0.00219135
1294 0.00218974
1295 0.00218772
1296 0.00218593
1297 0.00218516
1298 0.00218502
1300 0.00218486
1302 0.00218345
1303 0.00218139
1304 0.00217738
1305 0.00217527
1306 0.00217326
1307 0.00217256
1308 0.00217068
1309 0.00216947
1310 0.00216846
1311 0.00216765
1312 0.00216664
1315 0.0021633
1316 0.00216068
1317 0.00215864
1318 0.00215728
1319 0.00215712
1320 0.00215708
1321 0.00215614
1322 0.00215264
1323 0.00215053
1324 0.00214908
1325 0.00214798
1327 0.00214498
1328 0.00214216
1329 0.00214027
1330 0.00213866
1331 0.0021369
1332 0.00213371
1333 0.0021311
1334 0.00212877
1335 0.00212661
1336 0.00212539
1337 0.00212396
1338 0.00212271
1339 0.00212087
1340 0.00212024
1342 0.00211962
1343 0.00211567
1344 0.00211298
1345 0.00211053
1346 0.00210918
1347 0.00210881
1348 0.00210837
1351 0.00210592
1352 0.00210307
1353 0.00210137
1354 0.00209981
1355 0.00209755
1356 0.00209527
1357 0.00209481
1358 0.00209156
1359 0.00209134
1361 0.00208833
1362 0.00208581
1363 0.00208377
1364 0.00208276
1365 0.00208223
1366 0.00208203
1367 0.00208071
1369 0.00208039
1370 0.00207719
1371 0.00207572
1372 0.00207424
1373 0.00207364
1378 0.00207044
1379 0.0020704
1380 0.00207026
1381 0.00206744
1382 0.00206558
1383 0.00206465
1384 0.00206235
1385 0.00205981
1388 0.00205907
1389 0.00205889
1390 0.00205615
1391 0.0020544
1392 0.00205239
1393 0.00205186
1396 0.00204851
1397 0.00204709
1398 0.00204556
1399 0.00204293
1400 0.00204082
1401 0.00203797
1402 0.00203514
1403 0.00203238
1404 0.0020296
1405 0.00202681
1406 0.00202399
1407 0.00202125
1408 0.00201848
1409 0.00201574
1410 0.00201304
1411 0.00201036
1412 0.00200771
1413 0.00200505
1414 0.00200242
1415 0.00199986
1416 0.00199738
1417 0.00199508
1418 0.00199318
1419 0.00199053
1420 0.00198835
1421 0.00198577
1422 0.00198527
1423 0.00198518
1424 0.00198265
1425 0.00197996
1426 0.00197872
1427 0.00197718
1430 0.00197518
1431 0.00197467
1432 0.00197361
1433 0.00197231
1434 0.00197064
1435 0.0019692
1436 0.00196664
1437 0.00196415
1438 0.00196277
1439 0.00196274
1440 0.00196199
1441 0.0019595
1442 0.00195676
1443 0.001955
1444 0.00195395
1445 0.00195188
1446 0.00195006
1447 0.00194751
1448 0.00194514
1449 0.00194286
1450 0.00194233
1451 0.0019397
1452 0.00193924
1454 0.00193617
1455 0.00193357
1456 0.00193142
1457 0.0019304
1458 0.00192802
1459 0.00192544
1460 0.00192355
1461 0.00192319
1462 0.00192288
1463 0.00192015
1464 0.00191749
1465 0.00191493
1466 0.00191266
1467 0.00191082
1468 0.00190992
1469 0.00190776
1470 0.0019055
1471 0.00190545
1472 0.00190462
1473 0.00190308
1474 0.0019002
1475 0.00189785
1476 0.00189651
1477 0.00189544
1478 0.00189503
1479 0.00189469
1480 0.00189367
1481 0.00189323
1482 0.00189067
1485 0.00188757
1486 0.00188524
1487 0.00188501
1488 0.00188471
1489 0.00188445
1490 0.00188386
1491 0.00188293
1494 0.00187988
1495 0.00187817
1496 0.00187576
1497 0.00187357
1498 0.00187118
1499 0.0018692
1500 0.00186798
1501 0.00186765
1503 0.00186597
1504 0.00186415
1505 0.00186128
1506 0.00185847
1507 0.00185579
1508 0.00185318
1509 0.00185068
1510 0.00184803
1511 0.00184532
1512 0.00184261
1513 0.0018399
1514 0.00183758
1515 0.00183546
1516 0.0018332
1517 0.00183079
1518 0.00182908
1519 0.0018285
1521 0.00182733
1522 0.00182498
1523 0.0018238
1524 0.00182122
1525 0.0018191
1526 0.00181677
1527 0.00181506
1528 0.00181252
1529 0.00180975
1530 0.00180709
1531 0.00180464
1532 0.00180239
1533 0.00179989
1534 0.00179795
1535 0.00179606
1536 0.00179311
1537 0.00179042
1538 0.00178777
1539 0.0017851
1540 0.00178256
1541 0.00178001
1542 0.00177738
1543 0.00177487
1544 0.00177235
1545 0.00176987
1546 0.00176724
1547 0.00176454
1548 0.001762
1549 0.00175932
1550 0.00175676
1551 0.00175421
1552 0.00175164
1553 0.00174902
1554 0.00174653
1555 0.00174431
1556 0.00174164
1557 0.00173898
1558 0.00173641
1559 0.00173385
1560 0.00173135
1561 0.00172909
1562 0.00172704
1563 0.00172563
1564 0.00172352
1565 0.00172211
1566 0.00171936
1567 0.00171672
1568 0.00171427
1569 0.00171165
1570 0.00170902
1571 0.0017064
1572 0.00170382
1573 0.00170136
1574 0.00169874
1575 0.00169613
1576 0.00169356
1577 0.00169117
1578 0.00168856
1579 0.00168611
1580 0.00168353
1581 0.001681
1582 0.00167853
1583 0.00167601
1584 0.00167358
1585 0.001671
1586 0.00166897
1587 0.00166666
1588 0.00166455
1589 0.00166333
1590 0.00166077
1591 0.00165814
1592 0.00165555
1593 0.00165305
1594 0.00165068
1595 0.00164809
1596 0.00164565
1597 0.00164336
1598 0.00164099
1599 0.00163898
1600 0.00163653
1601 0.00163397
1602 0.00163148
1603 0.00162905
1604 0.00162658
1605 0.00162409
1606 0.00162174
1607 0.00161928
1608 0.00161682
1609 0.00161432
1610 0.00161189
1611 0.00160981
1612 0.00160817
1613 0.0016068
1614 0.00160428
1615 0.00160191
1616 0.00159965
1617 0.00159732
1618 0.00159478
1619 0.00159234
1620 0.00158987
1621 0.00158757
1622 0.00158507
1623 0.00158263
1624 0.00158038
1625 0.00157793
1626 0.00157547
1627 0.00157302
1628 0.00157068
1629 0.00156833
1630 0.00156606
1631 0.00156447
1632 0.00156312
1633 0.00156122
1634 0.00155902
1635 0.0015574
1636 0.00155532
1637 0.001553
1638 0.00155094
1639 0.00154923
1640 0.00154758
1641 0.00154635
1643 0.0015462
1644 0.0015446
1645 0.0015427
1647 0.00154265
1648 0.00154074
1649 0.00153979
1650 0.00153916
1652 0.00153812
1653 0.00153618
1654 0.00153476
1655 0.00153448
1656 0.00153447
1657 0.00153289
1658 0.0015322
1659 0.00153159
1661 0.00153049
1662 0.0015283
1663 0.00152628
1664 0.00152483
1665 0.0015244
1667 0.00152405
1668 0.00152332
1669 0.0015226
1671 0.00152203
1672 0.00151954
1673 0.00151774
1674 0.00151672
1675 0.00151657
1679 0.00151426
1680 0.00151226
1682 0.00151217
1683 0.00151023
1684 0.00150922
1686 0.00150911
1687 0.00150699
1688 0.00150617
1689 0.00150585
1690 0.00150452
1691 0.00150386
1693 0.00150379
1695 0.00150269
1696 0.00150062
1697 0.00149969
1698 0.00149855
1699 0.00149836
1705 0.00149633
1706 0.00149437
1707 0.00149312
1710 0.0014927
1712 0.00149136
1713 0.00149023
1714 0.00148939
1715 0.00148732
1717 0.00148702
1718 0.00148481
1719 0.00148278
1720 0.00148074
1721 0.00147903
1722 0.00147816
1723 0.00147752
1727 0.00147557
1728 0.00147367
1729 0.00147189
1730 0.00147044
1731 0.00146909
1732 0.0014686
1735 0.00146654
1737 0.00146605
1738 0.00146457
1739 0.00146243
1740 0.00146108
1741 0.00145969
1742 0.00145918
1744 0.00145884
1745 0.00145711
1746 0.00145504
1747 0.00145395
1748 0.00145349
1749 0.00145327
1750 0.00145172
1753 0.0014497
1754 0.00144885
1756 0.00144879
1757 0.00144754
1758 0.001447
1759 0.00144671
1760 0.00144665
1762 0.00144599
1763 0.00144369
1764 0.0014421
1765 0.00144142
1766 0.00144115
1770 0.00143918
1771 0.00143793
1772 0.00143772
1773 0.00143763
1774 0.00143595
1777 0.00143434
1778 0.00143321
1779 0.00143296
1781 0.00143234
1783 0.00142962
1784 0.00142798
1785 0.00142672
1786 0.00142597
1787 0.00142568
1790 0.00142519
1791 0.00142297
1792 0.00142175
1793 0.00142116
1794 0.00142083
1795 0.0014192
1796 0.00141836
1799 0.00141718
1800 0.00141557
1801 0.00141434
1802 0.0014132
1803 0.0014131
1804 0.00141292
1807 0.00141151
1808 0.00140959
1809 0.00140848
1812 0.00140603
1813 0.00140478
1815 0.0014045
1816 0.00140313
1818 0.0014031
1819 0.00140162
1820 0.00140127
1821 0.00140123
1822 0.00139974
1823 0.00139786
1824 0.00139659
1825 0.00139557
1826 0.00139449
1827 0.00139242
1828 0.00139122
1829 0.00138993
1830 0.00138887
1831 0.00138781
1832 0.00138743
1834 0.00138629
1837 0.00138504
1838 0.00138269
1839 0.0013819
1841 0.00138173
1842 0.00138062
1843 0.00137884
1844 0.00137763
1845 0.00137694
1849 0.00137684
1850 0.00137478
1851 0.00137323
1852 0.00137151
1853 0.0013697
1854 0.00136791
1855 0.00136727
1856 0.00136532
1857 0.00136336
1858 0.00136151
1859 0.00135992
1860 0.00135892
1861 0.00135838
1862 0.00135837
1863 0.00135834
1865 0.00135704
1866 0.00135569
1867 0.00135326
1868 0.00135122
1869 0.00134968
1870 0.0013484
1871 0.00134817
1873 0.00134793
1874 0.0013476
1875 0.00134669
1877 0.00134592
1878 0.00134362
1879 0.00134143
1880 0.0013395
1881 0.00133757
1882 0.00133577
1883 0.00133437
1884 0.00133264
1885 0.00133118
1886 0.00133055
1888 0.00133018
1890 0.00132945
1891 0.00132885
1892 0.00132689
1893 0.00132506
1894 0.0013241
1895 0.00132172
1896 0.00131985
1897 0.00131839
1898 0.00131805
1899 0.00131766
1901 0.00131748
1902 0.00131708
1904 0.00131616
1906 0.00131595
1907 0.00131365
1908 0.00131233
1909 0.00131093
1910 0.00130967
1911 0.0013081
1912 0.00130734
1913 0.00130667
1915 0.00130584
1917 0.001304
1918 0.00130343
1919 0.00130329
1920 0.00130238
1921 0.00130214
1922 0.00130092
1923 0.00129994
1924 0.00129808
1925 0.00129686
1926 0.0012959
1927 0.00129503
1928 0.00129453
1929 0.00129447
1930 0.00129335
1932 0.00129302
1933 0.00129086
1934 0.00129045
1935 0.00129039
1936 0.00129001
1938 0.0012899
1941 0.00128836
1943 0.00128831
1944 0.00128603
1945 0.00128428
1946 0.0012829
1947 0.00128126
1948 0.00128056
1949 0.00128048
1950 0.0012802
1952 0.00127995
1953 0.00127823
1954 0.00127675
1955 0.00127511
1958 0.00127384
1959 0.00127365
1960 0.0012733
1961 0.00127212
1962 0.0012717
1963 0.00127167
1964 0.00127112
1965 0.00127104
1967 0.00126831
1968 0.00126626
1969 0.00126435
1970 0.00126259
1971 0.00126073
1972 0.00125926
1973 0.00125765
1974 0.00125662
1975 0.00125557
1976 0.00125537
1977 0.0012552
1979 0.00125516
1980 0.00125311
1981 0.0012519
1982 0.00125139
1984 0.00125011
1985 0.00124878
1987 0.00124828
1988 0.00124736
1990 0.00124689
1991 0.00124537
1992 0.00124457
1993 0.00124422
1995 0.00124306
1996 0.00124285
1997 0.00124245
1998 0.00124114
1999 0.00123899
2000 0.00123818
2001 0.001238
2002 0.00123782
2004 0.00123775
2005 0.00123662
2006 0.00123594
2007 0.00123452
2010 0.00123296
2011 0.00123268
2012 0.00123251
2014 0.00123117
2015 0.00122992
2016 0.00122811
2017 0.00122742
2019 0.00122635
2020 0.00122627
2021 0.00122542
2022 0.00122497
2023 0.00122273
2024 0.00122139
2025 0.00122031
2026 0.0012194
2027 0.0012184
2028 0.00121761
2029 0.00121732
2030 0.00121705
2031 0.00121489
2032 0.00121449
2034 0.0012123
2035 0.00121063
2036 0.00120956
2040 0.00120931
2042 0.00120893
2043 0.00120846
2045 0.00120687
2046 0.00120648
2049 0.0012043
2050 0.0012037
2052 0.00120323
2053 0.0012032
2054 0.00120253
2055 0.00120223
2057 0.00120099
2058 0.0011998
2059 0.00119762
2060 0.00119594
2061 0.00119467
2062 0.00119302
2063 0.00119255
2064 0.00119229
2065 0.00119228
2067 0.00119227
2070 0.00119002
2071 0.00118915
2072 0.0011887
2073 0.00118838
2074 0.00118765
2075 0.00118635
2076 0.00118618
2077 0.00118556
2078 0.00118449
2079 0.00118401
2080 0.00118225
2081 0.00118034
2082 0.00117901
2083 0.00117875
2085 0.00117729
2086 0.00117584
2087 0.00117427
2088 0.00117379
2089 0.00117372
2090 0.0011729
2091 0.00117215
2092 0.00117168
2093 0.00117129
2094 0.0011698
2095 0.00116842
2096 0.00116694
2097 0.001166
2099 0.00116598
2100 0.00116469
2101 0.00116328
2102 0.00116241
2103 0.00116222
2105 0.00116117
2106 0.0011597
2107 0.00115818
2108 0.0011573
2109 0.00115641
2111 0.0011558
2112 0.00115369
2113 0.00115268
2114 0.00115254
2115 0.00115253
2116 0.00115179
2117 0.0011503
2118 0.00114958
2119 0.00114858
2122 0.00114734
2123 0.00114582
2124 0.0011443
2125 0.00114349
2126 0.00114309
2127 0.00114283
2128 0.0011418
2130 0.00114144
2131 0.00113971
2132 0.00113841
2133 0.00113738
2134 0.00113615
2135 0.00113573
2136 0.00113491
2137 0.00113471
2138 0.00113452
2139 0.00113235
2140 0.00113124
2141 0.00113084
2142 0.00113081
2143 0.00113056
2145 0.0011305
2146 0.00112917
2147 0.001129
2148 0.00112891
2149 0.00112833
2150 0.00112799
2151 0.00112585
2152 0.0011246
2153 0.00112395
2158 0.00112273
2159 0.00112124
2160 0.00112064
2161 0.00112056
2162 0.0011193
2164 0.001119
2165 0.0011176
2166 0.00111694
2168 0.00111693
2169 0.00111683
2170 0.0011167
2172 0.00111654
2173 0.00111481
2174 0.00111378
2175 0.00111219
2176 0.00111088
2177 0.00110957
2178 0.00110853
2179 0.00110845
2181 0.00110669
2182 0.00110496
2183 0.00110336
2184 0.00110237
2185 0.00110177
2186 0.00110021
2187 0.00109907
2190 0.00109807
2191 0.00109685
2192 0.0010964
2193 0.00109627
2195 0.00109624
2196 0.00109579
2197 0.00109566
2198 0.00109486
2199 0.00109453
2200 0.00109421
2201 0.00109352
2202 0.00109236
2203 0.00109201
2206 0.00109077
2208 0.00108958
2209 0.00108902
2211 0.00108802
2212 0.00108766
2214 0.00108725
2215 0.00108642
2216 0.00108432
2217 0.0010831
2218 0.00108199
2219 0.00108103
2220 0.00107978
2221 0.0010796
2222 0.00107959
2224 0.00107911
2225 0.00107803
2226 0.00107781
2227 0.00107749
2228 0.0010762
2229 0.00107599
2230 0.00107583
2232 0.00107543
2233 0.00107407
2234 0.00107372
2235 0.00107368
2236 0.00107333
2238 0.00107319
2240 0.0010729
2241 0.00107093
2242 0.0010707
2243 0.00107059
2245 0.00107031
2246 0.00106896
2247 0.00106885
2248 0.00106879
2249 0.00106852
2252 0.00106846
2253 0.00106765
2256 0.00106574
2257 0.0010653
2258 0.00106523
2259 0.00106403
2260 0.00106381
2263 0.0010635
2266 0.00106246
2267 0.0010605
2268 0.00106013
2269 0.00106007
2270 0.00105987
2271 0.00105944
2272 0.00105787
2273 0.00105647
2274 0.00105519
2275 0.0010539
2276 0.00105288
2278 0.00105226
2279 0.00105188
2281 0.00105088
2282 0.00105019
2285 0.00104933
2286 0.00104879
2289 0.00104686
2290 0.00104567
2291 0.00104515
2292 0.00104512
2293 0.00104431
2296 0.00104321
2297 0.00104214
2299 0.00104185
2300 0.00104162
2301 0.00104154
2304 0.00103971
2305 0.00103901
2306 0.00103781
2307 0.00103619
2308 0.00103532
2309 0.00103515
2310 0.00103491
2312 0.00103409
2313 0.00103318
2314 0.0010321
2315 0.00103091
2317 0.00103077
2318 0.00102976
2320 0.00102932
2321 0.00102862
2323 0.00102735
2324 0.00102702
2325 0.00102698
2326 0.00102679
2327 0.00102651
2328 0.00102496
2329 0.00102384
2332 0.00102214
2333 0.00102075
2334 0.00101926
2335 0.00101793
2336 0.00101687
2337 0.00101575
2338 0.00101493
2340 0.00101472
2341 0.00101312
2342 0.00101166
2343 0.00101102
2344 0.00100996
2345 0.00100917
2346 0.00100815
2347 0.00100727
2348 0.00100697
2351 0.00100551
2352 0.00100375
2353 0.00100352
2354 0.0010035
2359 0.00100222
2360 0.00100161
2361 0.00100128
2363 0.000999685
2364 0.000997855
2365 0.000996524
2366 0.000995572
2367 0.000995017
2368 0.000995016
2369 0.000994091
2370 0.000993285
2371 0.000992195
2372 0.000992089
2375 0.000991296
2376 0.000989417
2377 0.000988713
2378 0.000988368
2380 0.000987688
2383 0.000986449
2384 0.000986103
2385 0.000985928
2386 0.000985451
2387 0.000985182
2388 0.000984523
2389 0.000982386
2390 0.000981131
2391 0.000980214
2392 0.000979266
2393 0.00097925
2394 0.000978866
2395 0.000978491
2397 0.000976625
2398 0.000975502
2399 0.000974773
2400 0.000974182
2402 0.000974121
2404 0.000973373
2405 0.000972549
2407 0.000972107
2408 0.00097187
2409 0.000971347
2412 0.00096991
2413 0.000968789
2414 0.00096864
2415 0.000968527
2416 0.000967542
2417 0.000966669
2418 0.000965695
2419 0.000963818
2420 0.000962069
2421 0.000960409
2422 0.00095891
2423 0.000957304
2424 0.000955807
2425 0.000954134
2426 0.000952464
2427 0.000950802
2428 0.000949164
2429 0.00094758
2430 0.000946288
2431 0.000944695
2432 0.000943165
2433 0.000941574
2434 0.000939979
2435 0.000938401
2436 0.000936803
2437 0.000935311
2438 0.000933782
2439 0.000932183
2440 0.000930585
2441 0.000929105
2442 0.000927542
2443 0.00092598
2444 0.000924446
2445 0.00092287
2446 0.000921613
2447 0.000920828
2448 0.000920098
2449 0.000919632
2450 0.000919605
2451 0.000918094
2452 0.000917064
2453 0.000915488
2454 0.000914171
2455 0.000912865
2456 0.000911351
2457 0.000909943
2458 0.000908453
2459 0.000907042
2460 0.000905505
2461 0.000903946
2462 0.000902454
2463 0.000901024
2464 0.000900005
2465 0.000898695
2466 0.000897734
2467 0.000896267
2468 0.000895134
2469 0.000893608
2470 0.000892595
2471 0.000891621
2472 0.000890432
2473 0.000889252
2474 0.000888129
2475 0.000887301
2476 0.00088634
2477 0.000885855
2478 0.000884874
2481 0.000883137
2482 0.000882333
2483 0.00088213
2484 0.000882104
2485 0.000881671
2486 0.000881095
2487 0.000880996
2492 0.000879098
2493 0.000878393
2494 0.000877529
2496 0.000876938
2497 0.000876819
2499 0.000876554
2502 0.000876319
2503 0.000875183
2506 0.000874141
2507 0.000872952
2508 0.000872494
2510 0.0008723
2512 0.000872156
2513 0.00087205
2516 0.000870629
2517 0.000870132
2520 0.000870092
2524 0.000868787
2525 0.000867989
2527 0.000867936
2530 0.000866868
2531 0.000866391
2533 0.000866367
2534 0.000866274
2535 0.000866136
2538 0.000865776
2540 0.000865044
2541 0.000864197
2544 0.000862631
2545 0.000861676
2546 0.000861128
2547 0.000860966
2549 0.000860799
2551 0.000859952
2552 0.00085862
2554 0.000858521
2555 0.000857053
2556 0.000857015
2557 0.000857013
2558 0.000856956
2559 0.000856862
2561 0.000856813
2564 0.000855169
2565 0.00085461
2566 0.00085427
2567 0.000852657
2568 0.000851191
2569 0.000850225
2570 0.000849703
2571 0.000849366
2573 0.000848631
2574 0.000848387
2575 0.000848214
2576 0.000847671
2577 0.000846057
2578 0.000844949
2579 0.000843602
2580 0.000843328
2581 0.000843266
2582 0.00084325
2586 0.000842302
2588 0.000840696
2589 0.000840455
2590 0.000840376
2591 0.000839421
2592 0.000838223
2593 0.000837449
2594 0.000837096
2595 0.000837062
2596 0.000835824
2597 0.000835171
2598 0.00083397
2599 0.000832723
2600 0.000831755
2601 0.0008309
2602 0.000830584
2603 0.00082987
2604 0.000828349
2605 0.000827759
2606 0.000827315
2607 0.000827108
2610 0.000826422
2611 0.000826142
2612 0.000826025
2614 0.000825944
2615 0.000824144
2616 0.000823521
2617 0.000823293
2619 0.000822821
2620 0.000822812
2621 0.000821221
2622 0.000820012
2623 0.000818614
2624 0.000817527
2625 0.000816299
2626 0.000815139
2627 0.000813974
2628 0.000812845
2631 0.000812279
2632 0.000812243
2633 0.000811408
2635 0.000811331
2637 0.000811286
2639 0.000810585
2640 0.000809261
2641 0.00080861
2642 0.000808014
2645 0.000806891
2646 0.000805874
2647 0.0008055
2648 0.000805499
2649 0.000805449
2652 0.000805342
2654 0.000804917
2655 0.000803798
2656 0.000803467
2659 0.000802501
2660 0.000801835
2661 0.000801563
2663 0.000801538
2665 0.000801237
2667 0.000800887
2669 0.000800118
2670 0.000798937
2671 0.00079891
2672 0.000798811
2675 0.000797331
2676 0.000796328
2677 0.000795679
2682 0.000794514
2683 0.000793953
2684 0.000793814
2685 0.000793684
2686 0.000793401
2687 0.000793179
2688 0.00079253
2689 0.000791981
2691 0.000791757
2692 0.000790204
2693 0.00078926
2694 0.000788746
2695 0.000788387
2696 0.00078837
2697 0.000788155
2700 0.000787457
2701 0.000787445
2703 0.000785873
2708 0.000784789
2709 0.00078404
2710 0.000783404
2711 0.000783078
2712 0.000783077
2713 0.000782874
2715 0.000781273
2716 0.000779943
2717 0.000778558
2718 0.000777189
2719 0.000775857
2720 0.000774451
2721 0.000773137
2722 0.000771801
2723 0.000770565
2724 0.000769323
2725 0.000768088
2726 0.000767095
2727 0.000766355
2728 0.000765938
2729 0.000764984
2730 0.000763637
2731 0.000762263
2732 0.000760812
2733 0.000759401
2734 0.000758048
2735 0.000756748
2736 0.000755322
2737 0.000753911
2738 0.00075251
2739 0.000751149
2740 0.000749744
2741 0.000748364
2742 0.000746997
2743 0.00074561
2744 0.000744482
2745 0.000743259
2746 0.000741999
2747 0.000740957
2748 0.000739966
2749 0.000739207
2750 0.000738632
2751 0.000738323
2752 0.000738301
2753 0.000736963
2754 0.000735611
2755 0.000734312
2756 0.00073314
2757 0.000731665
2758 0.000730602
2759 0.000729692
2760 0.000729454
2761 0.000729434
2763 0.00072912
2764 0.000728461
2765 0.000728457
2766 0.000728222
2768 0.000726853
2770 0.00072665
2773 0.000726151
2774 0.00072608
2775 0.000725564
2776 0.000724553
2779 0.000724005
2780 0.000723773
2781 0.000723711
2782 0.000722715
2785 0.000722662
2787 0.000722601
2789 0.000721147
2790 0.000720999
2792 0.000720133
2793 0.00071935
2796 0.00071809
2797 0.000717645
2798 0.000717228
2800 0.000716744
2801 0.000716186
2802 0.000715985
2803 0.000715722
2804 0.000715155
2805 0.000714278
2806 0.000714203
2807 0.000713908
2808 0.000712487
2809 0.00071176
2810 0.00071169
2812 0.000710968
2813 0.000709698
2814 0.000708908
2815 0.00070853
2816 0.000708449
2817 0.000708184
2818 0.00070765
2819 0.000707489
2820 0.000706303
2821 0.000705352
2822 0.000704981
2825 0.000703732
2826 0.000703073
2827 0.000702934
2829 0.000702889
2830 0.00070283
2831 0.000702285
2832 0.000701782
2833 0.000700418
2834 0.000700316
2835 0.000700134
2836 0.000698709
2837 0.000697397
2838 0.000696509
2839 0.000696103
2840 0.000694855
2841 0.000694196
2842 0.000693713
2843 0.000692518
2844 0.000691263
2845 0.000690471
2846 0.000689286
2847 0.00068885
2848 0.000688489
2851 0.000688259
2852 0.000687343
2853 0.000686206
2854 0.000685243
2855 0.000684242
2857 0.000683984
2858 0.00068299
2859 0.00068267
2861 0.00068253
2864 0.000682466
2865 0.00068174
2866 0.000681583
2867 0.000681421
2868 0.000681011
2869 0.000679759
2870 0.00067945
2871 0.000678399
2872 0.000678133
2874 0.000677237
2875 0.000676444
2876 0.000675351
2877 0.000674267
2878 0.000673139
2879 0.000672112
2880 0.00067127
2881 0.000670462
2886 0.000669816
2887 0.000669046
2889 0.000669021
2890 0.000668826
2891 0.000668507
2893 0.00066842
2894 0.000667398
2895 0.000666862
2896 0.000665694
2897 0.000665309
2898 0.000665087
2899 0.00066418
2900 0.000663334
2901 0.00066243
2902 0.000662133
2905 0.000661914
2907 0.000660517
2908 0.000659519
2909 0.000658918
2910 0.000658755
2911 0.00065854
2912 0.000658186
2915 0.000657289
2916 0.000656783
2917 0.000656631
2918 0.000656536
2919 0.000656138
2920 0.000655675
2923 0.0006552
2925 0.00065428
2926 0.000653267
2927 0.000652719
2930 0.00065231
2934 0.000651412
2936 0.000651357
2937 0.000650025
2938 0.000649205
2941 0.000648592
2942 0.000648585
2943 0.00064858
2944 0.000648482
2947 0.000647933
2948 0.000647178
2950 0.000647082
2951 0.000645999
2952 0.000645851
2953 0.000645818
2954 0.000645232
2955 0.000645105
2959 0.000643916
2960 0.000643155
2961 0.000642126
2962 0.000641074
2963 0.000640826
2964 0.000640807
2965 0.000640471
2967 0.000640242
2968 0.000639842
2970 0.000638647
2972 0.000638516
2973 0.000638085
2977 0.000637342
2978 0.000636986
2979 0.000636904
2980 0.000636083
2981 0.000635081
2982 0.000634377
2983 0.000633559
2984 0.000632815
2986 0.000632667
2988 0.00063251
2989 0.000631774
2992 0.000631636
2994 0.000631159
2995 0.000630626
2996 0.000630505
2998 0.000629831
2999 0.000628919
3002 0.000628044
3003 0.000627787
3006 0.000627779
3008 0.000627749
3009 0.000627572
3011 0.00062695
3013 0.000626742
3014 0.000625907
3015 0.00062516
3016 0.000624262
3017 0.000623331
3018 0.000622142
3019 0.00062098
3020 0.00062015
3021 0.00061924
3022 0.000618422
3023 0.000617684
3024 0.000617031
3025 0.000616298
3026 0.000615154
3027 0.000614169
3028 0.000613569
3029 0.000612296
3030 0.000611527
3031 0.000610798
3032 0.000610412
3033 0.000610247
3034 0.000610174
3036 0.000610162
3037 0.000609343
3040 0.000608132
3042 0.000608041
3043 0.000607614
3044 0.000607422
3046 0.000607307
3047 0.000607293
3048 0.000607001
3049 0.000606951
3052 0.000605661
3053 0.000605246
3054 0.000604779
3060 0.000604764
3062 0.000604212
3063 0.000603445
3065 0.000603308
3066 0.000602246
3067 0.000601305
3068 0.000600563
3069 0.000599855
3070 0.000598959
3071 0.000598029
3072 0.00059738
3073 0.000597025
3074 0.000596622
3075 0.000596044
3076 0.000596043
3078 0.000593927
3079 0.00059301
3080 0.000592594
3081 0.000592223
3082 0.000591566
3083 0.000590982
3084 0.000590629
3086 0.000589926
3087 0.000589148
3088 0.000588495
3089 0.000587643
3090 0.000586879
3091 0.000586117
3092 0.000585532
3095 0.000584593
3096 0.000583755
3097 0.000583016
3098 0.00058235
3099 0.00058127
3100 0.000580503
3101 0.000580165
3103 0.000579225
3104 0.000578373
3105 0.000577366
3106 0.000576911
3107 0.000576778
3109 0.000576011
3110 0.000574773
3111 0.000574521
3113 0.000574221
3115 0.000573392
3116 0.000573213
3118 0.000573016
3119 0.000572749
3120 0.000572179
3121 0.000570975
3122 0.000570292
3123 0.000570033
3124 0.000569956
3125 0.00056993
3126 0.000569692
3129 0.00056906
3130 0.000568857
3132 0.000567983
3135 0.000567601
3136 0.000567499
3137 0.000566959
3140 0.000566954
3141 0.000566745
