1 5427.67
8 4435.05
9 3543.16
10 2906.64
11 2297.24
12 1820.67
13 1444.5
14 1143.52
15 917.544
16 596.322
17 513.249
18 506.332
19 339.389
20 243.181
21 183.094
22 156.581
26 125.36
27 98.1259
28 80.1954
30 61.6436
31 50.6728
32 34.1881
34 24.3087
36 20.184
39 19.2784
42 16.9516
43 13.3263
46 13.0214
50 12.3703
54 12.1207
55 10.6865
56 9.54769
57 8.07137
58 7.40334
59 7.28284
61 7.12457
62 4.73481
63 4.28279
64 3.78559
67 3.65288
68 3.19318
71 2.94844
74 2.79307
75 2.41905
77 2.27445
82 1.88781
83 1.59905
91 1.59583
94 1.59256
95 1.5223
96 1.48328
97 1.47284
99 1.44906
101 1.43015
102 1.34909
103 1.33806
104 1.32266
105 1.32056
106 1.31312
107 1.30581
110 1.29684
111 1.24988
112 1.22106
113 1.21777
114 1.21235
115 1.19109
116 1.16819
117 1.15203
118 1.13829
121 1.09933
122 1.09118
126 1.06696
127 1.06516
129 1.03295
130 1.0127
131 0.982477
132 0.957526
133 0.933752
134 0.91256
135 0.891194
138 0.882726
139 0.882104
140 0.866749
142 0.857613
143 0.84957
146 0.827874
147 0.818983
150 0.813889
157 0.811428
158 0.81084
159 0.803896
160 0.79494
164 0.793639
165 0.788173
166 0.785494
167 0.782598
168 0.77473
169 0.765749
170 0.760431
171 0.760417
173 0.756369
175 0.755063
177 0.750962
179 0.749416
181 0.748966
183 0.74709
184 0.745409
185 0.743539
186 0.743336
187 0.742807
188 0.7402
189 0.73857
190 0.735395
191 0.732222
192 0.729297
193 0.728133
194 0.725457
195 0.723109
196 0.722627
198 0.721449
199 0.719132
200 0.716213
201 0.713372
202 0.71057
203 0.707836
204 0.705165
205 0.702656
206 0.699994
207 0.696907
208 0.693832
209 0.690748
210 0.687671
211 0.684615
212 0.681669
213 0.679962
214 0.678209
215 0.67646
216 0.674046
217 0.671557
218 0.668796
219 0.667617
221 0.665615
225 0.665116
226 0.66491
228 0.66448
229 0.664419
231 0.662947
232 0.66148
233 0.660015
234 0.658555
235 0.658531
236 0.657212
237 0.65714
238 0.657094
241 0.657008
242 0.656294
243 0.65558
244 0.654866
245 0.654152
246 0.653438
247 0.652725
248 0.652022
249 0.651881
250 0.65136
252 0.651332
253 0.651298
254 0.651228
255 0.651151
256 0.650516
259 0.650423
260 0.649798
263 0.64937
264 0.648711
265 0.648084
267 0.647983
275 0.647781
276 0.647593
277 0.647471
278 0.647267
279 0.647247
281 0.647233
283 0.647131
285 0.647126
