1 6873780000000.0
7 6866460000000.0
8 6859130000000.0
9 6851820000000.0
10 6844500000000.0
11 6837190000000.0
12 6829890000000.0
13 6822620000000.0
14 6815330000000.0
15 6808040000000.0
16 6801110000000.0
17 6793840000000.0
18 6786620000000.0
19 6779340000000.0
20 6772190000000.0
21 6764970000000.0
22 6757730000000.0
23 6750480000000.0
24 6743260000000.0
25 6736020000000.0
26 6728960000000.0
27 6721810000000.0
28 6714570000000.0
29 6707500000000.0
30 6700290000000.0
31 6693320000000.0
32 6686110000000.0
33 6679040000000.0
34 6671850000000.0
35 6664700000000.0
36 6657520000000.0
37 6650430000000.0
38 6643280000000.0
39 6636140000000.0
40 6629010000000.0
41 6621870000000.0
42 6614900000000.0
43 6607740000000.0
44 6600730000000.0
45 6593590000000.0
46 6586550000000.0
47 6579430000000.0
48 6572330000000.0
49 6565280000000.0
50 6558200000000.0
51 6551180000000.0
52 6544060000000.0
53 6537290000000.0
54 6530490000000.0
55 6523360000000.0
56 6518880000000.0
57 6514850000000.0
58 6509490000000.0
59 6502370000000.0
60 6495240000000.0
61 6488120000000.0
62 6481010000000.0
63 6473900000000.0
64 6466790000000.0
65 6459690000000.0
66 6452600000000.0
67 6445530000000.0
68 6438460000000.0
69 6431420000000.0
70 6424350000000.0
71 6417280000000.0
72 6410260000000.0
73 6403250000000.0
74 6396260000000.0
75 6389220000000.0
76 6382220000000.0
77 6375170000000.0
78 6368150000000.0
79 6361310000000.0
80 6354300000000.0
81 6347340000000.0
82 6340320000000.0
83 6333520000000.0
84 6326520000000.0
85 6319800000000.0
86 6312820000000.0
87 6305840000000.0
88 6298850000000.0
89 6292500000000.0
90 6285940000000.0
91 6279730000000.0
92 6273720000000.0
93 6266720000000.0
94 6259730000000.0
95 6252740000000.0
96 6245760000000.0
97 6238780000000.0
98 6231800000000.0
99 6224830000000.0
100 6217870000000.0
101 6211010000000.0
102 6204050000000.0
103 6197100000000.0
104 6190180000000.0
105 6183260000000.0
106 6176320000000.0
107 6169460000000.0
108 6162530000000.0
109 6155610000000.0
110 6150120000000.0
111 6143830000000.0
112 6137360000000.0
113 6130850000000.0
114 6123930000000.0
115 6117020000000.0
116 6110110000000.0
117 6103200000000.0
118 6096300000000.0
119 6089410000000.0
120 6082550000000.0
121 6075670000000.0
122 6068790000000.0
123 6061990000000.0
124 6055110000000.0
125 6048240000000.0
126 6041520000000.0
127 6034650000000.0
128 6027800000000.0
129 6021250000000.0
130 6014400000000.0
131 6007570000000.0
132 6002060000000.0
133 5996940000000.0
134 5990950000000.0
135 5984800000000.0
136 5977970000000.0
137 5971140000000.0
138 5964310000000.0
139 5957490000000.0
140 5950680000000.0
141 5943870000000.0
142 5937070000000.0
143 5930300000000.0
144 5923500000000.0
145 5916710000000.0
146 5909950000000.0
147 5903170000000.0
148 5896390000000.0
149 5889780000000.0
150 5883000000000.0
151 5876230000000.0
152 5869750000000.0
153 5862980000000.0
154 5856230000000.0
155 5850060000000.0
156 5843310000000.0
157 5836580000000.0
158 5834130000000.0
159 5828780000000.0
160 5823880000000.0
161 5818100000000.0
162 5811370000000.0
163 5804630000000.0
164 5797900000000.0
165 5791180000000.0
166 5784460000000.0
167 5777740000000.0
168 5771030000000.0
169 5764320000000.0
170 5757630000000.0
171 5751150000000.0
172 5744460000000.0
173 5737830000000.0
174 5731150000000.0
175 5724520000000.0
176 5717850000000.0
177 5711210000000.0
178 5704550000000.0
179 5697900000000.0
180 5691600000000.0
181 5684970000000.0
182 5678510000000.0
183 5671890000000.0
184 5665250000000.0
185 5658620000000.0
186 5652610000000.0
187 5646870000000.0
188 5640470000000.0
189 5633840000000.0
190 5627260000000.0
191 5620650000000.0
192 5614040000000.0
193 5607420000000.0
194 5600830000000.0
195 5594220000000.0
196 5587620000000.0
197 5581110000000.0
198 5574550000000.0
199 5568010000000.0
200 5561510000000.0
201 5555040000000.0
202 5548470000000.0
203 5541930000000.0
204 5535420000000.0
205 5528930000000.0
206 5522470000000.0
207 5515950000000.0
208 5509690000000.0
209 5503160000000.0
210 5496640000000.0
211 5490270000000.0
212 5483910000000.0
213 5477430000000.0
214 5470950000000.0
215 5464610000000.0
216 5458150000000.0
217 5451770000000.0
218 5445400000000.0
219 5438930000000.0
220 5432570000000.0
221 5426150000000.0
222 5420060000000.0
223 5413880000000.0
224 5407380000000.0
225 5400890000000.0
226 5394400000000.0
227 5387950000000.0
228 5381470000000.0
229 5375060000000.0
230 5368600000000.0
231 5362150000000.0
232 5355710000000.0
233 5349270000000.0
234 5342840000000.0
235 5337220000000.0
236 5330840000000.0
237 5324470000000.0
238 5318110000000.0
239 5311700000000.0
240 5305440000000.0
241 5299030000000.0
242 5292830000000.0
243 5286510000000.0
244 5280280000000.0
245 5273860000000.0
246 5267450000000.0
247 5261080000000.0
248 5254680000000.0
249 5248290000000.0
250 5241910000000.0
251 5235530000000.0
252 5229610000000.0
253 5223240000000.0
254 5216870000000.0
255 5210560000000.0
256 5204240000000.0
257 5197940000000.0
258 5191680000000.0
259 5185320000000.0
260 5178990000000.0
261 5172700000000.0
262 5166380000000.0
263 5160100000000.0
264 5154260000000.0
265 5147930000000.0
266 5141610000000.0
267 5135340000000.0
268 5129150000000.0
269 5122870000000.0
270 5116660000000.0
271 5110490000000.0
272 5104310000000.0
273 5098010000000.0
274 5091820000000.0
275 5085650000000.0
276 5079450000000.0
277 5073230000000.0
278 5066970000000.0
279 5060720000000.0
280 5054500000000.0
281 5048500000000.0
282 5042220000000.0
283 5035960000000.0
284 5029740000000.0
285 5023480000000.0
286 5017230000000.0
287 5010990000000.0
288 5004740000000.0
289 4998530000000.0
290 4992360000000.0
291 4986140000000.0
292 4979950000000.0
293 4973740000000.0
294 4967530000000.0
295 4961370000000.0
296 4955210000000.0
297 4949270000000.0
298 4943100000000.0
299 4936960000000.0
300 4930920000000.0
301 4924720000000.0
302 4918620000000.0
303 4912420000000.0
304 4906230000000.0
305 4900170000000.0
306 4893990000000.0
307 4887880000000.0
308 4881720000000.0
309 4875550000000.0
310 4869400000000.0
311 4863270000000.0
312 4857150000000.0
313 4851120000000.0
314 4845070000000.0
315 4838930000000.0
316 4833280000000.0
317 4827600000000.0
318 4821470000000.0
319 4815350000000.0
320 4809220000000.0
321 4803100000000.0
322 4797130000000.0
323 4791100000000.0
324 4784980000000.0
325 4778880000000.0
326 4772820000000.0
327 4766730000000.0
328 4760650000000.0
329 4754710000000.0
330 4748650000000.0
331 4742690000000.0
332 4736710000000.0
333 4730800000000.0
334 4724890000000.0
335 4718830000000.0
336 4712800000000.0
337 4706780000000.0
338 4700780000000.0
339 4694890000000.0
340 4688990000000.0
341 4683040000000.0
342 4677290000000.0
343 4671300000000.0
344 4665620000000.0
345 4659820000000.0
346 4653790000000.0
347 4647770000000.0
348 4641800000000.0
349 4635790000000.0
350 4629780000000.0
351 4623960000000.0
352 4617950000000.0
353 4612020000000.0
354 4606030000000.0
355 4600040000000.0
356 4594070000000.0
357 4588250000000.0
358 4582330000000.0
359 4576360000000.0
360 4570540000000.0
361 4564970000000.0
362 4559430000000.0
363 4553460000000.0
364 4547510000000.0
365 4541560000000.0
366 4535600000000.0
367 4529650000000.0
368 4523720000000.0
369 4517790000000.0
370 4511850000000.0
371 4505950000000.0
372 4500020000000.0
373 4494120000000.0
374 4488210000000.0
375 4482320000000.0
376 4476430000000.0
377 4470580000000.0
378 4464700000000.0
379 4458880000000.0
380 4453020000000.0
381 4447230000000.0
382 4441400000000.0
383 4435620000000.0
384 4429900000000.0
385 4424100000000.0
386 4418270000000.0
387 4412480000000.0
388 4406670000000.0
389 4400970000000.0
390 4395170000000.0
391 4389370000000.0
392 4383620000000.0
393 4377880000000.0
394 4372290000000.0
395 4366490000000.0
396 4360820000000.0
397 4355050000000.0
398 4349690000000.0
399 4343980000000.0
400 4338200000000.0
401 4332590000000.0
402 4326840000000.0
403 4321160000000.0
404 4315490000000.0
405 4309890000000.0
406 4304210000000.0
407 4298570000000.0
408 4292820000000.0
409 4288530000000.0
410 4283740000000.0
411 4277960000000.0
412 4272180000000.0
413 4266440000000.0
414 4260670000000.0
415 4254900000000.0
416 4249140000000.0
417 4243500000000.0
418 4237750000000.0
419 4232050000000.0
420 4226380000000.0
421 4220650000000.0
422 4214930000000.0
423 4209220000000.0
424 4203520000000.0
425 4197870000000.0
426 4192180000000.0
427 4186700000000.0
428 4181130000000.0
429 4175450000000.0
430 4169950000000.0
431 4164310000000.0
432 4158700000000.0
433 4153200000000.0
434 4147520000000.0
435 4141940000000.0
436 4136340000000.0
437 4130820000000.0
438 4125730000000.0
439 4120630000000.0
440 4114950000000.0
441 4109290000000.0
442 4103890000000.0
443 4098230000000.0
444 4092580000000.0
445 4086940000000.0
446 4081430000000.0
447 4075790000000.0
448 4070160000000.0
449 4064530000000.0
450 4058910000000.0
451 4053290000000.0
452 4047670000000.0
453 4042190000000.0
454 4036760000000.0
455 4031150000000.0
456 4025570000000.0
457 4019980000000.0
458 4014430000000.0
459 4008950000000.0
460 4003440000000.0
461 3997860000000.0
462 3992390000000.0
463 3986830000000.0
464 3981400000000.0
465 3975910000000.0
466 3970610000000.0
467 3965070000000.0
468 3959770000000.0
469 3954250000000.0
470 3948960000000.0
471 3943430000000.0
472 3938110000000.0
473 3932620000000.0
474 3927520000000.0
475 3922060000000.0
476 3916580000000.0
477 3911130000000.0
478 3905960000000.0
479 3900580000000.0
480 3895110000000.0
481 3889890000000.0
482 3884460000000.0
483 3879230000000.0
484 3874000000000.0
485 3868550000000.0
486 3863680000000.0
487 3858910000000.0
488 3853710000000.0
489 3848220000000.0
490 3842730000000.0
491 3837250000000.0
492 3831790000000.0
493 3826420000000.0
494 3820960000000.0
495 3815510000000.0
496 3810050000000.0
497 3804690000000.0
498 3799240000000.0
499 3793850000000.0
500 3788420000000.0
501 3783060000000.0
502 3777650000000.0
503 3772290000000.0
504 3766970000000.0
505 3761550000000.0
506 3756150000000.0
507 3750950000000.0
508 3746030000000.0
509 3740840000000.0
510 3735430000000.0
511 3730190000000.0
512 3724800000000.0
513 3719600000000.0
514 3714240000000.0
515 3709260000000.0
516 3703940000000.0
517 3699160000000.0
518 3693800000000.0
519 3688650000000.0
520 3683360000000.0
521 3678060000000.0
522 3672840000000.0
523 3667600000000.0
524 3662310000000.0
525 3657190000000.0
526 3651890000000.0
527 3646780000000.0
528 3641750000000.0
529 3636520000000.0
530 3631220000000.0
531 3626080000000.0
532 3620900000000.0
533 3615860000000.0
534 3610610000000.0
535 3605440000000.0
536 3600210000000.0
537 3595190000000.0
538 3590090000000.0
539 3584910000000.0
540 3579670000000.0
541 3575060000000.0
542 3570140000000.0
543 3564950000000.0
544 3559730000000.0
545 3555150000000.0
546 3551460000000.0
547 3546190000000.0
548 3540930000000.0
549 3535680000000.0
550 3530430000000.0
551 3525200000000.0
552 3519950000000.0
553 3514710000000.0
554 3509470000000.0
555 3504240000000.0
556 3499100000000.0
557 3494160000000.0
558 3488960000000.0
559 3484110000000.0
560 3478930000000.0
561 3473730000000.0
562 3468540000000.0
563 3463400000000.0
564 3458210000000.0
565 3453070000000.0
566 3447920000000.0
567 3443050000000.0
568 3437870000000.0
569 3432730000000.0
570 3427570000000.0
571 3422560000000.0
572 3417390000000.0
573 3412240000000.0
574 3407080000000.0
575 3401950000000.0
576 3396830000000.0
577 3391790000000.0
578 3386830000000.0
579 3381690000000.0
580 3376580000000.0
581 3371460000000.0
582 3366380000000.0
583 3361460000000.0
584 3356330000000.0
585 3351220000000.0
586 3346130000000.0
587 3341020000000.0
588 3335920000000.0
589 3330970000000.0
590 3325870000000.0
591 3320830000000.0
592 3315770000000.0
593 3310690000000.0
594 3305620000000.0
595 3300670000000.0
596 3295600000000.0
597 3290550000000.0
598 3285510000000.0
599 3280530000000.0
600 3275460000000.0
601 3270430000000.0
602 3265450000000.0
603 3260420000000.0
604 3255430000000.0
605 3250460000000.0
606 3245420000000.0
607 3240490000000.0
608 3235460000000.0
609 3230510000000.0
610 3225490000000.0
611 3220470000000.0
612 3215470000000.0
613 3210490000000.0
614 3205500000000.0
615 3200600000000.0
616 3195650000000.0
617 3190660000000.0
618 3185670000000.0
619 3180690000000.0
620 3175700000000.0
621 3170730000000.0
622 3165790000000.0
623 3160830000000.0
624 3155860000000.0
625 3151040000000.0
626 3146160000000.0
627 3141210000000.0
628 3136280000000.0
629 3131350000000.0
630 3126440000000.0
631 3121490000000.0
632 3116600000000.0
633 3111660000000.0
634 3106750000000.0
635 3101850000000.0
636 3096960000000.0
637 3092140000000.0
638 3087230000000.0
639 3082420000000.0
640 3077500000000.0
641 3072610000000.0
642 3067760000000.0
643 3062860000000.0
644 3057970000000.0
645 3053090000000.0
646 3048230000000.0
647 3043490000000.0
648 3038640000000.0
649 3033790000000.0
650 3028970000000.0
651 3024110000000.0
652 3019280000000.0
653 3014440000000.0
654 3009700000000.0
655 3004850000000.0
656 3000020000000.0
657 2995180000000.0
658 2990380000000.0
659 2985540000000.0
660 2980710000000.0
661 2975900000000.0
662 2971110000000.0
663 2966340000000.0
664 2961610000000.0
665 2956810000000.0
666 2952040000000.0
667 2947240000000.0
668 2942550000000.0
669 2937740000000.0
670 2932960000000.0
671 2928180000000.0
672 2923400000000.0
673 2918640000000.0
674 2913880000000.0
675 2909120000000.0
676 2904380000000.0
677 2899660000000.0
678 2894930000000.0
679 2890340000000.0
680 2885580000000.0
681 2880820000000.0
682 2876070000000.0
683 2871370000000.0
684 2866660000000.0
685 2861950000000.0
686 2857210000000.0
687 2852500000000.0
688 2847800000000.0
689 2843110000000.0
690 2838430000000.0
691 2833760000000.0
692 2829120000000.0
693 2824420000000.0
694 2819770000000.0
695 2815160000000.0
696 2810520000000.0
697 2805840000000.0
698 2801550000000.0
699 2796860000000.0
700 2792180000000.0
701 2787540000000.0
702 2782870000000.0
703 2778220000000.0
704 2773560000000.0
705 2768910000000.0
706 2764270000000.0
707 2759720000000.0
708 2755150000000.0
709 2750640000000.0
710 2745990000000.0
711 2741350000000.0
712 2736720000000.0
713 2732090000000.0
714 2727470000000.0
715 2723050000000.0
716 2718510000000.0
717 2713950000000.0
718 2709340000000.0
719 2704770000000.0
720 2700160000000.0
721 2695560000000.0
722 2691250000000.0
723 2686710000000.0
724 2682140000000.0
725 2677560000000.0
726 2672980000000.0
727 2668420000000.0
728 2663850000000.0
729 2659510000000.0
730 2654950000000.0
731 2650390000000.0
732 2645850000000.0
733 2641440000000.0
734 2636960000000.0
735 2632410000000.0
736 2627870000000.0
737 2623350000000.0
738 2618830000000.0
739 2614420000000.0
740 2609890000000.0
741 2605390000000.0
742 2600890000000.0
743 2596440000000.0
744 2591980000000.0
745 2587490000000.0
746 2583020000000.0
747 2578530000000.0
748 2574070000000.0
749 2569630000000.0
750 2565180000000.0
751 2561080000000.0
752 2556780000000.0
753 2552300000000.0
754 2547820000000.0
755 2543360000000.0
756 2538900000000.0
757 2534440000000.0
758 2529980000000.0
759 2525540000000.0
760 2521120000000.0
761 2516730000000.0
762 2512290000000.0
763 2507960000000.0
764 2503700000000.0
765 2499270000000.0
766 2494890000000.0
767 2490490000000.0
768 2486120000000.0
769 2481720000000.0
770 2477670000000.0
771 2473390000000.0
772 2469010000000.0
773 2464620000000.0
774 2460370000000.0
775 2456010000000.0
776 2451780000000.0
777 2447480000000.0
778 2443430000000.0
779 2439450000000.0
780 2435070000000.0
781 2430700000000.0
782 2426330000000.0
783 2421970000000.0
784 2417650000000.0
785 2413300000000.0
786 2408940000000.0
787 2404610000000.0
788 2400590000000.0
789 2396350000000.0
790 2392070000000.0
791 2387730000000.0
792 2383440000000.0
793 2379220000000.0
794 2374920000000.0
795 2370610000000.0
796 2366380000000.0
797 2362110000000.0
798 2357870000000.0
799 2353870000000.0
800 2349630000000.0
801 2345350000000.0
802 2341230000000.0
803 2337030000000.0
804 2332800000000.0
805 2328570000000.0
806 2324500000000.0
807 2320260000000.0
808 2316070000000.0
809 2311970000000.0
810 2307990000000.0
811 2303760000000.0
812 2299600000000.0
813 2295390000000.0
814 2291570000000.0
815 2288060000000.0
816 2283820000000.0
817 2279590000000.0
818 2275360000000.0
819 2271140000000.0
820 2266940000000.0
821 2262750000000.0
822 2258650000000.0
823 2254440000000.0
824 2250290000000.0
825 2246100000000.0
826 2242270000000.0
827 2238110000000.0
828 2233950000000.0
829 2229770000000.0
830 2225590000000.0
831 2221910000000.0
832 2217790000000.0
833 2213620000000.0
834 2209590000000.0
835 2205710000000.0
836 2201540000000.0
837 2197390000000.0
838 2193310000000.0
839 2189190000000.0
840 2185260000000.0
841 2181110000000.0
842 2176980000000.0
843 2172880000000.0
844 2168750000000.0
845 2164700000000.0
846 2160580000000.0
847 2156540000000.0
848 2152440000000.0
849 2148380000000.0
850 2144300000000.0
851 2140250000000.0
852 2136270000000.0
853 2132220000000.0
854 2128170000000.0
855 2124200000000.0
856 2120180000000.0
857 2116170000000.0
858 2112630000000.0
859 2108580000000.0
860 2104710000000.0
861 2100630000000.0
862 2096570000000.0
863 2092570000000.0
864 2088520000000.0
865 2084480000000.0
866 2080430000000.0
867 2076390000000.0
868 2072370000000.0
869 2068340000000.0
870 2064380000000.0
871 2060510000000.0
872 2056490000000.0
873 2052810000000.0
874 2048980000000.0
875 2044980000000.0
876 2040980000000.0
877 2037070000000.0
878 2033060000000.0
879 2029080000000.0
880 2025090000000.0
881 2021110000000.0
882 2017180000000.0
883 2013210000000.0
884 2009240000000.0
885 2005270000000.0
886 2001330000000.0
887 1997400000000.0
888 1993540000000.0
889 1989590000000.0
890 1985720000000.0
891 1981800000000.0
892 1977890000000.0
893 1974100000000.0
894 1970290000000.0
895 1966370000000.0
896 1962730000000.0
897 1958870000000.0
898 1954960000000.0
899 1951180000000.0
900 1947310000000.0
901 1943560000000.0
902 1939710000000.0
903 1935850000000.0
904 1932020000000.0
905 1928500000000.0
906 1924690000000.0
907 1920840000000.0
908 1917080000000.0
909 1913430000000.0
910 1909590000000.0
911 1905900000000.0
912 1902210000000.0
913 1898420000000.0
914 1894600000000.0
915 1891140000000.0
916 1888010000000.0
917 1884920000000.0
918 1881060000000.0
919 1877210000000.0
920 1873420000000.0
921 1869570000000.0
922 1865730000000.0
923 1861900000000.0
924 1858160000000.0
925 1854360000000.0
926 1850610000000.0
927 1846800000000.0
928 1843000000000.0
929 1839200000000.0
930 1835440000000.0
931 1831660000000.0
932 1827980000000.0
933 1824280000000.0
934 1820510000000.0
935 1816810000000.0
936 1813100000000.0
937 1809580000000.0
938 1805960000000.0
939 1802190000000.0
940 1798460000000.0
941 1794810000000.0
942 1791050000000.0
943 1787300000000.0
944 1783540000000.0
945 1779790000000.0
946 1776170000000.0
947 1772490000000.0
948 1769060000000.0
949 1765330000000.0
950 1761640000000.0
951 1757920000000.0
952 1754280000000.0
953 1750550000000.0
954 1746840000000.0
955 1743190000000.0
956 1739520000000.0
957 1735810000000.0
958 1732130000000.0
959 1728490000000.0
960 1724820000000.0
961 1721140000000.0
962 1717540000000.0
963 1713990000000.0
964 1710350000000.0
965 1706800000000.0
966 1703130000000.0
967 1699460000000.0
968 1695800000000.0
969 1692170000000.0
970 1688520000000.0
971 1684890000000.0
972 1681250000000.0
973 1677840000000.0
974 1674310000000.0
975 1670720000000.0
976 1667100000000.0
977 1663480000000.0
978 1659860000000.0
979 1656310000000.0
980 1652690000000.0
981 1649120000000.0
982 1645510000000.0
983 1642030000000.0
984 1638470000000.0
985 1634890000000.0
986 1631310000000.0
987 1627950000000.0
988 1624370000000.0
989 1620860000000.0
990 1617360000000.0
991 1613790000000.0
992 1610220000000.0
993 1606660000000.0
994 1603140000000.0
995 1599640000000.0
996 1596090000000.0
997 1592560000000.0
998 1589100000000.0
999 1585650000000.0
1000 1582150000000.0
1001 1578640000000.0
1002 1575140000000.0
1003 1571750000000.0
1004 1568290000000.0
1005 1564870000000.0
1006 1561390000000.0
1007 1558000000000.0
1008 1554770000000.0
1009 1551350000000.0
1010 1547850000000.0
1011 1544360000000.0
1012 1540870000000.0
1013 1537390000000.0
1014 1533930000000.0
1015 1530460000000.0
1016 1527040000000.0
1017 1523600000000.0
1018 1520160000000.0
1019 1516780000000.0
1020 1513350000000.0
1021 1509910000000.0
1022 1506770000000.0
1023 1503390000000.0
1024 1499940000000.0
1025 1496500000000.0
1026 1493090000000.0
1027 1489660000000.0
1028 1486240000000.0
1029 1482820000000.0
1030 1479420000000.0
1031 1476020000000.0
1032 1472650000000.0
1033 1469290000000.0
1034 1465910000000.0
1035 1462530000000.0
1036 1459170000000.0
1037 1455810000000.0
1038 1452750000000.0
1039 1449480000000.0
1040 1446090000000.0
1041 1442710000000.0
1042 1439400000000.0
1043 1436030000000.0
1044 1432710000000.0
1045 1429350000000.0
1046 1425990000000.0
1047 1422640000000.0
1048 1419310000000.0
1049 1415990000000.0
1050 1412680000000.0
1051 1409440000000.0
1052 1406130000000.0
1053 1402840000000.0
1054 1399530000000.0
1055 1396210000000.0
1056 1393160000000.0
1057 1389840000000.0
1058 1386580000000.0
1059 1383280000000.0
1060 1380020000000.0
1061 1376730000000.0
1062 1373430000000.0
1063 1370130000000.0
1064 1366850000000.0
1065 1363570000000.0
1066 1360300000000.0
1067 1357030000000.0
1068 1353820000000.0
1069 1350670000000.0
1070 1347400000000.0
1071 1344180000000.0
1072 1340980000000.0
1073 1337770000000.0
1074 1334550000000.0
1075 1331500000000.0
1076 1328400000000.0
1077 1325160000000.0
1078 1321930000000.0
1079 1318700000000.0
1080 1315470000000.0
1081 1312250000000.0
1082 1309040000000.0
1083 1305850000000.0
1084 1302640000000.0
1085 1299460000000.0
1086 1296330000000.0
1087 1293150000000.0
1088 1289980000000.0
1089 1286860000000.0
1090 1283790000000.0
1091 1280690000000.0
1092 1277510000000.0
1093 1274380000000.0
1094 1271250000000.0
1095 1268210000000.0
1096 1265100000000.0
1097 1262110000000.0
1098 1258990000000.0
1099 1255900000000.0
1100 1252800000000.0
1101 1249740000000.0
1102 1247050000000.0
1103 1244300000000.0
1104 1241160000000.0
1105 1238020000000.0
1106 1234890000000.0
1107 1231780000000.0
1108 1228660000000.0
1109 1225550000000.0
1110 1222480000000.0
1111 1219390000000.0
1112 1216300000000.0
1113 1213210000000.0
1114 1210140000000.0
1115 1207080000000.0
1116 1204220000000.0
1117 1201360000000.0
1118 1198300000000.0
1119 1195250000000.0
1120 1192180000000.0
1121 1189160000000.0
1122 1186170000000.0
1123 1183100000000.0
1124 1180040000000.0
1125 1177090000000.0
1126 1174070000000.0
1127 1171030000000.0
1128 1168000000000.0
1129 1165210000000.0
1130 1162290000000.0
1131 1159260000000.0
1132 1156310000000.0
1133 1153280000000.0
1134 1150260000000.0
1135 1147260000000.0
1136 1144260000000.0
1137 1141270000000.0
1138 1138280000000.0
1139 1135290000000.0
1140 1132300000000.0
1141 1129340000000.0
1142 1126380000000.0
1143 1123410000000.0
1144 1120550000000.0
1145 1117580000000.0
1146 1114670000000.0
1147 1111730000000.0
1148 1108790000000.0
1149 1105870000000.0
1150 1102950000000.0
1151 1100100000000.0
1152 1097170000000.0
1153 1094340000000.0
1154 1091450000000.0
1155 1088550000000.0
1156 1085720000000.0
1157 1082830000000.0
1158 1080040000000.0
1159 1077190000000.0
1160 1074320000000.0
1161 1071770000000.0
1162 1069280000000.0
1163 1066650000000.0
1164 1063740000000.0
1165 1060840000000.0
1166 1057940000000.0
1167 1055040000000.0
1168 1052150000000.0
1169 1049290000000.0
1170 1046440000000.0
1171 1043580000000.0
1172 1040730000000.0
1173 1037860000000.0
1174 1035020000000.0
1175 1032300000000.0
1176 1029510000000.0
1177 1026680000000.0
1178 1023850000000.0
1179 1021030000000.0
1180 1018250000000.0
1181 1015520000000.0
1182 1012850000000.0
1183 1010030000000.0
1184 1007260000000.0
1185 1004460000000.0
1186 1002490000000.0
1187 1000480000000.0
1188 997658000000.0
1189 994853000000.0
1190 992196000000.0
1191 989389000000.0
1192 986596000000.0
1193 983801000000.0
1194 981011000000.0
1195 978502000000.0
1196 975746000000.0
1197 972992000000.0
1198 970230000000.0
1199 967477000000.0
1200 964723000000.0
1201 961993000000.0
1202 959293000000.0
1203 956630000000.0
1204 954110000000.0
1205 951402000000.0
1206 948752000000.0
1207 946165000000.0
1208 943433000000.0
1209 940808000000.0
1210 938075000000.0
1211 935352000000.0
1212 932716000000.0
1213 929999000000.0
1214 927295000000.0
1215 924693000000.0
1216 922017000000.0
1217 919377000000.0
1218 916691000000.0
1219 914068000000.0
1220 911453000000.0
1221 908802000000.0
1222 906288000000.0
1223 903640000000.0
1224 901001000000.0
1225 898479000000.0
1226 895807000000.0
1227 893143000000.0
1228 890492000000.0
1229 887869000000.0
1230 885234000000.0
1231 882607000000.0
1232 879970000000.0
1233 877373000000.0
1234 874856000000.0
1235 872249000000.0
1236 869638000000.0
1237 867206000000.0
1238 864586000000.0
1239 861984000000.0
1240 859405000000.0
1241 856812000000.0
1242 854207000000.0
1243 851616000000.0
1244 849045000000.0
1245 846457000000.0
1246 843899000000.0
1247 841359000000.0
1248 838862000000.0
1249 836295000000.0
1250 833755000000.0
1251 831210000000.0
1252 828687000000.0
1253 826196000000.0
1254 823635000000.0
1255 821081000000.0
1256 818533000000.0
1257 815998000000.0
1258 813478000000.0
1259 810944000000.0
1260 808418000000.0
1261 805910000000.0
1262 803470000000.0
1263 800992000000.0
1264 798484000000.0
1265 795992000000.0
1266 793501000000.0
1267 791340000000.0
1268 788995000000.0
1269 786492000000.0
1270 783996000000.0
1271 781505000000.0
1272 779021000000.0
1273 776551000000.0
1274 774077000000.0
1275 771604000000.0
1276 769142000000.0
1277 766707000000.0
1278 764254000000.0
1279 761805000000.0
1280 759367000000.0
1281 756978000000.0
1282 754542000000.0
1283 752114000000.0
1284 749746000000.0
1285 747342000000.0
1286 744925000000.0
1287 742559000000.0
1288 740197000000.0
1289 737795000000.0
1290 735429000000.0
1291 733193000000.0
1292 730805000000.0
1293 728441000000.0
1294 726151000000.0
1295 723800000000.0
1296 721444000000.0
1297 719329000000.0
1298 716992000000.0
1299 714647000000.0
1300 712479000000.0
1301 710173000000.0
1302 707846000000.0
1303 705671000000.0
1304 703389000000.0
1305 701088000000.0
1306 698876000000.0
1307 696620000000.0
1308 694358000000.0
1309 692121000000.0
1310 689904000000.0
1311 687695000000.0
1312 685445000000.0
1313 683278000000.0
1314 681135000000.0
1315 678886000000.0
1316 676772000000.0
1317 674736000000.0
1318 673065000000.0
1319 670753000000.0
1320 668453000000.0
1321 666183000000.0
1322 663886000000.0
1323 661592000000.0
1324 659302000000.0
1325 657086000000.0
1326 654828000000.0
1327 652558000000.0
1328 650558000000.0
1329 648346000000.0
1330 646106000000.0
1331 643909000000.0
1332 641653000000.0
1333 639399000000.0
1334 637308000000.0
1335 635062000000.0
1336 632831000000.0
1337 630603000000.0
1338 628389000000.0
1339 626180000000.0
1340 623987000000.0
1341 621845000000.0
1342 619677000000.0
1343 617546000000.0
1344 615334000000.0
1345 613167000000.0
1346 610962000000.0
1347 608773000000.0
1348 606623000000.0
1349 604435000000.0
1350 602252000000.0
1351 600083000000.0
1352 597915000000.0
1353 595789000000.0
1354 593651000000.0
1355 591497000000.0
1356 589377000000.0
1357 587316000000.0
1358 585244000000.0
1359 583110000000.0
1360 580989000000.0
1361 578960000000.0
1362 576886000000.0
1363 574848000000.0
1364 572745000000.0
1365 570751000000.0
1366 568813000000.0
1367 566688000000.0
1368 564576000000.0
1369 562494000000.0
1370 560387000000.0
1371 558317000000.0
1372 556227000000.0
1373 554137000000.0
1374 552062000000.0
1375 550045000000.0
1376 547972000000.0
1377 545938000000.0
1378 543886000000.0
1379 541906000000.0
1380 539858000000.0
1381 537820000000.0
1382 535785000000.0
1383 533826000000.0
1384 531767000000.0
1385 529735000000.0
1386 527689000000.0
1387 525656000000.0
1388 523661000000.0
1389 521635000000.0
1390 519621000000.0
1391 517616000000.0
1392 515619000000.0
1393 513630000000.0
1394 511733000000.0
1395 509720000000.0
1396 507712000000.0
1397 505710000000.0
1398 503718000000.0
1399 501735000000.0
1400 499773000000.0
1401 497793000000.0
1402 495822000000.0
1403 493860000000.0
1404 491998000000.0
1405 490059000000.0
1406 488114000000.0
1407 486162000000.0
1408 484224000000.0
1409 482380000000.0
1410 480578000000.0
1411 478665000000.0
1412 476732000000.0
1413 474853000000.0
1414 472982000000.0
1415 471169000000.0
1416 469295000000.0
1417 467416000000.0
1418 465534000000.0
1419 463856000000.0
1420 462217000000.0
1421 460302000000.0
1422 458408000000.0
1423 456515000000.0
1424 454617000000.0
1425 452744000000.0
1426 450870000000.0
1427 449074000000.0
1428 447225000000.0
1429 445426000000.0
1430 443552000000.0
1431 441694000000.0
1432 440048000000.0
1433 438203000000.0
1434 436362000000.0
1435 434545000000.0
1436 432723000000.0
1437 430989000000.0
1438 429149000000.0
1439 427306000000.0
1440 425632000000.0
1441 423798000000.0
1442 421975000000.0
1443 420163000000.0
1444 418344000000.0
1445 416538000000.0
1446 414750000000.0
1447 412978000000.0
1448 411245000000.0
1449 409459000000.0
1450 407704000000.0
1451 405925000000.0
1452 404374000000.0
1453 402607000000.0
1454 400853000000.0
1455 399072000000.0
1456 397333000000.0
1457 395566000000.0
1458 394071000000.0
1459 392339000000.0
1460 390602000000.0
1461 388864000000.0
1462 387129000000.0
1463 385389000000.0
1464 383657000000.0
1465 382028000000.0
1466 380293000000.0
1467 378575000000.0
1468 376892000000.0
1469 375198000000.0
1470 373479000000.0
1471 371762000000.0
1472 370178000000.0
1473 368476000000.0
1474 366771000000.0
1475 365105000000.0
1476 363577000000.0
1477 361905000000.0
1478 360214000000.0
1479 358571000000.0
1480 356890000000.0
1481 355216000000.0
1482 353551000000.0
1483 351966000000.0
1484 350306000000.0
1485 348658000000.0
1486 347022000000.0
1487 345458000000.0
1488 343820000000.0
1489 342182000000.0
1490 340542000000.0
1491 338901000000.0
1492 337269000000.0
1493 335646000000.0
1494 334037000000.0
1495 332436000000.0
1496 330862000000.0
1497 329267000000.0
1498 327674000000.0
1499 326202000000.0
1500 324637000000.0
1501 323033000000.0
1502 321463000000.0
1503 319876000000.0
1504 318289000000.0
1505 316710000000.0
1506 315278000000.0
1507 313708000000.0
1508 312144000000.0
1509 310629000000.0
1510 309146000000.0
1511 307582000000.0
1512 306032000000.0
1513 304492000000.0
1514 302962000000.0
1515 301429000000.0
1516 299923000000.0
1517 298389000000.0
1518 296923000000.0
1519 295435000000.0
1520 293911000000.0
1521 292461000000.0
1522 290944000000.0
1523 289501000000.0
1524 287992000000.0
1525 286522000000.0
1526 285021000000.0
1527 283536000000.0
1528 282062000000.0
1529 280590000000.0
1530 279116000000.0
1531 277645000000.0
1532 276265000000.0
1533 274811000000.0
1534 273359000000.0
1535 271911000000.0
1536 270489000000.0
1537 269030000000.0
1538 267575000000.0
1539 266140000000.0
1540 264711000000.0
1541 263315000000.0
1542 261933000000.0
1543 260501000000.0
1544 259103000000.0
1545 257672000000.0
1546 256248000000.0
1547 254838000000.0
1548 253447000000.0
1549 252047000000.0
1550 250647000000.0
1551 249258000000.0
1552 247907000000.0
1553 246543000000.0
1554 245167000000.0
1555 243815000000.0
1556 242539000000.0
1557 241224000000.0
1558 239878000000.0
1559 238527000000.0
1560 237218000000.0
1561 236030000000.0
1562 234779000000.0
1563 233417000000.0
1564 232089000000.0
1565 230739000000.0
1566 229405000000.0
1567 228091000000.0
1568 226765000000.0
1569 225461000000.0
1570 224190000000.0
1571 222920000000.0
1572 221645000000.0
1573 220336000000.0
1574 219058000000.0
1575 217742000000.0
1576 216456000000.0
1577 215152000000.0
1578 213860000000.0
1579 212607000000.0
1580 211337000000.0
1581 210053000000.0
1582 208856000000.0
1583 207628000000.0
1584 206396000000.0
1585 205133000000.0
1586 203908000000.0
1587 202749000000.0
1588 201574000000.0
1589 200313000000.0
1590 199095000000.0
1591 197857000000.0
1592 196630000000.0
1593 195385000000.0
1594 194167000000.0
1595 192933000000.0
1596 191727000000.0
1597 190511000000.0
1598 189319000000.0
1599 188156000000.0
1600 186956000000.0
1601 185810000000.0
1602 184654000000.0
1603 183447000000.0
1604 182250000000.0
1605 181080000000.0
1606 179896000000.0
1607 178708000000.0
1608 177539000000.0
1609 176367000000.0
1610 175223000000.0
1611 174133000000.0
1612 173004000000.0
1613 171850000000.0
1614 170735000000.0
1615 169575000000.0
1616 168424000000.0
1617 167286000000.0
1618 166159000000.0
1619 165021000000.0
1620 163950000000.0
1621 162830000000.0
1622 161719000000.0
1623 160617000000.0
1624 159542000000.0
1625 158502000000.0
1626 157463000000.0
1627 156407000000.0
1628 155297000000.0
1629 154193000000.0
1630 153094000000.0
1631 152006000000.0
1632 151059000000.0
1633 149980000000.0
1634 148907000000.0
1635 147880000000.0
1636 146865000000.0
1637 145789000000.0
1638 144727000000.0
1639 143680000000.0
1640 142642000000.0
1641 141598000000.0
1642 140586000000.0
1643 139590000000.0
1644 138551000000.0
1645 137612000000.0
1646 136574000000.0
1647 135543000000.0
1648 134526000000.0
1649 133551000000.0
1650 132528000000.0
1651 131517000000.0
1652 130523000000.0
1653 129561000000.0
1654 128577000000.0
1655 127597000000.0
1656 126627000000.0
1657 125738000000.0
1658 124804000000.0
1659 123859000000.0
1660 122873000000.0
1661 121892000000.0
1662 120915000000.0
1663 119948000000.0
1664 118985000000.0
1665 118030000000.0
1666 117093000000.0
1667 116155000000.0
1668 115261000000.0
1669 114340000000.0
1670 113416000000.0
1671 112523000000.0
1672 111620000000.0
1673 110758000000.0
1674 109912000000.0
1675 108983000000.0
1676 108060000000.0
1677 107144000000.0
1678 106239000000.0
1679 105332000000.0
1680 104460000000.0
1681 103564000000.0
1682 102837000000.0
1683 101974000000.0
1684 101103000000.0
1685 100232000000.0
1686 99396900000.0
1687 98555400000.0
1688 97676100000.0
1689 96824000000.0
1690 95957500000.0
1691 95106100000.0
1692 94288900000.0
1693 93468800000.0
1694 92628100000.0
1695 91792700000.0
1696 90965100000.0
1697 90120800000.0
1698 89293500000.0
1699 88462700000.0
1700 87651400000.0
1701 86855900000.0
1702 86056500000.0
1703 85251700000.0
1704 84551700000.0
1705 83739000000.0
1706 82931300000.0
1707 82140200000.0
1708 81351500000.0
1709 80596500000.0
1710 79813800000.0
1711 79057200000.0
1712 78289600000.0
1713 77516500000.0
1714 76874700000.0
1715 76148400000.0
1716 75377500000.0
1717 74612900000.0
1718 73858000000.0
1719 73117800000.0
1720 72368200000.0
1721 71626300000.0
1722 70898200000.0
1723 70226700000.0
1724 69515900000.0
1725 68795400000.0
1726 68080600000.0
1727 67374400000.0
1728 66836400000.0
1729 66199500000.0
1730 65480300000.0
1731 64777400000.0
1732 64077900000.0
1733 63372700000.0
1734 62673500000.0
1735 61981600000.0
1736 61295800000.0
1737 60623500000.0
1738 59959000000.0
1739 59314600000.0
1740 58661400000.0
1741 58017700000.0
1742 57475000000.0
1743 56954000000.0
1744 56314500000.0
1745 55651700000.0
1746 54994500000.0
1747 54341700000.0
1748 53695000000.0
1749 53055700000.0
1750 52420600000.0
1751 51797200000.0
1752 51177000000.0
1753 50573100000.0
1754 49985400000.0
1755 49372900000.0
1756 48769900000.0
1757 48189400000.0
1758 47641500000.0
1759 47051300000.0
1760 46473800000.0
1761 45908200000.0
1762 45398400000.0
1763 44968400000.0
1764 44594900000.0
1765 44005200000.0
1766 43421700000.0
1767 42869400000.0
1768 42292600000.0
1769 41723800000.0
1770 41177900000.0
1771 40636400000.0
1772 40099500000.0
1773 39563200000.0
1774 39050700000.0
1775 38512300000.0
1776 38067600000.0
1777 37672600000.0
1778 37133300000.0
1779 36633000000.0
1780 36104200000.0
1781 35585000000.0
1782 35088700000.0
1783 34569100000.0
1784 34105800000.0
1785 33677900000.0
1786 33170700000.0
1787 32675700000.0
1788 32211300000.0
1789 31713400000.0
1790 31256700000.0
1791 30769600000.0
1792 30288400000.0
1793 29836900000.0
1794 29468200000.0
1795 29059900000.0
1796 28587900000.0
1797 28133900000.0
1798 27711800000.0
1799 27258800000.0
1800 26800600000.0
1801 26408200000.0
1802 26001700000.0
1803 25558200000.0
1804 25119300000.0
1805 24697700000.0
1806 24264800000.0
1807 23867900000.0
1808 23444500000.0
1809 23035500000.0
1810 22671100000.0
1811 22297400000.0
1812 21883800000.0
1813 21519400000.0
1814 21118300000.0
1815 20722800000.0
1816 20360100000.0
1817 19966100000.0
1818 19615900000.0
1819 19253300000.0
1820 18874000000.0
1821 18499400000.0
1822 18130900000.0
1823 17844900000.0
1824 17482400000.0
1825 17129000000.0
1826 16776300000.0
1827 16432300000.0
1828 16126500000.0
1829 15796000000.0
1830 15451300000.0
1831 15109600000.0
1832 14775000000.0
1833 14451100000.0
1834 14124700000.0
1835 13809400000.0
1836 13503000000.0
1837 13207100000.0
1838 12932400000.0
1839 12651200000.0
1840 12340200000.0
1841 12038600000.0
1842 11755000000.0
1843 11460200000.0
1844 11182300000.0
1845 10902700000.0
1846 10627000000.0
1847 10413400000.0
1848 10175800000.0
1849 9899880000.0
1850 9630220000.0
1851 9361630000.0
1852 9114850000.0
1853 8855320000.0
1854 8607480000.0
1855 8361490000.0
1856 8132840000.0
1857 7906300000.0
1858 7669760000.0
1859 7490850000.0
1860 7327280000.0
1861 7153440000.0
1862 6919970000.0
1863 6701540000.0
1864 6479720000.0
1865 6274790000.0
1866 6059350000.0
1867 5866040000.0
1868 5670820000.0
1869 5562550000.0
1870 5397000000.0
1871 5198680000.0
1872 5004400000.0
1873 4811710000.0
1874 4637400000.0
1875 4454960000.0
1876 4280630000.0
1877 4111460000.0
1878 3951350000.0
1879 3797260000.0
1880 3637170000.0
1881 3506330000.0
1882 3434430000.0
1883 3322310000.0
1884 3164050000.0
1885 3015110000.0
1886 2865610000.0
1887 2723870000.0
1888 2589890000.0
1889 2455270000.0
1890 2344880000.0
1891 2235950000.0
1892 2182230000.0
1893 2125800000.0
1894 1999640000.0
1895 1878570000.0
1896 1772240000.0
1897 1661010000.0
1898 1558150000.0
1899 1459380000.0
1900 1363970000.0
1901 1284010000.0
1902 1233870000.0
1903 1159140000.0
1904 1066930000.0
1905 984800000.0
1906 901351000.0
1907 831328000.0
1908 760389000.0
1909 695593000.0
1910 631040000.0
1911 587220000.0
1912 553290000.0
1913 509714000.0
1914 449164000.0
1915 397818000.0
1916 345770000.0
1917 303519000.0
1918 267402000.0
1919 242150000.0
1920 214719000.0
1921 176880000.0
1922 144627000.0
1923 116469000.0
1924 92595000.0
1925 77023600.0
1926 62270400.0
1927 43710700.0
1928 30356400.0
1929 19517300.0
1930 11096700.0
1931 6741120.0
1932 3632590.0
1933 874741.0
1934 456697.0
1935 430615.0
1942 304524.0
1945 207755.0
1946 117732.0
1947 74784.7
1951 56313.5
1955 53557.1
1957 36550.1
1958 25507.4
1959 15512.2
1961 14884.5
1963 13305.6
1965 4812.32
1971 2563.73
1972 2203.49
1974 1483.09
1975 1420.7
1977 1162.78
1981 364.833
1983 193.451
1988 169.094
1989 79.7613
1991 51.3607
1992 27.7721
1995 23.9188
1996 17.2015
1998 10.8853
1999 6.91613
2002 3.9179
2004 3.85727
2005 1.75519
2008 0.888448
2012 0.530222
2014 0.465745
2015 0.308423
2016 0.227693
2018 0.193934
2022 0.188636
2024 0.10322
2026 0.0716958
2028 0.0561198
2030 0.0259494
2031 0.00552347
