1 8160610.0
11 6063090.0
12 4463220.0
13 3482600.0
14 3033530.0
15 2628230.0
16 2622400.0
17 2116850.0
18 1752230.0
19 1408730.0
20 1086320.0
21 792878.0
22 525264.0
23 348336.0
24 266474.0
26 200979.0
27 197203.0
28 112079.0
29 71276.5
30 67963.7
31 32714.2
32 14817.1
33 13904.5
34 4214.38
36 3750.72
37 3319.51
38 1050.5
39 1037.69
40 909.481
41 827.386
44 486.419
46 466.131
48 461.122
49 97.7795
51 87.8452
52 13.6532
59 13.541
63 11.0421
64 7.89904
68 7.60042
70 7.34987
73 7.25843
76 6.61195
77 5.75337
78 4.55884
82 3.83172
83 3.46208
84 2.83899
85 1.63789
87 1.60882
95 1.60138
97 1.52225
99 1.32799
102 1.16716
103 1.10992
106 1.05367
107 1.03023
108 0.995907
110 0.964277
111 0.921604
112 0.910963
113 0.886582
115 0.869704
118 0.782815
124 0.694228
126 0.689545
127 0.685522
129 0.661825
130 0.596055
131 0.536517
132 0.524728
133 0.520802
134 0.514349
136 0.460318
137 0.42695
138 0.385635
141 0.359022
142 0.356444
143 0.355497
144 0.354694
146 0.335264
147 0.314136
150 0.30183
156 0.300834
157 0.288407
158 0.279889
161 0.257982
162 0.246982
163 0.244084
165 0.2415
169 0.226282
170 0.220101
171 0.212397
172 0.206013
175 0.193996
177 0.191836
178 0.189962
179 0.188742
182 0.181987
184 0.179522
185 0.168038
186 0.166569
187 0.163327
188 0.162522
191 0.159194
193 0.158085
195 0.148081
196 0.146418
197 0.13976
198 0.134467
199 0.12919
200 0.126803
201 0.126527
202 0.125144
203 0.124709
204 0.122589
205 0.121121
207 0.11878
210 0.118472
212 0.116922
213 0.116532
214 0.116038
215 0.112291
216 0.109153
217 0.106569
218 0.104764
219 0.104083
220 0.104
221 0.103847
222 0.101897
223 0.100583
224 0.0990931
225 0.0980997
226 0.0978103
227 0.0964966
228 0.096375
229 0.0960097
232 0.0940956
233 0.0935549
234 0.091278
235 0.0903126
238 0.0893488
239 0.0890847
240 0.0886421
242 0.0885947
243 0.0876285
245 0.0876145
247 0.0875036
249 0.0868062
250 0.086774
252 0.0867315
253 0.0865293
254 0.0858526
255 0.0853699
256 0.0847918
257 0.0842394
258 0.0837511
259 0.0834147
260 0.0831765
261 0.0828113
262 0.082707
263 0.0825023
266 0.0819839
267 0.0818497
268 0.0813421
269 0.0812625
271 0.0812607
273 0.0808452
274 0.0806093
276 0.0804184
277 0.0800957
278 0.0799681
279 0.0796802
280 0.0795767
281 0.079503
282 0.0792947
283 0.0792722
284 0.0787301
286 0.078665
287 0.0784755
288 0.0783313
291 0.078285
292 0.0781202
294 0.0779977
297 0.0774948
298 0.0772193
300 0.0771628
301 0.0768696
303 0.076865
304 0.0765154
307 0.0763676
309 0.076355
310 0.0761062
314 0.0757551
315 0.0754063
316 0.0750668
317 0.0748763
320 0.0744021
323 0.0743241
325 0.0741643
326 0.0741155
328 0.0738484
329 0.073792
332 0.0737876
338 0.0734488
339 0.0734109
340 0.0732391
344 0.0732094
347 0.0731845
348 0.0730622
349 0.072827
350 0.0727233
353 0.0726845
355 0.0724109
356 0.0722848
358 0.0722845
360 0.0722768
361 0.0722533
363 0.0722511
367 0.072079
368 0.0719631
369 0.0718817
370 0.0718083
371 0.0717264
372 0.0716755
376 0.0716747
378 0.0716498
379 0.071531
380 0.0714965
381 0.0714928
382 0.0714887
383 0.0713807
385 0.0713542
387 0.071353
388 0.0712979
389 0.0711904
390 0.0711756
391 0.0711439
392 0.0711319
394 0.0710087
395 0.0709406
396 0.0708765
397 0.0708337
398 0.0707875
399 0.0707161
400 0.0705911
401 0.070536
402 0.0704454
403 0.070379
404 0.0703442
406 0.0703429
408 0.0703373
410 0.070327
411 0.0702121
412 0.070187
414 0.0701684
415 0.0700644
416 0.070012
417 0.0700105
418 0.0699631
420 0.0699469
422 0.0698514
423 0.0697925
425 0.069785
426 0.0696601
427 0.0695592
428 0.0694822
429 0.0694015
430 0.0693454
431 0.0692332
432 0.0691138
433 0.0690097
434 0.0689013
435 0.0687969
436 0.0686805
437 0.0685643
438 0.0684587
439 0.0683501
440 0.0682439
441 0.0681232
442 0.0680087
443 0.0678929
444 0.0677847
445 0.0676796
446 0.067566
447 0.0674582
448 0.0673597
449 0.0672469
450 0.0671389
451 0.067035
452 0.0669236
453 0.0668134
454 0.0667055
455 0.0665966
456 0.066489
457 0.0664134
458 0.0663486
459 0.0663314
461 0.0662096
462 0.0660947
463 0.065985
464 0.0658744
465 0.0657802
466 0.0656737
467 0.0655672
468 0.0654581
469 0.0653553
470 0.065263
471 0.0652065
472 0.0651313
473 0.0650195
474 0.0649099
475 0.0648011
476 0.0646946
477 0.0645908
478 0.0644959
479 0.0643937
480 0.064295
481 0.0642153
482 0.0641369
483 0.0640471
484 0.0639547
485 0.0638478
486 0.0637381
487 0.0636319
488 0.0635489
489 0.0634501
490 0.063355
491 0.0632683
492 0.0631936
493 0.0630874
494 0.0629844
495 0.0628901
496 0.0627888
497 0.0626883
498 0.0625836
499 0.0624792
500 0.0623781
501 0.062279
502 0.0621843
503 0.0620891
504 0.0619906
505 0.0618912
506 0.0617905
507 0.0616939
508 0.0616013
509 0.061512
510 0.0614325
511 0.061376
512 0.0613602
514 0.0612258
515 0.0611198
516 0.0610951
518 0.0610706
520 0.0610439
521 0.061013
522 0.0609876
524 0.0608789
525 0.060784
526 0.0606799
527 0.0605791
528 0.0605016
529 0.0604026
530 0.0603144
531 0.0602402
532 0.0601603
533 0.0601545
535 0.0600425
536 0.0599429
537 0.0598569
538 0.0597762
539 0.059714
540 0.0596269
541 0.0595336
542 0.0594457
543 0.0593561
544 0.0592948
545 0.0592396
546 0.0591833
549 0.059082
550 0.0589822
551 0.0588864
552 0.0587883
553 0.0586968
554 0.0586059
555 0.0585102
556 0.0584178
557 0.0583265
558 0.0582515
559 0.0581849
560 0.058092
561 0.0580022
562 0.0579297
563 0.0578787
564 0.0578338
565 0.0577894
566 0.0577425
567 0.0576465
568 0.0575538
569 0.0574593
570 0.057363
571 0.0572674
572 0.0571755
573 0.0570829
574 0.0570036
575 0.0569134
576 0.05681
577 0.0567065
578 0.056603
579 0.0564996
580 0.0563961
581 0.0562929
582 0.0561891
583 0.0560917
584 0.0559841
585 0.0558761
586 0.0557683
587 0.0556612
588 0.0555555
589 0.0554522
590 0.0553615
591 0.0552617
592 0.0551638
593 0.0551134
594 0.0550813
596 0.0550606
598 0.0550358
600 0.0549919
601 0.0549108
602 0.0548322
603 0.054761
604 0.0547127
605 0.0546785
606 0.0545678
607 0.0544933
608 0.054453
609 0.0543916
610 0.0543502
611 0.0543029
612 0.0542492
613 0.0542101
616 0.0541156
617 0.0540346
619 0.0540268
620 0.0539718
621 0.0539393
622 0.0538935
623 0.0538296
624 0.0538242
625 0.0538209
626 0.0537558
627 0.0536875
628 0.0536289
629 0.0536123
630 0.0536041
631 0.0535543
632 0.053479
633 0.0534606
635 0.0534035
636 0.0533667
638 0.053335
639 0.0533297
641 0.0532324
642 0.0531828
643 0.0531256
646 0.053068
647 0.0530254
648 0.0529468
649 0.0529171
651 0.0528305
652 0.0527481
653 0.0526772
656 0.0525909
657 0.0525722
659 0.0525384
662 0.0525332
664 0.0524274
665 0.0523451
666 0.0522885
667 0.0522386
668 0.0521748
669 0.0521145
670 0.0520441
671 0.0519834
676 0.0518765
677 0.0517859
678 0.0517196
679 0.0516399
680 0.0515614
681 0.0515181
684 0.051485
685 0.0513908
686 0.0513357
687 0.0513153
688 0.0513032
689 0.0513007
691 0.0512174
692 0.0511567
695 0.0510573
696 0.0509784
697 0.050915
698 0.0508401
699 0.0507735
700 0.0507292
701 0.0506514
702 0.0506453
704 0.0505895
705 0.0504984
706 0.0504382
707 0.0504234
708 0.0503981
709 0.0503578
710 0.0503288
711 0.0503177
712 0.050231
715 0.0501493
717 0.0501314
718 0.0500944
719 0.0500907
721 0.0500559
722 0.0500021
723 0.0500011
724 0.0499943
725 0.0499758
726 0.0499559
727 0.0498492
728 0.0498008
729 0.0497864
731 0.0497648
734 0.0497617
735 0.0497475
736 0.0496297
737 0.0495557
739 0.0495363
740 0.049486
741 0.0494667
745 0.0494564
746 0.0494279
747 0.0493841
748 0.0492756
749 0.0492032
750 0.0491656
751 0.0491334
752 0.0491259
753 0.0491186
756 0.0490962
758 0.0489986
761 0.048993
762 0.048991
763 0.0489598
765 0.0489332
766 0.0489309
767 0.0488769
768 0.0488554
771 0.0487425
772 0.0487241
773 0.0487214
774 0.0486537
777 0.0486438
778 0.0485901
779 0.0485117
780 0.0484522
781 0.0483693
782 0.0483375
783 0.0483103
785 0.0482588
786 0.0481511
787 0.0480827
788 0.0480465
789 0.0480172
790 0.0479791
792 0.0479601
793 0.0478722
794 0.0478222
795 0.0477662
796 0.0477398
797 0.0477345
798 0.0477309
803 0.0476499
804 0.0476117
805 0.0475841
808 0.0475766
809 0.0475743
810 0.0475632
811 0.0475104
812 0.047448
813 0.0474151
814 0.047403
815 0.0473504
816 0.0473132
817 0.047242
818 0.0471836
819 0.047162
820 0.0471615
821 0.0471168
822 0.0470833
824 0.0470718
825 0.0469904
826 0.0469867
829 0.0469853
832 0.0469003
834 0.0468979
835 0.0468306
836 0.0467656
837 0.0467583
839 0.04668
840 0.0466268
843 0.0465422
844 0.0465028
845 0.0465024
847 0.0464531
848 0.0463766
851 0.0463021
852 0.0462604
853 0.0462059
854 0.0461848
856 0.046146
857 0.0461165
859 0.0460658
861 0.0460604
864 0.0459879
865 0.0459311
866 0.0459181
867 0.0459171
868 0.0459042
870 0.0458308
871 0.0457943
874 0.0457433
875 0.0457119
878 0.0456227
879 0.0455855
880 0.0455849
881 0.0455829
882 0.0455645
883 0.0455571
885 0.0455156
886 0.0454363
887 0.0454242
888 0.0454168
890 0.0454115
891 0.0453361
892 0.0453061
893 0.0452866
894 0.0452843
895 0.0452468
896 0.0452178
899 0.0451148
900 0.0450787
901 0.0450307
902 0.044988
903 0.0449878
904 0.0449523
907 0.0448841
909 0.0448836
910 0.0448004
913 0.0447458
914 0.0446825
915 0.0446782
916 0.0446771
917 0.0446356
921 0.0446101
922 0.0445557
923 0.0445381
928 0.0444656
929 0.0444371
930 0.0443925
931 0.0443845
932 0.0443553
933 0.0443163
935 0.0442726
936 0.0441913
937 0.0441518
938 0.0441339
940 0.0440671
941 0.0440277
942 0.0439629
943 0.0439462
945 0.0438698
946 0.0437966
947 0.0437147
948 0.0436312
949 0.0435482
950 0.0434691
951 0.0433849
952 0.043302
953 0.0432196
954 0.0431513
955 0.0430975
956 0.0430162
957 0.0429337
958 0.0428603
959 0.0427869
960 0.0427053
961 0.0426234
962 0.042543
963 0.0424615
964 0.0423839
965 0.0423054
966 0.0422251
967 0.0421514
968 0.042072
969 0.0420064
970 0.0419338
971 0.0418626
972 0.0417813
973 0.0417007
974 0.0416177
975 0.0415353
976 0.0414537
977 0.0413717
978 0.0412934
979 0.0412121
980 0.0411338
981 0.0410551
982 0.0409742
983 0.0408941
984 0.0408165
985 0.0407563
986 0.0406971
987 0.0406784
989 0.0406489
992 0.0405254
993 0.0404578
994 0.0404019
995 0.0403752
998 0.0403704
999 0.0403613
1000 0.0402751
1001 0.0402173
1002 0.0401812
1005 0.0400925
1006 0.0400908
1008 0.0400813
1009 0.0400753
1010 0.0400037
1011 0.0399635
1012 0.0398922
1014 0.0398839
1015 0.0398062
1016 0.039763
1019 0.0397551
1023 0.0396836
1024 0.0396694
1026 0.0396403
1027 0.0396038
1028 0.0395763
1030 0.0394859
1031 0.0394726
1033 0.0394236
1034 0.0393934
1035 0.0393793
1036 0.0393609
1037 0.0393546
1039 0.0393256
1041 0.0392276
1042 0.0391657
1043 0.0391569
1044 0.0391542
1046 0.0391489
1047 0.0391328
1049 0.0390757
1051 0.0390688
1053 0.0390243
1054 0.0390128
1055 0.0390047
1057 0.0389969
1059 0.0389745
1062 0.0389316
1063 0.0388908
1064 0.0388501
1065 0.0388098
1066 0.0387701
1067 0.0387306
1068 0.0386913
1069 0.0386527
1070 0.0386137
1071 0.0385759
1072 0.0385372
1073 0.0385006
1074 0.0384619
1075 0.0384259
1076 0.0383874
1077 0.0383513
1078 0.038313
1079 0.0382761
1080 0.0382382
1081 0.0382009
1082 0.0381635
1083 0.0381261
1084 0.0380889
1085 0.0380517
1086 0.0380146
1087 0.0379776
1088 0.0379405
1089 0.0379038
1090 0.0378667
1091 0.0378301
1092 0.037793
1093 0.0377565
1094 0.0377195
1095 0.037683
1096 0.037646
1097 0.0376098
1098 0.0375728
1099 0.0375369
1100 0.0374998
1101 0.0374637
1102 0.0374267
1103 0.0373901
1104 0.0373535
1105 0.0373167
1106 0.0372804
1107 0.0372435
1108 0.0372071
1109 0.0371702
1110 0.037134
1111 0.0370971
1112 0.0370607
1113 0.0370239
1114 0.0369872
1115 0.0369506
1116 0.0369138
1117 0.0368773
1118 0.0368405
1119 0.036804
1120 0.0367671
1121 0.0367306
1122 0.0366937
1123 0.0366571
1124 0.0366204
1125 0.0365836
1126 0.0365469
1127 0.03651
1128 0.036474
1129 0.0364368
1130 0.0364009
1131 0.0363638
1132 0.0363276
1133 0.0362905
1134 0.0362539
1135 0.036217
1136 0.0361802
1137 0.0361433
1138 0.0361064
1139 0.0360697
1140 0.0360327
1141 0.035996
1142 0.035959
1143 0.0359222
1144 0.0358854
1145 0.0358484
1146 0.0358118
1147 0.0357748
1148 0.0357382
1149 0.0357012
1150 0.0356645
1151 0.0356276
1152 0.0355908
1153 0.0355541
1154 0.0355172
1155 0.0354804
1156 0.0354435
1157 0.0354067
1158 0.0353701
1159 0.0353332
1160 0.035297
1161 0.03526
1162 0.0352244
1163 0.0351873
1164 0.0351517
1165 0.0351146
1166 0.0350781
1167 0.0350413
1168 0.0350046
1169 0.034968
1170 0.0349311
1171 0.0348952
1172 0.0348583
1173 0.0348225
1174 0.0347856
1175 0.0347496
1176 0.0347129
1177 0.0346765
1178 0.03464
1179 0.0346034
1180 0.0345683
1181 0.0345314
1182 0.0344986
1183 0.0344657
1186 0.0344488
1187 0.0344399
1188 0.0343666
1189 0.0343162
1190 0.0343056
1191 0.0342896
1193 0.0342686
1194 0.0342532
1195 0.0342468
1196 0.0342198
1197 0.0341878
1198 0.0341814
1199 0.0341318
1200 0.034087
1201 0.034045
1202 0.0340074
1203 0.0339849
1204 0.0339769
1206 0.033957
1207 0.0339515
1209 0.0339309
1210 0.0339006
1211 0.0338562
1212 0.0338149
1213 0.0337778
1214 0.0337487
1215 0.0337221
1216 0.0336978
1218 0.0336961
1219 0.033692
1220 0.0336885
1221 0.0336621
1222 0.033622
1223 0.0335877
1224 0.0335577
1225 0.0335232
1226 0.0334988
1227 0.0334704
1228 0.0334433
1229 0.0334059
1230 0.0333685
1231 0.0333344
1232 0.0333042
1233 0.0332748
1234 0.0332495
1235 0.0332256
1236 0.0331831
1237 0.0331434
1238 0.0331061
1239 0.0330717
1240 0.033036
1241 0.0330177
1242 0.0329979
1243 0.0329808
1244 0.0329777
1245 0.0329654
1247 0.0329641
1248 0.0329256
1249 0.0328896
1250 0.0328619
1251 0.0328301
1252 0.0328213
1253 0.0327822
1254 0.0327483
1255 0.0327228
1256 0.0327079
1257 0.0327073
1258 0.0327049
1259 0.0326792
1260 0.0326628
1263 0.0326285
1264 0.0325915
1265 0.0325674
1266 0.0325618
1267 0.0325562
1269 0.032556
1270 0.0325419
1271 0.0325099
1272 0.0324758
1273 0.0324512
1274 0.0324188
1275 0.0323977
1276 0.0323659
1277 0.0323394
1279 0.0323349
1280 0.0323142
1281 0.032282
1282 0.0322605
1283 0.0322449
1284 0.0322323
1287 0.0321895
1288 0.0321756
1289 0.0321725
1291 0.0321397
1292 0.032133
1294 0.0321021
1295 0.0320803
1297 0.0320773
1298 0.0320418
1299 0.0320112
1300 0.0319882
1301 0.0319776
1302 0.0319688
1303 0.0319552
1304 0.0319278
1305 0.0319042
1306 0.031867
1307 0.0318545
1309 0.0318221
1310 0.0317976
1311 0.0317802
1312 0.0317733
1313 0.0317657
1316 0.0317245
1317 0.0316866
1318 0.031658
1319 0.0316485
1320 0.03164
1322 0.0316357
1323 0.0316314
1324 0.0316282
1326 0.0315757
1327 0.0315352
1328 0.0315092
1329 0.0314967
1330 0.0314766
1331 0.0314611
1333 0.0314586
1335 0.0314421
1337 0.0314408
1338 0.031399
1339 0.031363
1340 0.0313352
1341 0.031307
1342 0.0313012
1344 0.0312919
1345 0.0312664
1346 0.031241
1347 0.031207
1348 0.0311779
1349 0.0311465
1350 0.0311273
1351 0.0310982
1352 0.0310676
1353 0.0310456
1355 0.0310426
1356 0.0310097
1357 0.0309759
1358 0.03095
1359 0.0309294
1362 0.0308898
1363 0.0308721
1364 0.0308463
1365 0.0308266
1366 0.0307976
1367 0.0307711
1368 0.0307635
1371 0.0307304
1372 0.0306974
1373 0.0306918
1374 0.03069
1375 0.0306696
1376 0.030651
1377 0.0306502
1378 0.0306344
1379 0.0305948
1380 0.0305699
1381 0.0305411
1382 0.0305172
1383 0.0305002
1384 0.0304936
1385 0.0304925
1386 0.0304791
1388 0.0304719
1389 0.0304338
1390 0.0304189
1391 0.0304085
1394 0.0304049
1396 0.030364
1397 0.0303635
1398 0.0303621
1399 0.0303235
1400 0.0302965
1401 0.0302823
1403 0.0302745
1404 0.0302418
1405 0.0302314
1406 0.030229
1407 0.0302024
1408 0.0301801
1409 0.0301572
1410 0.0301506
1412 0.0301382
1413 0.0300974
1414 0.030065
1415 0.030036
1416 0.0300158
1417 0.0300067
1418 0.0300055
1419 0.0299938
1422 0.0299776
1423 0.0299389
1424 0.0299047
1425 0.0298791
1426 0.0298694
1427 0.0298615
1429 0.0298305
1430 0.0298025
1431 0.0297945
1434 0.0297517
1435 0.0297287
1436 0.0297133
1439 0.0296882
1440 0.0296751
1442 0.0296618
1443 0.0296333
1444 0.029597
1445 0.0295683
1446 0.0295437
1447 0.0295213
1448 0.0294948
1449 0.0294626
1450 0.029443
1451 0.0294164
1452 0.029382
1453 0.0293472
1454 0.0293114
1455 0.0292753
1456 0.0292403
1457 0.0292055
1458 0.0291695
1459 0.0291337
1460 0.029102
1461 0.0290751
1462 0.0290388
1463 0.0290062
1464 0.0289823
1465 0.0289666
1466 0.0289488
1467 0.0289241
1468 0.0289062
1469 0.0288832
1470 0.0288531
1473 0.0288131
1474 0.0287834
1475 0.0287605
1478 0.0287415
1479 0.0287414
1481 0.0287146
1482 0.0286831
1483 0.0286492
1484 0.0286205
1485 0.0286027
1486 0.0285746
1487 0.0285548
1488 0.0285325
1489 0.0285001
1490 0.0284654
1491 0.0284318
1492 0.0283975
1493 0.0283651
1494 0.028332
1495 0.0282989
1496 0.0282663
1497 0.0282341
1498 0.0282013
1499 0.0281709
1500 0.0281415
1501 0.0281149
1502 0.0281062
1503 0.02807
1504 0.0280369
1505 0.0280105
1506 0.0280026
1508 0.027977
1509 0.0279639
1510 0.0279612
1511 0.0279569
1512 0.0279454
1513 0.0279033
1514 0.0278624
1515 0.0278301
1516 0.027803
1517 0.027774
1518 0.0277632
1519 0.0277546
1521 0.0277305
1522 0.027727
1523 0.0277143
1524 0.0276762
1525 0.0276441
1526 0.0276245
1527 0.0275924
1528 0.0275666
1529 0.0275596
1531 0.0275477
1533 0.0275164
1534 0.027483
1535 0.02746
1537 0.0274583
1538 0.0274253
1539 0.0274125
1540 0.027398
1541 0.0273974
1542 0.0273971
1543 0.0273872
1544 0.0273819
1545 0.0273678
1547 0.0273496
1548 0.0273117
1549 0.0272843
1550 0.0272627
1551 0.0272398
1552 0.0272078
1553 0.0271687
1554 0.0271321
1555 0.0270977
1556 0.0270665
1557 0.0270375
1558 0.0270082
1559 0.026972
1560 0.0269369
1561 0.026904
1562 0.0268709
1563 0.0268374
1564 0.0268047
1565 0.0267725
1566 0.0267407
1567 0.0267131
1568 0.0266872
1569 0.0266661
1570 0.0266386
1571 0.0266106
1572 0.026584
1573 0.0265491
1574 0.0265154
1575 0.026481
1576 0.0264468
1577 0.0264129
1578 0.0263798
1579 0.0263479
1580 0.0263164
1581 0.0262878
1582 0.0262639
1583 0.0262403
1584 0.0262124
1585 0.0261847
1586 0.0261496
1587 0.026115
1588 0.0260818
1589 0.0260488
1590 0.0260168
1591 0.0259871
1592 0.0259547
1593 0.0259215
1594 0.0258901
1595 0.0258605
1596 0.0258423
1597 0.0258154
1598 0.0257886
1599 0.0257543
1600 0.0257203
1601 0.0256886
1602 0.0256546
1603 0.0256214
1604 0.0255875
1605 0.0255538
1606 0.0255203
1607 0.0254866
1608 0.0254537
1609 0.0254202
1610 0.0253863
1611 0.0253533
1612 0.0253197
1613 0.0252856
1614 0.0252514
1615 0.0252173
1616 0.0251831
1617 0.0251488
1618 0.0251147
1619 0.0250803
1620 0.0250468
1621 0.0250125
1622 0.024978
1623 0.0249439
1624 0.0249094
1625 0.0248762
1626 0.0248422
1627 0.0248076
1628 0.0247738
1629 0.0247392
1630 0.0247048
1631 0.0246702
1632 0.0246359
1633 0.0246014
1634 0.0245669
1635 0.0245324
1636 0.0244979
1637 0.0244635
1638 0.0244297
1639 0.0243956
1640 0.0243613
1641 0.0243357
1642 0.0243021
1643 0.024268
1644 0.0242365
1645 0.0242017
1646 0.024167
1647 0.0241335
1648 0.0241007
1649 0.0240667
1650 0.0240328
1651 0.0239993
1652 0.0239658
1653 0.0239353
1654 0.0239049
1655 0.0238738
1656 0.0238398
1657 0.0238057
1658 0.0237754
1659 0.0237456
1660 0.0237143
1661 0.0236895
1662 0.0236733
1663 0.0236717
1664 0.0236686
1665 0.0236322
1666 0.0235972
1667 0.0235683
1668 0.0235332
1669 0.0235014
1670 0.0234734
1671 0.02344
1672 0.0234067
1673 0.0233731
1674 0.0233405
1675 0.0233067
1676 0.0232734
1677 0.0232397
1678 0.0232062
1679 0.0231755
1680 0.0231452
1681 0.0231163
1682 0.0230863
1683 0.0230552
1684 0.023022
1685 0.0229923
1686 0.0229651
1687 0.0229341
1688 0.0229056
1689 0.0228758
1690 0.0228481
1691 0.0228206
1692 0.0228139
1694 0.0227791
1695 0.0227468
1696 0.0227124
1697 0.0226782
1698 0.0226444
1699 0.0226144
1700 0.0225878
1701 0.0225603
1702 0.0225267
1703 0.0224963
1704 0.0224675
1705 0.022445
1706 0.0224149
1707 0.0223801
1708 0.0223472
1709 0.0223137
1710 0.0222795
1711 0.0222455
1712 0.0222117
1713 0.0221783
1714 0.0221458
1715 0.0221151
1716 0.0220815
1717 0.022055
1718 0.0220353
1719 0.0220173
1720 0.0219947
1721 0.0219649
1722 0.0219345
1723 0.0219006
1724 0.0218681
1725 0.0218362
1726 0.0218033
1727 0.0217712
1728 0.0217389
1729 0.0217079
1730 0.0216753
1731 0.0216439
1732 0.0216119
1733 0.0215838
1734 0.0215585
1735 0.0215417
1736 0.0215238
1737 0.0215009
1738 0.021472
1739 0.02144
1740 0.0214098
1741 0.0213776
1742 0.0213457
1743 0.0213138
1744 0.0212818
1745 0.0212532
1746 0.021222
1747 0.0211913
1748 0.0211608
1749 0.0211293
1750 0.0210976
1751 0.0210667
1752 0.0210355
1753 0.0210044
1754 0.0209817
1755 0.0209593
1756 0.0209497
1757 0.0209343
1758 0.0209124
1759 0.0208805
1760 0.0208498
1761 0.020821
1762 0.0207974
1763 0.0207819
1764 0.0207718
1765 0.0207546
1766 0.0207211
1767 0.0207052
1768 0.0206908
1769 0.0206669
1770 0.0206495
1771 0.020634
1773 0.020632
1776 0.020599
1777 0.0205749
1778 0.0205581
1779 0.0205438
1780 0.0205268
1783 0.0204951
1784 0.0204806
1785 0.0204702
1786 0.0204699
1787 0.0204497
1788 0.0204449
1789 0.0204356
1790 0.0204334
1792 0.0203985
1793 0.0203669
1794 0.020356
1795 0.0203487
1796 0.0203452
1799 0.0203247
1800 0.0203054
1801 0.0202777
1802 0.0202673
1803 0.0202389
1804 0.0202104
1805 0.0201863
1806 0.0201629
1807 0.0201509
1808 0.0201244
1809 0.0201152
1811 0.0201074
1812 0.0200862
1813 0.0200645
1814 0.0200478
1815 0.0200442
1816 0.0200371
1818 0.0200273
1819 0.0199986
1820 0.0199893
1821 0.0199862
1822 0.019972
1823 0.0199693
1825 0.0199434
1826 0.0199294
1827 0.0199138
1829 0.01991
1830 0.0198871
1831 0.0198609
1832 0.0198365
1833 0.0198128
1834 0.0197931
1835 0.0197758
1836 0.0197489
1837 0.01974
1838 0.0197371
1840 0.0197221
1841 0.0196866
1842 0.0196662
1843 0.0196575
1844 0.0196516
1846 0.0196459
1847 0.0196282
1848 0.0196171
1849 0.0196167
1851 0.0196135
1852 0.0195929
1853 0.0195859
1854 0.0195782
1856 0.0195577
1857 0.0195223
1858 0.0195128
1859 0.0195056
1860 0.019505
1862 0.0194953
1863 0.01948
1864 0.0194664
1866 0.0194407
1867 0.0194121
1868 0.0193861
1869 0.0193681
1870 0.0193652
1872 0.0193351
1873 0.019308
1874 0.0192926
1875 0.0192802
1876 0.0192668
1877 0.0192654
1880 0.0192479
1881 0.0192199
1882 0.019199
1883 0.0191839
1884 0.019178
1885 0.0191761
1888 0.0191508
1890 0.0191449
1891 0.0191178
1892 0.0191015
1894 0.019093
1895 0.0190715
1896 0.019058
1897 0.0190511
1899 0.0190408
1900 0.0190385
1901 0.0190316
1903 0.0190193
1904 0.0189904
1905 0.018976
1906 0.0189746
1907 0.0189703
1909 0.0189699
1911 0.0189576
1912 0.0189264
1913 0.0189068
1914 0.0188882
1916 0.0188799
1917 0.0188566
1918 0.0188475
1919 0.0188472
1920 0.0188399
1921 0.0188383
1922 0.0188251
1923 0.0188239
1925 0.0187848
1926 0.0187616
1927 0.0187481
1928 0.0187263
1929 0.0187083
1930 0.0186829
1931 0.018672
1936 0.0186366
1937 0.0186114
1938 0.0185904
1939 0.0185858
1940 0.0185844
1943 0.0185592
1944 0.0185481
1945 0.0185422
1946 0.018538
1947 0.0185277
1949 0.0185173
1950 0.0184859
1951 0.0184705
1952 0.0184625
1953 0.0184535
1959 0.0184514
1960 0.0184145
1961 0.0183942
1964 0.0183701
1965 0.0183604
1966 0.0183463
1968 0.0183332
1969 0.0183313
1970 0.0183069
1971 0.0182908
1972 0.0182692
1973 0.0182421
1974 0.0182201
1975 0.0181942
1976 0.0181862
1977 0.0181807
1979 0.0181781
1981 0.0181762
1983 0.0181352
1984 0.0181123
1985 0.0180972
1986 0.0180788
1987 0.0180588
1988 0.0180568
1989 0.0180533
1990 0.0180367
1991 0.0180082
1992 0.0179931
1993 0.0179858
1994 0.0179656
1995 0.0179342
1996 0.0179172
1997 0.017916
1998 0.017909
1999 0.0178804
2001 0.0178795
2002 0.0178681
2005 0.0178385
2006 0.017828
2007 0.0178068
2010 0.017781
2011 0.0177622
2012 0.0177499
2013 0.0177458
2015 0.0177297
2018 0.017698
2019 0.0176885
2020 0.0176754
2021 0.0176732
2024 0.0176706
2025 0.0176479
2027 0.0176461
2028 0.0176172
2029 0.0175945
2030 0.0175862
2031 0.0175815
2032 0.01758
2034 0.017551
2035 0.0175266
2036 0.0175213
2038 0.017491
2039 0.0174656
2040 0.0174456
2041 0.0174285
2042 0.0174056
2045 0.0173933
2046 0.0173676
2047 0.0173555
2048 0.0173319
2049 0.0173168
2052 0.0172936
2053 0.0172737
2054 0.0172705
2055 0.0172684
2056 0.0172547
2057 0.0172537
2058 0.0172318
2059 0.0172304
2061 0.0171955
2062 0.0171675
2063 0.0171447
2064 0.017141
2066 0.0171291
2067 0.0171257
2069 0.0171016
2070 0.0170713
2071 0.0170483
2072 0.01702
2073 0.0169969
2074 0.016971
2075 0.0169485
2076 0.0169273
2077 0.0169154
2078 0.0168883
2079 0.0168737
2080 0.0168516
2081 0.0168249
2082 0.0168021
2083 0.0167769
2084 0.0167544
2085 0.0167344
2086 0.0167093
2087 0.0166931
2088 0.0166729
2089 0.0166479
2090 0.0166243
2091 0.0166078
2092 0.0165928
2094 0.0165908
2095 0.0165727
2096 0.0165648
2097 0.0165546
2098 0.0165382
2099 0.0165266
2100 0.0164985
2101 0.0164784
2102 0.0164571
2103 0.0164388
2104 0.0164384
2105 0.0164326
2106 0.0164233
2109 0.0163961
2110 0.0163694
2111 0.0163578
2112 0.0163452
2114 0.0163399
2115 0.01632
2116 0.0163084
2117 0.0163022
2119 0.0162864
2120 0.016271
2121 0.0162637
2124 0.0162332
2125 0.0162107
2126 0.0161911
2127 0.0161884
2130 0.0161808
2132 0.0161759
2133 0.0161551
2134 0.0161374
2137 0.0161167
2138 0.016102
2139 0.0161
2141 0.0160826
2142 0.0160742
2143 0.0160608
2146 0.0160337
2147 0.0160172
2148 0.0160107
2150 0.0160065
2151 0.0160044
2154 0.0159957
2156 0.0159854
2157 0.0159594
2158 0.0159582
2159 0.0159521
2160 0.0159448
2162 0.0159142
2163 0.0158949
2164 0.0158802
2165 0.0158674
2166 0.0158624
2167 0.0158535
2168 0.0158321
2169 0.0158088
2170 0.0157967
2171 0.0157941
2173 0.0157725
2174 0.0157449
2175 0.0157202
2176 0.0157017
2177 0.0156774
2178 0.0156532
2179 0.0156265
2180 0.0156048
2181 0.0155814
2182 0.0155671
2183 0.0155486
2184 0.0155295
2185 0.0155061
2186 0.0154938
2187 0.0154671
2188 0.0154461
2189 0.015427
2190 0.0154182
2191 0.0154057
2193 0.0153983
2194 0.0153753
2195 0.0153551
2196 0.0153542
2197 0.0153503
2198 0.0153339
2201 0.0153075
2202 0.015304
2203 0.015302
2204 0.0152755
2205 0.0152486
2206 0.0152242
2207 0.015213
2208 0.015205
2210 0.0151995
2211 0.0151701
2212 0.015156
2213 0.015141
2215 0.0151368
2216 0.0151225
2221 0.0150923
2222 0.0150778
2223 0.0150645
2224 0.0150596
2225 0.0150514
2226 0.0150276
2228 0.0150256
2229 0.0150114
2230 0.0149932
2231 0.0149742
2234 0.0149725
2235 0.0149638
2236 0.0149419
2237 0.0149193
2238 0.0149039
2239 0.0148933
2240 0.01488
2241 0.0148732
2242 0.0148724
2243 0.014856
2245 0.0148499
2246 0.0148199
2247 0.0147959
2248 0.0147884
2249 0.014774
2250 0.0147664
2253 0.0147625
2255 0.0147522
2256 0.0147249
2257 0.0147081
2258 0.0146829
2259 0.0146743
2260 0.0146596
2261 0.0146587
2263 0.0146346
2264 0.0146069
2265 0.0145828
2266 0.014562
2267 0.0145579
2268 0.014533
2269 0.0145175
2270 0.0145112
2271 0.0145097
2273 0.0145084
2274 0.0144881
2275 0.0144803
2277 0.0144675
2278 0.0144449
2279 0.0144297
2280 0.014425
2283 0.0144242
2284 0.0144147
2285 0.0144002
2286 0.0143995
2287 0.0143855
2288 0.0143598
2289 0.0143434
2290 0.0143234
2291 0.0143203
2294 0.0143192
2295 0.0143017
2296 0.0142767
2297 0.0142688
2298 0.0142459
2299 0.0142331
2300 0.0142087
2301 0.0142027
2303 0.0141995
2304 0.0141775
2305 0.0141585
2306 0.0141409
2308 0.0141348
2311 0.0141145
2312 0.0140917
2313 0.0140692
2314 0.0140471
2315 0.0140272
2316 0.0140112
2318 0.0140103
2319 0.0139812
2320 0.013955
2321 0.0139377
2322 0.0139217
2323 0.013908
2324 0.0138892
2325 0.0138808
2326 0.0138795
2328 0.0138504
2329 0.0138239
2330 0.0137966
2331 0.0137723
2332 0.0137587
2333 0.0137466
2334 0.0137329
2335 0.0137148
2337 0.0137124
2338 0.0136868
2339 0.0136605
2340 0.0136376
2341 0.0136113
2342 0.0135841
2343 0.0135573
2344 0.0135361
2345 0.0135129
2346 0.0134904
2347 0.0134652
2348 0.0134393
2349 0.0134146
2350 0.0133907
2351 0.0133716
2352 0.0133589
2353 0.0133338
2354 0.0133121
2355 0.0132983
2356 0.0132787
2357 0.0132667
2358 0.0132503
2359 0.0132304
2360 0.013215
2361 0.0132058
2363 0.0131954
2364 0.0131777
2365 0.0131775
2366 0.0131694
2367 0.0131495
2368 0.0131352
2369 0.0131169
2370 0.0131158
2372 0.0131042
2373 0.0130771
2374 0.0130615
2375 0.0130406
2376 0.013035
2377 0.0130342
2378 0.0130156
2379 0.0130071
2380 0.0129916
2381 0.0129759
2383 0.0129723
2384 0.0129507
2385 0.0129368
2386 0.0129293
2387 0.0129248
2388 0.012915
2389 0.0129008
2390 0.0128843
2391 0.0128663
2392 0.0128581
2393 0.012857
2394 0.0128511
2395 0.012843
2396 0.0128133
2397 0.0128091
2398 0.0128042
2399 0.0127889
2400 0.0127822
2402 0.0127774
2404 0.0127665
2405 0.0127663
2406 0.0127652
2407 0.0127456
2408 0.0127409
2409 0.0127346
2410 0.0127317
2412 0.0127044
2413 0.0126883
2414 0.0126712
2415 0.0126667
2417 0.0126646
2418 0.0126539
2419 0.0126394
2420 0.0126234
2421 0.0126034
2422 0.0125929
2423 0.0125852
2425 0.0125788
2426 0.0125584
2430 0.0125564
2431 0.0125463
2432 0.0125429
2433 0.0125295
2434 0.0125074
2435 0.0124892
2436 0.0124739
2437 0.0124537
2438 0.0124404
2439 0.0124129
2440 0.0123887
2441 0.0123662
2442 0.0123434
2443 0.0123274
2444 0.0123076
2445 0.0122854
2446 0.0122599
2447 0.0122351
2448 0.0122106
2449 0.0121857
2450 0.0121604
2451 0.0121352
2452 0.0121102
2453 0.0120857
2454 0.012061
2455 0.0120395
2456 0.0120176
2457 0.0119909
2458 0.0119661
2459 0.0119422
2460 0.011924
2461 0.01191
2462 0.0118914
2463 0.011867
2464 0.0118414
2465 0.0118162
2466 0.0117912
2467 0.0117687
2468 0.0117423
2469 0.0117176
2470 0.011696
2471 0.0116727
2472 0.0116497
2473 0.0116279
2474 0.0116091
2475 0.0115857
2476 0.0115613
2477 0.0115397
2478 0.0115166
2479 0.0114968
2480 0.0114814
2481 0.0114749
2482 0.0114484
2483 0.0114249
2484 0.0114041
2485 0.0113911
2486 0.011379
2487 0.0113583
2488 0.0113414
2489 0.0113179
2490 0.011296
2491 0.0112806
2492 0.0112659
2493 0.0112458
2494 0.0112252
2495 0.0112028
2496 0.0111871
2497 0.0111705
2498 0.0111479
2499 0.0111322
2500 0.0111156
2501 0.0110947
2502 0.0110802
2503 0.0110598
2504 0.0110377
2505 0.0110155
2506 0.0109924
2507 0.0109701
2508 0.010951
2509 0.0109319
2510 0.0109151
2511 0.0108922
2512 0.0108697
2513 0.0108466
2514 0.0108265
2515 0.0108094
2516 0.0107954
2517 0.010774
2518 0.0107539
2519 0.0107297
2520 0.0107062
2521 0.0106836
2522 0.0106611
2523 0.01064
2524 0.0106198
2525 0.0105972
2526 0.0105801
2527 0.0105649
2528 0.0105459
2529 0.0105237
2530 0.0105026
2531 0.0104841
2532 0.010464
2533 0.0104475
2534 0.0104325
2535 0.0104142
2536 0.0103941
2537 0.0103743
2538 0.0103554
2539 0.0103382
2540 0.0103196
2541 0.0103125
2542 0.0103019
2543 0.010283
2544 0.0102679
2545 0.0102554
2546 0.0102483
2547 0.0102299
2548 0.0102172
2549 0.0101985
2550 0.0101779
2551 0.0101578
2552 0.0101408
2553 0.0101334
2554 0.0101209
2555 0.0101081
2556 0.0100923
2557 0.0100781
2558 0.0100586
2559 0.0100388
2560 0.0100275
2561 0.0100078
2562 0.00998985
2563 0.0099732
2564 0.00996224
2565 0.00994701
2566 0.00992829
2567 0.00990872
2568 0.00988876
2569 0.00986776
2570 0.00985516
2571 0.0098337
2572 0.00981835
2573 0.00981293
2575 0.00981239
2577 0.00979018
2578 0.009766
2579 0.00974597
2580 0.00972816
2581 0.00970931
2582 0.00968653
2583 0.00966407
2584 0.00964482
2585 0.00962882
2586 0.00960619
2587 0.00958543
2588 0.00956677
2589 0.00954539
2590 0.00952683
2591 0.00950763
2592 0.00948668
2593 0.00946935
2594 0.00945294
2595 0.00943802
2596 0.00942315
2597 0.00940154
2598 0.00938116
2599 0.00936074
2600 0.00934394
2601 0.00932658
2602 0.00931142
2603 0.00929656
2604 0.00927948
2605 0.00926602
2606 0.00925693
2607 0.00925107
2609 0.00922624
2610 0.00920551
2611 0.00919031
2612 0.00918537
2613 0.00917752
2614 0.00917354
2615 0.00917309
2618 0.00916941
2619 0.009162
2620 0.00914046
2621 0.00912706
2622 0.00911818
2624 0.00910995
2625 0.00909695
2626 0.00908485
2627 0.00907779
2629 0.0090759
2630 0.00907583
2631 0.00907354
2634 0.00904692
2635 0.00903265
2636 0.00902385
2637 0.0090221
2641 0.00901386
2642 0.00900272
2643 0.00899517
2644 0.00897635
2647 0.00896416
2648 0.00895589
2649 0.00895355
2655 0.00892891
2656 0.00892134
2658 0.00891854
2660 0.00890164
2663 0.00890155
2664 0.00889908
2665 0.00888438
2666 0.00888101
2667 0.00885812
2668 0.00884634
2669 0.00883605
2670 0.00882471
2672 0.00882321
2673 0.00880251
2674 0.00878878
2675 0.00878441
2676 0.00877351
2677 0.0087683
2678 0.0087565
2679 0.0087499
2682 0.00872861
2683 0.00871799
2686 0.00871623
2689 0.00870762
2690 0.00869058
2691 0.00868783
2692 0.00868121
2693 0.00866936
2694 0.00864897
2695 0.00864457
2697 0.00863965
2699 0.00862587
2700 0.00861605
2701 0.00859767
2702 0.00858932
2703 0.00858631
2704 0.00856591
2705 0.00854791
2706 0.00853753
2707 0.00852953
2708 0.0085093
2709 0.00849103
2710 0.00847248
2711 0.00845384
2712 0.00843496
2713 0.00841659
2714 0.00839812
2715 0.00837954
2716 0.00836151
2717 0.00834421
2718 0.00832893
2719 0.00831685
2720 0.00829742
2721 0.00827871
2722 0.00826094
2723 0.00824335
2724 0.0082359
2725 0.00821424
2726 0.00819905
2727 0.00818495
2728 0.00817132
2729 0.00815286
2730 0.00813933
2731 0.00813048
2732 0.0081103
2733 0.008093
2734 0.00807893
2735 0.00807229
2736 0.00805179
2737 0.0080331
2738 0.00801548
2739 0.00799825
2740 0.00798391
2741 0.00797362
2742 0.0079584
2743 0.00794096
2744 0.00792763
2745 0.00791587
2746 0.00790243
2747 0.00788596
2748 0.00786889
2749 0.00785167
2750 0.00783612
2751 0.0078197
2752 0.00780632
2753 0.00779353
2754 0.00777639
2755 0.00776069
2756 0.00774507
2757 0.0077288
2758 0.00771692
2759 0.00770167
2760 0.00768566
2761 0.00767123
2762 0.00765519
2763 0.00764477
2764 0.00762894
2765 0.00761631
2766 0.0076
2767 0.00758439
2768 0.00756999
2769 0.00755513
2770 0.00754117
2771 0.00752766
2772 0.00751154
2773 0.00749932
2774 0.00748505
2775 0.00747173
2776 0.00745772
2777 0.00744171
2778 0.00742824
2779 0.0074151
2780 0.00740672
2783 0.00740258
2785 0.00739498
2786 0.0073894
2787 0.00736779
2788 0.007358
2789 0.00735008
2790 0.00733933
2792 0.00733786
2793 0.00733614
2796 0.00733425
2797 0.00731098
2798 0.00729622
2799 0.00728556
2800 0.00727953
2804 0.00727778
2805 0.00727191
2807 0.00725596
2810 0.00724124
2811 0.00724025
2812 0.0072392
2813 0.00723631
2815 0.00723552
2816 0.00723531
2818 0.00722752
2819 0.00720864
2821 0.00720751
2822 0.00719099
2823 0.00718553
2824 0.0071807
2826 0.00717934
2828 0.0071567
2829 0.00714587
2832 0.0071439
2833 0.00714204
2834 0.00713045
2838 0.00711377
2840 0.00711348
2841 0.0071042
2843 0.00710028
2845 0.00709695
2849 0.00707363
2850 0.00705977
2851 0.00704586
2852 0.00704355
2853 0.00704318
2854 0.00704045
2857 0.0070332
2858 0.00702039
2859 0.00700404
2861 0.00700367
2862 0.00699354
2863 0.00699246
2866 0.00699206
2867 0.00698609
2868 0.00698475
2869 0.00698327
2871 0.00697089
2872 0.00695492
2873 0.0069479
2874 0.00694499
2876 0.00693852
2881 0.0069293
2882 0.00690902
2884 0.00690814
2885 0.00689389
2886 0.00688875
2887 0.00688298
2889 0.00687598
2890 0.00687566
2892 0.00685773
2893 0.00684008
2894 0.00682822
2895 0.00681751
2896 0.00680213
2897 0.00679129
2898 0.00679055
2899 0.00678988
2900 0.00678504
2901 0.00676892
2902 0.00676034
2903 0.00674599
2906 0.00673321
2907 0.00672186
2908 0.00671684
2909 0.00670934
2913 0.00670498
2914 0.00669489
2915 0.00667879
2916 0.00666931
2917 0.00666782
2919 0.00666406
2920 0.00666372
2921 0.00664045
2922 0.00663272
2923 0.00663174
2925 0.00662967
2927 0.00662383
2928 0.00661268
2929 0.00661083
2931 0.0066088
2934 0.00658548
2935 0.00658422
2937 0.00657851
2939 0.00657562
2940 0.00656546
2941 0.00656241
2942 0.00655969
2943 0.00654069
2944 0.00652528
2945 0.00651779
2946 0.00650958
2947 0.00650351
2948 0.00650323
2949 0.00650054
2953 0.00648672
2958 0.00647579
2959 0.00646454
2964 0.00645767
2965 0.00644492
2966 0.00644367
2970 0.00642835
2971 0.00641684
2974 0.00641513
2976 0.00640297
2978 0.0063994
2980 0.00639483
2981 0.0063853
2982 0.00638475
2983 0.00638098
2985 0.00637388
2986 0.00636366
2987 0.00636304
2988 0.00636105
2989 0.00635834
2990 0.00635639
2992 0.00634616
2993 0.00633511
2994 0.00632848
2995 0.00632558
2996 0.00632438
2999 0.00631412
3000 0.00630706
3001 0.00629468
3002 0.00628948
3005 0.00627964
3006 0.00627182
3008 0.00627032
3009 0.00626125
3010 0.00625419
3013 0.00624888
3015 0.00624786
3016 0.00624635
3017 0.0062456
3019 0.00624536
3021 0.00623488
3022 0.00622337
3023 0.00622281
3024 0.00622158
3025 0.00621094
3030 0.00620511
3032 0.0061897
3033 0.00618167
3035 0.00617701
3036 0.00617463
3038 0.00615979
3039 0.00614708
3040 0.00613442
3041 0.00612765
3043 0.00612597
3044 0.00611446
3045 0.00609864
3046 0.00609096
3049 0.00607807
3050 0.00607217
3052 0.00607167
3053 0.00606244
3054 0.00606175
3055 0.00605271
3057 0.0060481
3058 0.00603717
3059 0.00603156
3060 0.00602021
3061 0.00601628
3062 0.00601177
3063 0.00601172
3064 0.00600375
3066 0.00600084
3067 0.00598999
3069 0.00598961
3071 0.00598923
3072 0.00598597
3073 0.00597984
3074 0.0059788
3076 0.00597683
3079 0.00597073
3080 0.00596636
3081 0.00596444
3082 0.005963
3084 0.00596057
3085 0.00595282
3086 0.00595042
3087 0.00594965
3089 0.0059429
3090 0.00594007
3091 0.00593898
3093 0.00593882
3095 0.00593144
3096 0.00592675
3097 0.00592102
3098 0.00591667
3099 0.00591507
3100 0.00591478
3101 0.0059099
3102 0.00590339
3103 0.00589672
3104 0.00589035
3105 0.00588534
3106 0.00588126
3107 0.00587787
3108 0.00587263
3109 0.00586631
3110 0.00586025
3111 0.0058544
3112 0.00584831
3113 0.00584171
3114 0.00583521
3115 0.00582902
3116 0.00582411
3117 0.00581992
3118 0.00581625
3119 0.00581309
3120 0.00580854
3121 0.00580355
3122 0.0058004
3123 0.00579945
3124 0.00579619
3125 0.00578931
3126 0.00578288
3127 0.00577676
3128 0.00577049
3129 0.00576447
3130 0.00575828
3131 0.00575222
3132 0.00574613
3133 0.00574008
3134 0.00573392
3135 0.00572778
3136 0.00572191
3137 0.0057158
3138 0.00570984
3139 0.00570366
3140 0.00569872
3141 0.00569274
3142 0.00568742
3143 0.00568339
3144 0.00568028
3145 0.00567668
3146 0.00567602
3147 0.00567521
3148 0.00566721
3149 0.00566071
3150 0.00565483
3151 0.00565266
3152 0.00564781
3153 0.0056449
3155 0.00564489
3158 0.0056385
3159 0.00563354
3160 0.00562798
3161 0.00562313
3162 0.00561771
3163 0.00561204
3164 0.00560716
3165 0.00560201
3166 0.00559891
3167 0.00559365
3168 0.0055894
3169 0.00558287
3170 0.00557788
3171 0.00557255
3172 0.00557047
3173 0.00556873
3174 0.00556467
3175 0.00556212
3177 0.00556008
3178 0.00555506
3179 0.00554873
3180 0.00554442
3181 0.00553998
3182 0.00553642
3185 0.00553103
3186 0.0055293
3188 0.00552595
3189 0.00552229
3190 0.00552112
3192 0.00552073
3193 0.00551839
3194 0.00551029
3195 0.00550409
3196 0.00549973
3197 0.00549887
3199 0.00549791
3200 0.00549593
3203 0.00549204
3204 0.00548586
3205 0.00548085
3206 0.00547726
3207 0.00547189
3208 0.00546719
3209 0.00546243
3210 0.00546033
3213 0.00545671
3214 0.00545002
3215 0.00544449
3216 0.00544243
3217 0.00543706
3218 0.00543379
3219 0.00543018
3220 0.00542491
3221 0.00541938
3222 0.00541609
3223 0.00541381
3224 0.0054076
3225 0.00540103
3226 0.00539502
3227 0.00538875
3228 0.0053826
3229 0.00537672
3230 0.00537066
3231 0.00536486
3232 0.00535894
3233 0.00535302
3234 0.00534758
3235 0.00534508
3236 0.00533923
3237 0.00533776
3239 0.00533319
3240 0.00532917
3241 0.00532483
3242 0.00532083
3243 0.00531879
3244 0.00531456
3246 0.005314
3247 0.00530742
3248 0.00530608
3250 0.00530299
3251 0.00530143
3252 0.00530032
3254 0.00529858
3255 0.00529276
3256 0.00529046
3257 0.00528661
3258 0.0052805
3259 0.00527556
3260 0.00527299
3261 0.00526954
3262 0.00526528
3263 0.00526178
3264 0.00525589
3265 0.00524972
3266 0.00524385
3267 0.0052384
3268 0.00523278
3269 0.0052289
3270 0.0052265
3271 0.00522239
3273 0.00522211
3274 0.0052203
3275 0.00521465
3276 0.00520883
3277 0.00520563
3278 0.0052011
3281 0.00519797
3282 0.00519364
3283 0.00518955
3284 0.00518864
3286 0.00518343
3287 0.00518288
3289 0.00517765
3290 0.0051734
3292 0.00517248
3293 0.00516595
3294 0.00516086
3295 0.00515659
3296 0.00515145
3297 0.00514651
3298 0.00514264
3299 0.00513864
3300 0.00513233
3301 0.00512656
3302 0.00512051
3303 0.00511459
3304 0.00510849
3305 0.00510255
3306 0.00509665
3307 0.00509076
3308 0.00508487
3309 0.00507879
3310 0.00507293
3311 0.0050669
3312 0.00506108
3313 0.00505527
3314 0.00504967
3315 0.00504543
3316 0.00504272
3317 0.00504126
3319 0.00503616
3320 0.00503143
3321 0.00502623
3322 0.00502038
3323 0.00501445
3324 0.00500875
3325 0.00500449
3326 0.00500036
3327 0.00499698
3328 0.00499502
3329 0.00499494
3330 0.00498974
3331 0.00498463
3332 0.00497921
3333 0.00497321
3334 0.00496724
3335 0.00496131
3336 0.00495547
3337 0.00494973
3338 0.00494439
3339 0.00493851
3340 0.00493273
3341 0.00492699
3342 0.00492144
3343 0.00491571
3344 0.00491019
3345 0.00490453
3346 0.00489918
3347 0.0048936
3348 0.00488902
3349 0.00488346
3350 0.00487844
3351 0.00487304
3352 0.00486894
3353 0.00486297
3354 0.00485882
3355 0.00485532
3356 0.00485322
3358 0.00484885
3359 0.00484431
3360 0.00484005
3361 0.00483518
3362 0.00483143
3365 0.00482932
3366 0.00482285
3367 0.00481834
3368 0.00481286
3369 0.00481015
3371 0.00480999
3372 0.00480841
3374 0.00480721
3376 0.00480067
3377 0.00479657
3378 0.00479227
3379 0.00478857
3381 0.00478855
3382 0.00478564
3384 0.00478415
3386 0.00477902
3387 0.00477592
3388 0.00477451
3389 0.00477164
3390 0.00476536
3391 0.00476274
3392 0.00475912
3393 0.00475757
3395 0.00475692
3396 0.00475648
3397 0.0047535
3398 0.00475087
3399 0.00474421
3400 0.00473833
3401 0.00473287
3402 0.00472973
3403 0.00472636
3404 0.0047236
3407 0.00472198
3410 0.00472001
3411 0.00471482
3412 0.00471163
3413 0.00470899
3415 0.00470876
3416 0.00470302
3417 0.00470073
3418 0.0046991
3419 0.00469804
3420 0.00469797
3421 0.00469542
3422 0.0046938
3424 0.00469263
3425 0.00468689
3426 0.00468218
3427 0.00467735
3428 0.00467415
3429 0.00467197
3430 0.00467168
3431 0.00467056
3432 0.0046705
3433 0.00467039
3436 0.00466284
3437 0.00465813
3439 0.00465736
3440 0.00465616
3441 0.00465601
3442 0.00465117
3443 0.00464967
3444 0.00464923
3445 0.00464596
3446 0.00464122
3447 0.00463711
3448 0.0046338
3449 0.00463194
3450 0.00462538
3451 0.00462108
3452 0.0046181
3453 0.00461501
3454 0.00461366
3455 0.00461326
3456 0.00461228
3460 0.00460581
3461 0.0046027
3462 0.00460104
3464 0.00460002
3465 0.00459469
3466 0.00459282
3467 0.00459233
3468 0.00459215
3469 0.00459191
3470 0.00458744
3471 0.00458572
3472 0.00457914
3473 0.00457561
3474 0.00457154
3475 0.00456765
3476 0.00456429
3477 0.00455856
3478 0.0045529
3479 0.00454723
3480 0.00454159
3481 0.00453596
3482 0.00453034
3483 0.00452481
3484 0.00451924
3485 0.00451372
3486 0.00450823
3487 0.00450271
3488 0.00449789
3489 0.00449296
3490 0.00448808
3491 0.00448357
3492 0.00447791
3493 0.00447285
3494 0.00446764
3495 0.0044626
3496 0.00445719
3497 0.0044519
3498 0.00444707
3499 0.00444255
3500 0.00443759
3501 0.00443343
3502 0.00442863
3503 0.00442367
3504 0.00441844
3505 0.00441326
3506 0.00440831
3507 0.00440297
3508 0.00439803
3509 0.00439283
3510 0.00438815
3511 0.00438335
3512 0.00437829
3513 0.00437341
3514 0.00436979
3515 0.00436471
3516 0.00435943
3517 0.00435433
3518 0.00434941
3519 0.00434424
3520 0.00433913
3521 0.00433472
3522 0.00432992
3523 0.00432514
3524 0.00432155
3525 0.00431739
3526 0.00431246
3527 0.00430776
3528 0.0043026
3529 0.00429767
3530 0.00429252
3531 0.0042882
3532 0.00428433
3533 0.00428097
3534 0.0042788
3537 0.00427304
3538 0.00426739
3539 0.00426194
3540 0.00425715
3541 0.00425336
3542 0.0042489
3543 0.00424451
3544 0.00423937
3545 0.00423672
3546 0.00423338
3547 0.0042309
3548 0.00422612
3549 0.00422101
3550 0.00421597
3551 0.00421127
3552 0.00420612
3553 0.004201
3554 0.00419589
3555 0.0041908
3556 0.00418579
3557 0.00418076
3558 0.00417678
3559 0.0041733
3560 0.00416838
3561 0.00416334
3562 0.00415824
3563 0.00415341
3564 0.00414845
3565 0.00414349
3566 0.00413838
3567 0.00413407
3568 0.0041293
3569 0.00412611
3570 0.00412281
3571 0.0041181
3572 0.00411297
3573 0.00410786
3574 0.00410479
3575 0.00410021
3576 0.00409514
3577 0.00409016
3578 0.00408513
3579 0.00408001
3580 0.00407492
3581 0.00406993
3582 0.00406498
3583 0.00406014
3584 0.00405616
3585 0.00405108
3586 0.00404607
3587 0.00404112
3588 0.00403687
3589 0.00403284
3590 0.00402914
3591 0.00402416
3592 0.00401923
3593 0.00401477
3594 0.00401104
3595 0.00400747
3596 0.00400335
3597 0.00399956
3598 0.00399767
3599 0.00399725
3601 0.0039906
3602 0.00398552
3603 0.00398287
3604 0.00398236
3605 0.00398231
3606 0.0039821
3607 0.00398011
3608 0.00397819
3611 0.00397294
3612 0.00396935
3613 0.00396861
3614 0.00396694
3615 0.00396225
3616 0.00395852
3617 0.00395519
3618 0.00395174
3619 0.00394981
3620 0.00394882
3621 0.00394736
3622 0.00394394
3623 0.00393954
3624 0.00393769
3625 0.00393403
3626 0.00393229
3627 0.00393142
3628 0.00393131
3629 0.00393082
3630 0.00392932
3631 0.00392351
3632 0.00392088
3633 0.003916
3634 0.00391521
3635 0.00391433
3636 0.0039139
3637 0.00391223
3638 0.00390891
3639 0.00390404
3640 0.00390246
3641 0.00390195
3642 0.00389871
3643 0.00389449
3644 0.00389017
3645 0.00388625
3647 0.00388577
3648 0.00388164
3649 0.00387804
3651 0.003878
3652 0.00387729
3654 0.00387375
3655 0.00387005
3656 0.00386796
3657 0.0038665
3658 0.00386144
3659 0.00385779
3660 0.00385466
3661 0.00385249
3664 0.00384854
3666 0.00384758
3668 0.00384301
3669 0.00384048
3670 0.00383835
3671 0.00383617
3672 0.00383505
3673 0.00383461
3674 0.00382941
3675 0.00382514
3676 0.00382169
3677 0.00381858
3678 0.00381513
3679 0.00381428
3681 0.00381281
3684 0.00381018
3685 0.00380453
3686 0.00380261
3687 0.00380172
3689 0.00379885
3690 0.00379718
3691 0.00379666
3695 0.00379117
3696 0.00378727
3697 0.00378495
3698 0.00378416
3699 0.00378325
3700 0.00378071
3701 0.00377922
3702 0.00377441
3703 0.00377179
3704 0.00376707
3705 0.0037627
3706 0.00375827
3707 0.0037537
3708 0.0037492
3709 0.0037457
3710 0.00374314
3711 0.00373894
3712 0.00373803
3713 0.00373738
3714 0.00373352
3715 0.00373103
3716 0.00372976
3717 0.00372876
3718 0.00372622
3719 0.00372465
3721 0.00372417
3722 0.00371811
3723 0.00371731
3724 0.00371713
3725 0.00371545
3726 0.00371226
3727 0.00371092
3728 0.0037103
3732 0.00370535
3733 0.00370275
3734 0.0036982
3735 0.00369401
3736 0.00368977
3737 0.00368529
3738 0.00368089
3739 0.00367714
3740 0.00367295
3741 0.00367022
3742 0.00366798
3743 0.00366546
3744 0.00366156
3745 0.00365712
3746 0.00365343
3747 0.00364941
3748 0.00364509
3749 0.00364082
3750 0.00363628
3751 0.0036319
3752 0.00362775
3753 0.00362455
3754 0.00362031
3755 0.0036163
3756 0.00361218
3757 0.00361005
3758 0.00360757
3759 0.00360312
3760 0.00359987
3761 0.00359568
3762 0.00359286
3763 0.00359023
3764 0.00358719
3765 0.00358377
3766 0.0035811
3767 0.00357746
3768 0.00357571
3769 0.00357205
3770 0.00357158
3771 0.00357137
3772 0.00356588
3773 0.00356217
3774 0.00355977
3775 0.00355798
3778 0.00355426
3780 0.00355308
3781 0.00355007
3782 0.00354694
3783 0.0035463
3786 0.00354538
3788 0.00354063
3789 0.00353926
3790 0.00353838
3791 0.00353674
3793 0.00353481
3794 0.00353135
3795 0.00352951
3796 0.00352921
3798 0.00352605
3799 0.00352222
3800 0.00351982
3801 0.00351834
3803 0.00351725
3804 0.00351228
3805 0.00350917
3806 0.00350643
3807 0.00350483
3808 0.00350372
3811 0.00350351
3814 0.00349807
3815 0.0034964
3818 0.00349369
3819 0.00349185
3820 0.00349116
3821 0.00348758
3822 0.00348571
3823 0.00348426
3824 0.00348138
3827 0.00347661
3828 0.00347388
3829 0.00347306
3831 0.00347146
3833 0.00347129
3836 0.00346718
3837 0.00346387
3840 0.00346017
3841 0.00345712
3842 0.0034549
3843 0.00345272
3844 0.00345168
3846 0.00344768
3847 0.00344376
3848 0.00343978
3849 0.00343691
3850 0.00343338
3851 0.00343041
3852 0.00342642
3853 0.00342351
3854 0.00342092
3855 0.00341892
3856 0.00341714
3857 0.00341472
3858 0.00341236
3859 0.00340806
3861 0.00340781
3862 0.00340366
3863 0.00339937
3864 0.00339522
3865 0.00339117
3866 0.00338734
3867 0.00338334
3868 0.00337949
3869 0.0033755
3870 0.00337157
3871 0.0033676
3872 0.00336351
3873 0.0033591
3874 0.00335494
3875 0.00335068
3876 0.00334656
3877 0.00334257
3878 0.00333882
3879 0.00333465
3880 0.00333153
3881 0.00332839
3882 0.00332486
3883 0.00332151
3884 0.00331744
3885 0.00331334
3886 0.00330936
3887 0.00330504
3888 0.00330083
3889 0.00329657
3890 0.00329232
3891 0.00328848
3892 0.00328429
3893 0.00328021
3894 0.00327715
3895 0.00327496
3896 0.00327368
3897 0.00327093
3898 0.00326666
3899 0.00326192
3900 0.00325775
3901 0.00325379
3902 0.00324996
3903 0.00324598
3904 0.00324188
3905 0.00323909
3906 0.00323766
3907 0.00323651
3908 0.00323518
3909 0.00323128
3910 0.00322823
3911 0.00322746
3913 0.00322513
3914 0.00322282
3916 0.00322262
3918 0.00322074
3919 0.00321682
3920 0.00321524
3921 0.00321269
3924 0.00321107
3925 0.00320742
3926 0.0032051
3927 0.00320304
3928 0.00320089
3929 0.00319867
3932 0.00319405
3933 0.00319262
3934 0.00319252
3935 0.00319227
3936 0.00319194
3937 0.00319188
3939 0.00318933
3940 0.00318561
3941 0.00318285
3942 0.00318118
3943 0.00317919
3944 0.00317589
3945 0.00317257
3946 0.00316852
3947 0.00316501
3948 0.00316108
3949 0.00315752
3950 0.00315501
3951 0.00315169
3952 0.00314863
3953 0.00314805
3954 0.00314413
3955 0.0031409
3956 0.00313755
3957 0.00313662
3958 0.00313374
3959 0.00313194
3960 0.00313085
3962 0.00313008
3963 0.00312588
3964 0.00312506
3965 0.00312084
3966 0.00311691
3967 0.00311403
3968 0.00311241
3969 0.00311142
3971 0.00310995
3973 0.00310681
3974 0.00310374
3975 0.00310315
3976 0.00310154
3977 0.00309771
3978 0.00309477
3979 0.0030946
3982 0.00309398
3983 0.00309227
3984 0.00309049
3985 0.00308689
3986 0.00308653
3987 0.00308603
3988 0.00308535
3989 0.00308091
3990 0.00307831
3991 0.00307668
3992 0.00307584
3994 0.00307442
3996 0.00307191
3997 0.00306775
3998 0.00306379
3999 0.00305981
4000 0.00305584
4001 0.0030519
4002 0.00304798
4003 0.00304406
4004 0.00304016
4005 0.00303637
4006 0.00303248
4007 0.00302859
4008 0.00302472
4009 0.00302094
4010 0.00301727
4011 0.00301342
4012 0.00300956
4013 0.00300577
4014 0.00300201
4015 0.00299829
4016 0.00299449
4017 0.00299101
4018 0.00298792
4019 0.0029847
4020 0.0029812
4021 0.00297809
4022 0.00297669
4023 0.00297289
4024 0.00296927
4025 0.0029657
4026 0.00296262
4027 0.00295885
4028 0.00295504
4029 0.00295128
4030 0.00294763
4031 0.00294428
4032 0.00294037
4033 0.00293658
4034 0.00293282
4035 0.00292919
4036 0.00292543
4037 0.00292211
4038 0.00291849
4039 0.00291481
4040 0.00291129
4041 0.0029076
4042 0.00290397
4043 0.00290033
4044 0.00289689
4045 0.00289374
4046 0.00289033
4047 0.00288769
4048 0.0028853
4049 0.00288291
4050 0.00288032
4051 0.002879
4052 0.00287619
4053 0.00287259
4054 0.00287019
4055 0.00286854
4056 0.00286504
4057 0.00286391
4058 0.00286374
4059 0.00286339
4060 0.0028615
4061 0.00286099
4063 0.00285656
4064 0.00285482
4065 0.00285399
4066 0.0028533
4067 0.00285226
4068 0.00284887
4069 0.00284566
4070 0.00284376
4071 0.00284105
4072 0.0028409
4073 0.0028399
4074 0.002836
4075 0.00283272
4076 0.00282978
4077 0.0028273
4079 0.00282666
4080 0.00282525
4081 0.00282294
4082 0.00282229
4083 0.00282227
4084 0.00282219
4088 0.00281729
4089 0.00281528
4090 0.00281422
4091 0.00281409
4092 0.00281403
4094 0.00281221
4095 0.00281032
4096 0.0028061
4097 0.00280257
4098 0.00280081
4099 0.0027983
4100 0.00279758
4101 0.00279705
4103 0.00279675
4105 0.00279466
4107 0.00279433
4108 0.00278996
4109 0.00278988
4111 0.00278763
4112 0.00278591
4113 0.00278508
4116 0.00278418
4117 0.00278288
4119 0.00277932
4120 0.00277866
4121 0.00277528
4123 0.00277482
4127 0.00277453
4128 0.00277342
4130 0.00277026
4131 0.00277016
4134 0.00277013
4135 0.00276728
4137 0.00276687
4138 0.00276656
4140 0.00276273
4141 0.00276088
4143 0.00275918
4144 0.00275821
4146 0.00275585
4147 0.00275468
4148 0.00275355
4149 0.0027532
4150 0.00275221
4153 0.00274857
4154 0.0027473
4155 0.00274662
4156 0.00274652
4157 0.00274633
4158 0.00274621
4161 0.00274228
4162 0.00274116
4163 0.0027408
4164 0.00273885
4165 0.00273616
4166 0.00273381
4167 0.00273262
4168 0.00272883
4169 0.0027253
4170 0.00272211
4171 0.00271886
4172 0.0027163
4173 0.00271238
4174 0.00270865
4175 0.00270493
4176 0.0027014
4177 0.00269785
4178 0.00269483
4179 0.00269135
4180 0.00268831
4181 0.00268586
4182 0.00268443
4183 0.00268176
4184 0.00268049
4185 0.00267901
4186 0.00267648
4187 0.00267308
4188 0.00267046
4189 0.00266702
4190 0.0026637
4191 0.0026603
4192 0.00265694
4193 0.0026536
4194 0.00265024
4195 0.00264694
4196 0.00264389
4197 0.00264051
4198 0.00263725
4199 0.00263399
4200 0.00263257
4201 0.00263149
4202 0.00263033
4203 0.00263006
4204 0.00262827
4207 0.00262478
4208 0.00262163
4209 0.00261836
4210 0.00261516
4211 0.00261276
4212 0.00261151
4213 0.00261011
4214 0.00260813
4215 0.00260671
4217 0.0026044
4218 0.00260244
4219 0.00259925
4220 0.00259614
4221 0.00259286
4222 0.00258975
4223 0.00258649
4224 0.00258325
4225 0.00258003
4226 0.00257676
4227 0.00257352
4228 0.00257035
4229 0.00256709
4230 0.00256401
4231 0.00256077
4232 0.00255756
4233 0.00255594
4234 0.00255472
4235 0.00255269
4236 0.0025501
4237 0.00254791
4238 0.00254547
4239 0.00254288
4240 0.0025397
4241 0.00253662
4242 0.00253367
4243 0.00253075
4244 0.00252767
4245 0.00252539
4246 0.00252361
4247 0.00252304
4249 0.00252026
4250 0.00251943
4251 0.00251603
4252 0.00251419
4253 0.00251236
4254 0.00250964
4255 0.00250806
4256 0.00250685
4258 0.00250594
4259 0.00250367
4260 0.00250119
4261 0.00249982
4263 0.00249953
4264 0.00249639
4265 0.00249355
4266 0.00249271
4267 0.00249153
4268 0.00249099
4271 0.00249028
4272 0.00248944
4273 0.00248748
4274 0.00248675
4275 0.00248607
4278 0.00248293
4279 0.00248186
4281 0.00248044
4282 0.00247948
4283 0.00247868
4284 0.00247662
4285 0.00247431
4286 0.00247145
4287 0.00246897
4288 0.00246603
4289 0.00246362
4290 0.00246224
4291 0.00246157
4292 0.00246026
4293 0.00245914
4294 0.00245551
4295 0.00245336
4296 0.00245103
4297 0.00245097
4298 0.00245093
4300 0.00245037
4304 0.00244876
4305 0.00244573
