1 213528.0
14 208736.0
15 203944.0
16 199151.0
17 194358.0
18 189565.0
19 184771.0
20 179977.0
21 175183.0
22 170388.0
23 165594.0
24 160798.0
25 156005.0
26 151209.0
27 146416.0
28 141619.0
29 136830.0
30 132031.0
31 129057.0
32 124313.0
33 119513.0
34 114724.0
35 109923.0
36 105128.0
37 100327.0
38 95529.0
39 90901.4
40 88903.4
42 88883.5
43 84106.9
44 79597.5
45 75142.9
46 71201.7
47 67364.4
48 65092.9
49 64666.3
50 64663.6
51 62756.3
52 58407.1
53 54541.8
54 51907.9
55 50243.0
61 50217.7
62 46059.3
64 46055.2
65 42365.8
66 41154.2
67 38150.8
68 37713.8
69 37693.2
70 37504.2
72 37135.9
74 36462.4
76 31870.4
77 28862.1
78 27726.9
79 26819.0
83 26094.4
84 25788.0
85 23462.9
86 22560.2
88 20620.6
90 19610.9
91 18050.8
92 17536.2
94 16043.1
95 15534.7
97 14405.5
101 12876.5
103 11902.3
105 11197.9
107 10805.4
108 9405.62
115 9167.46
117 7527.59
121 7516.74
124 6535.76
127 6141.95
129 6038.68
133 5815.64
135 5500.56
136 5408.22
139 4780.42
142 4285.44
143 3807.96
147 3434.51
157 3146.61
163 2932.54
168 2869.51
169 2785.76
172 2707.1
174 2585.67
180 2565.55
188 2557.33
189 2418.97
190 2355.02
193 2267.36
194 2176.46
195 2159.62
196 2142.43
202 2060.56
203 2053.78
209 2018.92
210 2007.9
214 2000.36
216 1925.71
217 1847.27
221 1826.65
222 1825.0
230 1823.69
231 1808.31
232 1796.25
244 1780.8
246 1773.03
251 1771.11
252 1751.77
253 1748.54
254 1748.47
257 1738.76
260 1735.48
262 1728.8
263 1725.75
266 1719.27
270 1713.51
271 1713.36
273 1707.03
277 1706.05
278 1705.91
280 1703.79
282 1703.09
286 1701.71
287 1697.12
288 1689.44
289 1687.57
303 1686.12
305 1683.86
306 1682.24
307 1681.1
308 1679.46
309 1679.15
310 1678.36
311 1678.28
313 1677.41
314 1676.63
315 1674.54
318 1672.6
320 1671.28
321 1671.12
323 1669.88
326 1669.77
333 1669.53
335 1669.11
340 1667.7
341 1666.48
344 1665.84
348 1665.82
355 1665.37
359 1665.35
361 1665.26
362 1665.25
363 1665.08
366 1664.79
372 1664.69
375 1664.55
376 1664.37
377 1664.27
379 1664.14
383 1664.06
384 1663.89
386 1663.8
387 1663.73
394 1663.47
