1 70.5625
8 18.8659
13 3.71303
23 2.98735
25 2.29686
26 1.19653
28 1.0011
30 0.857382
31 0.66383
36 0.644065
37 0.609632
38 0.576749
41 0.573922
43 0.547618
46 0.52824
49 0.527456
51 0.507378
52 0.504073
53 0.502107
54 0.490121
55 0.484535
57 0.480198
58 0.471439
59 0.465577
62 0.459281
64 0.454643
67 0.450444
69 0.448711
73 0.446451
74 0.444941
75 0.44236
76 0.440187
77 0.43615
78 0.432851
79 0.42854
80 0.428225
82 0.423085
83 0.419826
84 0.415751
85 0.412335
86 0.4103
87 0.410022
88 0.409536
89 0.404932
90 0.404416
92 0.398739
93 0.395743
95 0.395669
96 0.391527
99 0.38778
100 0.387665
102 0.3854
103 0.382577
104 0.382044
106 0.377675
107 0.373017
110 0.371852
111 0.367955
112 0.365666
115 0.361439
116 0.360384
117 0.359419
119 0.358005
120 0.355572
122 0.354666
123 0.349935
125 0.349326
126 0.348584
127 0.347751
128 0.343627
129 0.340814
132 0.337254
133 0.336803
135 0.336196
136 0.335023
137 0.330624
138 0.327457
139 0.324042
140 0.322612
141 0.320353
144 0.319023
145 0.315104
146 0.313684
149 0.311033
150 0.310082
152 0.309661
153 0.305273
154 0.304631
157 0.304407
158 0.300502
160 0.298622
161 0.298151
163 0.297465
164 0.297223
165 0.295322
168 0.291707
169 0.291671
171 0.290431
172 0.290031
173 0.289531
174 0.285471
175 0.282799
176 0.280141
179 0.279952
181 0.276694
182 0.27661
184 0.274038
185 0.270802
186 0.268054
187 0.265217
188 0.263673
189 0.260057
190 0.257457
191 0.256509
192 0.253747
193 0.253207
194 0.25222
196 0.251352
197 0.248938
198 0.248682
201 0.248229
202 0.244504
205 0.24353
207 0.243248
208 0.242777
210 0.241673
213 0.240338
215 0.240216
216 0.239695
217 0.238487
219 0.238085
220 0.236984
221 0.236768
223 0.236456
224 0.235555
226 0.234768
227 0.233444
228 0.232468
229 0.23158
231 0.230951
234 0.229621
235 0.229064
236 0.228595
237 0.228262
238 0.226815
239 0.225981
240 0.224894
241 0.224361
242 0.222998
245 0.221818
246 0.221624
247 0.220962
248 0.220691
250 0.219306
251 0.218578
252 0.217796
253 0.216599
254 0.216341
255 0.214995
256 0.214012
257 0.212551
258 0.211825
259 0.211477
260 0.210301
261 0.209541
264 0.208175
265 0.207681
266 0.207555
268 0.207532
269 0.207045
270 0.20553
271 0.204243
272 0.203201
273 0.202115
274 0.201537
278 0.201161
279 0.199829
280 0.199423
281 0.199146
282 0.198494
285 0.197157
286 0.19612
287 0.1954
288 0.194692
292 0.194542
293 0.193364
296 0.192413
298 0.192212
299 0.191541
300 0.191408
302 0.18995
303 0.189355
305 0.189209
306 0.188551
309 0.187418
312 0.18639
313 0.185589
315 0.185587
316 0.18544
318 0.184183
321 0.183086
322 0.182983
325 0.182109
328 0.181267
329 0.180312
330 0.180038
332 0.179847
333 0.178854
334 0.177668
335 0.177423
336 0.176042
337 0.175472
340 0.174924
341 0.174896
342 0.17408
343 0.173011
345 0.172822
346 0.172245
348 0.171984
349 0.171199
352 0.170991
353 0.170475
354 0.170426
356 0.170345
357 0.169755
358 0.169174
359 0.168648
360 0.168102
361 0.167604
362 0.167289
363 0.166889
364 0.166738
365 0.166176
366 0.165664
367 0.165176
368 0.164843
369 0.164403
370 0.164131
371 0.163999
372 0.163986
373 0.163756
374 0.163132
375 0.162699
376 0.162259
377 0.162228
380 0.162103
381 0.161573
382 0.161326
383 0.160941
384 0.160519
385 0.1601
386 0.159823
387 0.159633
388 0.159192
389 0.158892
390 0.15861
393 0.158017
394 0.157927
395 0.157861
397 0.157752
398 0.157269
399 0.15699
400 0.156515
401 0.156108
402 0.155804
405 0.1555
406 0.155343
407 0.154929
410 0.154494
411 0.154467
413 0.154022
414 0.153681
415 0.153529
416 0.153048
417 0.152735
418 0.152402
419 0.151913
420 0.151647
421 0.151387
422 0.150952
423 0.15047
424 0.150196
425 0.149908
426 0.149525
427 0.149111
428 0.149062
430 0.148546
431 0.148122
432 0.147668
433 0.147222
434 0.146941
437 0.146841
438 0.146266
439 0.145832
440 0.145619
441 0.145258
442 0.144938
443 0.144896
445 0.144687
446 0.144411
447 0.14386
448 0.143584
449 0.143457
450 0.143301
452 0.143017
454 0.142955
455 0.14247
456 0.142145
459 0.141725
460 0.141628
462 0.14125
463 0.141198
465 0.140589
466 0.140182
467 0.140029
468 0.139787
471 0.139535
472 0.139025
473 0.138721
474 0.138416
477 0.137994
479 0.137936
480 0.137597
481 0.137507
482 0.137114
483 0.136774
484 0.136431
485 0.13625
486 0.135948
487 0.1359
488 0.135645
489 0.135414
490 0.134913
491 0.134626
493 0.134595
494 0.134431
495 0.133968
496 0.133933
497 0.13389
498 0.133448
499 0.133061
500 0.132997
501 0.132634
504 0.132172
505 0.131961
506 0.131953
507 0.131772
508 0.131579
509 0.131194
511 0.131129
512 0.130697
513 0.130355
516 0.129995
517 0.12995
519 0.129571
520 0.12921
521 0.128928
522 0.128765
523 0.128617
524 0.128511
525 0.1284
526 0.128335
527 0.128285
529 0.127647
530 0.127225
531 0.126976
532 0.126564
533 0.126441
534 0.12606
535 0.125734
537 0.125565
538 0.125242
539 0.125132
540 0.124819
541 0.124777
543 0.124435
544 0.124005
545 0.123763
548 0.123371
549 0.123249
550 0.123197
551 0.123169
552 0.123048
553 0.122783
555 0.122674
556 0.122191
557 0.121855
558 0.121826
560 0.121665
561 0.121233
562 0.121197
563 0.121122
564 0.120706
565 0.120301
566 0.119947
567 0.119675
569 0.119617
570 0.119454
571 0.119131
572 0.118712
573 0.118327
574 0.117931
575 0.117538
576 0.117198
577 0.116984
580 0.116631
581 0.116367
582 0.116264
585 0.115934
587 0.115877
588 0.115598
590 0.115502
593 0.115061
594 0.115044
596 0.114659
597 0.114327
599 0.114291
600 0.113962
601 0.113681
602 0.113596
603 0.113525
604 0.113187
605 0.112815
606 0.112584
607 0.112385
608 0.112345
609 0.112239
610 0.11222
612 0.111742
613 0.111467
614 0.111446
615 0.1113
616 0.111027
617 0.110801
619 0.110612
620 0.110268
621 0.110106
623 0.110073
624 0.109954
625 0.109619
626 0.109274
627 0.109089
628 0.108775
629 0.108543
631 0.108518
632 0.10846
633 0.108314
634 0.107997
635 0.107961
637 0.107597
638 0.10755
640 0.107131
641 0.106964
642 0.1067
643 0.106645
644 0.106568
647 0.106136
650 0.105889
651 0.105683
654 0.105621
655 0.105196
656 0.105006
657 0.104944
660 0.104868
661 0.104642
662 0.104288
664 0.104195
665 0.104059
666 0.104008
667 0.103787
668 0.103526
669 0.103437
670 0.102983
671 0.102893
672 0.102746
675 0.102537
676 0.102205
677 0.102118
678 0.101793
681 0.101661
682 0.101435
683 0.101334
684 0.101017
685 0.100725
686 0.100636
687 0.100392
690 0.100171
691 0.100029
692 0.0999078
693 0.0995964
694 0.0995195
697 0.0991841
698 0.0988739
701 0.0986445
702 0.0983773
703 0.0982675
704 0.0980868
706 0.098031
707 0.0976761
709 0.0976624
710 0.0976389
711 0.0974582
712 0.0973967
713 0.0973871
714 0.0972676
715 0.097197
717 0.0971432
718 0.0969811
719 0.0969363
720 0.096795
721 0.0966539
722 0.0966505
723 0.0966169
724 0.0964931
725 0.0963262
726 0.096172
727 0.0960146
728 0.0958474
729 0.0956929
730 0.0955367
731 0.095384
732 0.095224
733 0.0950614
734 0.0949118
735 0.0947568
736 0.0946109
737 0.0944691
738 0.0943348
739 0.0941798
740 0.0940274
741 0.0938951
742 0.0937544
743 0.0937008
744 0.0935987
746 0.0935789
747 0.0933954
748 0.0932297
749 0.0931331
750 0.0930135
753 0.0929318
754 0.0928336
755 0.0926991
756 0.0925659
757 0.0924382
758 0.0923668
759 0.0923165
761 0.0922615
762 0.0921108
763 0.0919539
764 0.091834
765 0.0917532
766 0.0917102
767 0.0915732
768 0.091527
769 0.0913836
770 0.0912295
771 0.0910958
772 0.0909514
773 0.0908392
774 0.0907593
775 0.0906748
776 0.0905517
777 0.0904142
778 0.0903607
779 0.0901896
780 0.0900746
781 0.0900198
782 0.0899241
783 0.0898256
784 0.0897633
785 0.0896313
786 0.089614
787 0.0894369
788 0.0894077
789 0.0893705
790 0.0892183
792 0.0891803
793 0.0890466
794 0.0889282
795 0.0888024
796 0.0887648
797 0.0886527
798 0.0886096
799 0.0884531
800 0.0883219
801 0.088183
802 0.0880664
803 0.0879356
804 0.0878669
807 0.0877039
808 0.0875863
809 0.0874661
810 0.0873643
811 0.0873083
812 0.0872916
813 0.0872568
814 0.0871147
815 0.0869578
816 0.0868058
817 0.0866795
818 0.0865615
819 0.0864689
820 0.0864631
822 0.0863251
823 0.0861764
824 0.0860633
825 0.0859358
826 0.0858325
827 0.0857901
828 0.0857488
829 0.0857353
830 0.0856731
831 0.0855164
832 0.0853648
833 0.0852269
834 0.085104
835 0.0850046
836 0.084905
837 0.0847969
838 0.0846506
839 0.084555
840 0.084458
841 0.084457
842 0.0843903
845 0.0842278
846 0.084222
847 0.0841961
848 0.0841694
850 0.0839915
851 0.0839138
852 0.0837674
853 0.0836675
854 0.0835881
855 0.0835285
858 0.0834931
859 0.0834403
860 0.083296
861 0.0832345
862 0.0830882
863 0.0829621
864 0.0828438
865 0.0827834
866 0.0827688
867 0.0827438
868 0.0825758
869 0.0824419
870 0.0823645
871 0.0822328
872 0.0821148
873 0.0819754
874 0.0818442
875 0.0817612
876 0.0816386
877 0.0815363
878 0.0814299
879 0.0813187
880 0.0811887
881 0.0810715
882 0.0810341
884 0.0810313
885 0.0808578
886 0.0807865
887 0.080734
889 0.0806612
890 0.0805745
891 0.0805178
892 0.0803888
893 0.0803221
896 0.0801633
897 0.0801136
898 0.0800933
899 0.0800807
900 0.0799742
901 0.0799
903 0.0798761
904 0.079737
905 0.0796893
906 0.0796776
907 0.0796639
908 0.0795715
910 0.0794988
911 0.0793604
912 0.0792287
913 0.0791141
914 0.0790792
915 0.0789958
916 0.0788908
917 0.078867
918 0.0787158
919 0.0786295
921 0.0785934
923 0.078566
924 0.0784789
925 0.0784123
927 0.0783936
928 0.0782541
929 0.0782193
932 0.0781081
935 0.0780054
936 0.0779367
937 0.0778547
939 0.077789
940 0.0776736
941 0.0776544
942 0.0776165
945 0.0775023
946 0.0774183
948 0.077384
949 0.0772756
950 0.0772149
951 0.0772065
952 0.0771816
953 0.0771012
955 0.0770298
956 0.0768874
957 0.0768208
958 0.0767732
959 0.076762
961 0.0766936
962 0.0765426
963 0.0764202
964 0.0762862
965 0.0761608
966 0.0760778
967 0.075989
968 0.0759491
969 0.0758561
970 0.0757439
971 0.0756003
972 0.0754636
973 0.0753305
974 0.0752164
975 0.0750942
976 0.0750598
978 0.075046
979 0.0749825
980 0.0748849
983 0.0747551
984 0.0746456
985 0.0745441
986 0.0744731
991 0.0743443
992 0.0742999
993 0.0742282
994 0.0741331
995 0.0740581
996 0.0739955
997 0.0739014
998 0.0738198
999 0.0737432
1001 0.0737268
1002 0.0736229
1003 0.0735802
1004 0.0735438
1006 0.0735313
1007 0.0733689
1009 0.0733681
1010 0.0733511
1011 0.0732939
1012 0.0732529
1015 0.0731824
1016 0.0731291
1017 0.0730621
1018 0.0729972
1019 0.0729364
1020 0.0728704
1021 0.0728096
1022 0.0727452
1023 0.0726841
1024 0.0726204
1025 0.072559
1026 0.0725083
1027 0.0724607
1028 0.072401
1029 0.0723393
1030 0.0722749
1031 0.072211
1032 0.0721488
1033 0.0720854
1034 0.0720223
1035 0.0719635
1036 0.0719017
1037 0.0718431
1038 0.071784
1039 0.0717251
1040 0.0716731
1041 0.0716485
1042 0.0716145
1043 0.0715782
1044 0.0715213
1045 0.0714619
1046 0.0714161
1047 0.0713789
1048 0.0713514
1051 0.071283
1052 0.0712394
1053 0.0712304
1055 0.0711634
1056 0.0711181
1057 0.0710863
1058 0.0710271
1059 0.070989
1060 0.0709241
1061 0.07086
1062 0.0707979
1063 0.0707342
1064 0.0706721
1065 0.0706098
1066 0.0705473
1067 0.0704871
1068 0.0704254
1069 0.0703641
1070 0.0703042
1071 0.0702427
1072 0.0701865
1073 0.0701272
1074 0.07007
1075 0.070011
1076 0.0699577
1077 0.0699015
1078 0.0698472
1079 0.0697951
1080 0.0697417
1081 0.0697181
1082 0.0696844
1083 0.0696647
1084 0.0695991
1085 0.0695382
1086 0.0694848
1088 0.069476
1089 0.0694397
1090 0.0694058
1092 0.0693822
1093 0.0693248
1094 0.0692723
1095 0.0692284
1096 0.0691961
1097 0.0691635
1098 0.0691572
1099 0.0691417
1100 0.0690871
1101 0.0690295
1102 0.0689788
1103 0.0689297
1104 0.0688956
1105 0.0688554
1106 0.0688487
1107 0.0688362
1108 0.0687791
1109 0.0687449
1110 0.0686831
1111 0.0686326
1112 0.0685858
1113 0.0685547
1114 0.0685002
1115 0.0684895
1117 0.0684256
1118 0.068371
1119 0.0683302
1122 0.0682713
1123 0.0682202
1124 0.0681836
1125 0.0681291
1126 0.068084
1127 0.0680588
1128 0.0680228
1129 0.0679563
1130 0.0678993
1131 0.0678451
1132 0.0677959
1133 0.0677797
1136 0.0677111
1137 0.0676553
1138 0.0676084
1139 0.067565
1140 0.0675393
1142 0.0675327
1143 0.0674739
1144 0.0674432
1145 0.0674401
1147 0.0673681
1148 0.0673233
1149 0.0672993
1150 0.0672495
1151 0.0672078
1153 0.0671918
1154 0.0671349
1155 0.0670885
1156 0.0670582
1157 0.0670114
1158 0.0669908
1159 0.0669443
1160 0.0669136
1161 0.0668643
1162 0.0668128
1163 0.0667894
1164 0.066758
1165 0.0667419
1167 0.0667004
1168 0.066637
1169 0.0665931
1170 0.0665417
1171 0.0665322
1175 0.0664696
1176 0.0664314
1177 0.0663865
1178 0.0663663
1179 0.0663226
1182 0.0662801
1183 0.0662261
1184 0.0661903
1187 0.0661407
1188 0.0660983
1189 0.0660672
1190 0.0660416
1191 0.0659773
1192 0.065924
1193 0.0658797
1194 0.0658504
1195 0.065793
1196 0.0657606
1197 0.0657441
1198 0.0657064
1199 0.0656494
1200 0.0656346
1201 0.065601
1202 0.0655421
1203 0.0654852
1204 0.0654359
1205 0.0653972
1206 0.0653641
1207 0.0653031
1208 0.065247
1209 0.0651964
1210 0.0651478
1211 0.0651128
1212 0.0650551
1213 0.0650115
1214 0.0649549
1215 0.0648986
1216 0.0648555
1217 0.0648106
1218 0.0647903
1219 0.0647358
1220 0.0647293
1222 0.0646632
1223 0.0646034
1224 0.0645534
1225 0.0644982
1226 0.0644418
1227 0.0643879
1228 0.0643449
1229 0.0642974
1230 0.064282
1231 0.0642372
1232 0.0641838
1233 0.0641278
1234 0.0640816
1235 0.064036
1236 0.0640001
1237 0.0639879
1238 0.0639418
1239 0.0638923
1240 0.0638366
1241 0.0637898
1242 0.0637368
1243 0.0636921
1244 0.0636582
1245 0.06362
1246 0.0635726
1247 0.063518
1248 0.0634715
1249 0.0634151
1250 0.0633716
1251 0.063343
1252 0.0633084
1253 0.0632614
1254 0.0632086
1255 0.0631569
1256 0.0631107
1257 0.0630815
1258 0.0630173
1259 0.0629708
1260 0.0629373
1261 0.0628925
1262 0.0628688
1265 0.0628079
1266 0.0627836
1267 0.0627727
1269 0.0627227
1270 0.0626862
1273 0.0626309
1274 0.0625929
1275 0.0625616
1276 0.0625446
1277 0.0625257
1278 0.0624678
1279 0.0624385
1280 0.0623783
1281 0.0623333
1282 0.0622993
1285 0.062245
1286 0.0622031
1287 0.0621671
1288 0.0621313
1289 0.0621118
1290 0.0620796
1291 0.0620218
1292 0.0619703
1293 0.0619369
1294 0.0619293
1296 0.0619064
1298 0.0618868
1299 0.0618238
1300 0.0618035
1301 0.0617592
1302 0.0617316
1303 0.0617255
1304 0.0616995
1305 0.0616663
1306 0.061654
1307 0.0615903
1308 0.0615495
1310 0.0615377
1311 0.0614924
1312 0.0614797
1314 0.0614306
1315 0.0613962
1316 0.061376
1317 0.0613188
1318 0.0612842
1319 0.0612403
1320 0.0612072
1321 0.0611715
1324 0.0611125
1325 0.0610985
1327 0.061079
1328 0.0610334
1331 0.0609767
1332 0.0609499
1335 0.0609293
1336 0.06087
1337 0.0608332
1338 0.0607798
1339 0.0607398
1340 0.0606853
1341 0.0606314
1342 0.0605795
1343 0.0605357
1344 0.0604955
1345 0.0604478
1346 0.0604046
1347 0.0603615
1348 0.0603089
1349 0.0602582
1350 0.0602172
1351 0.060194
1352 0.0601486
1353 0.0600976
1354 0.0600801
1355 0.0600345
1356 0.0599977
1359 0.05995
1360 0.0599072
1361 0.0598832
1364 0.0598347
1365 0.0598058
1366 0.0597656
1367 0.0597322
1368 0.0597065
1369 0.0596681
1370 0.059653
1371 0.0595869
1372 0.0595453
1373 0.0595094
1375 0.0595081
1376 0.0594676
1377 0.0594253
1378 0.0594094
1379 0.0593982
1381 0.0593963
1382 0.0593383
1383 0.0593048
1384 0.05929
1385 0.059289
1386 0.0592599
1387 0.0592129
1388 0.0591826
1389 0.0591361
1390 0.059119
1392 0.0591171
1393 0.0590593
1394 0.0590313
1395 0.0590269
1397 0.0589758
1398 0.0589424
1400 0.0589398
1401 0.0588894
1402 0.0588686
1403 0.0588225
1404 0.0587951
1405 0.0587627
1406 0.0587488
1407 0.0586995
1408 0.0586568
1409 0.0586029
1410 0.0585578
1411 0.0585066
1412 0.0584532
1413 0.0584012
1414 0.0583529
1415 0.0583041
1416 0.05826
1417 0.0582342
1418 0.0582226
1420 0.058168
1421 0.0581141
1422 0.0580617
1423 0.0580109
1424 0.0579675
1425 0.0579229
1426 0.057871
1427 0.0578299
1428 0.0577882
1429 0.0577477
1430 0.0576977
1431 0.0576667
1432 0.0576306
1433 0.0575799
1434 0.0575578
1435 0.0575312
1436 0.0575267
1437 0.0575039
1438 0.0574437
1439 0.0574206
1440 0.0573812
1441 0.0573424
1442 0.0572981
1443 0.0572555
1444 0.0572019
1445 0.0571502
1446 0.0570999
1447 0.0570562
1448 0.0570049
1449 0.0569569
1450 0.0569135
1451 0.0568981
1452 0.0568773
1454 0.0568235
1455 0.0567718
1456 0.0567264
1457 0.0566824
1458 0.0566491
1459 0.0566204
1460 0.0565794
1461 0.0565461
1462 0.0564986
1463 0.0564625
1464 0.0564229
1465 0.0563991
1467 0.0563947
1468 0.0563429
1469 0.0563115
1470 0.0562981
1471 0.0562801
1473 0.0562732
1474 0.056222
1475 0.0561803
1476 0.056175
1478 0.0561186
1479 0.0561086
1480 0.0560816
1481 0.0560312
1482 0.0560102
1483 0.0559706
1485 0.0559632
1486 0.0559177
1487 0.0558958
1488 0.0558701
1491 0.0558172
1492 0.0558024
1493 0.0557967
1495 0.0557523
1497 0.0557471
1498 0.0556984
1499 0.0556513
1500 0.0556125
1501 0.0555991
1503 0.0555894
1504 0.0555467
1505 0.0555143
1506 0.0554612
1507 0.0554151
1508 0.0553699
1509 0.0553416
1510 0.0553014
1513 0.0552672
1514 0.0552303
1515 0.055215
1518 0.0551624
1519 0.0551161
1520 0.0550865
1521 0.0550577
1522 0.05504
1524 0.0550109
1525 0.0549545
1526 0.0549086
1527 0.0548645
1528 0.0548484
1530 0.0548478
1531 0.0548325
1532 0.0548167
1533 0.0547721
1534 0.0547511
1535 0.0547418
1536 0.0547143
1537 0.0546718
1538 0.0546705
1539 0.0546703
1540 0.054616
1541 0.054599
1542 0.0545432
1543 0.05453
1544 0.0545112
1545 0.0544637
1546 0.0544161
1547 0.0543808
1550 0.0543385
1551 0.054323
1552 0.054319
1555 0.0543184
1556 0.0542725
1557 0.0542496
1559 0.0542383
1560 0.0541953
1561 0.054189
1562 0.0541864
1563 0.0541567
1565 0.0541433
1566 0.0540991
1567 0.0540764
1568 0.0540349
1569 0.0539956
1570 0.0539752
1572 0.0539748
1574 0.0539552
1575 0.0539061
1576 0.0538947
1579 0.0538522
1580 0.0538292
1581 0.0537946
1582 0.0537607
1583 0.0537188
1585 0.0537159
1586 0.0536713
1587 0.053627
1588 0.0535943
1589 0.0535712
1590 0.0535371
1591 0.0535344
1593 0.0534681
1594 0.0534256
1595 0.0534036
1596 0.0533989
1597 0.0533925
1599 0.0533813
1600 0.0533339
1601 0.0532965
1602 0.053246
1603 0.0532045
1604 0.0531739
1605 0.0531554
1606 0.0531423
1607 0.0531343
1609 0.0530709
1610 0.0530537
1612 0.0530535
1614 0.0530479
1615 0.0529996
1616 0.0529561
1617 0.0529257
1618 0.0529017
1619 0.0528536
1620 0.0528226
1621 0.0527935
1622 0.0527858
1623 0.052766
1624 0.0527476
1627 0.0526958
1628 0.0526919
1629 0.0526769
1630 0.0526399
1631 0.0525991
1634 0.0525535
1635 0.0525188
1636 0.052476
1637 0.0524639
1638 0.0524214
1639 0.0523817
1640 0.0523747
1641 0.0523667
1642 0.0523231
1643 0.0522747
1644 0.0522268
1645 0.05218
1646 0.0521355
1647 0.0520893
1648 0.0520451
1649 0.0519994
1650 0.0519543
1651 0.0519106
1652 0.0518654
1653 0.051824
1654 0.0517792
1655 0.0517367
1656 0.0516935
1657 0.0516502
1658 0.0516157
1659 0.0516023
1660 0.0515994
1661 0.0515945
1662 0.0515618
1663 0.051505
1664 0.0514536
1665 0.0514068
1666 0.0513873
1667 0.0513656
1670 0.0513552
1671 0.0513354
1672 0.0512963
1675 0.0512653
1676 0.051254
1680 0.0512043
1681 0.0511695
1682 0.0511679
1684 0.0511178
1685 0.0510744
1686 0.0510365
1687 0.050997
1688 0.050985
1691 0.0509347
1692 0.0509059
1693 0.0508812
1694 0.0508637
1695 0.0508247
1697 0.0508129
1698 0.0507711
1699 0.0507443
1700 0.0507378
1701 0.0507356
1702 0.0507338
1704 0.0506734
1705 0.0506291
1706 0.0506103
1707 0.0505983
1708 0.0505963
1709 0.0505525
1710 0.0505076
1711 0.0504631
1712 0.0504209
1713 0.0503821
1714 0.0503449
1715 0.050305
1716 0.0502767
1717 0.0502459
1718 0.0502083
1719 0.0501861
1720 0.0501707
1721 0.0501143
1722 0.050071
1723 0.0500371
1728 0.0499957
1729 0.0499793
1732 0.0499398
1733 0.0499272
1734 0.0499187
1735 0.0499082
1736 0.0498985
1738 0.049868
1739 0.0498185
1740 0.0497875
1741 0.0497711
1742 0.0497659
1745 0.0497553
1746 0.0497047
1747 0.0496729
1748 0.049633
1749 0.0496215
1753 0.0496135
1754 0.0495683
1755 0.0495656
1756 0.0495542
1757 0.0495345
1759 0.0495314
1760 0.049518
1761 0.0494967
1762 0.0494817
1763 0.0494809
1765 0.0494622
1766 0.0494478
1767 0.0494339
1768 0.0494186
1769 0.0494065
1770 0.0493973
1771 0.0493869
1772 0.0493813
1773 0.0493741
1774 0.0493548
1775 0.0493383
1776 0.0493217
1777 0.0493072
1778 0.0492953
1779 0.0492902
1782 0.04927
1783 0.0492533
1784 0.0492391
1785 0.0492321
1787 0.049228
1788 0.0492123
1789 0.0491945
1790 0.0491778
1791 0.0491613
1792 0.0491465
1793 0.0491323
1794 0.0491199
1795 0.0491102
1798 0.0490943
1799 0.0490776
1800 0.0490628
1801 0.0490566
1804 0.0490436
1805 0.0490275
1806 0.0490117
1807 0.0489964
1808 0.0489809
1809 0.0489667
1810 0.0489567
1811 0.0489548
1813 0.048935
1814 0.0489152
1815 0.0489015
1816 0.0488906
1817 0.0488874
1818 0.0488829
1819 0.048866
1820 0.0488505
1821 0.0488324
1822 0.0488146
1823 0.0487964
1824 0.0487785
1825 0.0487603
1826 0.0487421
1827 0.0487245
1828 0.0487078
1829 0.0486895
1830 0.0486713
1831 0.0486532
1832 0.048635
1833 0.0486169
1834 0.0486001
1835 0.0485834
1836 0.0485666
1837 0.0485488
1838 0.0485312
1839 0.0485151
1840 0.0484965
1841 0.0484783
1842 0.0484601
1843 0.048442
1844 0.048425
1845 0.0484073
1846 0.0483896
1847 0.0483715
1848 0.0483535
1849 0.048336
1850 0.048318
1851 0.0483001
1852 0.0482824
1853 0.048265
1854 0.0482478
1855 0.0482303
1856 0.0482132
1857 0.0481952
1858 0.0481776
1859 0.0481597
1860 0.0481424
1861 0.0481243
1862 0.0481064
1863 0.0480886
1864 0.0480713
1865 0.0480536
1866 0.048036
1867 0.0480185
1868 0.0480018
1869 0.047984
1870 0.0479663
1871 0.0479484
1872 0.0479306
1873 0.0479129
1874 0.0478952
1875 0.047878
1876 0.0478611
1877 0.0478435
1878 0.0478257
1879 0.0478079
1880 0.0477902
1881 0.0477738
1882 0.0477559
1883 0.0477382
1884 0.0477206
1885 0.0477028
1886 0.047685
1887 0.0476675
1888 0.04765
1889 0.0476322
1890 0.0476147
1891 0.0475977
1892 0.04758
1893 0.0475629
1894 0.0475451
1895 0.0475272
1896 0.0475094
1897 0.0474928
1898 0.0474763
1899 0.0474585
1900 0.0474419
1901 0.0474244
1902 0.0474066
1903 0.0473889
1904 0.0473715
1905 0.0473538
1906 0.0473378
1907 0.0473201
1908 0.0473073
1909 0.0472953
1910 0.047282
1911 0.0472627
1912 0.0472447
1913 0.0472282
1914 0.0472109
1915 0.0471935
1916 0.0471775
1917 0.0471609
1918 0.0471465
1919 0.0471342
1920 0.0471157
1921 0.0470975
1922 0.0470801
1923 0.0470636
1924 0.0470472
1925 0.047034
1926 0.0470232
1929 0.0470058
1930 0.0469899
1931 0.0469739
1932 0.0469611
1933 0.0469485
1934 0.046938
1935 0.0469278
1936 0.0469138
1937 0.0469022
1938 0.0468837
1939 0.0468669
1940 0.0468504
1941 0.0468358
1942 0.0468198
1943 0.0468039
1944 0.0467938
1945 0.0467794
1946 0.0467736
1947 0.0467676
1948 0.0467499
1949 0.0467314
1950 0.0467142
1951 0.0467011
1952 0.0466865
1953 0.0466716
1954 0.0466576
1955 0.046646
1957 0.0466453
1958 0.0466263
1959 0.0466102
1960 0.0465951
1961 0.0465817
1962 0.0465784
1963 0.0465654
1964 0.0465602
1965 0.0465415
1966 0.0465246
1967 0.046509
1968 0.0464954
1969 0.0464801
1970 0.04647
1971 0.0464522
1972 0.0464368
1973 0.0464199
1974 0.0464034
1975 0.0463866
1976 0.0463693
1977 0.0463526
1978 0.0463357
1979 0.0463194
1980 0.0463043
1981 0.0462876
1982 0.0462707
1983 0.0462545
1984 0.0462379
1985 0.0462216
1986 0.0462064
1987 0.0461905
1988 0.0461746
1989 0.0461592
1990 0.0461439
1991 0.0461311
1992 0.0461229
1993 0.0461068
1994 0.0460904
1995 0.046076
1996 0.04606
1997 0.0460485
1998 0.0460325
1999 0.0460152
2000 0.0459987
2001 0.0459853
2002 0.0459695
2003 0.0459543
2004 0.0459375
2005 0.0459296
2006 0.0459252
2008 0.0459093
2009 0.0458926
2010 0.0458792
2011 0.0458642
2012 0.0458507
2013 0.0458465
2014 0.0458407
2015 0.0458235
2016 0.0458051
2017 0.0457885
2018 0.0457721
2019 0.0457609
2020 0.045758
2022 0.0457438
2023 0.0457265
2024 0.0457089
2025 0.0456915
2026 0.0456761
2027 0.0456589
2028 0.0456419
2029 0.0456254
2030 0.0456091
2031 0.0455928
2032 0.0455777
2033 0.0455623
2034 0.0455456
2035 0.0455286
2036 0.0455116
2037 0.0454946
2038 0.0454777
2039 0.0454608
2040 0.0454439
2041 0.0454271
2042 0.0454111
2043 0.0453962
2044 0.0453795
2045 0.0453625
2046 0.0453455
2047 0.0453285
2048 0.0453115
2049 0.0452947
2050 0.0452777
2051 0.045261
2052 0.0452441
2053 0.0452278
2054 0.0452123
2055 0.0451955
2056 0.045179
2057 0.0451623
2058 0.0451459
2059 0.0451293
2060 0.0451125
2061 0.0450961
2062 0.0450804
2063 0.0450639
2064 0.0450478
2065 0.0450336
2066 0.0450243
2067 0.0450131
2068 0.044995
2069 0.0449775
2070 0.0449607
2071 0.0449441
2072 0.0449274
2073 0.0449121
2074 0.0448982
2075 0.0448864
2076 0.0448805
2077 0.0448632
2078 0.0448465
2079 0.0448294
2080 0.0448126
2081 0.0447974
2082 0.0447805
2083 0.0447636
2084 0.0447468
2085 0.04473
2086 0.0447133
2087 0.0446987
2088 0.0446817
2089 0.0446649
2090 0.0446485
2091 0.0446331
2092 0.0446165
2093 0.0446002
2094 0.0445834
2095 0.0445668
2096 0.0445508
2097 0.0445341
2098 0.0445175
2099 0.0445011
2100 0.0444851
2101 0.0444686
2102 0.0444524
2103 0.044436
2104 0.044428
2105 0.044415
2106 0.0444004
2107 0.044389
2108 0.0443719
2109 0.044355
2110 0.0443384
2111 0.0443222
2112 0.0443055
2113 0.044289
2114 0.0442727
2115 0.0442563
2116 0.0442407
2117 0.0442271
2118 0.0442124
2119 0.0441963
2120 0.0441804
2121 0.0441651
2122 0.0441493
2123 0.0441337
2124 0.0441187
2125 0.0441036
2126 0.044094
2127 0.0440934
2129 0.0440753
2130 0.0440576
2131 0.0440404
2132 0.0440236
2133 0.0440067
2134 0.0439903
2135 0.043977
2136 0.0439616
2137 0.0439452
2138 0.0439288
2139 0.0439125
2140 0.0438992
2141 0.0438872
2142 0.0438738
2143 0.0438573
2144 0.0438409
2145 0.0438249
2146 0.0438089
2147 0.0437952
2148 0.0437781
2149 0.0437614
2150 0.0437449
2151 0.0437285
2152 0.0437123
2153 0.0436964
2154 0.0436801
2155 0.0436639
2156 0.0436475
2157 0.0436318
2158 0.0436159
2159 0.0435999
2160 0.0435838
2161 0.0435675
2162 0.0435512
2163 0.0435353
2164 0.0435193
2165 0.0435042
2166 0.0434882
2167 0.043472
2168 0.0434557
2169 0.0434394
2170 0.0434233
2171 0.043407
2172 0.0433909
2173 0.0433746
2174 0.0433584
2175 0.0433426
2176 0.0433272
2177 0.0433118
2178 0.0432954
2179 0.0432795
2180 0.0432638
2181 0.0432484
2182 0.0432327
2183 0.0432171
2184 0.0432007
2185 0.0431847
2186 0.0431693
2187 0.0431531
2188 0.0431369
2189 0.0431212
2190 0.0431059
2191 0.0430942
2192 0.0430834
2193 0.0430669
2194 0.0430506
2195 0.0430343
2196 0.043018
2197 0.0430018
2198 0.0429865
2199 0.0429708
2200 0.0429547
2201 0.0429389
2202 0.0429256
2203 0.0429122
2204 0.0428961
2205 0.0428801
2206 0.0428645
2207 0.0428486
2208 0.0428329
2209 0.0428169
2210 0.0428023
2211 0.0427876
2212 0.0427716
2213 0.0427556
2214 0.0427396
2215 0.0427235
2216 0.0427076
2217 0.0426915
2218 0.0426754
2219 0.04266
2220 0.0426444
2221 0.0426284
2222 0.0426124
2223 0.0425965
2224 0.0425805
2225 0.0425646
2226 0.042549
2227 0.0425331
2228 0.0425173
2229 0.0425015
2230 0.0424856
2231 0.0424708
2232 0.0424548
2233 0.042439
2234 0.0424232
2235 0.0424076
2236 0.0423917
2237 0.0423764
2238 0.0423607
2239 0.0423453
2240 0.0423298
2241 0.0423142
2242 0.0423
2243 0.0422867
2244 0.0422757
2245 0.0422606
2246 0.0422446
2247 0.0422289
2248 0.0422147
2249 0.0422011
2250 0.0421861
2251 0.0421724
2252 0.0421596
2253 0.0421445
2254 0.0421364
2255 0.0421194
2256 0.0421031
2257 0.042088
2258 0.042072
2259 0.0420562
2260 0.0420415
2261 0.0420258
2262 0.04201
2263 0.0419944
2264 0.0419833
2265 0.0419702
2266 0.0419564
2267 0.0419455
2268 0.0419303
2269 0.0419144
2270 0.0418985
2271 0.0418828
2272 0.0418675
2273 0.0418529
2274 0.0418376
2275 0.0418223
2276 0.0418069
2277 0.0417961
2278 0.0417866
2279 0.0417691
2280 0.0417532
2281 0.0417378
2282 0.0417222
2283 0.0417068
2284 0.0416913
2285 0.0416773
2286 0.0416626
2287 0.0416472
2288 0.0416319
2289 0.0416264
2290 0.0416179
2291 0.0416076
2292 0.041592
2293 0.0415765
2294 0.0415613
2295 0.0415466
2296 0.0415309
2297 0.0415154
2298 0.0415001
2299 0.0414882
2300 0.0414778
2301 0.04147
2302 0.0414578
2303 0.0414434
2304 0.0414274
2305 0.0414117
2306 0.0413962
2307 0.0413814
2308 0.0413664
2309 0.0413523
2310 0.0413376
2311 0.0413233
2312 0.0413091
2313 0.0412948
2314 0.0412811
2315 0.0412669
2316 0.0412534
2317 0.0412394
2318 0.0412256
2319 0.0412119
2320 0.041198
2321 0.0411856
2322 0.0411713
2323 0.0411613
2325 0.0411588
2326 0.0411501
2327 0.041135
2328 0.0411328
2330 0.0411227
2331 0.0411208
2333 0.0411099
2334 0.0410928
2335 0.0410768
2336 0.0410626
2337 0.0410488
2338 0.0410369
2339 0.0410267
2340 0.0410174
2341 0.0410151
2343 0.0409995
2344 0.0409854
2345 0.040973
2346 0.0409578
2347 0.0409458
2348 0.0409319
2349 0.0409166
2350 0.0409015
2351 0.0408871
2352 0.040872
2353 0.0408573
2354 0.0408422
2355 0.0408273
2356 0.0408125
2357 0.0407974
2358 0.0407843
2359 0.0407695
2360 0.0407549
2361 0.0407398
2362 0.0407266
2363 0.040713
2364 0.0406987
2365 0.0406837
2366 0.0406687
2367 0.0406539
2368 0.0406395
2369 0.0406249
2370 0.0406145
2371 0.0406068
2372 0.040596
2373 0.0405786
2374 0.0405625
2375 0.0405466
2376 0.0405323
2377 0.0405174
2378 0.0405036
2379 0.0404899
2380 0.0404785
2381 0.0404632
2382 0.0404506
2383 0.0404412
2384 0.0404275
2385 0.0404127
2386 0.0403995
2387 0.0403885
2388 0.0403743
2389 0.0403607
2390 0.0403461
2391 0.0403317
2392 0.0403176
2393 0.0403057
2394 0.0402941
2395 0.0402845
2396 0.0402746
2397 0.0402581
2398 0.0402429
2399 0.0402286
2400 0.0402172
2401 0.0402052
2402 0.0401937
2405 0.0401788
2406 0.0401658
2407 0.0401579
2408 0.0401482
2409 0.0401356
2410 0.0401285
2411 0.0401163
2412 0.0401012
2413 0.0400877
2414 0.0400748
2415 0.0400625
2416 0.0400514
2417 0.0400419
2418 0.0400371
2421 0.040021
2422 0.0400129
2423 0.040009
2425 0.0400077
2426 0.0399923
2427 0.0399853
2428 0.0399718
2429 0.0399624
2432 0.0399573
2434 0.0399426
2435 0.0399314
2436 0.0399276
2437 0.0399167
2438 0.0399131
2440 0.0399086
2441 0.0398926
2442 0.0398797
2443 0.0398678
2444 0.0398614
2445 0.0398487
2446 0.0398472
2447 0.0398457
2448 0.0398304
2449 0.0398158
2450 0.0398012
2451 0.0397877
2452 0.0397744
2453 0.03976
2454 0.0397457
2455 0.039731
2456 0.0397162
2457 0.0397015
2458 0.0396868
2459 0.0396721
2460 0.0396575
2461 0.0396434
2462 0.0396288
2463 0.0396146
2464 0.0396003
2465 0.0395859
2466 0.0395721
2467 0.0395581
2468 0.039544
2469 0.0395317
2470 0.0395171
2471 0.0395032
2472 0.0394883
2473 0.0394751
2474 0.0394599
2475 0.0394452
2476 0.0394306
2477 0.0394157
2478 0.039402
2479 0.0393872
2480 0.0393732
2481 0.0393597
2482 0.039345
2483 0.0393304
2484 0.0393194
2485 0.0393101
2486 0.0393
2487 0.0392869
2488 0.039273
2489 0.03926
2490 0.039246
2491 0.0392326
2492 0.039219
2493 0.0392068
2494 0.0391953
2495 0.0391934
2496 0.0391914
2497 0.0391772
2498 0.0391633
2499 0.0391514
2500 0.0391411
2502 0.0391402
2503 0.0391356
2504 0.0391323
2505 0.0391194
2506 0.0391123
2507 0.0391057
2508 0.0391042
2509 0.0391021
2511 0.0390856
2512 0.0390812
2513 0.0390808
2514 0.0390634
2515 0.0390505
2516 0.039044
2517 0.0390355
2519 0.0390338
2520 0.0390297
2521 0.0390253
2522 0.0390113
2523 0.0390038
2524 0.0389941
2525 0.0389787
2526 0.0389694
2527 0.0389604
2528 0.0389496
2529 0.0389355
2530 0.0389212
2531 0.0389069
2532 0.0388931
2533 0.0388801
2534 0.0388692
2535 0.0388628
2536 0.0388568
2537 0.0388506
2538 0.0388369
2539 0.0388234
2540 0.0388111
2541 0.0388006
2542 0.0387923
2543 0.0387842
2544 0.0387673
2545 0.0387579
2546 0.0387507
2547 0.03874
2548 0.0387275
2549 0.0387131
2550 0.0386993
2551 0.0386855
2552 0.0386721
2553 0.0386589
2554 0.0386457
2555 0.0386332
2556 0.0386206
2557 0.0386085
2558 0.0385973
2559 0.0385856
2560 0.0385773
2561 0.0385641
2562 0.0385563
2563 0.0385527
2564 0.0385377
2565 0.0385231
2566 0.0385135
2567 0.038509
2568 0.0384957
2569 0.0384886
2571 0.0384865
2572 0.0384723
2573 0.0384648
2574 0.038459
2575 0.0384502
2576 0.0384344
2577 0.0384223
2578 0.038409
2579 0.0383962
2580 0.0383824
2581 0.0383706
2582 0.0383577
2583 0.0383449
2584 0.0383317
2585 0.0383225
2586 0.0383094
2587 0.0382984
2588 0.0382837
2589 0.0382763
2590 0.0382701
2591 0.0382576
2592 0.0382454
2593 0.0382348
2594 0.0382262
2596 0.0382256
2597 0.0382112
2598 0.0382005
2599 0.0381904
2600 0.0381819
2601 0.038176
2602 0.0381613
2603 0.0381492
2604 0.0381354
2605 0.038124
2606 0.0381127
2607 0.0381043
2608 0.0381018
2609 0.0380855
2610 0.0380722
2611 0.0380583
2612 0.0380487
2613 0.0380393
2614 0.0380383
2615 0.0380352
2616 0.0380199
2617 0.038007
2618 0.0379929
2619 0.0379796
2620 0.0379657
2621 0.0379542
2622 0.0379429
2623 0.0379285
2624 0.0379141
2625 0.0378998
2626 0.0378858
2627 0.0378718
2628 0.0378578
2629 0.0378464
2630 0.0378354
2631 0.0378217
2632 0.0378098
2633 0.0377964
2634 0.0377825
2635 0.0377705
2636 0.0377576
2637 0.0377499
2638 0.0377444
2639 0.0377319
2640 0.0377171
2641 0.0377035
2642 0.0376931
2645 0.0376905
2647 0.0376757
2648 0.037664
2649 0.0376552
2650 0.0376531
2651 0.0376424
2652 0.0376352
2654 0.0376297
2655 0.0376156
2656 0.0376046
2657 0.0375979
2660 0.0375856
2661 0.0375745
2662 0.0375626
2663 0.0375513
2664 0.0375435
2665 0.0375344
2666 0.0375301
2667 0.0375133
2668 0.0374988
2669 0.037486
2670 0.037478
2671 0.0374773
2672 0.0374725
2673 0.0374662
2674 0.0374516
2675 0.0374379
2676 0.0374244
2677 0.0374121
2678 0.0374025
2679 0.0373964
2680 0.0373826
2681 0.0373792
2682 0.0373781
2683 0.0373641
2684 0.0373531
2685 0.0373445
2687 0.0373444
2688 0.0373311
2689 0.037323
2690 0.0373165
2691 0.0373162
2693 0.0372985
2694 0.0372871
2695 0.0372767
2696 0.0372743
2698 0.0372635
2699 0.03725
2700 0.03724
2701 0.0372296
2702 0.0372157
2703 0.0372021
2704 0.0371907
2705 0.0371844
2706 0.0371721
2709 0.0371593
2710 0.0371465
2711 0.0371367
2714 0.0371235
2715 0.0371159
2716 0.0371137
2717 0.0371126
2718 0.037101
2719 0.0370924
2720 0.0370861
2721 0.0370776
2723 0.0370774
2724 0.0370636
2725 0.0370527
2728 0.0370391
2729 0.0370337
2730 0.0370279
2731 0.0370177
2732 0.0370107
2733 0.0370086
2734 0.0369914
2735 0.0369831
2736 0.03697
2737 0.036961
2738 0.0369589
2739 0.0369571
2741 0.036957
2742 0.0369434
2743 0.0369329
2744 0.0369253
2745 0.0369195
2746 0.0369168
2749 0.0368996
2750 0.0368851
2751 0.0368752
2752 0.0368683
2754 0.0368668
2756 0.0368647
2757 0.0368507
2758 0.0368416
2759 0.0368289
2760 0.0368219
2761 0.0368106
2762 0.0368032
2763 0.0367963
2764 0.0367807
2765 0.0367682
2766 0.0367556
2767 0.0367435
2768 0.0367336
2769 0.0367234
2770 0.0367133
2773 0.0367013
2774 0.0366891
2775 0.0366847
2776 0.0366842
2778 0.0366676
2779 0.0366591
2780 0.0366475
2781 0.036635
2782 0.0366243
2783 0.0366111
2784 0.036598
2785 0.0365854
2786 0.036574
2787 0.0365654
2788 0.0365556
2789 0.0365409
2790 0.0365278
2791 0.0365173
2792 0.0365095
2793 0.0365076
2795 0.0365025
2796 0.0364865
2797 0.0364724
2798 0.0364605
2799 0.0364493
2800 0.0364406
2801 0.0364373
2802 0.0364263
2803 0.0364226
2804 0.0364061
2805 0.0363919
2806 0.0363787
2807 0.0363652
2808 0.0363517
2809 0.0363402
2810 0.0363263
2811 0.0363126
2812 0.036299
2813 0.0362862
2814 0.0362724
2815 0.0362588
2816 0.036247
2817 0.036236
2818 0.0362222
2819 0.0362099
2820 0.0361998
2821 0.0361859
2822 0.0361723
2823 0.0361588
2824 0.0361453
2825 0.0361326
2826 0.0361207
2827 0.0361089
2828 0.0360986
2829 0.0360963
2830 0.0360936
2831 0.0360753
2832 0.0360604
2833 0.0360471
2834 0.0360354
2835 0.0360221
2836 0.036009
2837 0.0359965
2838 0.0359861
2839 0.0359741
2840 0.0359639
2841 0.0359526
2842 0.0359414
2843 0.0359276
2844 0.0359148
2845 0.0359023
2846 0.0358889
2847 0.0358756
2848 0.0358631
2849 0.0358506
2850 0.0358397
2851 0.0358279
2852 0.0358151
2853 0.0358059
2854 0.0357995
2855 0.0357884
2856 0.0357759
2857 0.0357632
2858 0.0357505
2859 0.0357396
2860 0.0357307
2861 0.0357169
2862 0.0357054
2863 0.035695
2864 0.0356844
2865 0.0356741
2868 0.0356611
2869 0.0356512
2870 0.0356464
2871 0.0356355
2872 0.0356247
2873 0.0356168
2874 0.0356084
2875 0.0355999
2876 0.035586
2877 0.0355747
2878 0.0355664
2879 0.0355555
2880 0.0355478
2881 0.0355427
2882 0.0355405
2883 0.0355258
2884 0.0355129
2885 0.0355059
2886 0.0354941
2887 0.0354857
2888 0.0354824
2890 0.0354692
2891 0.0354566
2892 0.0354437
2893 0.0354314
2894 0.0354185
2895 0.0354064
2896 0.0353937
2897 0.0353809
2898 0.0353683
2899 0.035358
2900 0.0353481
2901 0.0353398
2902 0.0353303
2903 0.0353185
2904 0.0353072
2905 0.0352954
2906 0.0352847
2907 0.0352767
2908 0.0352632
2909 0.0352523
2910 0.0352445
2911 0.0352338
2913 0.0352321
2914 0.035231
2915 0.035229
2916 0.0352146
2917 0.0352078
2918 0.0351989
2919 0.035196
2920 0.0351897
2923 0.0351784
2924 0.0351689
2925 0.0351666
2926 0.0351647
2927 0.0351616
2928 0.0351607
2929 0.035152
2930 0.0351366
2931 0.0351232
2932 0.035111
2933 0.035099
2934 0.0350873
2935 0.0350738
2936 0.0350611
2937 0.0350512
2938 0.0350387
2939 0.0350279
2940 0.0350158
2941 0.0350054
2942 0.0349995
2943 0.0349846
2944 0.0349706
2945 0.0349574
2946 0.0349442
2947 0.0349311
2948 0.034918
2949 0.0349051
2950 0.0348921
2951 0.034879
2952 0.0348659
2953 0.0348528
2954 0.0348399
2955 0.0348271
2956 0.0348145
2957 0.034803
2958 0.0347899
2959 0.0347769
2960 0.034764
2961 0.0347516
2962 0.0347392
2963 0.0347263
2964 0.0347134
2965 0.0347033
2966 0.0346991
2967 0.034687
2968 0.0346736
2969 0.0346605
2970 0.0346477
2971 0.0346366
2972 0.0346231
2973 0.0346104
2974 0.0345977
2975 0.0345865
2976 0.0345744
2977 0.0345634
2978 0.0345502
2979 0.0345385
2980 0.0345267
2981 0.0345149
2982 0.0345049
2983 0.0344925
2984 0.0344828
2985 0.0344694
2986 0.034458
2987 0.0344466
2988 0.0344357
2989 0.0344273
2990 0.0344155
2991 0.0344114
2992 0.0343971
2993 0.0343851
2994 0.0343745
2995 0.0343646
2996 0.0343555
2997 0.0343458
2998 0.0343343
2999 0.0343291
3000 0.0343139
3001 0.034302
3002 0.0342942
3003 0.0342875
3004 0.0342846
3005 0.0342807
3006 0.034266
3007 0.0342543
3008 0.0342447
3009 0.0342309
3010 0.0342224
3011 0.0342152
3014 0.034203
3015 0.0341925
3016 0.0341818
3017 0.0341731
3018 0.0341658
3019 0.0341604
3020 0.0341474
3021 0.0341345
3022 0.0341246
3023 0.0341147
3024 0.0341042
3025 0.0340967
3026 0.0340825
3027 0.0340698
3028 0.0340575
3029 0.0340465
3030 0.0340347
3031 0.0340236
3032 0.0340134
3033 0.0340011
3034 0.0339882
3035 0.0339755
3036 0.0339627
3037 0.0339513
3038 0.0339405
3039 0.0339316
3040 0.0339219
3041 0.0339098
3042 0.0338974
3043 0.0338848
3044 0.0338731
3045 0.0338607
3046 0.0338485
3047 0.0338391
3048 0.0338304
3049 0.0338263
3050 0.0338145
3051 0.0338025
3052 0.0337899
3053 0.0337779
3054 0.0337653
3055 0.0337542
3056 0.0337415
3057 0.0337291
3058 0.0337179
3059 0.033706
3060 0.0336946
3061 0.0336843
3062 0.0336827
3064 0.0336692
3065 0.0336561
3066 0.0336435
3067 0.0336311
3068 0.0336188
3069 0.0336074
3070 0.0335955
3071 0.0335846
3072 0.0335735
3073 0.0335629
3074 0.0335537
3075 0.0335462
3076 0.0335397
3078 0.0335359
3079 0.0335232
3080 0.0335127
3081 0.0335032
3082 0.0334935
3083 0.0334872
3084 0.0334817
3085 0.0334735
3086 0.0334667
3087 0.0334549
3088 0.0334454
3089 0.0334396
3090 0.0334289
3091 0.0334181
3092 0.0334156
3094 0.0334026
3095 0.0333938
3098 0.0333814
3099 0.0333743
3100 0.033364
3101 0.033356
3102 0.0333507
3104 0.0333478
3105 0.0333335
3106 0.0333242
3107 0.0333138
3108 0.0333085
3110 0.0333068
3111 0.0332984
3112 0.033287
3113 0.0332837
3114 0.0332783
3115 0.0332642
3116 0.0332582
3117 0.0332532
3118 0.0332427
3119 0.0332312
3120 0.0332204
3121 0.0332122
3122 0.0332073
3123 0.033197
3124 0.0331917
3125 0.0331793
3126 0.0331674
3127 0.0331591
3128 0.0331579
3130 0.0331466
3133 0.0331335
3134 0.0331288
3135 0.033121
3136 0.0331117
3137 0.0331084
3138 0.0330969
3139 0.0330893
3140 0.0330761
3141 0.0330644
3142 0.0330527
3143 0.0330412
3144 0.0330313
3145 0.0330264
3148 0.0330145
3149 0.0330024
3150 0.0329914
3151 0.0329792
3152 0.032967
3153 0.032955
3154 0.0329439
3155 0.0329327
3156 0.0329232
3157 0.0329133
3158 0.032912
3159 0.0329108
3160 0.0328949
3161 0.0328815
3162 0.0328715
3163 0.0328675
3165 0.0328637
3166 0.0328565
3167 0.0328449
3168 0.0328337
3169 0.0328232
3170 0.0328167
3173 0.0328062
3174 0.0327965
3175 0.0327937
3176 0.0327906
3178 0.0327855
3179 0.0327727
3180 0.0327624
3181 0.0327559
3182 0.0327472
3185 0.032736
3186 0.0327263
3187 0.032722
3189 0.0327182
3190 0.0327065
3191 0.0327006
3192 0.0326946
3193 0.0326906
3194 0.0326789
3196 0.0326763
3197 0.0326641
3198 0.0326552
3199 0.0326521
3200 0.0326518
3202 0.0326396
3203 0.0326295
3204 0.0326245
3205 0.0326242
3206 0.0326158
3207 0.0326033
3208 0.0325916
3209 0.0325807
3210 0.0325755
3211 0.0325675
3212 0.0325537
3213 0.0325427
3214 0.0325333
3215 0.0325272
3217 0.032527
3219 0.0325233
3220 0.0325119
3221 0.0325045
3223 0.0325035
3224 0.032493
3225 0.0324917
3227 0.0324827
3228 0.0324787
3229 0.0324776
3231 0.0324616
3232 0.0324536
3233 0.03245
3234 0.0324472
3235 0.0324398
3236 0.0324283
3237 0.0324166
3238 0.0324058
3239 0.0323968
3240 0.0323853
3241 0.0323756
3242 0.0323631
3243 0.032353
3244 0.032341
3245 0.0323289
3246 0.0323172
3247 0.0323055
3248 0.0322938
3249 0.0322846
3250 0.0322795
3251 0.0322733
3253 0.0322726
3254 0.0322613
3255 0.0322526
3258 0.0322437
3259 0.0322381
3260 0.0322351
3261 0.0322267
3262 0.0322248
3263 0.0322106
3264 0.0322049
3265 0.0321938
3266 0.0321864
3267 0.0321813
3268 0.0321736
3269 0.0321611
3270 0.0321488
3271 0.0321369
3272 0.0321251
3273 0.0321146
3274 0.0321042
3275 0.0321012
3276 0.0320926
3277 0.0320809
3278 0.0320748
3279 0.0320649
3280 0.0320624
3281 0.0320531
3282 0.0320423
3283 0.032041
3284 0.0320408
3285 0.0320279
3286 0.0320191
3287 0.0320085
3288 0.0320059
3289 0.0319961
3290 0.031985
3291 0.0319737
3292 0.0319639
3293 0.0319573
3294 0.0319457
3295 0.0319356
3296 0.0319294
3297 0.03192
3298 0.0319128
3299 0.0319071
3302 0.031894
3303 0.0318825
3304 0.0318742
3305 0.0318635
3306 0.0318515
3307 0.0318393
3308 0.0318271
3309 0.0318151
3310 0.0318036
3311 0.031792
3312 0.0317886
3313 0.0317879
3315 0.0317769
3316 0.0317643
3317 0.0317549
3318 0.0317472
3319 0.0317405
3320 0.0317356
3323 0.0317255
3324 0.0317178
3325 0.0317097
3326 0.0317075
3327 0.0317047
3328 0.0316987
3330 0.0316957
3331 0.0316829
3332 0.0316731
3333 0.0316619
3334 0.0316522
3335 0.0316469
3336 0.0316457
3337 0.0316429
3338 0.0316391
3339 0.0316283
3340 0.0316177
3341 0.0316103
3342 0.031602
3343 0.0315991
3344 0.031591
3345 0.0315869
3346 0.0315841
3347 0.0315754
3348 0.0315659
3349 0.0315615
3350 0.0315614
3351 0.031555
3354 0.0315432
3355 0.0315325
3356 0.0315297
3359 0.031527
3360 0.0315158
3361 0.031509
3362 0.0315034
3363 0.0314896
3364 0.0314843
3365 0.0314803
3367 0.031469
3368 0.0314571
3369 0.0314456
3370 0.0314362
3371 0.0314275
3372 0.0314178
3373 0.0314111
3374 0.0314027
3375 0.031392
3376 0.031383
3377 0.0313743
3378 0.0313689
3379 0.0313661
3380 0.0313504
3381 0.0313392
3382 0.0313303
3384 0.0313285
3385 0.0313269
3387 0.0313151
3388 0.0313047
3389 0.0312949
3390 0.03129
3391 0.0312815
3392 0.031271
3393 0.0312683
3395 0.0312602
3396 0.0312576
3399 0.0312434
3400 0.0312316
3401 0.0312228
3402 0.0312128
3403 0.0312032
3404 0.0311918
3405 0.0311824
3406 0.0311779
3407 0.0311678
3408 0.0311553
3409 0.0311459
3410 0.0311407
3411 0.031131
3412 0.0311277
3415 0.0311252
3416 0.0311139
3417 0.0311133
3419 0.0311049
3420 0.0311017
3421 0.0310906
3422 0.0310844
3423 0.0310744
3425 0.0310715
3426 0.0310627
3427 0.031053
3428 0.0310409
3429 0.0310304
3430 0.0310192
3431 0.0310093
3432 0.0310015
3433 0.030997
3434 0.0309857
3435 0.0309773
3436 0.0309735
3437 0.0309612
3438 0.0309498
3439 0.0309409
3440 0.0309293
3441 0.0309237
3442 0.0309189
3443 0.0309109
3444 0.0309032
3445 0.0308917
3446 0.0308823
3447 0.0308707
3448 0.0308598
3449 0.0308483
3450 0.030837
3451 0.0308306
3452 0.0308266
3453 0.0308219
3454 0.0308178
3455 0.030806
3456 0.0307944
3457 0.0307842
3458 0.030774
3459 0.0307639
3460 0.0307546
3461 0.0307482
3463 0.0307472
3464 0.0307354
3465 0.030732
3466 0.0307241
3467 0.0307234
3469 0.0307119
3470 0.030707
3471 0.0306945
3472 0.0306883
3473 0.0306821
3474 0.0306757
3475 0.0306663
3478 0.0306541
3479 0.0306484
3480 0.030647
3481 0.0306466
3482 0.0306429
3484 0.0306379
3485 0.0306255
3486 0.0306157
3487 0.0306051
3488 0.0305955
3489 0.0305855
3490 0.0305734
3491 0.0305619
3492 0.0305513
3493 0.0305403
3494 0.0305291
3495 0.0305178
3496 0.0305064
3497 0.0304949
3498 0.0304839
3499 0.0304724
3500 0.0304611
3501 0.0304507
3502 0.0304403
3503 0.0304299
3504 0.0304186
3505 0.0304076
3506 0.0303962
3507 0.0303852
3508 0.0303738
3509 0.0303628
3510 0.0303515
3511 0.0303404
3512 0.0303288
3513 0.0303173
3514 0.0303058
3515 0.0302943
3516 0.0302837
3517 0.030273
3518 0.0302615
3519 0.0302502
3520 0.0302388
3521 0.0302303
3522 0.0302192
3523 0.0302077
3524 0.0301968
3525 0.030187
3526 0.0301767
3527 0.0301672
3528 0.0301608
3529 0.0301517
3530 0.0301398
3531 0.0301283
3532 0.0301178
3533 0.0301076
3534 0.030099
3535 0.0300918
3536 0.0300908
3538 0.0300768
3539 0.0300658
3540 0.0300587
3543 0.0300506
3544 0.03004
3545 0.0300327
3546 0.0300229
3547 0.0300133
3548 0.0300048
3549 0.0300006
3550 0.0299875
3551 0.0299765
3552 0.0299752
3554 0.0299683
3555 0.0299634
3557 0.0299615
3558 0.0299487
3559 0.0299379
3560 0.029929
3561 0.0299212
3562 0.02992
3563 0.029918
3566 0.0299063
3567 0.029895
3568 0.0298864
3569 0.0298843
3570 0.0298768
3571 0.0298685
3572 0.0298616
3573 0.0298554
3574 0.0298505
3576 0.0298448
3577 0.0298364
3578 0.0298282
3579 0.0298264
3581 0.0298173
3583 0.0298158
3584 0.0298044
3585 0.0297972
3586 0.0297902
3587 0.0297822
3588 0.0297807
3589 0.0297681
3590 0.0297649
3591 0.0297643
3592 0.0297527
3593 0.0297448
3594 0.0297373
3595 0.0297288
3598 0.0297184
3599 0.0297126
3600 0.0297114
3603 0.0297102
3604 0.0296991
3605 0.0296945
3607 0.0296922
3608 0.0296816
3609 0.0296796
3611 0.029671
3614 0.0296622
3615 0.0296553
3616 0.0296448
3617 0.0296349
3618 0.0296281
3619 0.0296192
3622 0.0296127
3623 0.0295998
3624 0.0295907
3625 0.029587
3627 0.029586
3630 0.029574
3631 0.0295697
3632 0.0295599
3633 0.029552
3636 0.0295464
3637 0.0295439
3638 0.0295424
3639 0.0295337
3642 0.0295237
3643 0.0295195
3644 0.0295161
3646 0.029508
3647 0.029501
3649 0.0294986
3650 0.0294882
3651 0.0294855
3653 0.0294827
3654 0.0294796
3656 0.0294723
3657 0.0294599
3658 0.02945
3659 0.0294432
3660 0.0294358
3661 0.0294244
3662 0.0294132
3663 0.029402
3664 0.0293913
3665 0.0293807
3666 0.0293699
3667 0.0293592
3668 0.0293482
3669 0.0293373
3670 0.0293261
3671 0.0293152
3672 0.029304
3673 0.0292928
3674 0.0292822
3675 0.0292711
3676 0.02926
3677 0.0292488
3678 0.0292377
3679 0.0292266
3680 0.0292156
3681 0.0292049
3682 0.0291939
3683 0.0291827
3684 0.0291716
3685 0.0291607
3686 0.0291496
3687 0.0291392
3688 0.0291282
3689 0.0291179
3690 0.0291067
3691 0.0290957
3692 0.0290856
3693 0.0290746
3694 0.0290642
3695 0.0290532
3696 0.0290423
3697 0.0290315
3698 0.0290206
3699 0.0290105
3700 0.0290004
3701 0.0289895
3702 0.0289788
3703 0.0289691
3704 0.0289586
3705 0.0289497
3706 0.0289391
3707 0.0289281
3708 0.0289172
3709 0.0289073
3710 0.028898
3711 0.0288886
3712 0.0288782
3713 0.0288692
3714 0.0288638
3715 0.0288515
3716 0.0288403
3717 0.0288295
3718 0.0288189
3719 0.0288084
3720 0.0287979
3721 0.0287879
3722 0.0287777
3723 0.0287679
3724 0.0287584
3725 0.0287483
3726 0.0287382
3727 0.0287279
3728 0.0287174
3729 0.0287098
3730 0.0287011
3731 0.0286926
3732 0.0286856
3733 0.0286734
3734 0.028662
3735 0.028651
3736 0.028641
3737 0.0286309
3738 0.02862
3739 0.0286096
3740 0.0286015
3741 0.0285934
3742 0.0285858
3743 0.0285752
3744 0.0285645
3745 0.0285542
3746 0.0285441
3747 0.0285341
3748 0.0285295
3749 0.0285255
3750 0.0285178
3751 0.0285057
3752 0.0284945
3753 0.0284839
3754 0.0284747
3755 0.0284644
3756 0.0284561
3757 0.0284454
3758 0.0284344
3759 0.0284238
3760 0.0284147
3761 0.0284043
3762 0.0283941
3763 0.0283831
3764 0.0283722
3765 0.0283615
3766 0.0283511
3767 0.0283408
3768 0.02833
3769 0.0283194
3770 0.0283088
3771 0.0282985
3772 0.0282881
3773 0.0282775
3774 0.0282668
3775 0.0282564
3776 0.0282458
3777 0.0282361
3778 0.0282258
3779 0.0282153
3780 0.0282047
3781 0.0281958
3782 0.0281875
3783 0.0281796
3784 0.0281703
3785 0.0281601
3786 0.028155
3787 0.0281429
3788 0.0281331
3789 0.0281254
3790 0.0281158
3791 0.0281084
3792 0.0281078
3794 0.0280965
3795 0.0280856
3796 0.0280786
3797 0.028074
3798 0.0280699
3799 0.0280656
3800 0.028054
3801 0.0280508
3802 0.0280388
3803 0.0280289
3804 0.0280203
3805 0.0280104
3806 0.0280021
3807 0.0279957
3808 0.0279876
3809 0.0279785
3810 0.0279679
3811 0.0279587
3812 0.0279532
3813 0.0279434
3814 0.0279369
3815 0.0279317
3816 0.0279307
3817 0.0279296
3818 0.0279173
3819 0.0279061
3820 0.0278973
3821 0.0278884
3822 0.0278797
3823 0.027869
3824 0.0278584
3825 0.0278479
3826 0.0278402
3827 0.0278325
3828 0.0278248
3829 0.0278142
3830 0.0278048
3831 0.0277945
3832 0.027788
3833 0.0277789
3834 0.0277699
3835 0.0277622
3836 0.0277536
3837 0.0277481
3838 0.0277401
3839 0.0277301
3840 0.0277224
3841 0.0277115
3842 0.027705
3843 0.0276962
3844 0.0276949
3845 0.0276925
3846 0.0276822
3847 0.0276799
3848 0.0276692
3849 0.02766
3850 0.0276531
3851 0.0276458
3852 0.0276411
3853 0.0276389
3855 0.0276336
3856 0.0276223
3857 0.0276182
3858 0.0276104
3861 0.0276093
3862 0.0276059
3863 0.0275951
3864 0.0275856
3865 0.0275758
3866 0.0275684
3867 0.0275586
3868 0.027549
3869 0.0275387
3870 0.0275287
3871 0.0275204
3872 0.0275129
3873 0.0275022
3874 0.0274914
3875 0.0274811
3876 0.0274708
3877 0.0274609
3878 0.0274507
3879 0.0274408
3880 0.0274313
3881 0.0274213
3882 0.0274118
3883 0.0274031
3884 0.0273938
3885 0.0273836
3886 0.0273738
3887 0.0273647
3888 0.0273615
3889 0.0273514
3890 0.0273426
3891 0.0273327
3892 0.0273256
3893 0.0273212
3894 0.0273119
3895 0.0273021
3896 0.0272973
3897 0.0272926
3898 0.0272844
3901 0.0272743
3902 0.0272676
3903 0.0272662
3905 0.0272621
3906 0.027258
3907 0.0272477
3908 0.02724
3909 0.0272394
3910 0.0272383
3911 0.027226
3912 0.0272228
3913 0.0272172
3914 0.0272092
3916 0.0272055
3917 0.0272025
3918 0.0271944
3921 0.0271908
3923 0.0271872
3924 0.0271765
3925 0.0271696
3926 0.0271642
3927 0.0271576
3928 0.0271571
3930 0.0271541
3931 0.0271428
3932 0.0271349
3933 0.027131
3934 0.0271211
3935 0.0271119
3936 0.0271056
3937 0.0270967
3938 0.0270892
3939 0.0270866
3942 0.0270738
3943 0.0270681
3944 0.0270616
3945 0.0270578
3946 0.0270558
3949 0.0270549
3950 0.0270426
3951 0.0270423
3952 0.0270404
3953 0.0270298
3954 0.0270222
3955 0.0270164
3956 0.0270151
3958 0.0270052
3959 0.0270018
3960 0.0269962
3961 0.0269955
3962 0.0269941
3963 0.0269907
3964 0.0269793
3965 0.026971
3966 0.0269668
3970 0.0269654
3971 0.0269547
3972 0.0269533
3973 0.0269499
3974 0.0269401
3975 0.0269356
3976 0.0269298
3977 0.0269263
3978 0.0269234
3979 0.026913
3980 0.0269046
3981 0.026896
3982 0.026886
3983 0.0268765
3984 0.0268726
3985 0.0268655
3986 0.0268626
3987 0.026852
3988 0.026843
3989 0.0268352
3990 0.0268283
3991 0.0268247
3992 0.0268191
3995 0.0268085
3996 0.0268014
3999 0.0267961
4000 0.0267917
4001 0.0267857
4002 0.0267831
4004 0.0267775
4005 0.0267678
4006 0.0267637
4009 0.0267563
4010 0.0267479
4012 0.0267473
4013 0.0267382
4014 0.0267311
4016 0.0267302
4017 0.0267224
4018 0.02672
4020 0.0267192
4021 0.026712
4022 0.02671
4024 0.0267095
4025 0.0266968
4026 0.02669
4027 0.0266891
4029 0.0266802
4030 0.0266709
4031 0.026661
4032 0.0266527
4033 0.0266458
4034 0.0266371
4035 0.0266291
4036 0.0266289
4037 0.0266283
4038 0.026614
4039 0.0266053
4040 0.0266002
4042 0.0265972
4045 0.0265871
4046 0.0265775
4047 0.0265722
4048 0.0265622
4049 0.0265547
4050 0.0265501
4051 0.0265435
4052 0.026539
4053 0.0265315
4055 0.0265304
4056 0.0265198
4057 0.0265194
4059 0.0265188
4061 0.0265078
4062 0.026499
4063 0.0264915
4064 0.0264858
4065 0.0264777
4066 0.0264702
4067 0.0264617
4068 0.0264545
4069 0.0264523
4072 0.0264379
4073 0.0264365
4074 0.0264349
4075 0.0264329
4077 0.0264241
4078 0.0264134
4079 0.0264029
4080 0.0263928
4081 0.0263829
4082 0.0263728
4083 0.0263638
4084 0.0263543
4085 0.0263456
4086 0.0263375
4087 0.0263282
4088 0.0263184
4089 0.0263086
4090 0.026299
4091 0.0262897
4092 0.02628
4093 0.0262706
4094 0.0262615
4095 0.0262523
4096 0.026244
4097 0.0262381
4098 0.0262298
4099 0.0262212
4100 0.0262114
4101 0.0262035
4102 0.0261946
4103 0.0261872
4104 0.0261824
4105 0.0261811
4107 0.0261709
4108 0.0261687
4109 0.0261575
4110 0.0261509
4111 0.0261497
4112 0.0261483
4114 0.0261473
4115 0.0261365
4116 0.0261276
4117 0.0261187
4118 0.0261094
4119 0.0261016
4120 0.0260942
4121 0.0260851
4122 0.0260826
4123 0.0260824
4124 0.0260741
4125 0.0260665
4126 0.0260642
4127 0.0260609
4128 0.0260484
4129 0.0260391
4130 0.0260351
4131 0.0260315
4132 0.0260235
4133 0.0260146
4134 0.0260072
4135 0.0260047
4136 0.0259962
4137 0.0259876
4139 0.0259864
4140 0.0259773
4141 0.0259738
4142 0.0259727
4144 0.025966
4145 0.0259652
4146 0.0259596
4147 0.0259506
4148 0.0259459
4151 0.0259403
4152 0.0259313
4153 0.0259255
4154 0.0259221
4156 0.0259193
4157 0.025909
4158 0.0259065
4159 0.0259003
4160 0.0258975
4161 0.0258915
4163 0.0258907
4164 0.0258795
4165 0.0258707
4166 0.0258646
4168 0.0258628
4169 0.0258625
4171 0.025852
4172 0.0258451
4173 0.0258408
4175 0.025839
4176 0.0258308
4177 0.0258218
4178 0.0258136
4179 0.0258074
4182 0.0258004
4183 0.0257948
4184 0.0257873
4185 0.025779
4186 0.0257761
4187 0.0257649
4188 0.0257606
4189 0.0257559
4190 0.0257508
4191 0.0257482
4192 0.0257475
4193 0.0257404
4194 0.025729
4195 0.02572
4196 0.0257106
4197 0.0257008
4198 0.0256914
4199 0.0256823
4200 0.025675
4201 0.0256698
4202 0.0256603
4203 0.025651
4204 0.0256419
4205 0.0256341
4206 0.0256265
4207 0.0256212
4208 0.0256096
4209 0.0256007
4210 0.0255919
4211 0.0255846
4212 0.0255787
4213 0.0255695
4214 0.0255667
4215 0.0255591
4216 0.0255512
4217 0.0255421
4218 0.0255335
4219 0.0255249
4220 0.025516
4221 0.0255074
4222 0.0254992
4223 0.025493
4225 0.025491
4226 0.0254801
4227 0.0254709
4228 0.0254647
4229 0.0254628
4233 0.0254583
4234 0.025449
4237 0.0254417
4238 0.0254408
4239 0.0254382
4241 0.0254307
4243 0.0254274
4244 0.0254198
4245 0.0254158
4246 0.0254143
4248 0.0254127
4249 0.0254111
4250 0.0254049
4251 0.0253956
4253 0.0253955
4254 0.0253907
4256 0.0253898
4257 0.025382
4258 0.0253783
4259 0.0253721
4260 0.0253715
4262 0.0253618
4263 0.0253547
4264 0.0253518
4267 0.0253411
4268 0.025336
4269 0.0253337
4271 0.0253245
4272 0.0253185
4273 0.0253158
4276 0.0253074
4277 0.0253066
4278 0.0253016
4279 0.0252943
4280 0.025285
4282 0.0252841
4283 0.0252778
4284 0.0252681
4285 0.0252654
4286 0.0252581
4287 0.0252499
4288 0.0252398
4289 0.0252304
4290 0.0252218
4291 0.0252126
4292 0.025205
4293 0.025195
4294 0.0251874
4295 0.0251804
4296 0.0251722
4297 0.0251621
4298 0.0251526
4299 0.0251431
4300 0.0251343
4301 0.0251249
4302 0.0251156
4303 0.0251064
4304 0.0250975
4305 0.0250891
4306 0.025081
4307 0.0250717
4308 0.0250639
4309 0.0250551
4310 0.0250469
4311 0.0250382
4312 0.0250303
4313 0.0250216
4314 0.0250153
4315 0.0250102
4316 0.0250034
4317 0.0249923
4318 0.024982
4319 0.0249721
4320 0.024963
4321 0.0249537
4322 0.0249472
4323 0.0249387
4324 0.0249304
4325 0.0249254
4326 0.0249166
4327 0.0249105
4328 0.0249058
4333 0.0248957
4334 0.0248954
4336 0.0248909
4337 0.0248824
4338 0.0248814
4339 0.0248784
4340 0.0248691
4341 0.0248605
4342 0.0248533
4343 0.0248451
4344 0.0248425
4345 0.0248387
4346 0.0248308
4347 0.0248276
4348 0.0248249
4349 0.0248195
4350 0.0248157
4353 0.0248061
4354 0.0247997
4356 0.0247995
4357 0.0247905
4360 0.0247835
4361 0.0247799
4362 0.0247782
4363 0.0247776
4364 0.024777
4365 0.0247727
4367 0.0247687
4368 0.0247578
4369 0.0247522
4370 0.0247448
4371 0.0247431
4372 0.0247429
4375 0.0247334
4378 0.024726
4379 0.0247239
4380 0.0247228
4382 0.0247226
4384 0.0247078
4385 0.0246991
4386 0.0246955
4387 0.0246889
4389 0.0246855
4392 0.0246761
4393 0.0246706
4394 0.0246671
4397 0.0246594
4398 0.0246565
4399 0.0246548
