1 0.046384
18 0.0445062
21 0.0365161
25 0.0307586
27 0.0241086
29 0.020579
33 0.0187918
34 0.0158482
35 0.0134406
36 0.0118553
37 0.0104386
41 0.00904424
42 0.00792316
45 0.00704536
47 0.00662557
49 0.00643958
50 0.00515602
51 0.00415366
54 0.00381324
57 0.00341125
58 0.00337525
59 0.00264368
60 0.00209318
61 0.00154946
62 0.00118091
63 0.000920641
65 0.000901276
68 0.000697898
70 0.000676585
71 0.000671015
73 0.00064933
75 0.00054443
76 0.000493581
80 0.000492579
82 0.000460487
83 0.000431851
87 0.000400119
89 0.000397481
90 0.000366999
91 0.000343291
92 0.000332479
93 0.000320995
95 0.000305232
96 0.000297767
98 0.000274832
99 0.000269619
102 0.000249072
105 0.000241211
106 0.000216043
109 0.000215102
110 0.000211307
111 0.000190547
113 0.000186033
117 0.000179665
118 0.000173794
119 0.000172049
120 0.000166632
123 0.000155043
124 0.000145017
125 0.000140987
127 0.000132561
128 0.000132448
129 0.000129991
130 0.000121055
131 0.000113543
132 0.000107849
133 0.000103093
134 9.63879e-05
135 9.49492e-05
137 9.13073e-05
138 8.37663e-05
139 8.16409e-05
140 7.63124e-05
141 7.05596e-05
142 6.62579e-05
143 6.07701e-05
144 5.66911e-05
145 5.38339e-05
146 4.83464e-05
147 4.51483e-05
148 4.48153e-05
150 4.38557e-05
151 4.18497e-05
152 3.71539e-05
153 3.3813e-05
154 3.17437e-05
156 2.96354e-05
158 2.89787e-05
163 2.82627e-05
164 2.61477e-05
165 2.48052e-05
167 2.43936e-05
168 2.40949e-05
169 2.36683e-05
170 2.23271e-05
171 2.22141e-05
173 2.06875e-05
174 1.94577e-05
176 1.90743e-05
177 1.79195e-05
178 1.71274e-05
179 1.63179e-05
182 1.48162e-05
183 1.44486e-05
184 1.42801e-05
186 1.39782e-05
187 1.29172e-05
188 1.28674e-05
189 1.26963e-05
190 1.24763e-05
191 1.0798e-05
193 1.06475e-05
194 1.05586e-05
195 1.04716e-05
196 1.03896e-05
199 9.63467e-06
200 9.04874e-06
201 8.82203e-06
202 8.70393e-06
204 8.29144e-06
205 8.08247e-06
208 7.64254e-06
209 7.25183e-06
210 7.17412e-06
211 7.00103e-06
212 6.88158e-06
213 6.86517e-06
215 6.31074e-06
216 5.95786e-06
217 5.86474e-06
218 5.50942e-06
219 5.26828e-06
220 4.94632e-06
221 4.81618e-06
222 4.71044e-06
223 4.4533e-06
224 4.31637e-06
225 3.87326e-06
226 3.66683e-06
227 3.57945e-06
228 3.36131e-06
229 3.12627e-06
230 2.97606e-06
231 2.76709e-06
232 2.66334e-06
236 2.55006e-06
237 2.43462e-06
