1 1124.05
11 1061.06
12 1000.83
13 938.628
14 881.146
15 868.191
16 867.909
17 840.155
18 813.726
19 783.771
20 751.084
21 713.322
22 668.926
23 621.44
24 575.198
25 550.938
26 535.531
27 520.093
28 493.255
29 465.054
30 435.716
31 406.368
32 371.002
33 342.84
34 310.081
35 290.597
36 270.147
37 257.48
38 244.093
39 223.17
40 202.984
41 184.815
42 167.75
43 149.394
44 130.86
45 119.317
46 107.134
47 99.7814
48 92.5638
49 81.9516
50 72.4913
51 65.1619
52 59.1606
53 53.9738
54 47.8194
55 44.8396
56 41.6858
57 40.2017
58 40.011
59 37.9408
60 36.9912
62 36.2977
63 36.1978
78 36.191
79 36.1808
80 36.1717
86 36.1635
89 36.1416
98 36.1408
106 36.1339
109 36.1234
116 36.1176
122 36.1135
124 36.1123
130 36.112
132 36.1115
138 36.1111
141 36.1105
142 36.1104
145 36.1101
152 36.11
157 36.1098
162 36.1095
164 36.1094
165 36.109
166 36.1088
170 36.1087
172 36.1085
173 36.1083
175 36.1081
178 36.1079
180 36.1077
183 36.1076
191 36.1074
196 36.1072
197 36.1071
198 36.107
203 36.1068
205 36.1067
