1 1167710000.0
9 1072400000.0
10 980588000.0
11 903075000.0
12 820523000.0
13 766150000.0
14 694791000.0
15 635477000.0
16 585461000.0
17 544218000.0
18 508492000.0
19 449410000.0
20 394683000.0
21 356764000.0
22 327236000.0
23 281116000.0
24 242194000.0
25 210125000.0
26 186001000.0
27 154455000.0
28 124218000.0
29 106309000.0
30 93702800.0
31 71183500.0
32 53099800.0
33 39792200.0
34 31211300.0
35 20479700.0
36 11257100.0
37 7236710.0
38 7047230.0
39 2547880.0
40 399897.0
41 21772.7
46 19081.7
48 10719.8
55 7093.23
56 4630.47
60 36.1222
63 28.034
67 16.4081
69 9.38902
83 8.8661
89 8.50569
91 8.48898
93 8.41311
97 8.40739
99 8.39437
104 8.39381
106 8.39361
115 8.38733
116 8.3873
118 8.38724
122 8.38718
