1 98.6875
10 26.6505
17 5.65885
25 3.42021
33 2.89183
34 2.44207
35 1.79292
36 1.25006
38 1.00669
42 0.792882
44 0.715547
45 0.610474
49 0.472157
53 0.412043
54 0.384306
58 0.383027
59 0.362282
63 0.3435
64 0.34098
65 0.333911
69 0.332957
70 0.324203
75 0.31064
78 0.307697
84 0.301128
87 0.300788
90 0.299051
93 0.29487
94 0.290134
95 0.289304
96 0.288623
97 0.286939
98 0.28397
99 0.283561
101 0.281018
102 0.279697
103 0.278381
105 0.277244
108 0.275146
110 0.273577
111 0.272569
113 0.271036
116 0.269259
117 0.26923
119 0.26606
120 0.264784
121 0.264329
123 0.261326
126 0.258037
127 0.257081
128 0.256886
130 0.256765
131 0.256733
132 0.256626
133 0.253085
134 0.251363
135 0.250322
136 0.24723
138 0.246727
142 0.24665
143 0.2438
144 0.242983
145 0.24285
147 0.242672
149 0.238707
150 0.238682
151 0.238146
152 0.236464
153 0.234545
154 0.233295
156 0.232472
157 0.229135
158 0.227989
159 0.225005
160 0.222562
161 0.221418
162 0.221034
167 0.220603
168 0.219442
171 0.218384
173 0.217544
175 0.216502
176 0.214505
179 0.214054
182 0.212656
184 0.212546
185 0.211727
186 0.211212
188 0.210661
189 0.210259
190 0.210211
191 0.209957
193 0.209709
194 0.208192
195 0.20767
196 0.207627
198 0.206612
199 0.206438
200 0.206195
201 0.205778
203 0.204321
204 0.203422
207 0.203077
208 0.201931
210 0.201768
211 0.200718
212 0.200255
213 0.199987
214 0.199658
215 0.19908
216 0.198859
217 0.198671
219 0.197778
220 0.196353
221 0.196142
223 0.195121
224 0.194938
227 0.194671
228 0.193339
229 0.192453
230 0.191355
231 0.190428
234 0.190024
236 0.18918
237 0.188399
239 0.18833
240 0.188312
242 0.187249
243 0.18712
244 0.186938
245 0.18643
246 0.185149
247 0.184794
248 0.183925
249 0.182888
251 0.182808
254 0.182686
255 0.182594
256 0.181618
259 0.180665
260 0.179965
261 0.17984
263 0.17853
264 0.177724
265 0.17752
267 0.176966
268 0.176293
270 0.175859
271 0.175238
272 0.174481
273 0.174146
274 0.173227
275 0.172917
276 0.171402
277 0.171365
279 0.170322
283 0.169988
285 0.169106
286 0.168591
289 0.168496
291 0.167123
294 0.166682
296 0.166465
297 0.16583
298 0.165312
299 0.164486
300 0.16412
303 0.162938
304 0.162574
305 0.16203
307 0.161477
309 0.160957
310 0.160812
311 0.160747
312 0.160087
315 0.159163
316 0.159153
318 0.158512
319 0.157317
320 0.156798
325 0.155986
326 0.155908
327 0.155672
329 0.155541
330 0.155202
331 0.15417
332 0.153672
333 0.15362
334 0.15354
335 0.153315
340 0.152092
342 0.151923
343 0.151127
344 0.151126
346 0.151021
347 0.150819
348 0.150234
351 0.149164
352 0.148563
353 0.148418
354 0.148188
356 0.148083
357 0.147988
359 0.146864
360 0.146217
361 0.146122
362 0.146088
363 0.145409
366 0.14443
367 0.144013
368 0.144003
369 0.143894
372 0.143543
373 0.142935
375 0.142377
376 0.141899
377 0.141612
382 0.141216
383 0.140556
386 0.140501
390 0.140135
392 0.139812
393 0.138844
396 0.138685
397 0.138193
400 0.138128
402 0.137374
403 0.137175
405 0.136917
409 0.135851
412 0.135334
413 0.13449
415 0.134421
420 0.134236
421 0.134208
423 0.133979
424 0.133597
425 0.133552
426 0.13344
427 0.133117
428 0.132753
429 0.132648
430 0.132358
433 0.131958
436 0.131781
437 0.131584
440 0.131194
441 0.131051
442 0.130976
443 0.130581
444 0.130385
445 0.130304
446 0.129934
447 0.129819
449 0.129553
450 0.12909
451 0.128763
452 0.128523
453 0.128084
456 0.127859
459 0.127498
460 0.127478
462 0.127182
465 0.126905
466 0.126721
468 0.126387
469 0.126284
470 0.125948
471 0.125757
473 0.125693
474 0.125296
475 0.125123
476 0.124901
477 0.124838
478 0.124825
479 0.124502
480 0.124431
482 0.124271
483 0.123856
486 0.123653
487 0.123504
488 0.123321
489 0.123051
491 0.122994
492 0.122814
495 0.122409
496 0.122202
498 0.122188
499 0.12191
500 0.121792
501 0.12176
502 0.121698
505 0.121453
507 0.12123
508 0.120843
511 0.120744
513 0.12063
514 0.120273
516 0.12025
517 0.119814
518 0.119499
519 0.119318
521 0.119286
522 0.119282
526 0.118872
529 0.118591
530 0.118454
532 0.118334
535 0.118188
538 0.117746
539 0.117574
540 0.117542
541 0.11752
544 0.117245
545 0.117135
546 0.116778
547 0.116472
548 0.116403
549 0.115956
550 0.115663
551 0.115492
552 0.115464
553 0.115435
554 0.115282
555 0.115116
557 0.114963
558 0.114601
559 0.114541
562 0.114223
563 0.114176
565 0.113899
568 0.113533
569 0.113469
570 0.113389
571 0.113099
572 0.112887
576 0.112527
577 0.112288
578 0.112012
579 0.112002
581 0.111981
583 0.111578
584 0.111493
585 0.111374
586 0.111096
587 0.110825
588 0.110544
589 0.110418
590 0.110099
591 0.109803
592 0.109713
593 0.109424
594 0.109173
595 0.108929
597 0.10886
598 0.10864
599 0.108582
600 0.108479
605 0.108103
606 0.107997
607 0.107972
608 0.107925
610 0.107552
611 0.107407
613 0.10729
614 0.1069
615 0.106687
616 0.106384
617 0.106297
618 0.106133
619 0.10591
620 0.105561
621 0.105308
622 0.105073
623 0.104918
624 0.104829
625 0.104726
626 0.104694
627 0.10457
629 0.10442
630 0.103989
635 0.10367
636 0.103368
639 0.103127
642 0.102993
644 0.102936
647 0.102609
650 0.102558
651 0.102553
652 0.102361
653 0.102139
656 0.102039
659 0.101885
661 0.101662
662 0.101563
664 0.101328
665 0.101245
670 0.10086
672 0.100816
673 0.100541
674 0.100364
675 0.10018
679 0.100129
680 0.0997879
681 0.0995735
682 0.0994717
685 0.0994419
686 0.0992907
687 0.099004
689 0.0989578
690 0.0989298
691 0.0988405
692 0.0986162
693 0.0983328
694 0.0980215
695 0.0979609
696 0.0977391
699 0.0974833
702 0.0974042
703 0.0973531
705 0.09723
706 0.0970032
707 0.0969772
709 0.0968464
710 0.0967525
712 0.096482
713 0.0962028
714 0.0960726
716 0.0960337
717 0.0958274
719 0.0957276
720 0.0956774
721 0.0956583
722 0.0956272
724 0.0952911
726 0.095291
727 0.0949635
730 0.0948298
731 0.0945802
736 0.0944741
737 0.0944612
738 0.0944255
739 0.094189
742 0.0939106
743 0.0937479
745 0.0936727
746 0.093659
747 0.0936168
748 0.093456
749 0.0932491
750 0.0932077
751 0.0929154
752 0.092821
754 0.0925642
757 0.0923372
758 0.0922377
761 0.092059
762 0.0920476
764 0.0918108
765 0.0915321
766 0.0914171
769 0.0911458
772 0.0909068
774 0.0908968
776 0.0908316
777 0.0906376
780 0.0904767
781 0.0904049
783 0.0901567
784 0.0900861
785 0.0897529
787 0.0896823
788 0.0895645
791 0.0893918
793 0.0892798
795 0.0892408
796 0.0891616
799 0.0891214
802 0.0891018
803 0.0889454
805 0.0889396
806 0.0888479
807 0.0887561
808 0.0887311
809 0.0887159
810 0.0885986
811 0.088543
812 0.0884399
815 0.0882928
816 0.0881794
817 0.0881438
819 0.0880608
820 0.0879363
821 0.0877998
822 0.087693
823 0.0875687
824 0.0875323
825 0.0874412
827 0.0874042
828 0.0872392
829 0.0871204
830 0.0870383
831 0.08701
832 0.0869562
833 0.0868851
836 0.0868402
837 0.0868201
838 0.0866391
841 0.0866265
842 0.0866162
843 0.0864704
844 0.0863938
845 0.0862947
846 0.0861327
847 0.0860165
848 0.0859479
849 0.0859209
850 0.0859042
851 0.0857996
855 0.0857588
856 0.0856095
859 0.08551
860 0.085497
861 0.0854739
862 0.0853762
863 0.085302
864 0.0852789
865 0.0852273
866 0.0850875
867 0.0849334
868 0.0848085
869 0.0846815
870 0.0846041
871 0.0844752
872 0.0844658
873 0.084458
874 0.0844539
876 0.0843211
877 0.0842296
878 0.0841558
881 0.0839832
882 0.0839067
883 0.0838397
884 0.0837249
885 0.0836698
886 0.0835117
887 0.083362
888 0.0832281
889 0.083092
890 0.0829791
891 0.0829068
892 0.0828962
894 0.0828007
895 0.0826766
896 0.0825355
897 0.0824247
898 0.0822969
899 0.0822252
900 0.0821214
901 0.0820998
903 0.0820802
904 0.0820535
905 0.0819167
906 0.0819141
907 0.0818886
908 0.0818086
909 0.0816494
910 0.0815674
913 0.0814877
914 0.0813577
915 0.0812657
916 0.0812649
917 0.0812513
918 0.0811334
919 0.0810413
920 0.0809286
922 0.0808757
923 0.080739
924 0.0806277
925 0.0805683
926 0.0805007
927 0.0804369
929 0.0804169
930 0.0803734
932 0.0802397
937 0.0801229
938 0.0800623
940 0.0800596
941 0.0800522
943 0.0800391
944 0.0799381
945 0.0798864
946 0.0798712
948 0.079808
949 0.0797732
950 0.0797546
952 0.0796939
953 0.0796864
955 0.0796209
956 0.0795798
957 0.0795102
958 0.0794717
959 0.0794506
960 0.0794466
961 0.0793876
962 0.079363
963 0.0793287
966 0.0792561
967 0.0792251
968 0.0791962
969 0.0791805
970 0.0791768
971 0.0791403
972 0.0790634
973 0.0790252
974 0.078965
975 0.0788955
976 0.0788251
977 0.0787593
978 0.0786967
979 0.078649
980 0.0786098
981 0.0785483
982 0.0784876
983 0.0784452
986 0.0783759
987 0.0783094
988 0.0782528
989 0.0782123
992 0.078166
993 0.0781272
994 0.0780952
995 0.0780341
996 0.0779824
997 0.0779407
998 0.0779289
999 0.0778932
1000 0.0778361
1001 0.0777958
1002 0.0777686
1003 0.0777222
1004 0.0776595
1005 0.0776158
1006 0.077597
1007 0.0775453
1008 0.0775304
1009 0.0774608
1010 0.0774295
1011 0.0774145
1012 0.0774129
1013 0.0773409
1014 0.0772878
1015 0.0772258
1016 0.0771764
1017 0.0771141
1018 0.0770731
1019 0.0770628
1020 0.0770625
1022 0.0770579
1023 0.0769854
1024 0.0769155
1025 0.0768475
1026 0.0767833
1027 0.0767237
1028 0.0766635
1029 0.0765997
1030 0.0765401
1031 0.0764916
1032 0.0764378
1033 0.0763712
1034 0.0763134
1035 0.076247
1036 0.0761839
1037 0.0761224
1038 0.0760569
1039 0.07599
1040 0.0759253
1041 0.0758601
1042 0.0757969
1043 0.0757344
1044 0.075687
1045 0.0756748
1046 0.0756229
1047 0.0755543
1048 0.0754875
1049 0.0754232
1050 0.0753586
1051 0.0752975
1052 0.0752408
1053 0.0751833
1054 0.0751324
1055 0.0750955
1056 0.0750352
1057 0.0749805
1058 0.0749169
1059 0.0748521
1060 0.0747887
1061 0.0747298
1062 0.0746704
1063 0.0746089
1064 0.0745561
1065 0.0745143
1066 0.0744999
1067 0.0744648
1068 0.0744177
1069 0.0743969
1070 0.0743848
1071 0.0743155
1072 0.0742588
1073 0.0742248
1074 0.0741876
1075 0.0741629
1078 0.0741111
1079 0.074092
1080 0.0740763
1081 0.0740112
1082 0.0739651
1083 0.0739165
1084 0.0738515
1085 0.0738029
1086 0.0737478
1087 0.0736883
1088 0.0736228
1089 0.0735604
1090 0.0734984
1091 0.0734342
1092 0.0733714
1093 0.0733079
1094 0.0732523
1095 0.0731969
1096 0.0731598
1097 0.0731039
1098 0.0730448
1099 0.073025
1100 0.0729841
1101 0.072924
1102 0.0728761
1103 0.0728621
1104 0.0728332
1107 0.0727607
1108 0.07273
1109 0.0726991
1110 0.0726676
1111 0.0726522
1112 0.0726075
1115 0.0725419
1116 0.0724793
1117 0.0724366
1118 0.0724137
1119 0.072413
1121 0.072388
1122 0.0723237
1123 0.0722672
1124 0.0722094
1125 0.0721579
1126 0.0721273
1127 0.0721257
1128 0.0721086
1129 0.0720795
1131 0.0720168
1132 0.0719652
1133 0.0719206
1134 0.0718895
1135 0.0718747
1136 0.0718128
1139 0.071755
1140 0.0717027
1141 0.0716713
1142 0.0716628
1146 0.0715902
1147 0.0715677
1148 0.0715273
1149 0.0715018
1151 0.0714837
1152 0.0714256
1153 0.0714007
1154 0.0713924
1156 0.0713376
1157 0.071298
1159 0.0712794
1160 0.0712238
1161 0.0711775
1162 0.0711586
1163 0.0711498
1165 0.0711179
1168 0.071067
1169 0.0710099
1170 0.0709763
1173 0.0709758
1175 0.0709473
1177 0.0709224
1178 0.0708555
1179 0.070811
1180 0.070773
1181 0.0707191
1182 0.0706735
1183 0.0706276
1184 0.0706232
1186 0.0705513
1187 0.0705184
1188 0.0704604
1189 0.0704299
1191 0.0704157
1192 0.0703938
1194 0.0703858
1195 0.070323
1196 0.0702873
1197 0.0702411
1198 0.0702348
1200 0.0701782
1201 0.0701229
1202 0.0701082
1204 0.070048
1205 0.0699968
1206 0.0699699
1207 0.0699678
1209 0.0699029
1210 0.0698497
1211 0.0698218
1212 0.0698102
1213 0.0698032
1214 0.069771
1216 0.0697634
1217 0.0696999
1218 0.069649
1219 0.0696008
1220 0.069582
1221 0.0695708
1222 0.0695661
1223 0.0695616
1224 0.069557
1225 0.0694831
1226 0.0694176
1227 0.0693771
1228 0.0693493
1229 0.069325
1232 0.0693084
1234 0.0692478
1235 0.0691937
1236 0.0691652
1238 0.0691502
1239 0.0691071
1240 0.0690587
1241 0.0690339
1243 0.0690316
1244 0.068989
1245 0.0689832
1246 0.0689553
1247 0.0688931
1248 0.0688404
1249 0.0688042
1252 0.0687803
1253 0.0687698
1254 0.0687145
1256 0.0687021
1257 0.0686447
1258 0.0686177
1259 0.0685816
1261 0.0685664
1262 0.0685263
1263 0.0684744
1264 0.068452
1265 0.0684244
1266 0.0683701
1267 0.0683653
1269 0.0682987
1270 0.0682427
1271 0.0681929
1272 0.0681461
1273 0.0681236
1274 0.0681137
1276 0.0681033
1277 0.0680709
1278 0.0680136
1279 0.0679573
1280 0.0679191
1281 0.0678932
1284 0.0678876
1286 0.0678226
1287 0.0677813
1288 0.0677385
1289 0.0677294
1290 0.0677038
1291 0.0676506
1292 0.0676051
1293 0.0675921
1295 0.0675388
1296 0.0675035
1297 0.0674793
1298 0.067411
1299 0.0673792
1300 0.0673239
1301 0.0672897
1302 0.0672756
1303 0.0672678
1305 0.0672582
1307 0.0671807
1308 0.0671411
1309 0.0671009
1310 0.0670935
1314 0.067037
1315 0.0669782
1316 0.0669315
1317 0.0668786
1318 0.0668243
1319 0.0667728
1320 0.0667187
1321 0.0666704
1322 0.0666202
1323 0.0665837
1324 0.0665623
1326 0.0665607
1327 0.0665052
1328 0.0664576
1329 0.0664177
1331 0.0664095
1332 0.0663741
1333 0.0663246
1334 0.0663124
1336 0.0662672
1337 0.0662239
1338 0.0661983
1339 0.066172
1341 0.0661449
1342 0.0660874
1343 0.0660424
1344 0.0660311
1346 0.0659965
1349 0.0659586
1350 0.0659097
1351 0.0658781
1352 0.0658582
1353 0.0657987
1354 0.0657749
1355 0.0657714
1357 0.0657418
1358 0.0656961
1359 0.0656363
1360 0.0656266
1362 0.0655716
1363 0.0655287
1364 0.0655002
1365 0.0654798
1366 0.0654634
1369 0.0654584
1370 0.0653917
1371 0.0653391
1372 0.065335
1375 0.0653254
1376 0.0652908
1377 0.0652826
1379 0.0652251
1380 0.0651798
1381 0.0651435
1382 0.0651132
1383 0.0651019
1385 0.0650717
1386 0.0650209
1387 0.0649684
1388 0.0649133
1389 0.0648659
1390 0.0648152
1391 0.0647748
1392 0.0647238
1393 0.0647032
1394 0.0646905
1396 0.0646419
1397 0.0646001
1398 0.0645663
1399 0.0645308
1401 0.0645253
1402 0.0644661
1403 0.0644511
1405 0.064417
1407 0.0644109
1408 0.0643889
1410 0.0643629
1411 0.0643139
1412 0.0642604
1413 0.0642353
1414 0.0642068
1415 0.0641631
1416 0.0641259
1417 0.0640699
1418 0.0640505
1419 0.064035
1421 0.0639736
1422 0.0639203
1423 0.0638716
1424 0.0638257
1425 0.0637693
1426 0.0637212
1427 0.0636781
1428 0.0636538
1429 0.063634
1430 0.0636058
1431 0.0635547
1432 0.0634984
1433 0.0634393
1434 0.0633812
1435 0.063328
1436 0.0632769
1437 0.0632196
1438 0.0631655
1439 0.0631144
1440 0.0630695
1441 0.0630276
1442 0.0630133
1444 0.062961
1445 0.0629336
1446 0.0628718
1447 0.0628272
1448 0.0628026
1449 0.0627997
1450 0.0627954
1451 0.062782
1452 0.0627615
1453 0.0627204
1455 0.0627084
1456 0.0626495
1457 0.0626453
1458 0.0626357
1459 0.0625959
1460 0.0625864
1461 0.0625846
1462 0.0625447
1463 0.0624916
1464 0.062481
1466 0.0624252
1467 0.0623754
1468 0.0623594
1469 0.0623418
1470 0.0623186
1472 0.0623025
1473 0.0622917
1474 0.0622695
1475 0.0621977
1476 0.0621451
1477 0.0621054
1478 0.0620682
1479 0.0620627
1480 0.0620405
1481 0.0620086
1482 0.0619631
1483 0.0619366
1486 0.0619006
1487 0.0618637
1488 0.061809
1489 0.0617894
1490 0.0617442
1491 0.0616987
1492 0.061647
1493 0.0616129
1494 0.0615845
1495 0.0615708
1496 0.0615486
1497 0.0614992
1498 0.0614701
1499 0.0614138
1500 0.0613668
1501 0.0613242
1502 0.0613083
1504 0.0613056
1506 0.0613029
1508 0.0612934
1509 0.0612358
1510 0.0612155
1511 0.0611623
1514 0.0611399
1516 0.0611366
1518 0.0610832
1519 0.0610359
1520 0.0609923
1521 0.0609682
1522 0.060928
1523 0.0609239
1524 0.0609175
1525 0.0608601
1526 0.0608181
1527 0.0607912
1528 0.060743
1529 0.0607286
1531 0.0607064
1532 0.0606662
1533 0.0606602
1534 0.0606547
1535 0.0606042
1536 0.0605917
1537 0.0605606
1538 0.0605478
1540 0.0605468
1541 0.0604836
1542 0.0604559
1543 0.0604513
1544 0.0604508
1545 0.0604252
1546 0.0603835
1551 0.060324
1552 0.0602699
1553 0.0602531
1555 0.0602522
1556 0.0602499
1558 0.0602113
1559 0.0601699
1560 0.0601214
1561 0.0600755
1564 0.0600534
1565 0.0600138
1566 0.0599802
1567 0.05997
1568 0.0599697
1569 0.0599239
1570 0.0598886
1571 0.0598385
1572 0.0598175
1573 0.059789
1574 0.0597448
1575 0.0597249
1576 0.059701
1577 0.0596609
1578 0.0596206
1579 0.0596084
1580 0.059552
1581 0.0595417
1583 0.059515
1584 0.0594843
1587 0.0594304
1588 0.059384
1589 0.0593558
1590 0.0593117
1591 0.0592836
1592 0.0592558
1593 0.0592023
1594 0.0591675
1595 0.0591589
1597 0.0591038
1598 0.0590598
1599 0.0590311
1600 0.0590149
1603 0.0590121
1605 0.0589691
1606 0.0589101
1607 0.0588899
1610 0.0588683
1611 0.0588419
1612 0.0588038
1613 0.0587648
1614 0.0587642
1616 0.0587133
1617 0.058671
1618 0.0586369
1621 0.0586354
1623 0.0586208
1625 0.0585563
1626 0.0585205
1629 0.0584913
1630 0.0584515
1631 0.0584236
1632 0.0584206
1634 0.0583832
1635 0.0583649
1636 0.0583512
1637 0.0582852
1638 0.0582492
1639 0.0582153
1641 0.0582141
1643 0.0581921
1644 0.0581789
1646 0.0581704
1647 0.0581185
1648 0.0580848
1649 0.0580449
1650 0.0580208
1651 0.0580065
1653 0.0580011
1654 0.0579562
1655 0.0579109
1656 0.0578682
1657 0.0578596
1658 0.0577959
1659 0.0577725
1660 0.057772
1662 0.0577564
1663 0.0577529
1664 0.0577264
1665 0.0577237
1666 0.0576919
1667 0.0576399
1668 0.0576023
1669 0.057579
1671 0.0575771
1672 0.0575713
1673 0.0575631
1675 0.057538
1676 0.0574917
1677 0.0574717
1680 0.0574208
1681 0.0574034
1682 0.0574029
1683 0.0574008
1684 0.0573946
1685 0.0573496
1688 0.0573135
1689 0.0572736
1690 0.057268
1692 0.0572677
1694 0.0572447
1695 0.0572214
1697 0.0571946
1698 0.0571355
1699 0.0570996
1700 0.0570851
1701 0.0570632
1702 0.0570493
1703 0.0570244
1705 0.0570116
1707 0.0569597
1708 0.0569285
1709 0.0568802
1710 0.0568423
1711 0.0568157
1712 0.0567991
1715 0.0567506
1716 0.0567211
1717 0.0567106
1718 0.0567061
1719 0.0566665
1720 0.0566411
1723 0.0565938
1724 0.0565812
1725 0.0565801
1726 0.0565461
1729 0.0564977
1732 0.056451
1733 0.0564397
1735 0.0564246
1736 0.0563836
1737 0.0563318
1738 0.0562884
1739 0.0562531
1740 0.0562118
1741 0.0561671
1742 0.0561275
1743 0.0560849
1744 0.0560471
1745 0.0560137
1746 0.055979
1747 0.0559378
1748 0.0559037
1749 0.0558632
1750 0.0558431
1751 0.0558135
1752 0.0557899
1755 0.0557811
1756 0.0557279
1757 0.0557199
1758 0.0557194
1759 0.0556964
1760 0.0556885
1762 0.0556526
1763 0.0556412
1764 0.055634
1765 0.0555799
1766 0.0555339
1767 0.05551
1768 0.055483
1773 0.0554535
1774 0.0554109
1775 0.0553971
1778 0.0553697
1779 0.0553514
1780 0.0553063
1781 0.0552793
1782 0.0552559
1783 0.0552418
1784 0.0552187
1787 0.05518
1788 0.0551669
1789 0.0551642
1790 0.0551181
1792 0.0551048
1793 0.0550574
1794 0.0550212
1795 0.0550099
1796 0.0549688
1797 0.0549295
1798 0.054898
1799 0.0548486
1800 0.0548016
1801 0.0547548
1802 0.0547093
1803 0.0546682
1804 0.0546245
1805 0.0545886
1806 0.0545564
1807 0.0545486
1808 0.0545407
1809 0.054497
1810 0.0544565
1811 0.0544148
1812 0.0543653
1813 0.0543266
1814 0.0542929
1815 0.0542496
1816 0.0542415
1818 0.0542359
1819 0.0542334
1820 0.0541833
1821 0.0541333
1822 0.0540977
1823 0.0540714
1824 0.0540457
1825 0.0540237
1826 0.0539867
1827 0.0539487
1828 0.053927
1831 0.0538734
1832 0.0538662
1833 0.0538648
1835 0.053863
1836 0.0538292
1837 0.0537858
1839 0.0537799
1840 0.0537439
1841 0.0537271
1842 0.0536792
1844 0.0536778
1845 0.0536759
1847 0.0536316
1848 0.0536078
1849 0.0535598
1850 0.053523
1851 0.053479
1852 0.0534354
1853 0.0533918
1854 0.053357
1855 0.053333
1856 0.0533134
1857 0.053307
1859 0.0532609
1860 0.0532321
1861 0.0531919
1862 0.0531749
1864 0.0531733
1865 0.0531585
1866 0.0531099
1867 0.0530819
1868 0.0530546
1869 0.0530386
1870 0.0530128
1873 0.052965
1874 0.0529386
1875 0.0528968
1876 0.0528878
1877 0.0528847
1878 0.0528706
1881 0.0528306
1882 0.0527863
1883 0.052754
1884 0.0527126
1885 0.0526841
1886 0.0526494
1887 0.0526206
1888 0.0525929
1889 0.052567
1890 0.0525412
1891 0.0525176
1892 0.0525006
1893 0.0524855
1894 0.0524652
1895 0.0524611
1897 0.0524338
1898 0.0524315
1900 0.0523653
1901 0.0523163
1902 0.0522894
1903 0.0522774
1905 0.0522406
1907 0.0521969
1908 0.0521529
1909 0.0521134
1910 0.0520763
1911 0.0520578
1912 0.0520506
1914 0.0520025
1915 0.0519963
1917 0.0519511
1918 0.0519297
1919 0.0519043
1920 0.0519004
1922 0.0518985
1924 0.0518398
1925 0.0518135
1926 0.051764
1927 0.0517525
1928 0.0517464
1930 0.0517421
1931 0.0517315
1932 0.0517207
1933 0.0516732
1934 0.051639
1935 0.0515941
1936 0.0515542
1937 0.0515261
1938 0.0515137
1939 0.0514733
1940 0.0514563
1942 0.0514556
1943 0.0514246
1944 0.0513931
1946 0.051388
1947 0.0513696
1948 0.0513339
1950 0.0513325
1951 0.05131
1953 0.051289
1955 0.0512846
1956 0.0512451
1957 0.0512214
1960 0.0511754
1961 0.0511533
1962 0.0511474
1963 0.0511473
1964 0.0511337
1965 0.0511257
1968 0.051091
1969 0.0510439
1970 0.0510431
1971 0.0510386
1972 0.0510034
1973 0.050986
1974 0.0509355
1977 0.0509267
1979 0.0508809
1980 0.0508579
1981 0.0508254
1982 0.0508186
1988 0.0507659
1989 0.0507582
1991 0.050757
1992 0.050737
1993 0.0506912
1994 0.050669
1995 0.0506671
1996 0.0506603
1997 0.050618
1998 0.0505758
1999 0.0505309
2000 0.0504898
2001 0.0504426
2002 0.0503985
2003 0.0503531
2004 0.0503092
2005 0.0502678
2006 0.0502233
2007 0.0501905
2008 0.0501637
2009 0.0501348
2010 0.0501002
2011 0.0500819
2012 0.0500564
2013 0.05001
2014 0.0499656
2015 0.0499312
2016 0.0498956
2017 0.0498572
2018 0.0498395
2019 0.049835
2021 0.0497924
2022 0.0497641
2023 0.0497224
2024 0.0497072
2026 0.0496944
2027 0.0496638
2028 0.0496517
2029 0.0496482
2030 0.0496219
2031 0.0496171
2033 0.0496085
2035 0.0495772
2036 0.0495267
2037 0.0495016
2038 0.0494941
2040 0.0494916
2044 0.0494495
2045 0.0494104
2046 0.0494037
2048 0.0493821
2049 0.049369
2050 0.0493583
2051 0.0493368
2052 0.0493076
2054 0.0492671
2055 0.0492424
2056 0.049214
2057 0.0491904
2058 0.0491903
2062 0.0491476
2063 0.0491098
2066 0.0490963
2067 0.0490576
2068 0.0490288
2069 0.049009
2070 0.0489818
2071 0.0489803
2073 0.0489306
2074 0.0488853
2075 0.0488425
2076 0.0488195
2077 0.0488055
2078 0.0487643
2079 0.0487426
2080 0.048729
2082 0.0486952
2083 0.0486723
2084 0.0486395
2086 0.0486391
2087 0.0485933
2088 0.0485525
2089 0.0485253
2090 0.0484957
2091 0.0484857
2093 0.0484747
2096 0.0484592
2097 0.0484187
2102 0.0484022
2105 0.0483943
2106 0.0483781
2107 0.048367
2108 0.0483597
2109 0.0483476
2110 0.0483319
2111 0.0483164
2112 0.0482999
2113 0.0482886
2114 0.0482818
2115 0.0482704
2116 0.0482568
2117 0.0482488
2120 0.0482292
2121 0.0482121
2122 0.0481962
2123 0.0481809
2124 0.0481732
2125 0.0481713
2126 0.0481685
2127 0.0481587
2128 0.048143
2129 0.0481261
2130 0.0481087
2131 0.0480921
2132 0.0480791
2133 0.0480643
2134 0.0480499
2135 0.0480331
2136 0.0480205
2137 0.0480019
2138 0.047984
2139 0.0479664
2140 0.0479491
2141 0.047935
2142 0.0479197
2143 0.0479035
2144 0.047889
2145 0.0478861
2147 0.0478672
2148 0.0478496
2149 0.0478326
2150 0.0478169
2151 0.0478064
2152 0.0477934
2153 0.0477798
2155 0.0477773
2156 0.0477604
2157 0.0477474
2158 0.0477338
2159 0.0477211
2160 0.0477106
2161 0.0477
2162 0.0476864
2163 0.0476771
2164 0.0476719
2165 0.0476494
2166 0.0476311
2167 0.0476161
2168 0.0476072
2169 0.0475996
2171 0.0475965
2172 0.0475891
2174 0.0475859
2175 0.0475683
2176 0.0475518
2177 0.0475351
2178 0.0475189
2179 0.0475056
2180 0.0474932
2181 0.0474811
2182 0.0474768
2183 0.047464
2184 0.0474525
2185 0.0474429
2186 0.0474255
2187 0.0474092
2188 0.0473998
2189 0.0473837
2190 0.0473709
2191 0.0473568
2192 0.0473428
2193 0.0473289
2194 0.0473168
2195 0.0473016
2196 0.0472866
2197 0.0472724
2198 0.0472709
2200 0.0472555
2201 0.0472457
2202 0.0472283
2203 0.047212
2204 0.0471994
2205 0.0471847
2206 0.0471734
2207 0.0471606
2208 0.0471442
2209 0.0471278
2210 0.0471163
2211 0.0471099
2212 0.0470919
2213 0.0470744
2214 0.0470574
2215 0.0470416
2216 0.0470254
2217 0.0470146
2218 0.0470012
2219 0.0469871
2220 0.0469839
2221 0.0469712
2222 0.0469531
2223 0.0469351
2224 0.0469207
2225 0.0469058
2226 0.0468939
2227 0.0468895
2228 0.0468856
2229 0.0468797
2230 0.0468701
2231 0.0468529
2232 0.0468353
2233 0.0468181
2234 0.0468032
2235 0.0467877
2236 0.0467719
2237 0.0467553
2238 0.0467452
2239 0.0467332
2240 0.046715
2241 0.0467006
2242 0.0466833
2243 0.0466671
2244 0.0466518
2245 0.0466348
2246 0.0466183
2247 0.0466035
2248 0.0465882
2249 0.0465714
2250 0.0465547
2251 0.0465382
2252 0.0465218
2253 0.0465058
2254 0.0464903
2255 0.0464729
2256 0.046457
2257 0.0464401
2258 0.0464231
2259 0.0464065
2260 0.04639
2261 0.0463743
2262 0.0463578
2263 0.0463413
2264 0.0463248
2265 0.0463117
2266 0.0462948
2267 0.0462796
2268 0.0462627
2269 0.046246
2270 0.0462295
2271 0.0462128
2272 0.0461961
2273 0.0461794
2274 0.0461628
2275 0.0461461
2276 0.0461293
2277 0.0461127
2278 0.0460958
2279 0.0460791
2280 0.0460624
2281 0.0460458
2282 0.046029
2283 0.0460124
2284 0.0459961
2285 0.0459794
2286 0.0459624
2287 0.0459454
2288 0.0459284
2289 0.0459114
2290 0.0458945
2291 0.0458777
2292 0.0458626
2293 0.0458474
2294 0.0458318
2295 0.0458157
2296 0.0457995
2297 0.0457865
2298 0.0457783
2299 0.0457708
2300 0.0457525
2301 0.0457336
2302 0.0457163
2303 0.0457024
2304 0.0456881
2305 0.0456713
2306 0.0456551
2307 0.0456386
2308 0.0456233
2309 0.0456074
2310 0.0455936
2311 0.0455835
2312 0.0455746
2313 0.0455736
2314 0.0455713
2315 0.0455629
2316 0.0455459
2317 0.0455301
2318 0.0455145
2319 0.0455024
2320 0.0454874
2321 0.0454743
2322 0.0454632
2323 0.0454538
2324 0.0454431
2326 0.0454415
2327 0.0454277
2328 0.0454221
2329 0.0454186
2330 0.0454042
2331 0.0453904
2332 0.0453828
2335 0.0453694
2336 0.0453542
2337 0.0453513
2338 0.0453508
2339 0.0453386
2340 0.0453247
2341 0.0453163
2343 0.0453111
2344 0.0452941
2345 0.045279
2346 0.045265
2347 0.04525
2348 0.045235
2349 0.0452196
2350 0.0452056
2351 0.0451889
2352 0.0451736
2353 0.0451574
2354 0.0451417
2355 0.0451256
2356 0.0451103
2357 0.0450956
2358 0.04508
2359 0.0450662
2360 0.0450495
2361 0.0450365
2362 0.0450253
2363 0.0450143
2364 0.0449985
2365 0.0449845
2366 0.0449809
2367 0.0449692
2368 0.0449612
2369 0.0449422
2370 0.0449271
2371 0.0449158
2372 0.0449081
2373 0.044893
2374 0.0448843
2375 0.0448786
2378 0.0448625
2379 0.0448474
2380 0.0448357
2381 0.0448301
2382 0.0448157
2383 0.0448042
2384 0.0447953
2385 0.0447884
2386 0.0447753
2387 0.044763
2388 0.0447471
2389 0.044733
2390 0.044719
2391 0.0447055
2392 0.044697
2393 0.0446873
2394 0.0446819
2395 0.0446649
2396 0.0446498
2397 0.0446334
2398 0.0446182
2399 0.0446027
2400 0.0445889
2401 0.0445761
2402 0.0445682
2403 0.0445605
2404 0.0445459
2405 0.0445292
2406 0.0445124
2407 0.0444965
2408 0.0444815
2409 0.0444663
2410 0.0444506
2411 0.0444364
2412 0.0444233
2413 0.0444166
2416 0.0444018
2417 0.0443846
2418 0.0443689
2419 0.044354
2420 0.0443393
2421 0.0443264
2422 0.044313
2423 0.0443039
2424 0.0442962
2425 0.0442867
2426 0.0442803
2428 0.0442771
2429 0.0442581
2430 0.0442469
2431 0.044235
2432 0.0442311
2433 0.0442287
2435 0.0442144
2436 0.0442026
2439 0.0441857
2440 0.0441713
2441 0.0441568
2442 0.0441452
2443 0.0441335
2444 0.0441298
2446 0.0441191
2447 0.0441078
2448 0.0440907
2449 0.0440758
2450 0.044062
2451 0.044054
2452 0.0440448
2453 0.0440323
2456 0.0440217
2457 0.0440051
2458 0.0439899
2459 0.0439756
2460 0.0439617
2461 0.0439506
2462 0.0439455
2463 0.0439366
2464 0.0439197
2465 0.0439086
2466 0.0438933
2467 0.0438804
2468 0.0438662
2469 0.0438557
2470 0.0438475
2473 0.0438309
2474 0.0438238
2475 0.0438101
2476 0.0437982
2477 0.0437841
2478 0.0437739
2479 0.0437648
2480 0.04375
2481 0.0437396
2482 0.0437235
2483 0.0437077
2484 0.0436923
2485 0.0436759
2486 0.0436595
2487 0.0436433
2488 0.0436271
2489 0.043611
2490 0.0435962
2491 0.0435821
2492 0.0435681
2493 0.0435547
2494 0.0435389
2495 0.0435228
2496 0.0435069
2497 0.0434911
2498 0.0434757
2499 0.0434611
2500 0.0434447
2501 0.0434283
2502 0.043412
2503 0.0433957
2504 0.0433797
2505 0.0433643
2506 0.043349
2507 0.0433327
2508 0.0433165
2509 0.0433005
2510 0.0432848
2511 0.0432687
2512 0.0432533
2513 0.0432371
2514 0.0432211
2515 0.043216
2516 0.0432086
2517 0.0432019
2518 0.0431949
2519 0.0431851
2520 0.0431668
2521 0.0431504
2522 0.0431407
2523 0.0431375
2524 0.0431214
2525 0.0431065
2526 0.043092
2527 0.0430761
2528 0.0430605
2529 0.043046
2530 0.0430312
2531 0.0430163
2532 0.0430044
2533 0.0430027
2534 0.0429979
2535 0.0429888
2536 0.0429824
2538 0.0429646
2539 0.042949
2540 0.0429393
2541 0.0429377
2542 0.0429348
2543 0.0429283
2544 0.0429133
2545 0.0429033
2546 0.0428956
2548 0.042892
2549 0.0428758
2550 0.0428598
2551 0.0428479
2552 0.0428361
2553 0.042828
2554 0.0428126
2555 0.0428025
2556 0.0427877
2557 0.0427745
2558 0.0427605
2559 0.0427477
2560 0.0427339
2561 0.042721
2562 0.0427099
2563 0.0426974
2565 0.0426971
2566 0.0426814
2567 0.042668
2568 0.0426559
2569 0.0426454
2570 0.0426409
2571 0.0426348
2572 0.0426208
2573 0.0426088
2574 0.0426022
2575 0.0425863
2576 0.0425721
2577 0.0425601
2578 0.0425554
2581 0.0425407
2582 0.0425301
2583 0.0425277
2584 0.0425246
2585 0.0425118
2586 0.0425036
2587 0.0424889
2589 0.0424877
2590 0.0424727
2591 0.0424611
2592 0.0424504
2593 0.0424476
2594 0.042447
2595 0.0424377
2596 0.0424265
2597 0.0424205
2599 0.0424134
2600 0.0423971
2601 0.0423842
2602 0.0423814
2604 0.0423755
2605 0.0423675
2608 0.0423504
2609 0.0423345
2610 0.0423206
2611 0.0423078
2612 0.0422958
2613 0.0422861
2614 0.0422834
2616 0.0422757
2617 0.0422595
2618 0.0422434
2619 0.0422294
2620 0.0422177
2621 0.0422072
2622 0.0421986
2623 0.0421837
2624 0.0421804
2627 0.0421631
2628 0.0421484
2629 0.0421334
2630 0.0421251
2631 0.042113
2632 0.042108
2633 0.0421015
2634 0.0420944
2635 0.0420846
2636 0.0420678
2637 0.0420527
2638 0.0420379
2639 0.0420257
2640 0.0420123
2641 0.0420059
2642 0.0419982
2643 0.0419939
2644 0.0419915
2645 0.041988
2646 0.0419707
2647 0.0419545
2648 0.041939
2649 0.0419235
2650 0.0419095
2651 0.0418956
2652 0.0418824
2653 0.0418731
2654 0.0418622
2657 0.0418468
2658 0.0418371
2659 0.0418311
2660 0.0418234
2661 0.0418189
2662 0.0418147
2663 0.0418093
2665 0.0418015
2666 0.0417837
2667 0.0417731
2668 0.0417672
2669 0.0417616
2672 0.0417474
2674 0.0417451
2675 0.0417309
2676 0.0417196
2677 0.0417129
2678 0.0416974
2679 0.0416877
2680 0.041676
2681 0.041661
2682 0.0416464
2683 0.0416322
2684 0.0416182
2685 0.0416061
2686 0.0415958
2687 0.0415865
2688 0.0415725
2689 0.0415631
2690 0.0415492
2691 0.041533
2692 0.0415172
2693 0.0415025
2694 0.0414889
2695 0.0414754
2696 0.0414601
2697 0.0414463
2698 0.0414321
2699 0.041417
2700 0.041402
2701 0.041389
2702 0.0413778
2703 0.0413711
2704 0.0413649
2705 0.0413648
2706 0.0413635
2707 0.0413461
2708 0.0413295
2709 0.0413143
2710 0.0413018
2711 0.0412916
2712 0.0412796
2713 0.041275
2714 0.0412712
2717 0.0412542
2718 0.0412401
2719 0.0412252
2720 0.0412131
2721 0.0412076
2722 0.0411958
2723 0.0411837
2724 0.0411693
2725 0.041159
2726 0.0411462
2727 0.0411364
2728 0.041121
2729 0.0411066
2730 0.0410934
2731 0.041081
2732 0.0410681
2733 0.0410572
2734 0.0410467
2735 0.0410361
2736 0.0410339
2738 0.0410166
2739 0.0410002
2740 0.0409847
2741 0.0409708
2742 0.0409585
2743 0.0409433
2744 0.0409289
2745 0.0409163
2746 0.0409058
2747 0.0409028
2749 0.0408973
2750 0.0408806
2751 0.0408646
2752 0.0408489
2753 0.0408337
2754 0.0408197
2755 0.0408057
2756 0.0407938
2757 0.0407785
2758 0.0407633
2759 0.040748
2760 0.0407329
2761 0.0407178
2762 0.0407027
2763 0.0406878
2764 0.0406728
2765 0.0406578
2766 0.040643
2767 0.0406282
2768 0.0406133
2769 0.0405987
2770 0.040584
2771 0.0405694
2772 0.0405552
2773 0.0405406
2774 0.0405267
2775 0.0405124
2776 0.0404984
2777 0.0404849
2778 0.0404711
2779 0.0404597
2780 0.0404537
2781 0.0404417
2782 0.0404353
2784 0.0404352
2785 0.0404192
2786 0.0404041
2787 0.040391
2788 0.0403794
2789 0.0403696
2790 0.040358
2791 0.0403533
2792 0.0403421
2793 0.0403355
2794 0.0403197
2795 0.0403049
2796 0.0402914
2797 0.0402777
2798 0.040268
2799 0.04026
2801 0.0402593
2802 0.0402519
2803 0.0402381
2804 0.0402291
2805 0.0402227
2806 0.0402147
2807 0.0402134
2809 0.0401967
2810 0.040182
2811 0.0401772
2812 0.0401654
2813 0.0401624
2816 0.0401583
2817 0.0401441
2818 0.040133
2819 0.0401199
2820 0.0401098
2821 0.0400978
2822 0.0400879
2823 0.0400797
2824 0.0400734
2825 0.0400666
2827 0.0400661
2828 0.0400504
2829 0.0400371
2830 0.0400254
2831 0.0400171
2832 0.0400137
2833 0.0400118
2837 0.0400108
2838 0.0399955
2839 0.0399839
2840 0.0399742
2841 0.0399601
2842 0.0399544
2843 0.0399452
2844 0.0399395
2846 0.039938
2847 0.0399231
2848 0.0399085
2849 0.039894
2850 0.0398808
2851 0.0398688
2852 0.0398552
2853 0.0398426
2854 0.0398335
2855 0.0398212
2856 0.0398143
2857 0.039802
2858 0.0397889
2859 0.039776
2860 0.0397615
2861 0.0397481
2862 0.0397337
2863 0.0397197
2864 0.0397133
2865 0.0397044
2866 0.0396973
2867 0.0396885
2868 0.0396795
2869 0.0396696
2870 0.0396546
2871 0.0396416
2872 0.0396334
2873 0.0396282
2874 0.0396191
2875 0.0396143
2877 0.0396094
2879 0.039606
2880 0.0395907
2881 0.0395813
2882 0.0395763
2883 0.0395637
2884 0.0395569
2885 0.0395461
2886 0.039537
2887 0.0395354
2888 0.039533
2889 0.0395174
2890 0.0395026
2891 0.0394881
2892 0.0394737
2893 0.0394602
2894 0.0394471
2895 0.0394344
2896 0.0394284
2897 0.0394141
2898 0.0394007
2899 0.039389
2900 0.0393773
2901 0.0393648
2902 0.0393522
2903 0.0393381
2904 0.0393246
2905 0.0393108
2906 0.0392981
2907 0.0392856
2908 0.0392753
2909 0.0392649
2910 0.0392528
2911 0.0392416
2912 0.0392268
2913 0.0392138
2914 0.0392
2915 0.0391872
2916 0.0391772
2917 0.0391689
2918 0.0391573
2919 0.0391468
2920 0.0391362
2921 0.0391304
2922 0.039122
2923 0.0391166
2924 0.03911
2927 0.0390946
2928 0.0390835
2929 0.039074
2930 0.0390738
2931 0.0390736
2933 0.0390703
2934 0.0390576
2935 0.0390466
2936 0.0390358
2937 0.0390255
2938 0.0390166
2939 0.0390098
2940 0.0389959
2941 0.0389869
2942 0.0389797
2943 0.0389762
2944 0.0389759
2945 0.038963
2946 0.0389543
2949 0.0389392
2950 0.0389324
2951 0.0389301
2952 0.03893
2953 0.0389277
2954 0.0389274
2955 0.0389178
2957 0.0389121
2958 0.0388976
2959 0.0388915
2960 0.0388823
2961 0.038879
2962 0.0388763
2964 0.0388678
2965 0.0388532
2966 0.0388406
2967 0.0388279
2968 0.0388184
2969 0.038813
2973 0.0388093
2974 0.0387958
2975 0.0387865
2976 0.0387796
2977 0.0387738
2978 0.0387735
2980 0.0387563
2981 0.0387529
2982 0.0387508
2983 0.0387363
2984 0.0387246
2985 0.0387184
2986 0.0387138
2989 0.0387088
2990 0.0386948
2991 0.0386846
2992 0.0386748
2993 0.0386685
2994 0.0386677
2995 0.0386603
2996 0.0386473
2997 0.0386382
2998 0.0386353
2999 0.0386344
3000 0.0386213
3001 0.0386149
3003 0.0386116
3004 0.0385974
3005 0.0385865
3006 0.0385787
3007 0.0385711
3008 0.0385639
3009 0.0385559
3012 0.0385426
3013 0.0385295
3014 0.0385233
3015 0.03852
3016 0.0385198
3019 0.0385092
3020 0.0384983
3021 0.0384863
3022 0.038475
3023 0.0384626
3024 0.038451
3026 0.0384506
3027 0.0384416
3028 0.038429
3029 0.0384172
3030 0.0384074
3031 0.0384
3032 0.0383891
3033 0.0383814
3036 0.0383781
3038 0.0383636
3039 0.0383551
3040 0.0383506
3041 0.0383464
3044 0.0383323
3045 0.0383247
3046 0.0383243
3047 0.0383236
3048 0.0383101
3049 0.0382988
3050 0.0382938
3053 0.0382858
3054 0.0382726
3055 0.0382623
3056 0.038255
3057 0.0382486
3058 0.0382438
3059 0.0382323
3061 0.0382264
3062 0.0382161
3063 0.038203
3064 0.0381951
3065 0.038193
3066 0.0381898
3069 0.0381767
3070 0.0381649
3071 0.038157
3072 0.0381459
3073 0.0381419
3074 0.0381293
3077 0.038116
3078 0.038104
3079 0.0380968
3080 0.0380932
3081 0.0380888
3082 0.0380812
3083 0.0380682
3084 0.038064
3085 0.0380539
3086 0.0380416
3087 0.0380309
3088 0.0380201
3089 0.0380167
3090 0.0380151
3091 0.0380084
3092 0.0379936
3093 0.0379864
3094 0.0379833
3095 0.0379819
3096 0.0379703
3097 0.0379673
3099 0.037966
3100 0.0379512
3101 0.0379379
3102 0.0379254
3103 0.0379166
3104 0.0379084
3105 0.0379037
3106 0.0378995
3108 0.0378899
3109 0.0378743
3110 0.0378611
3111 0.0378511
3112 0.0378474
3113 0.0378412
3114 0.0378401
3116 0.0378282
3118 0.0378256
3119 0.0378112
3120 0.0378034
3121 0.0377964
3122 0.0377958
3123 0.0377948
3124 0.0377893
3125 0.0377776
3126 0.0377692
3127 0.0377647
3128 0.0377482
3129 0.0377362
3130 0.0377249
3131 0.037713
3132 0.0377033
3133 0.0377013
3134 0.0376997
3135 0.0376898
3136 0.0376886
3138 0.0376736
3139 0.037661
3140 0.0376521
3141 0.0376474
3144 0.0376429
3145 0.0376409
3146 0.0376238
3147 0.037614
3148 0.0376002
3149 0.037594
3150 0.0375919
3151 0.0375905
3152 0.0375814
3153 0.0375785
3155 0.037564
3156 0.037553
3157 0.0375397
3158 0.0375296
3159 0.0375168
3160 0.0375135
3161 0.0375019
3162 0.0375017
3164 0.0374896
3165 0.0374764
3166 0.0374663
3168 0.0374631
3169 0.0374525
3170 0.0374425
3171 0.0374379
3172 0.0374367
3173 0.0374352
3174 0.0374247
3175 0.0374166
3176 0.0374124
3177 0.0374103
3178 0.0374026
3179 0.0373878
3180 0.0373774
3181 0.0373754
3183 0.0373688
3187 0.0373621
3188 0.0373475
3189 0.0373367
3190 0.0373252
3191 0.0373204
3194 0.0373129
3195 0.0373036
3196 0.0372915
3197 0.0372791
3198 0.0372707
3199 0.03726
3200 0.0372533
3201 0.0372457
3202 0.0372453
3204 0.0372283
3205 0.037216
3206 0.0372076
3207 0.0371982
3208 0.0371908
3211 0.0371863
3212 0.0371727
3213 0.037166
3214 0.0371533
3215 0.0371434
3216 0.0371298
3217 0.0371176
3218 0.0371064
3219 0.0371041
3220 0.037104
3221 0.03709
3222 0.0370778
3223 0.0370651
3224 0.0370546
3225 0.0370411
3226 0.0370276
3227 0.0370155
3228 0.0370033
3229 0.0369917
3230 0.0369833
3231 0.0369739
3234 0.0369638
3235 0.0369497
3236 0.0369395
3237 0.0369305
3238 0.0369237
3241 0.0369151
3244 0.0369008
3245 0.0368924
3246 0.0368885
3249 0.0368773
3250 0.0368711
3251 0.036861
3252 0.0368532
3253 0.0368428
3254 0.036836
3257 0.0368226
3258 0.0368126
3259 0.0368094
3260 0.0368082
3261 0.0368039
3263 0.0367982
3264 0.0367865
3265 0.0367773
3266 0.0367673
3267 0.0367594
3268 0.036753
3269 0.0367502
3271 0.0367487
3272 0.0367406
3273 0.0367247
3274 0.0367151
3275 0.0367074
3277 0.0367069
3278 0.0367006
3279 0.0366885
3280 0.0366788
3281 0.0366753
3282 0.0366654
3283 0.036657
3284 0.0366542
3285 0.0366505
3287 0.0366429
3288 0.0366272
3289 0.0366174
3290 0.0366095
3291 0.0366032
3293 0.0365981
3294 0.0365916
3295 0.0365863
3296 0.0365779
3297 0.0365664
3298 0.0365583
3299 0.0365527
3300 0.0365483
3301 0.0365426
3302 0.0365261
3303 0.0365152
3304 0.0365057
3305 0.0364971
3306 0.0364894
3308 0.0364887
3311 0.0364743
3312 0.0364672
3313 0.0364619
3314 0.0364606
3315 0.0364539
3316 0.0364406
3317 0.0364316
3318 0.0364291
3320 0.036418
3321 0.0364044
3322 0.036391
3323 0.0363784
3324 0.0363667
3325 0.0363553
3326 0.0363476
3327 0.036334
3328 0.0363215
3329 0.0363092
3330 0.036298
3331 0.0362857
3332 0.0362743
3333 0.0362653
3334 0.0362548
3335 0.0362424
3336 0.0362302
3337 0.0362203
3338 0.0362138
3339 0.0362027
3340 0.0361979
3341 0.0361903
3342 0.0361776
3343 0.0361663
3344 0.0361556
3345 0.0361471
3346 0.0361418
3347 0.0361304
3348 0.0361236
3349 0.0361225
3351 0.036106
3352 0.0360927
3353 0.0360814
3354 0.0360727
3355 0.0360692
3356 0.0360664
3357 0.0360586
3358 0.0360475
3359 0.0360472
3360 0.0360445
3361 0.0360299
3362 0.0360164
3363 0.0360032
3364 0.0359898
3365 0.035977
3366 0.0359649
3367 0.0359533
3368 0.0359407
3369 0.0359287
3370 0.0359169
3371 0.0359055
3372 0.0358942
3373 0.0358842
3374 0.0358733
3375 0.0358645
3376 0.0358606
3377 0.0358603
3378 0.0358536
3379 0.035839
3380 0.0358258
3381 0.035814
3382 0.0358022
3383 0.0357922
3384 0.0357801
3385 0.0357722
3386 0.0357642
3387 0.0357546
3388 0.0357524
3390 0.0357389
3391 0.0357268
3392 0.0357145
3393 0.0357028
3394 0.035693
3395 0.0356867
3396 0.0356778
3398 0.0356757
3399 0.0356621
3400 0.0356517
3401 0.0356407
3402 0.0356311
3403 0.0356227
3404 0.0356177
3405 0.0356155
3406 0.0356066
3407 0.0356007
3408 0.0355857
3409 0.035575
3410 0.0355659
3411 0.035565
3413 0.0355596
3414 0.0355474
3417 0.0355334
3418 0.0355248
3419 0.035521
3420 0.0355132
3421 0.0355071
3424 0.0354937
3425 0.0354857
3426 0.0354753
3427 0.0354723
3430 0.0354577
3431 0.0354513
3432 0.0354453
3433 0.0354375
3434 0.0354368
3436 0.0354259
3437 0.0354189
3438 0.035412
3441 0.035398
3442 0.0353925
3443 0.0353818
3444 0.0353766
3447 0.0353638
3448 0.0353615
3450 0.0353484
3451 0.035337
3452 0.0353311
3453 0.0353216
3454 0.035313
3455 0.0353098
3456 0.0353044
3458 0.0353025
3459 0.0352882
3460 0.0352762
3461 0.0352636
3462 0.0352524
3463 0.0352412
3464 0.0352328
3465 0.0352314
3467 0.0352269
3468 0.0352223
3469 0.0352076
3470 0.0351966
3471 0.0351885
3472 0.0351871
3474 0.0351748
3475 0.035166
3476 0.035155
3477 0.0351452
3478 0.0351365
3479 0.0351275
3480 0.0351273
3481 0.035122
3482 0.0351123
3483 0.0350996
3484 0.0350924
3485 0.0350832
3486 0.0350779
3487 0.0350716
3488 0.0350706
3489 0.035064
3490 0.0350497
3491 0.0350399
3492 0.0350301
3493 0.0350273
3494 0.0350263
3496 0.0350218
3497 0.0350184
3498 0.0350165
3499 0.0350054
3500 0.034998
3501 0.0349925
3502 0.0349857
3504 0.0349798
3505 0.0349718
3506 0.0349632
3507 0.0349591
3508 0.0349522
3511 0.0349486
3512 0.0349389
3513 0.0349277
3514 0.0349191
3515 0.0349139
3518 0.0349019
3519 0.0348963
3520 0.0348914
3522 0.0348906
3523 0.0348792
3524 0.0348756
3525 0.034862
3526 0.0348536
3527 0.0348416
3528 0.0348358
3529 0.0348302
3530 0.0348253
3531 0.034825
3532 0.0348166
3533 0.0348038
3534 0.034795
3535 0.0347831
3536 0.0347784
3537 0.0347677
3538 0.0347647
3542 0.0347515
3543 0.0347418
3544 0.0347404
3545 0.03474
3546 0.0347292
3547 0.0347166
3548 0.034707
3549 0.0347028
3550 0.0346935
3551 0.0346804
3552 0.0346691
3553 0.0346591
3554 0.0346487
3555 0.0346393
3556 0.0346267
3557 0.0346164
3558 0.0346069
3559 0.0345937
3560 0.034582
3561 0.0345713
3562 0.0345641
3563 0.0345618
3564 0.0345576
3565 0.034543
3566 0.0345351
3567 0.0345286
3568 0.0345162
3569 0.0345089
3570 0.0345032
3574 0.034502
3575 0.0344888
3576 0.0344835
3577 0.0344769
3578 0.034475
3579 0.0344713
3580 0.0344643
3581 0.0344519
3582 0.0344416
3583 0.0344336
3584 0.0344244
3585 0.0344149
3588 0.034413
3590 0.0343985
3591 0.0343894
3592 0.0343857
3593 0.0343848
3595 0.0343718
3596 0.0343651
3597 0.0343585
3599 0.0343466
3600 0.0343404
3602 0.0343362
3603 0.0343248
3604 0.0343144
3605 0.0343065
3606 0.0342989
3607 0.0342916
3608 0.0342851
3609 0.0342784
3610 0.0342715
3611 0.0342586
3612 0.0342485
3613 0.0342426
3614 0.0342384
3615 0.0342343
3616 0.0342325
3617 0.0342296
3619 0.034229
3620 0.0342138
3621 0.0342072
3623 0.0342068
3624 0.0342048
3625 0.0342024
3626 0.0341895
3627 0.0341856
3629 0.0341734
3630 0.0341629
3631 0.0341556
3632 0.0341438
3633 0.034134
3634 0.0341247
3635 0.0341191
3636 0.0341144
3637 0.0341049
3638 0.0340945
3639 0.0340861
3640 0.0340849
3641 0.0340807
3642 0.0340666
3643 0.034059
3644 0.0340515
3645 0.0340475
3646 0.0340382
3647 0.0340318
3648 0.0340288
3649 0.034019
3651 0.0340172
3652 0.0340054
3653 0.0339959
3654 0.0339924
3655 0.0339916
3656 0.0339875
3657 0.0339781
3658 0.0339706
3659 0.0339578
3660 0.0339532
3661 0.033942
3662 0.0339327
3663 0.0339251
3664 0.0339134
3665 0.0339105
3667 0.0339041
3668 0.0338912
3669 0.0338836
3670 0.0338782
3671 0.0338729
3673 0.0338727
3674 0.0338587
3675 0.0338484
3676 0.033846
3677 0.0338452
3678 0.0338383
3680 0.0338339
3681 0.0338235
3682 0.0338155
3683 0.0338049
3684 0.0337975
3685 0.0337844
3686 0.0337826
3688 0.0337716
3689 0.0337586
3690 0.033748
3691 0.0337432
3692 0.0337382
3694 0.0337343
3695 0.0337223
3696 0.033722
3698 0.0337122
3699 0.0337084
3701 0.0337029
3702 0.0336909
3703 0.0336828
3704 0.033673
3705 0.0336698
3706 0.0336686
3707 0.0336659
3708 0.0336582
3709 0.0336502
3710 0.0336376
3711 0.0336257
3712 0.033616
3713 0.0336035
3714 0.0335937
3715 0.0335854
3716 0.0335811
3717 0.0335752
3718 0.0335693
3719 0.0335691
3720 0.0335568
3721 0.0335446
3722 0.0335327
3723 0.0335227
3724 0.0335122
3725 0.0335037
3726 0.0335015
3728 0.0334885
3729 0.0334757
3730 0.0334632
3731 0.0334521
3732 0.0334404
3733 0.0334282
3734 0.0334163
3735 0.0334043
3736 0.0333925
3737 0.0333826
3738 0.0333706
3739 0.0333621
3740 0.0333589
3741 0.0333517
3742 0.0333398
3743 0.0333273
3744 0.0333147
3745 0.0333028
3746 0.0332905
3747 0.0332783
3748 0.033267
3749 0.0332562
3750 0.0332462
3751 0.0332366
3752 0.0332239
3753 0.0332115
3754 0.0331995
3755 0.0331922
3756 0.0331865
3757 0.0331768
3758 0.0331635
3759 0.0331527
3760 0.0331449
3761 0.0331419
3763 0.0331325
3764 0.0331255
3767 0.0331127
3768 0.0331061
3769 0.0331019
3770 0.0331003
3772 0.0330949
3773 0.0330925
3774 0.0330783
3775 0.0330677
3776 0.0330559
3777 0.0330447
3778 0.0330342
3781 0.0330311
3782 0.0330308
3783 0.0330207
3784 0.0330147
3785 0.0330121
3786 0.0330093
3787 0.0330036
3790 0.0329923
3791 0.0329858
3792 0.0329734
3793 0.0329647
3794 0.0329574
3799 0.0329479
3800 0.0329419
3801 0.0329326
3802 0.0329302
3803 0.0329206
3804 0.0329195
3806 0.0329044
3807 0.0328985
3808 0.0328874
3809 0.0328816
3810 0.0328784
3811 0.0328721
3813 0.0328676
3814 0.0328578
3815 0.032847
3816 0.0328425
3817 0.032835
3818 0.0328314
3821 0.032818
3822 0.0328092
3823 0.0328047
3824 0.0328014
3827 0.0327906
3828 0.0327844
3830 0.0327843
3831 0.0327711
3832 0.0327601
3833 0.0327515
3834 0.0327418
3835 0.0327396
3837 0.0327285
3838 0.0327221
3839 0.0327164
3840 0.0327033
3841 0.0326918
3842 0.0326875
3843 0.0326766
3844 0.0326676
3845 0.0326578
3846 0.0326497
3847 0.0326412
3848 0.0326376
3850 0.0326266
3851 0.0326243
3852 0.0326093
3853 0.032599
3854 0.0325903
3855 0.0325865
3856 0.0325849
3859 0.0325784
3860 0.0325678
3861 0.0325572
3862 0.0325507
3863 0.0325487
3868 0.0325342
3869 0.0325256
3870 0.0325199
3873 0.0325103
3874 0.0325052
3875 0.0324981
3877 0.0324969
3878 0.0324856
3879 0.0324844
3881 0.032474
3882 0.0324635
3883 0.0324603
3884 0.0324524
3885 0.0324442
3886 0.032444
3888 0.0324329
3889 0.0324264
3890 0.0324145
3891 0.0324062
3892 0.0323955
3893 0.0323842
3894 0.0323747
3895 0.0323703
3896 0.0323599
3897 0.0323546
3898 0.0323538
3899 0.0323497
3900 0.0323384
3901 0.0323302
3902 0.0323222
3903 0.0323202
3906 0.0323096
3907 0.032299
3908 0.0322961
3909 0.0322953
3910 0.0322891
3912 0.032285
3913 0.0322741
3914 0.0322721
3916 0.0322628
3917 0.0322516
3918 0.0322451
3919 0.0322431
3921 0.0322304
3922 0.0322189
3923 0.0322084
3924 0.0321976
3925 0.0321905
3926 0.0321886
3927 0.0321845
3928 0.032173
3929 0.0321639
3930 0.0321616
3931 0.0321577
3932 0.0321467
3933 0.0321394
3935 0.0321373
3936 0.032128
3937 0.032126
3938 0.032115
3939 0.0321061
3940 0.0321008
3941 0.0320921
3944 0.0320874
3945 0.0320849
3946 0.0320781
3947 0.0320701
3948 0.0320666
3949 0.032065
3951 0.0320531
3952 0.0320424
3953 0.0320361
3954 0.0320343
3955 0.0320341
3956 0.032032
3958 0.0320305
3959 0.0320163
3960 0.0320085
3961 0.0319996
3962 0.0319956
3963 0.0319854
3964 0.0319792
3965 0.0319667
3966 0.0319547
3967 0.0319438
3968 0.031932
3969 0.0319224
3970 0.0319107
3971 0.0318991
3972 0.0318877
3973 0.0318779
3974 0.0318709
3975 0.0318692
3977 0.0318602
3978 0.0318517
3979 0.0318413
3980 0.0318346
3981 0.0318273
3982 0.031824
3983 0.0318209
3984 0.0318178
3985 0.0318055
3986 0.0317984
3987 0.0317903
3988 0.031782
3990 0.0317798
3991 0.0317785
3993 0.0317707
3994 0.0317602
3995 0.031756
3996 0.0317503
3997 0.0317502
3998 0.0317468
3999 0.0317321
4000 0.0317258
4002 0.031725
4003 0.0317157
4004 0.0317096
4005 0.0317086
4006 0.0317053
4008 0.0317052
4009 0.0316933
4010 0.0316895
4011 0.0316853
4012 0.0316807
4013 0.0316749
4014 0.0316606
4015 0.0316517
4016 0.0316469
4017 0.0316389
4018 0.0316352
4019 0.0316303
4020 0.031619
4021 0.0316081
4022 0.0315971
4023 0.0315873
4024 0.0315775
4025 0.0315715
4026 0.0315616
4027 0.031559
4029 0.0315529
4030 0.031542
4031 0.0315326
4032 0.0315281
4033 0.0315209
4034 0.031518
4035 0.0315078
4036 0.0314988
4037 0.0314975
4039 0.031486
4040 0.0314793
4041 0.0314696
4042 0.0314668
4043 0.0314665
4044 0.0314569
4045 0.0314465
4046 0.0314346
4047 0.0314227
4048 0.0314115
4049 0.0314009
4050 0.0313939
4051 0.031388
4054 0.031382
4055 0.0313766
4056 0.031365
4057 0.031356
4058 0.0313484
4061 0.0313394
4062 0.0313365
4063 0.0313358
4064 0.0313312
4065 0.0313225
4068 0.0313158
4070 0.0313147
4071 0.0313032
4072 0.0312995
4073 0.0312963
4075 0.031287
4078 0.0312768
4079 0.031274
4080 0.031273
4081 0.0312622
4082 0.0312515
4083 0.0312436
4084 0.0312427
4086 0.031234
4087 0.0312274
4088 0.0312175
4089 0.0312071
4090 0.0312001
4091 0.0311941
4093 0.0311898
4094 0.0311858
4095 0.0311825
4096 0.0311771
4097 0.0311704
4098 0.0311611
4099 0.0311563
4101 0.0311527
4102 0.0311416
4103 0.0311386
4104 0.0311382
4105 0.0311329
4106 0.0311292
4107 0.0311237
4109 0.0311186
4110 0.0311081
4111 0.0310989
4112 0.0310893
4113 0.0310779
4114 0.0310685
4115 0.0310568
4116 0.0310507
4117 0.0310483
4118 0.0310472
4119 0.0310444
4121 0.0310323
4122 0.0310235
4124 0.0310216
4125 0.0310132
4126 0.0310083
4127 0.0310003
4129 0.0309999
4130 0.0309973
4132 0.0309848
4133 0.0309727
4134 0.030961
4135 0.03095
4136 0.030941
4137 0.0309373
4138 0.0309272
4139 0.0309173
4140 0.0309123
4141 0.0309048
4142 0.0308952
4143 0.0308846
4144 0.0308759
4145 0.0308674
4146 0.0308668
4148 0.0308582
4149 0.0308505
4150 0.0308479
4151 0.0308475
4152 0.030836
4153 0.0308359
4155 0.0308254
4156 0.0308183
4158 0.0308176
4159 0.0308109
4160 0.0308044
4161 0.0307951
4162 0.0307899
4163 0.0307829
4166 0.0307717
4167 0.0307706
4169 0.0307661
4170 0.0307625
4171 0.0307594
4173 0.0307564
4176 0.0307413
4177 0.0307304
4178 0.0307278
4179 0.0307194
4180 0.0307157
4181 0.030713
4182 0.0307035
4186 0.0307033
4187 0.0306908
4188 0.0306836
4189 0.0306731
4190 0.0306728
4192 0.0306643
4193 0.0306532
4194 0.0306458
4195 0.0306383
4196 0.0306276
4197 0.0306233
4198 0.0306104
4199 0.0306031
4200 0.0305997
4202 0.0305916
4203 0.0305906
4205 0.0305844
4206 0.0305721
4207 0.0305604
4208 0.0305492
4209 0.0305384
4210 0.0305296
4211 0.0305187
4212 0.0305078
4213 0.0304972
4214 0.030489
4215 0.0304804
4216 0.0304766
4217 0.0304647
4218 0.0304625
4219 0.0304608
4220 0.0304516
4221 0.0304468
4222 0.0304434
4224 0.0304424
4227 0.0304309
4230 0.030423
4231 0.0304126
4232 0.0304098
4233 0.0304054
4234 0.0304027
4236 0.0303931
4237 0.0303839
4238 0.0303798
4239 0.0303739
4240 0.0303689
4241 0.0303578
4242 0.0303463
4243 0.0303398
4244 0.0303389
4245 0.0303385
4246 0.0303322
4247 0.0303196
4249 0.0303194
4250 0.030312
4251 0.0303016
4253 0.030301
4256 0.030291
4257 0.0302824
4258 0.0302816
4260 0.0302715
4261 0.0302594
4262 0.0302486
4263 0.0302377
4264 0.030228
4265 0.0302185
4266 0.0302078
4267 0.0301976
4268 0.0301876
4269 0.0301785
4270 0.0301683
4271 0.0301585
4272 0.0301484
4273 0.0301413
4274 0.030132
4275 0.030127
4276 0.0301208
4277 0.0301182
4278 0.0301157
4279 0.0301034
4280 0.0300915
4281 0.0300821
4282 0.0300717
4283 0.0300636
4284 0.030052
4285 0.0300415
4286 0.0300313
4287 0.0300259
4289 0.0300253
4290 0.0300196
4291 0.0300093
4292 0.0300054
4293 0.0299981
4294 0.0299912
4295 0.0299844
4298 0.0299725
4299 0.0299666
4300 0.0299598
4301 0.0299531
4302 0.0299475
4304 0.0299438
4305 0.0299434
4307 0.0299309
4308 0.0299215
4309 0.0299163
4312 0.0299113
4313 0.0299023
4314 0.0298982
4315 0.029898
4316 0.0298927
4317 0.0298886
4320 0.029877
4321 0.0298745
4323 0.0298667
4324 0.0298589
4325 0.0298531
4326 0.0298442
4327 0.0298332
4328 0.0298248
4329 0.0298166
4330 0.0298122
4333 0.0298061
4334 0.0297998
4337 0.0297877
4338 0.0297813
4339 0.029779
4341 0.0297769
4343 0.0297655
4344 0.0297599
4345 0.0297527
4346 0.0297423
4347 0.0297344
4348 0.0297222
4349 0.0297112
4350 0.0297002
4351 0.0296902
4352 0.0296796
4353 0.0296687
4354 0.0296579
4355 0.0296493
4356 0.0296386
4357 0.0296274
4358 0.0296166
4359 0.029606
4360 0.0295954
4361 0.0295857
4362 0.0295758
4363 0.0295703
4364 0.0295627
4367 0.0295505
4368 0.0295389
4369 0.0295283
4370 0.0295189
4371 0.0295085
4372 0.0294988
4373 0.0294912
4374 0.0294805
4375 0.0294701
4376 0.0294606
4377 0.0294516
4378 0.0294439
4379 0.0294409
4381 0.0294403
4382 0.0294293
4383 0.0294194
4384 0.02941
4385 0.0294027
4386 0.0293975
4387 0.029391
4388 0.0293853
4391 0.0293727
4392 0.0293657
4393 0.029364
4394 0.0293635
4397 0.0293515
4400 0.0293419
4401 0.0293403
4402 0.0293365
4403 0.0293256
4404 0.0293184
4405 0.0293116
4406 0.0293024
4407 0.029294
4408 0.029283
4409 0.0292727
4410 0.0292625
4411 0.0292554
4412 0.0292458
4413 0.0292385
4414 0.0292351
4415 0.0292237
4416 0.0292127
4417 0.0292051
4418 0.0291995
4419 0.0291982
4421 0.0291891
4422 0.0291885
4424 0.0291778
4425 0.0291671
4426 0.0291609
4427 0.029154
4428 0.0291493
4431 0.0291383
4432 0.0291284
4433 0.0291183
4434 0.0291081
4435 0.0290981
4436 0.0290905
4437 0.0290867
4438 0.0290763
4439 0.0290689
4440 0.0290673
4441 0.0290657
4442 0.0290553
4443 0.0290443
4444 0.0290335
4445 0.0290233
4446 0.029013
4447 0.0290046
4448 0.028997
4449 0.0289882
4450 0.028986
4452 0.0289779
4453 0.0289769
4454 0.0289732
4455 0.0289615
4456 0.0289517
4457 0.0289469
4458 0.0289414
4459 0.028937
4460 0.0289314
4461 0.02893
4462 0.028926
4463 0.0289159
4464 0.0289051
4465 0.0288969
4466 0.0288905
4467 0.0288888
4468 0.0288882
4469 0.0288844
4471 0.0288832
4472 0.0288719
4473 0.0288618
4474 0.0288539
4475 0.0288478
4476 0.0288386
4477 0.0288357
4478 0.0288349
4479 0.0288323
4480 0.0288276
4481 0.0288168
4482 0.0288068
4483 0.0287978
4484 0.0287937
4485 0.0287903
4486 0.0287797
4487 0.0287699
4488 0.0287657
4489 0.0287571
4491 0.0287569
4492 0.028748
4495 0.0287406
4496 0.0287371
4499 0.0287267
4500 0.0287242
4501 0.0287214
4502 0.0287086
4503 0.0287053
4504 0.0287042
4505 0.0286987
4506 0.0286921
4507 0.0286893
4508 0.0286851
4509 0.0286732
4510 0.0286619
4511 0.028651
4512 0.0286404
4513 0.0286302
4514 0.0286201
4515 0.0286096
4516 0.0285991
4517 0.0285919
4518 0.0285846
4519 0.0285755
4520 0.0285651
4521 0.0285591
4522 0.0285566
4523 0.0285556
4524 0.0285467
4525 0.02854
4526 0.0285309
4527 0.0285223
4528 0.0285177
4531 0.0285059
4532 0.0284967
4533 0.0284897
4534 0.0284816
4535 0.0284772
4536 0.0284712
4539 0.0284675
4540 0.0284602
4541 0.0284494
4542 0.0284438
4543 0.028441
4546 0.0284363
4547 0.0284261
4549 0.028425
4550 0.0284141
4551 0.0284125
4553 0.0284046
4556 0.0283946
4557 0.0283934
4558 0.0283909
4559 0.0283823
4560 0.0283753
4561 0.0283674
4562 0.028363
4563 0.0283541
4564 0.0283482
4565 0.0283381
4566 0.0283279
4567 0.0283176
4568 0.0283094
4569 0.028302
4570 0.0282948
4571 0.0282912
4572 0.0282843
4573 0.0282747
4574 0.0282687
4575 0.0282583
4576 0.0282487
4577 0.0282396
4578 0.0282347
4579 0.0282307
4580 0.0282281
4581 0.0282265
4583 0.02822
4584 0.0282075
4585 0.0281993
4586 0.0281937
4588 0.0281935
4589 0.0281895
4590 0.0281881
4591 0.0281812
4593 0.0281779
4594 0.0281682
4595 0.0281628
4596 0.0281539
4597 0.0281503
4598 0.0281423
4599 0.0281365
4600 0.0281278
4601 0.0281273
4602 0.0281236
4603 0.028111
4604 0.0281024
4607 0.0280952
4608 0.0280926
4609 0.0280897
4610 0.028085
4611 0.028082
4612 0.0280799
4613 0.0280714
4614 0.0280682
4615 0.0280561
4616 0.0280488
4617 0.0280392
4618 0.0280333
4619 0.0280327
4621 0.0280271
4622 0.028024
4624 0.0280128
4625 0.028008
4626 0.0280062
4627 0.0280027
4628 0.0280008
4629 0.0279894
4630 0.0279834
4631 0.0279776
4632 0.027973
4633 0.0279655
4634 0.0279578
4635 0.0279506
4636 0.0279462
4637 0.0279453
4639 0.0279358
4640 0.0279262
4641 0.0279159
4642 0.027908
4643 0.0278994
4644 0.0278922
4645 0.0278877
4646 0.0278861
4647 0.0278855
4648 0.0278766
4649 0.0278725
4650 0.0278701
4651 0.0278617
4652 0.0278543
4657 0.027844
4658 0.0278409
4659 0.0278404
4660 0.027839
4662 0.0278353
4665 0.0278262
4666 0.0278207
4667 0.0278156
4668 0.0278069
4669 0.0278015
4670 0.0277974
4672 0.0277954
4673 0.027793
4675 0.0277818
4676 0.0277794
4677 0.0277769
4679 0.0277756
4680 0.0277659
4681 0.0277608
4682 0.0277595
4684 0.027757
4685 0.0277523
4686 0.0277478
4688 0.0277418
4689 0.0277311
4690 0.0277259
4691 0.0277215
4692 0.0277105
4694 0.0277098
4695 0.0277075
4697 0.0277028
4698 0.0276914
4699 0.0276897
4702 0.0276781
4703 0.02767
4704 0.0276668
4705 0.0276615
4706 0.0276591
4708 0.0276492
4709 0.0276431
4711 0.0276426
4712 0.0276318
4713 0.0276264
4714 0.0276234
4715 0.0276143
4716 0.0276043
4717 0.0275969
4718 0.0275918
4721 0.0275838
4722 0.0275788
4725 0.0275674
4726 0.0275576
4727 0.0275506
4728 0.0275437
4729 0.0275403
4730 0.0275392
4734 0.0275276
4735 0.0275192
4736 0.0275164
4737 0.0275109
4739 0.0275091
4740 0.0275043
4742 0.0275004
4743 0.0274919
4744 0.0274868
4745 0.027476
4746 0.02747
4747 0.0274628
4748 0.0274563
4749 0.0274518
4750 0.0274485
4751 0.0274427
4752 0.0274404
4754 0.0274402
4755 0.0274283
4756 0.0274248
4757 0.0274153
4758 0.0274138
4760 0.0274133
4761 0.0274093
4762 0.027399
4763 0.0273922
4764 0.0273836
4765 0.0273761
4766 0.0273694
4767 0.0273622
4768 0.0273526
4769 0.0273427
4770 0.0273335
4771 0.0273255
4772 0.0273167
4773 0.0273117
4774 0.0273045
4776 0.0273043
4777 0.0272951
4778 0.0272904
4779 0.0272897
4781 0.0272867
4784 0.0272755
4785 0.0272701
4786 0.0272626
4788 0.0272616
4789 0.0272536
4790 0.0272514
4791 0.0272492
4793 0.0272391
4794 0.0272316
4795 0.0272255
4796 0.0272254
4798 0.0272144
4799 0.0272042
4800 0.0271972
4801 0.0271926
4802 0.0271859
4803 0.0271808
4804 0.0271701
4805 0.0271641
4806 0.0271612
4807 0.0271512
4808 0.0271416
4809 0.0271327
4810 0.0271254
4811 0.0271219
4814 0.027112
4815 0.0271051
4816 0.0271049
4817 0.0271035
4818 0.027099
4820 0.027096
4821 0.0270876
4822 0.0270831
4823 0.0270824
4824 0.0270755
4826 0.0270747
4827 0.0270718
4829 0.0270634
4830 0.0270569
4831 0.0270511
4832 0.0270496
4834 0.0270412
4835 0.027031
4836 0.0270262
4837 0.0270255
4839 0.0270195
4840 0.0270188
4842 0.0270055
4843 0.0269991
4844 0.0269886
4845 0.0269845
4847 0.0269839
4848 0.0269778
4849 0.026969
4850 0.0269612
4851 0.0269521
4852 0.026948
4853 0.026938
4854 0.0269286
4855 0.0269191
4856 0.0269102
4857 0.0269009
4858 0.0268931
4859 0.0268915
4862 0.0268835
4863 0.026877
4864 0.0268672
4866 0.0268666
4867 0.0268629
4868 0.0268593
4870 0.0268539
4871 0.026848
4872 0.0268463
4874 0.0268348
4875 0.0268253
4876 0.0268156
4877 0.0268068
4878 0.0267978
4879 0.026789
4880 0.0267808
4881 0.0267746
4882 0.0267682
4885 0.0267639
4886 0.0267539
4887 0.02675
4888 0.0267463
4889 0.0267426
4890 0.0267415
4891 0.0267372
4892 0.0267327
4893 0.0267229
4894 0.0267182
4895 0.02671
4896 0.0267055
4897 0.0266941
4898 0.0266908
4899 0.0266875
4900 0.0266859
4901 0.0266839
4902 0.0266739
4903 0.0266735
4904 0.0266703
4906 0.0266696
4907 0.0266588
4908 0.0266517
4909 0.0266413
4910 0.0266333
4911 0.0266247
4912 0.0266173
4913 0.0266086
4914 0.0266008
4915 0.0265953
4916 0.0265948
4918 0.0265885
4919 0.0265801
4920 0.026577
4922 0.0265726
4923 0.0265634
4924 0.0265608
4926 0.0265593
4927 0.0265581
4929 0.0265539
4930 0.0265477
4931 0.0265429
4932 0.0265404
4935 0.0265281
4936 0.0265268
4938 0.0265193
4939 0.0265144
4940 0.0265129
4944 0.0265014
4945 0.0264912
4946 0.0264835
4947 0.0264824
4949 0.0264823
4950 0.026481
4951 0.0264783
4952 0.0264679
4953 0.0264574
4954 0.0264504
4955 0.0264418
4956 0.0264401
4957 0.0264374
4960 0.0264356
4962 0.0264251
4964 0.0264189
4965 0.0264144
4967 0.0264136
4968 0.0264097
4969 0.0264089
4970 0.0264077
4971 0.0264018
4973 0.0263994
4974 0.0263893
4975 0.0263819
4976 0.026377
4978 0.0263769
4983 0.0263676
4984 0.0263654
4985 0.0263627
4986 0.0263532
4987 0.026353
4989 0.0263473
4990 0.0263411
4991 0.0263366
4992 0.0263317
4993 0.02633
4994 0.02632
4995 0.0263167
4996 0.026307
4997 0.0263
4998 0.0262968
4999 0.0262948
5003 0.0262916
5004 0.0262813
5005 0.0262777
5008 0.0262728
5009 0.0262651
5012 0.0262601
5013 0.0262538
5014 0.0262505
5017 0.0262443
5018 0.0262386
5019 0.0262332
5020 0.0262309
5021 0.0262294
5023 0.0262269
5024 0.0262191
5025 0.0262142
5026 0.0262141
5027 0.0262128
5029 0.0262108
5030 0.0261994
5031 0.0261981
5033 0.0261943
5035 0.0261916
5036 0.0261817
5037 0.0261796
5039 0.0261734
5040 0.0261648
5041 0.0261554
5042 0.0261515
5043 0.0261476
5044 0.0261411
5045 0.0261328
5046 0.0261256
5047 0.0261241
5049 0.0261202
5050 0.0261078
5051 0.026102
5052 0.0261003
5053 0.0261002
5054 0.026093
5055 0.0260836
5056 0.0260764
5057 0.0260664
5058 0.0260576
5059 0.0260481
5060 0.0260388
5061 0.0260302
5062 0.026021
5063 0.0260121
5064 0.0260088
5065 0.0260024
5066 0.0259957
5067 0.0259909
5068 0.02599
5070 0.0259814
5071 0.0259712
5072 0.0259619
5073 0.025955
5074 0.0259476
5077 0.0259391
5078 0.0259362
5079 0.0259346
5081 0.0259246
5082 0.0259226
5084 0.0259165
5085 0.0259141
5087 0.0259111
5088 0.0258988
5089 0.0258892
5090 0.0258805
5091 0.0258742
5092 0.0258697
5094 0.0258673
5095 0.0258662
5097 0.0258574
5098 0.0258477
5099 0.0258401
5100 0.0258342
5101 0.025834
5103 0.0258293
5105 0.0258284
5106 0.0258206
5107 0.0258128
5110 0.0258049
5111 0.0257976
5112 0.0257944
5113 0.0257885
5114 0.0257863
5115 0.0257851
5116 0.0257798
5117 0.0257718
5118 0.0257643
5119 0.0257543
5120 0.0257449
5121 0.0257356
5122 0.0257278
5123 0.0257186
5124 0.0257113
5125 0.0257055
5126 0.0256946
5127 0.0256871
5128 0.0256783
5129 0.0256733
5130 0.0256632
5131 0.0256532
5132 0.0256434
5133 0.025635
5134 0.025627
5135 0.0256169
5136 0.0256079
5137 0.0255997
5138 0.0255898
5139 0.0255802
5140 0.0255708
5141 0.0255623
5142 0.0255548
5143 0.0255456
5144 0.0255363
5145 0.025527
5146 0.0255176
5147 0.0255082
5148 0.0255022
5151 0.0254967
5152 0.0254931
5153 0.0254832
5154 0.0254762
5155 0.0254707
5156 0.0254639
5157 0.0254581
5160 0.0254533
5162 0.0254519
5163 0.0254425
5164 0.0254397
5166 0.0254395
5167 0.0254349
5169 0.0254309
5170 0.0254302
5172 0.0254235
5173 0.02542
5174 0.025419
5175 0.0254181
5176 0.0254078
5177 0.025399
5178 0.0253963
5179 0.0253906
5180 0.0253879
5183 0.025386
5184 0.0253838
5185 0.0253804
5186 0.0253771
5191 0.0253699
5192 0.0253666
5193 0.0253659
5194 0.0253592
5195 0.0253562
5197 0.0253557
5198 0.0253451
5199 0.0253442
5200 0.025344
5201 0.025337
5204 0.0253291
5205 0.0253281
5207 0.02532
5208 0.0253126
5209 0.0253076
5210 0.0253051
5211 0.0253031
5212 0.0252948
5213 0.0252865
5214 0.0252773
5215 0.0252712
5216 0.0252688
5217 0.0252625
5218 0.0252622
5219 0.0252616
5221 0.0252577
5222 0.0252479
5223 0.0252416
5226 0.0252387
5227 0.0252301
5228 0.0252284
5229 0.0252269
5230 0.0252234
5231 0.0252177
5233 0.0252157
5234 0.0252074
5235 0.0252062
5237 0.0252039
5238 0.0251938
5241 0.0251906
5242 0.025184
5243 0.0251756
5244 0.0251688
5245 0.0251653
5250 0.025157
5251 0.0251541
5252 0.0251481
5254 0.0251456
5255 0.0251431
5256 0.0251347
5257 0.0251306
5258 0.0251295
5259 0.0251292
5260 0.0251215
5261 0.0251179
5262 0.0251178
5263 0.0251135
5264 0.025105
5265 0.0250991
5266 0.0250958
5267 0.0250943
5269 0.0250929
5272 0.0250805
5273 0.0250732
5276 0.0250647
5277 0.025061
5278 0.0250588
5280 0.0250586
5282 0.0250519
5283 0.0250417
5284 0.0250394
5285 0.0250393
5286 0.0250305
5287 0.0250206
5288 0.0250118
5289 0.0250039
5290 0.0249968
5291 0.0249916
5292 0.0249832
5293 0.024975
5294 0.0249666
5295 0.0249649
5296 0.0249546
5297 0.0249459
5298 0.0249396
5299 0.0249325
5300 0.0249283
5301 0.0249219
5302 0.0249137
5303 0.0249052
5304 0.0248973
5305 0.0248894
5306 0.0248821
5307 0.0248755
5308 0.0248684
5309 0.0248627
5310 0.0248565
5311 0.0248506
5312 0.024844
5313 0.024835
5314 0.0248272
5315 0.0248198
5316 0.0248142
5317 0.0248105
5318 0.0248075
5320 0.024807
5321 0.0247956
5322 0.0247857
5323 0.0247756
5324 0.0247663
5325 0.024758
5326 0.0247527
5329 0.0247518
5331 0.0247428
5332 0.0247341
5333 0.0247258
5334 0.0247173
5335 0.0247099
5336 0.024704
5337 0.0247029
5338 0.0247017
5339 0.0246935
5341 0.0246932
5342 0.024684
5343 0.0246782
5344 0.024676
5345 0.0246743
5346 0.0246698
5347 0.024663
5348 0.0246559
5349 0.0246527
5350 0.024652
5351 0.0246498
5356 0.0246394
5357 0.0246365
5360 0.0246263
5361 0.0246182
5362 0.0246094
5363 0.0246018
5364 0.0245943
5365 0.0245931
5366 0.0245918
5367 0.024587
5368 0.0245823
5369 0.0245816
5370 0.0245718
5371 0.0245639
5372 0.024557
5374 0.0245546
5375 0.0245522
5377 0.0245521
5378 0.0245496
5379 0.0245469
5380 0.0245452
5382 0.0245395
5383 0.024531
5386 0.0245258
5387 0.024523
5388 0.0245186
5389 0.0245134
5391 0.0245123
5392 0.0245037
5393 0.0244964
5394 0.0244917
5395 0.0244856
5396 0.0244831
5398 0.0244764
5399 0.0244711
5400 0.0244633
5401 0.0244552
5402 0.0244494
5403 0.0244444
5404 0.0244387
5405 0.0244349
5406 0.0244341
5407 0.024431
5408 0.0244268
5409 0.0244181
5410 0.024411
5413 0.0244029
5416 0.0243965
5417 0.0243954
5418 0.0243942
5419 0.0243889
5420 0.0243795
5421 0.0243723
5422 0.0243676
5423 0.0243623
5424 0.0243587
5425 0.0243512
5426 0.0243445
5427 0.0243414
5429 0.0243403
5430 0.0243306
5431 0.024322
5432 0.0243137
5433 0.024306
5434 0.0243029
5435 0.0242975
5436 0.0242892
5437 0.024283
5438 0.0242745
5439 0.0242659
5440 0.0242569
5441 0.0242483
5442 0.0242404
5443 0.0242327
5444 0.0242268
5445 0.0242217
5446 0.0242185
5447 0.0242155
5448 0.0242069
5449 0.0241966
5450 0.0241879
5451 0.0241833
5452 0.0241774
5453 0.0241767
5454 0.0241762
5457 0.0241705
5458 0.0241617
5459 0.0241574
5462 0.0241475
5463 0.0241399
5464 0.0241312
5465 0.0241233
5466 0.0241172
5467 0.0241086
5468 0.0241004
5469 0.0240928
5470 0.0240843
5471 0.0240762
5472 0.024071
5473 0.0240632
5474 0.0240546
5475 0.0240495
5477 0.0240479
5478 0.0240458
5480 0.0240397
5481 0.0240377
5484 0.0240332
5487 0.0240234
5488 0.0240194
5489 0.0240181
5490 0.0240179
5492 0.0240162
5493 0.0240105
5494 0.0240073
5496 0.0240057
5497 0.0240037
5498 0.0239915
5499 0.0239899
5501 0.0239847
5502 0.0239788
5503 0.0239748
5505 0.023971
5507 0.0239708
5508 0.023962
5509 0.0239573
5510 0.0239503
5511 0.0239414
5512 0.0239333
5513 0.0239249
5514 0.0239171
5515 0.023913
5516 0.0239107
5517 0.0239027
5518 0.0238972
5519 0.0238873
5520 0.0238787
5521 0.0238723
5522 0.0238658
5523 0.0238629
5524 0.0238615
5526 0.0238593
5529 0.0238493
5530 0.0238479
5531 0.023842
5532 0.0238411
5534 0.023834
5535 0.023832
5536 0.0238208
5537 0.0238131
5538 0.023806
5539 0.0237992
5544 0.0237985
5546 0.023788
5547 0.0237858
5549 0.0237853
5551 0.0237749
5552 0.0237716
5553 0.0237634
5554 0.0237578
5555 0.0237507
5556 0.0237455
5557 0.0237381
5558 0.0237293
5559 0.0237205
5560 0.0237119
5561 0.0237074
5562 0.0237024
5563 0.0236949
5564 0.0236871
5565 0.0236785
5566 0.0236749
5567 0.0236683
5568 0.0236658
5569 0.0236602
5570 0.0236519
5571 0.0236443
5572 0.0236386
5574 0.0236371
5575 0.023632
5576 0.0236245
5577 0.02362
5579 0.0236198
5580 0.023614
5583 0.0236055
5584 0.0236035
5586 0.0235951
5587 0.0235936
5588 0.0235894
5589 0.0235836
5590 0.023575
5591 0.0235722
5592 0.0235666
5595 0.0235606
5596 0.023558
5597 0.0235567
5598 0.0235524
5599 0.0235455
5600 0.0235403
5604 0.02354
5605 0.0235338
5606 0.0235265
5607 0.0235252
5608 0.0235244
5611 0.0235152
5612 0.0235121
5614 0.0235117
5616 0.0235107
5617 0.0235038
5619 0.0235034
5620 0.0235025
5623 0.0234907
5624 0.0234889
5625 0.0234883
5626 0.0234854
5629 0.0234795
5630 0.0234738
5631 0.0234669
5632 0.0234654
5634 0.0234597
5635 0.0234574
5636 0.0234556
5639 0.0234463
5640 0.023439
5642 0.023438
5645 0.023431
5647 0.0234292
5648 0.0234245
5649 0.0234219
5650 0.0234138
5651 0.0234124
5653 0.0234065
5654 0.0234022
5655 0.0233946
5657 0.0233931
5658 0.023393
5660 0.0233836
5661 0.0233784
5662 0.0233738
5663 0.0233693
5664 0.0233671
5665 0.0233579
5666 0.0233499
5667 0.0233422
5668 0.0233361
5670 0.0233354
5671 0.0233315
5672 0.0233291
5674 0.0233277
5675 0.0233195
5676 0.0233183
5678 0.0233153
5679 0.0233061
5680 0.0233
5681 0.0232975
5682 0.0232964
5683 0.0232909
5684 0.0232819
5685 0.0232733
5686 0.0232649
5687 0.0232574
5688 0.0232494
5689 0.0232433
5690 0.0232394
5691 0.0232324
5692 0.0232302
5693 0.0232203
5694 0.0232182
5695 0.0232168
5696 0.0232094
5697 0.0232067
5698 0.0232057
5700 0.0232026
5701 0.0231929
5702 0.0231852
5703 0.0231814
5704 0.0231717
5705 0.0231638
5706 0.0231558
5707 0.0231492
5708 0.0231454
5709 0.0231403
5710 0.0231382
5711 0.0231324
5712 0.0231291
5713 0.023128
5714 0.0231209
5715 0.0231179
5716 0.0231176
5720 0.023106
5721 0.023102
5722 0.0231002
5723 0.0230991
5724 0.0230981
5725 0.0230936
5726 0.0230854
5727 0.023079
5729 0.0230783
5730 0.0230705
5731 0.0230628
5732 0.0230557
5733 0.0230497
5734 0.0230471
5735 0.0230396
5736 0.0230344
5737 0.0230262
5738 0.0230201
5739 0.0230174
5740 0.0230088
5741 0.0230004
5742 0.022994
5743 0.0229901
5744 0.0229867
5745 0.0229853
5746 0.0229843
5747 0.0229743
5748 0.022967
5751 0.0229617
5752 0.0229562
5753 0.0229547
5756 0.0229535
5757 0.0229474
5758 0.022943
5759 0.0229412
5761 0.0229375
5762 0.0229284
5763 0.0229232
5764 0.0229198
5768 0.0229126
5769 0.0229082
5770 0.0229075
5772 0.0229027
5773 0.0229013
5775 0.0228901
5776 0.0228856
5777 0.0228801
5782 0.0228722
5783 0.022865
5784 0.0228589
5787 0.0228534
5788 0.0228504
5790 0.0228503
5791 0.022848
5794 0.0228382
5795 0.0228363
5796 0.0228358
5797 0.0228356
5799 0.0228308
5801 0.0228291
5803 0.0228185
5804 0.0228107
5805 0.0228059
5808 0.0227998
5809 0.0227936
5810 0.0227865
5811 0.022783
5812 0.0227783
5813 0.0227721
5814 0.0227701
5816 0.0227672
5817 0.0227601
5818 0.0227517
5819 0.0227452
5820 0.0227439
5821 0.0227428
5822 0.0227371
5823 0.0227313
5825 0.0227296
5826 0.0227234
5827 0.0227186
5829 0.0227168
5832 0.022709
5833 0.0227073
5834 0.0227066
5836 0.0227046
5837 0.0226991
5838 0.0226969
5839 0.0226963
5841 0.0226916
5842 0.022688
5845 0.0226782
5846 0.0226778
5848 0.022671
5851 0.0226652
5854 0.0226578
5855 0.0226519
5856 0.0226506
5857 0.0226502
5858 0.0226472
5859 0.022647
5861 0.0226445
5862 0.0226373
