1 24.1953
6 4.67556
8 3.93554
13 3.81321
17 3.79067
19 3.78584
21 3.78438
22 3.77968
23 3.76899
24 3.76073
25 3.75738
27 3.75644
28 3.75525
29 3.75476
30 3.75064
31 3.7484
32 3.74513
33 3.7414
34 3.73705
35 3.73275
36 3.72855
37 3.72443
38 3.72039
39 3.71648
40 3.71442
41 3.71136
42 3.70885
43 3.70844
44 3.70483
45 3.70301
46 3.70012
47 3.69674
48 3.69283
49 3.6899
50 3.68633
51 3.68222
52 3.678
53 3.67307
54 3.66682
55 3.66207
56 3.65907
57 3.65797
58 3.65632
59 3.65464
60 3.65264
62 3.64742
63 3.6429
64 3.63961
66 3.63532
67 3.63231
68 3.63195
69 3.62984
70 3.628
71 3.62567
72 3.6234
73 3.62047
74 3.6165
75 3.61271
76 3.60856
77 3.60418
78 3.59958
79 3.59535
80 3.59163
81 3.58942
82 3.58626
83 3.58364
84 3.58176
85 3.57913
86 3.57689
87 3.57369
88 3.56942
89 3.56609
90 3.5627
91 3.55998
92 3.55648
93 3.55271
94 3.54985
95 3.54382
96 3.53745
97 3.53305
98 3.5324
99 3.52963
100 3.52741
101 3.52418
102 3.52198
103 3.51633
104 3.51144
105 3.50764
106 3.50687
107 3.50369
108 3.50182
109 3.49945
110 3.49659
111 3.49352
112 3.49017
113 3.4895
114 3.48421
115 3.4796
116 3.47534
117 3.4712
118 3.46743
119 3.46419
120 3.46109
121 3.45863
122 3.45682
123 3.45468
124 3.45233
125 3.44891
126 3.44604
127 3.44177
128 3.43778
129 3.43631
130 3.43288
131 3.43088
132 3.42773
133 3.42321
134 3.41943
135 3.41389
136 3.40859
137 3.40519
138 3.4018
139 3.39904
141 3.39759
142 3.3962
143 3.39497
144 3.39433
146 3.39203
147 3.38988
148 3.38782
149 3.38583
150 3.38407
151 3.38234
152 3.38073
153 3.37931
154 3.37793
155 3.3766
156 3.37538
157 3.37401
158 3.37255
159 3.37103
160 3.36943
161 3.36789
162 3.36619
163 3.36515
164 3.36278
165 3.36047
166 3.35822
167 3.35598
168 3.35378
169 3.35165
170 3.34957
171 3.34763
172 3.34571
173 3.34381
174 3.34197
175 3.34013
176 3.33829
177 3.33649
178 3.33492
179 3.33328
180 3.33181
181 3.33083
182 3.32971
183 3.3288
184 3.3281
185 3.32726
186 3.32639
187 3.3253
188 3.32402
189 3.32248
190 3.32184
191 3.31942
192 3.31687
193 3.31434
194 3.31194
195 3.30967
196 3.30808
197 3.30638
198 3.30503
199 3.30396
200 3.30282
201 3.30176
202 3.30041
203 3.2988
204 3.29734
205 3.29515
206 3.2925
207 3.28981
208 3.28714
209 3.28451
210 3.28191
211 3.27933
212 3.277
213 3.27513
214 3.27312
215 3.27122
216 3.26939
217 3.26753
218 3.2657
219 3.26409
220 3.26226
221 3.26052
222 3.25888
223 3.25739
224 3.25588
225 3.25443
226 3.25303
227 3.25157
228 3.25007
229 3.24848
230 3.24682
231 3.2451
232 3.24338
233 3.24159
234 3.23996
235 3.23793
237 3.23546
238 3.23317
239 3.2312
240 3.2305
241 3.22818
242 3.22606
243 3.22416
244 3.22263
245 3.22099
246 3.21944
247 3.21808
248 3.21641
249 3.21467
250 3.21295
251 3.2112
252 3.20962
253 3.2075
254 3.20522
255 3.20316
256 3.20158
257 3.20022
258 3.19916
259 3.19864
260 3.19787
261 3.19711
262 3.19618
263 3.1956
264 3.19409
265 3.19228
266 3.19078
267 3.18857
268 3.18623
269 3.184
270 3.18193
271 3.1801
272 3.17845
273 3.17695
274 3.17552
275 3.17408
276 3.17251
277 3.17072
278 3.16873
279 3.16714
280 3.16468
281 3.16213
282 3.15958
283 3.15708
284 3.15467
285 3.15252
286 3.15034
287 3.14826
288 3.14634
289 3.14446
290 3.14267
291 3.141
292 3.13938
293 3.13783
294 3.13638
295 3.13493
296 3.1335
297 3.13206
298 3.13057
299 3.12938
300 3.12771
301 3.12597
302 3.12419
303 3.1224
304 3.1206
305 3.11881
306 3.11694
307 3.11555
308 3.11284
309 3.10998
310 3.10721
311 3.10453
312 3.10293
313 3.10072
314 3.09896
315 3.09873
316 3.09722
317 3.09597
318 3.09497
319 3.09415
320 3.09324
321 3.09242
323 3.09113
324 3.08957
325 3.08747
326 3.08491
327 3.0825
328 3.07966
329 3.07677
330 3.07417
331 3.07323
332 3.07112
333 3.0695
334 3.06844
335 3.0675
336 3.0666
337 3.06577
338 3.06469
339 3.06355
340 3.0623
341 3.0618
342 3.05993
343 3.05805
344 3.05623
345 3.05442
346 3.05261
347 3.05076
348 3.04908
349 3.04693
350 3.04465
351 3.04235
352 3.04009
353 3.03777
354 3.03541
355 3.0331
356 3.03092
357 3.02895
358 3.02694
359 3.02509
360 3.02333
361 3.02162
362 3.02003
363 3.01854
364 3.01709
365 3.0157
366 3.01433
367 3.01293
368 3.01147
369 3.00991
370 3.00821
371 3.00675
372 3.00478
373 3.00276
374 3.00079
375 2.99888
376 2.9971
377 2.99579
378 2.99395
379 2.99201
380 2.9899
381 2.98766
382 2.98531
383 2.98296
384 2.9806
385 2.97841
386 2.97605
387 2.97531
388 2.97259
389 2.97025
390 2.96834
391 2.96814
392 2.96633
393 2.96483
394 2.96348
395 2.96207
396 2.96034
397 2.95898
398 2.95679
399 2.95429
400 2.95202
401 2.94956
402 2.94732
403 2.94616
404 2.94407
405 2.94218
406 2.94058
407 2.93911
408 2.93768
409 2.93651
410 2.93514
411 2.93371
412 2.93215
413 2.93055
414 2.92883
415 2.92795
416 2.92583
417 2.92363
418 2.9214
419 2.91917
420 2.91695
421 2.91475
422 2.91254
423 2.91041
424 2.90817
425 2.90602
426 2.90401
427 2.90236
428 2.90043
429 2.89855
430 2.89681
432 2.89508
433 2.89353
434 2.89225
435 2.89199
436 2.89054
437 2.88931
438 2.88821
439 2.88742
440 2.8862
441 2.88481
442 2.88331
443 2.88172
444 2.88018
445 2.87853
446 2.87751
447 2.87496
448 2.87244
449 2.87024
450 2.86848
451 2.86672
452 2.86529
453 2.86395
454 2.8626
455 2.86114
456 2.85946
457 2.85773
458 2.85565
460 2.85306
461 2.85034
462 2.84754
463 2.84475
464 2.84209
465 2.8397
466 2.83949
467 2.83708
468 2.83488
469 2.83283
470 2.83096
471 2.82898
472 2.82703
473 2.82512
474 2.82327
475 2.82148
476 2.81983
477 2.81819
478 2.8166
479 2.81507
480 2.81351
481 2.81192
482 2.81029
483 2.80856
484 2.80716
485 2.80513
486 2.803
487 2.80083
488 2.79867
489 2.79648
490 2.79438
491 2.79212
492 2.79174
493 2.78914
494 2.78681
495 2.78478
496 2.78316
497 2.78173
498 2.78033
499 2.77905
500 2.77751
501 2.77586
502 2.77422
503 2.7725
504 2.77113
505 2.76877
506 2.76611
507 2.76357
508 2.76125
509 2.75968
510 2.75808
511 2.75689
512 2.75592
513 2.75497
514 2.75397
515 2.75281
516 2.75219
517 2.75057
518 2.74874
519 2.74691
520 2.74513
521 2.74338
522 2.74165
523 2.73984
524 2.73802
525 2.73609
526 2.73421
527 2.73257
528 2.73054
529 2.72826
530 2.72592
531 2.72351
532 2.72117
533 2.71877
534 2.71654
535 2.71419
536 2.71197
537 2.71003
538 2.70807
539 2.70621
540 2.70463
541 2.703
542 2.70144
543 2.69994
544 2.69844
545 2.69693
546 2.69537
547 2.69435
548 2.69261
549 2.69076
550 2.68884
551 2.6869
552 2.68501
553 2.68314
554 2.68127
555 2.67935
556 2.6783
557 2.67592
558 2.67337
559 2.67075
560 2.66812
561 2.66554
562 2.66298
563 2.66054
564 2.65801
565 2.6559
566 2.65586
567 2.65403
568 2.65256
569 2.65135
570 2.65102
571 2.64959
572 2.648
573 2.64627
574 2.64456
575 2.64282
576 2.64132
577 2.63922
578 2.63675
579 2.63433
580 2.63214
581 2.63106
582 2.62893
583 2.627
584 2.62525
585 2.62444
586 2.62267
587 2.62101
588 2.6194
589 2.61773
590 2.61594
591 2.61403
592 2.61202
593 2.61013
594 2.60796
595 2.60561
596 2.60324
597 2.6009
598 2.59859
599 2.59643
600 2.59427
601 2.59221
602 2.59018
603 2.58816
604 2.58618
605 2.58419
606 2.58224
607 2.5804
608 2.57864
609 2.57705
610 2.57566
611 2.57441
612 2.57325
613 2.57211
614 2.57085
615 2.56955
616 2.5681
617 2.56786
618 2.56571
619 2.56332
620 2.56085
621 2.55847
622 2.55622
623 2.55408
624 2.55254
625 2.55082
626 2.54922
627 2.5478
628 2.54624
629 2.54451
630 2.54269
631 2.54053
632 2.54004
633 2.53742
634 2.53472
635 2.532
636 2.52935
637 2.52679
638 2.52442
639 2.5232
640 2.52094
641 2.5188
642 2.51678
643 2.51514
644 2.51318
645 2.51129
646 2.50951
647 2.50784
648 2.50618
649 2.50459
650 2.503
651 2.50139
652 2.49973
653 2.49805
654 2.49622
655 2.49438
656 2.49237
657 2.49019
658 2.48793
659 2.48565
660 2.48332
661 2.4811
662 2.47869
664 2.47614
665 2.4738
666 2.47177
667 2.47037
668 2.46885
669 2.46755
670 2.46661
671 2.46549
672 2.46426
673 2.46302
674 2.4615
675 2.45947
676 2.45699
677 2.45501
678 2.4521
679 2.44916
680 2.44641
681 2.44408
682 2.4422
683 2.4404
684 2.43889
685 2.43762
686 2.43631
687 2.43496
688 2.43351
689 2.4321
690 2.4304
691 2.42858
692 2.42667
693 2.42495
694 2.42283
695 2.4206
696 2.4183
697 2.41597
698 2.41364
699 2.41134
700 2.40909
701 2.40682
702 2.40467
703 2.40399
704 2.40171
705 2.39952
706 2.39744
707 2.39549
708 2.39468
709 2.39279
710 2.39105
711 2.38946
712 2.38824
713 2.3867
714 2.38519
715 2.38363
716 2.38219
717 2.38044
718 2.37837
719 2.37615
720 2.37388
721 2.37169
722 2.36953
723 2.3675
724 2.36639
725 2.36452
726 2.36279
727 2.36116
728 2.3594
729 2.35755
730 2.35582
731 2.35372
732 2.35111
733 2.34837
734 2.34568
735 2.34302
736 2.34045
737 2.33793
738 2.33562
739 2.33349
740 2.33138
741 2.32935
742 2.3273
743 2.32525
744 2.32321
745 2.32122
746 2.31935
747 2.31749
748 2.31572
749 2.31403
750 2.31233
751 2.31063
752 2.30889
753 2.30712
754 2.30522
755 2.30418
756 2.30203
757 2.29976
758 2.29743
759 2.29508
760 2.29274
761 2.29042
762 2.28814
763 2.28589
764 2.28376
765 2.28188
766 2.28045
767 2.27904
768 2.27775
769 2.27636
770 2.27482
771 2.27353
772 2.27157
773 2.26921
774 2.26681
775 2.26415
776 2.2614
777 2.25873
778 2.25644
779 2.25453
780 2.25279
781 2.25135
782 2.25004
783 2.24871
784 2.2473
785 2.24582
786 2.24428
787 2.24277
788 2.24112
789 2.2401
790 2.23792
791 2.23574
792 2.23354
793 2.2313
794 2.22903
795 2.22674
796 2.22446
797 2.22222
798 2.21997
799 2.21786
800 2.2155
801 2.21322
802 2.21116
803 2.20925
804 2.20721
805 2.20529
806 2.20386
807 2.2021
808 2.20046
809 2.19901
810 2.19747
811 2.19591
812 2.19425
813 2.19272
814 2.19072
815 2.18854
816 2.18633
817 2.18415
818 2.18196
819 2.17993
820 2.17777
821 2.17579
822 2.17418
823 2.17244
824 2.17066
825 2.16872
826 2.16704
827 2.16466
828 2.16202
829 2.1593
830 2.15661
831 2.15398
832 2.15143
833 2.14894
834 2.14704
835 2.14478
836 2.1426
837 2.14053
838 2.13843
839 2.13634
840 2.13429
841 2.13231
842 2.13039
843 2.12854
844 2.12676
845 2.12501
846 2.12327
847 2.1215
848 2.11966
849 2.11783
850 2.11583
851 2.11379
852 2.1116
853 2.10925
854 2.10682
855 2.10441
856 2.10195
857 2.0997
858 2.09736
859 2.0953
860 2.09477
861 2.09303
862 2.09152
863 2.09024
864 2.09012
865 2.08855
866 2.08688
867 2.08511
868 2.08333
869 2.0815
870 2.07979
871 2.07772
873 2.07481
874 2.07191
875 2.06918
876 2.06679
877 2.06585
878 2.06383
879 2.06209
880 2.06067
881 2.05918
882 2.05762
883 2.05599
884 2.05429
885 2.05248
886 2.05098
887 2.04888
888 2.04668
889 2.04443
890 2.04215
891 2.03986
892 2.03757
893 2.03529
894 2.03301
895 2.03076
896 2.02847
897 2.02668
898 2.02425
899 2.02194
900 2.01975
901 2.01775
902 2.01574
903 2.01386
904 2.01212
905 2.01047
906 2.00892
907 2.00744
908 2.00589
909 2.00421
910 2.00266
911 2.00065
912 1.99837
913 1.99605
914 1.99372
915 1.9915
916 1.98924
917 1.98731
918 1.98592
919 1.98406
920 1.98232
921 1.98073
922 1.97885
923 1.97677
924 1.97464
925 1.97231
926 1.9714
927 1.96872
928 1.96602
929 1.96338
930 1.96083
931 1.95845
932 1.95619
933 1.95395
934 1.95181
935 1.94977
936 1.94778
937 1.94588
938 1.94407
939 1.94229
940 1.94055
941 1.93881
942 1.93703
943 1.93525
944 1.93339
945 1.93145
946 1.92939
947 1.92765
948 1.92543
949 1.92311
950 1.92069
951 1.91821
952 1.9157
953 1.91321
954 1.91074
955 1.90835
956 1.906
957 1.90499
958 1.90291
959 1.90112
960 1.89969
961 1.89822
962 1.89666
963 1.89493
964 1.89309
965 1.89083
966 1.89008
967 1.88732
968 1.88445
969 1.88164
970 1.87897
971 1.87649
972 1.87554
973 1.87335
974 1.87135
975 1.86952
976 1.86827
977 1.86639
978 1.86446
979 1.86246
980 1.86042
981 1.85834
982 1.85626
983 1.85416
984 1.85212
985 1.84998
986 1.8485
987 1.84613
988 1.84388
989 1.84182
990 1.84079
991 1.83878
992 1.83678
993 1.83473
994 1.83262
995 1.8305
996 1.82838
997 1.82629
998 1.82423
999 1.82217
1000 1.82037
1001 1.81866
1002 1.81681
1003 1.81516
1004 1.81448
1005 1.81296
1006 1.81145
1007 1.80984
1008 1.80808
1009 1.80621
1010 1.80426
1011 1.80231
1012 1.80035
1013 1.79845
1014 1.79652
1015 1.79472
1016 1.79271
1017 1.7905
1018 1.7882
1019 1.78583
1020 1.78345
1021 1.78106
1022 1.77873
1023 1.77637
1024 1.7742
1025 1.77183
1026 1.76956
1027 1.76759
1028 1.76549
1029 1.76349
1030 1.76199
1031 1.76015
1032 1.75837
1033 1.75666
1034 1.75486
1035 1.75299
1036 1.75118
1037 1.74914
1038 1.74862
1039 1.74629
1040 1.74386
1041 1.74144
1042 1.73909
1043 1.73689
1044 1.73511
1045 1.73315
1046 1.73121
1047 1.72928
1048 1.72714
1049 1.72518
1050 1.72275
1051 1.72013
1052 1.71747
1053 1.71483
1054 1.71223
1055 1.7097
1056 1.70793
1057 1.70558
1058 1.70332
1059 1.70116
1060 1.69991
1061 1.69771
1062 1.69556
1063 1.69349
1064 1.69152
1065 1.6897
1066 1.68787
1067 1.68607
1068 1.68425
1069 1.68237
1070 1.6807
1071 1.67868
1072 1.67656
1073 1.67438
1074 1.67216
1075 1.6699
1076 1.66763
1077 1.66532
1078 1.66306
1079 1.66071
1080 1.65871
1081 1.65618
1082 1.65375
1083 1.65159
1084 1.65037
1085 1.6485
1086 1.64676
1087 1.64504
1088 1.64317
1089 1.64133
1090 1.63913
1091 1.63674
1092 1.63416
1093 1.63204
1094 1.62944
1095 1.62696
1096 1.62471
1097 1.62266
1098 1.62061
1099 1.61867
1100 1.61675
1101 1.61479
1102 1.61278
1103 1.61084
1104 1.60869
1105 1.60644
1106 1.60412
1107 1.60178
1108 1.59943
1109 1.59713
1110 1.59486
1111 1.59265
1112 1.59109
1113 1.58914
1114 1.58731
1115 1.58569
1116 1.58382
1117 1.58184
1118 1.57982
1119 1.57772
1120 1.57577
1121 1.57354
1123 1.57104
1124 1.5686
1125 1.56632
1126 1.56425
1127 1.56294
1128 1.5611
1129 1.55937
1130 1.55775
1131 1.55603
1132 1.55422
1133 1.55245
1134 1.55047
1135 1.54841
1136 1.54627
1137 1.54429
1138 1.54201
1139 1.53964
1140 1.53723
1141 1.53479
1142 1.53235
1143 1.52991
1144 1.52751
1145 1.5251
1146 1.52277
1147 1.52055
1148 1.51828
1149 1.51609
1150 1.51456
1151 1.51244
1152 1.51039
1153 1.50845
1154 1.50688
1155 1.50511
1156 1.50339
1157 1.50178
1158 1.50009
1159 1.4982
1160 1.4962
1161 1.4941
1162 1.49217
1163 1.4899
1164 1.48751
1165 1.4852
1166 1.48304
1167 1.48118
1168 1.47916
1169 1.47716
1170 1.4752
1171 1.47304
1172 1.47077
1173 1.4684
1174 1.46617
1175 1.46372
1176 1.46121
1177 1.45876
1178 1.4564
1179 1.45468
1180 1.45245
1181 1.4503
1182 1.44828
1183 1.44724
1184 1.44529
1185 1.44339
1186 1.44151
1187 1.43961
1188 1.43762
1189 1.43559
1190 1.43347
1191 1.43143
1192 1.42929
1193 1.42739
1194 1.42523
1195 1.42306
1196 1.42099
1197 1.41912
1198 1.41742
1199 1.41534
1200 1.41316
1201 1.41084
1202 1.4084
1203 1.40591
1204 1.40341
1205 1.40096
1206 1.39855
1207 1.39621
1208 1.39388
1209 1.39166
1210 1.3895
1211 1.38732
1212 1.38517
1213 1.38308
1214 1.38106
1215 1.37909
1216 1.37721
1217 1.37539
1218 1.37357
1219 1.37173
1220 1.36986
1221 1.36799
1222 1.36601
1223 1.36403
1224 1.3619
1225 1.35972
1226 1.35748
1227 1.35522
1228 1.35288
1229 1.35059
1230 1.34818
1231 1.34607
1232 1.34365
1233 1.34129
1234 1.33914
1235 1.33818
1236 1.33614
1237 1.33416
1238 1.3322
1239 1.33019
1240 1.32806
1241 1.32593
1242 1.32375
1243 1.32163
1244 1.31948
1245 1.31745
1246 1.31528
1247 1.31315
1248 1.31119
1249 1.31078
1250 1.30879
1251 1.30685
1252 1.30492
1253 1.30297
1254 1.30097
1255 1.29892
1256 1.29685
1257 1.29475
1258 1.29264
1259 1.29052
1260 1.28842
1261 1.28632
1262 1.2843
1263 1.28219
1264 1.28016
1265 1.27814
1266 1.27628
1267 1.27464
1268 1.27298
1269 1.27132
1270 1.2696
1271 1.26788
1272 1.26596
1273 1.26386
1274 1.26145
1275 1.2597
1276 1.25708
1277 1.25448
1278 1.25198
1279 1.24966
1280 1.24875
1281 1.24663
1282 1.24463
1283 1.24271
1284 1.24093
1285 1.23896
1286 1.23695
1287 1.23492
1288 1.23287
1289 1.23081
1290 1.22875
1291 1.22668
1292 1.22464
1293 1.22253
1294 1.22113
1295 1.21885
1296 1.21669
1297 1.21468
1298 1.21314
1299 1.21138
1300 1.20969
1301 1.20817
1302 1.20641
1303 1.20451
1304 1.20253
1305 1.20042
1306 1.19843
1307 1.19623
1308 1.19475
1309 1.19234
1310 1.19004
1311 1.18796
1312 1.18685
1313 1.18488
1314 1.18297
1315 1.1811
1316 1.17927
1317 1.17816
1318 1.17614
1319 1.17409
1320 1.172
1321 1.16992
1322 1.1678
1323 1.16573
1324 1.16357
1325 1.16173
1326 1.15943
1327 1.15714
1328 1.1549
1329 1.15277
1330 1.15219
1331 1.15016
1332 1.14823
1333 1.14639
1334 1.14462
1335 1.14358
1336 1.14162
1337 1.13954
1338 1.13736
1339 1.13514
1340 1.13297
1341 1.13083
1342 1.12878
1343 1.12673
1344 1.12485
1345 1.12304
1346 1.12124
1347 1.11946
1348 1.11767
1349 1.11585
1350 1.11415
1351 1.11222
1352 1.11024
1353 1.10824
1354 1.10621
1355 1.1042
1356 1.10212
1357 1.10022
1358 1.09801
1359 1.09571
1360 1.09342
1361 1.09116
1362 1.08901
1363 1.08693
1364 1.08491
1365 1.08295
1366 1.08101
1367 1.07905
1368 1.07705
1369 1.07513
1370 1.07307
1371 1.071
1372 1.06896
1373 1.06703
1374 1.06678
1375 1.06493
1376 1.06313
1377 1.06137
1378 1.05965
1379 1.05795
1380 1.05641
1381 1.05453
1382 1.05262
1383 1.0507
1384 1.04878
1385 1.04685
1386 1.04493
1387 1.04297
1388 1.04115
1389 1.03906
1390 1.03687
1391 1.03465
1392 1.03242
1393 1.0302
1394 1.02802
1395 1.02586
1396 1.02389
1397 1.02186
1398 1.01988
1399 1.01795
1400 1.016
1401 1.01404
1402 1.01206
1403 1.01009
1404 1.00812
1405 1.00618
1406 1.0045
1407 1.00269
1408 1.00095
1409 0.999289
1410 0.997107
1411 0.995234
1412 0.993168
1413 0.991145
1414 0.989204
1415 0.987292
1416 0.985366
1417 0.983434
1418 0.981496
1419 0.979571
1420 0.977643
1421 0.97575
1422 0.974702
1423 0.972885
1424 0.97113
1425 0.969436
1426 0.967837
1427 0.96616
1428 0.96446
1429 0.962743
1430 0.961007
1431 0.959264
1432 0.957486
1433 0.955766
1434 0.953929
1435 0.952775
1436 0.950771
1437 0.948729
1438 0.946655
1439 0.944565
1440 0.94247
1441 0.94038
1442 0.938304
1443 0.936244
1444 0.93421
1445 0.932444
1446 0.930534
1447 0.92868
1448 0.926982
1449 0.925199
1450 0.92333
1451 0.921445
1452 0.919547
1453 0.917653
1454 0.915785
1455 0.913992
1456 0.912633
1457 0.91091
1458 0.909242
1459 0.907624
1460 0.906267
1461 0.904604
1462 0.902914
1463 0.901198
1464 0.899467
1465 0.897728
1466 0.895984
1467 0.894241
1468 0.89249
1469 0.890757
1470 0.888965
1471 0.887576
1472 0.885513
1473 0.883416
1474 0.881319
1475 0.879261
1476 0.877265
1477 0.875411
1478 0.873586
1479 0.871814
1480 0.870121
1481 0.868392
1482 0.866633
1483 0.86487
1484 0.863056
1485 0.861214
1486 0.859358
1487 0.857542
1488 0.855777
1489 0.854126
1490 0.852478
1491 0.850876
1492 0.849303
1493 0.847711
1494 0.846093
1495 0.844492
1496 0.842802
1497 0.841076
1498 0.839307
1499 0.837645
1500 0.835783
1501 0.833871
1502 0.831937
1503 0.830007
1504 0.828106
1505 0.826245
1506 0.824526
1507 0.822817
1508 0.821189
1509 0.819685
1510 0.81815
1511 0.816599
1512 0.814997
1513 0.81348
1514 0.811702
1515 0.809877
1516 0.808015
1517 0.806295
1518 0.804425
1519 0.802605
1520 0.800898
1521 0.799297
1522 0.797682
1523 0.796118
1524 0.794576
1525 0.793007
1526 0.79141
1527 0.789817
1528 0.788154
1529 0.786467
1530 0.784713
1531 0.782937
1532 0.781125
1533 0.779493
1534 0.777704
1535 0.775979
1536 0.774411
1537 0.773273
1538 0.77178
1539 0.770373
1540 0.769066
1541 0.76772
1542 0.766309
1543 0.764854
1544 0.763341
1545 0.76197
1546 0.76024
1547 0.758325
1548 0.756388
1549 0.75449
1550 0.752641
1551 0.751051
1552 0.749374
1553 0.747785
1554 0.746651
1555 0.745123
1556 0.743606
1557 0.742075
1558 0.740516
1559 0.738932
1560 0.737332
1561 0.735721
1562 0.73411
1563 0.732497
1564 0.730907
1565 0.729307
1566 0.727789
1567 0.726183
1568 0.724663
1569 0.72339
1570 0.72197
1571 0.720564
1572 0.719132
1573 0.717642
1574 0.716136
1575 0.714533
1576 0.713143
1577 0.711359
1578 0.709589
1579 0.707877
1580 0.706282
1581 0.704787
1582 0.703304
1583 0.701888
1584 0.700505
1585 0.699115
1586 0.697708
1587 0.696273
1588 0.694815
1589 0.693325
1590 0.691836
1591 0.690304
1592 0.688827
1593 0.687236
1594 0.686077
1595 0.684342
1596 0.682622
1597 0.680934
1598 0.679291
1599 0.677742
1600 0.676281
1601 0.674769
1602 0.673289
1603 0.67197
1604 0.670462
1605 0.668941
1606 0.667422
1607 0.665929
1608 0.664484
1609 0.663149
1610 0.661826
1611 0.66055
1612 0.6593
1613 0.658028
1614 0.656722
1615 0.655421
1616 0.654022
1617 0.652614
1618 0.651161
1619 0.649692
1620 0.648227
1621 0.646764
1622 0.645293
1623 0.643809
1624 0.642304
1625 0.640801
1626 0.63927
1627 0.637792
1628 0.636241
1629 0.635054
1630 0.633463
1631 0.631915
1632 0.630414
1633 0.629014
1634 0.6277
1635 0.626316
1636 0.624988
1637 0.623902
1638 0.622634
1639 0.62139
1640 0.620175
1641 0.618904
1642 0.617588
1643 0.616258
1644 0.614871
1645 0.613585
1646 0.612141
1647 0.610633
1648 0.609172
1649 0.607818
1650 0.606646
1651 0.605348
1652 0.604079
1653 0.602853
1654 0.601522
1655 0.600134
1656 0.598717
1657 0.597281
1658 0.595857
1659 0.594428
1660 0.593039
1661 0.591602
1662 0.590164
1663 0.588771
1664 0.587578
1665 0.586213
1666 0.58489
1667 0.583622
1668 0.582398
1669 0.581177
1670 0.579975
1671 0.578753
1672 0.577504
1673 0.576265
1674 0.574961
1675 0.573635
1676 0.572299
1677 0.570996
1678 0.569677
1679 0.568383
1680 0.567079
1681 0.565747
1682 0.564405
1683 0.56301
1684 0.562242
1685 0.560736
1686 0.559215
1687 0.557712
1688 0.556254
1689 0.554858
1690 0.554199
1691 0.552843
1692 0.551532
1693 0.550244
1694 0.548963
1695 0.547687
1696 0.546481
1697 0.545183
1698 0.543908
1699 0.542669
1700 0.541499
1701 0.540318
1702 0.539162
1703 0.538009
1704 0.536842
1705 0.535661
1706 0.534488
1707 0.533276
1708 0.532335
1709 0.531027
1710 0.529694
1711 0.528346
1712 0.527001
1713 0.525666
1714 0.524354
1715 0.52307
1716 0.522197
1717 0.521028
1718 0.519942
1719 0.518971
1720 0.517975
1721 0.516944
1722 0.515853
1723 0.514753
1724 0.513518
1725 0.512248
1726 0.510862
1727 0.509443
1728 0.508049
1729 0.506708
1730 0.505591
1731 0.504386
1732 0.503244
1733 0.502412
1734 0.501302
1735 0.500197
1736 0.49908
1737 0.497945
1738 0.496803
1739 0.495652
1740 0.494507
1741 0.493349
1742 0.492236
1743 0.491028
1744 0.489754
1745 0.488504
1746 0.487293
1747 0.486159
1748 0.485012
1749 0.483891
1750 0.482773
1751 0.481637
1752 0.48049
1753 0.479347
1754 0.478199
1755 0.477093
1756 0.475942
1757 0.474841
1758 0.473926
1759 0.472905
1760 0.47192
1761 0.470982
1762 0.469984
1763 0.468967
1764 0.467953
1765 0.466924
1766 0.465956
1767 0.464856
1768 0.463711
1769 0.462579
1770 0.461459
1771 0.460343
1772 0.459221
1773 0.458119
1774 0.456951
1775 0.455767
1776 0.454577
1777 0.45341
1778 0.452222
1779 0.451055
1780 0.44997
1781 0.448879
1782 0.447786
1783 0.446737
1784 0.445719
1785 0.444708
1786 0.443723
1787 0.442759
1788 0.441786
1789 0.440798
1790 0.439835
1791 0.438791
1792 0.437703
1793 0.436603
1794 0.435514
1795 0.434435
1796 0.433375
1797 0.432332
1798 0.431319
1799 0.430347
1800 0.429355
1801 0.428336
1802 0.427346
1803 0.426249
1804 0.425105
1805 0.423951
1806 0.422823
1807 0.421674
1808 0.420546
1809 0.419513
1810 0.418595
1811 0.417541
1812 0.416517
1813 0.415553
1814 0.414536
1815 0.413526
1816 0.412543
1817 0.411608
1818 0.410648
1819 0.40971
1820 0.408893
1821 0.407957
1822 0.40702
1823 0.406072
1824 0.405118
1825 0.404155
1826 0.403197
1827 0.402221
1828 0.401302
1829 0.400255
1830 0.399149
1831 0.398054
1832 0.396972
1833 0.395902
1834 0.394878
1835 0.393927
1836 0.393018
1837 0.392168
1838 0.391364
1839 0.390552
1840 0.389716
1841 0.388849
1842 0.387999
1843 0.387022
1844 0.385951
1845 0.384859
1846 0.383821
1847 0.382744
1848 0.381713
1849 0.380885
1850 0.379918
1851 0.378997
1852 0.378162
1853 0.377284
1854 0.37641
1855 0.375526
1856 0.374627
1857 0.373726
1858 0.372804
1859 0.371934
1860 0.370967
1861 0.369964
1862 0.368971
1863 0.367984
1864 0.367005
1865 0.366031
1866 0.365166
1867 0.364217
1868 0.363288
1869 0.362377
1870 0.361464
1871 0.360548
1872 0.359633
1873 0.358729
1874 0.358116
1875 0.357231
1876 0.356381
1877 0.355575
1878 0.354922
1879 0.354117
1880 0.353326
1881 0.352521
1882 0.351725
1883 0.35089
1884 0.350374
1885 0.3494
1886 0.348445
1887 0.347518
1888 0.346617
1889 0.345767
1890 0.344915
1891 0.34407
1892 0.343233
1893 0.342368
1894 0.341481
1895 0.340585
1896 0.339701
1897 0.338792
1898 0.337839
1899 0.336896
1900 0.335973
1901 0.33515
1902 0.334257
1903 0.333388
1904 0.332555
1905 0.331857
1906 0.331046
1907 0.330254
1908 0.329495
1909 0.329171
1910 0.328324
1911 0.327504
1912 0.326696
1913 0.325885
1914 0.325079
1915 0.32427
1916 0.323485
1917 0.32264
1918 0.321793
1919 0.320951
1920 0.320101
1921 0.31925
1922 0.318381
1923 0.31757
1924 0.316647
1925 0.315691
1926 0.314761
1927 0.313862
1928 0.313051
1929 0.312237
1930 0.311461
1931 0.310739
1932 0.309987
1933 0.309221
1934 0.308437
1935 0.307642
1936 0.306849
1937 0.306049
1938 0.305282
1939 0.304436
1940 0.30382
1941 0.303029
1942 0.302311
1943 0.301853
1944 0.301047
1945 0.300288
1946 0.29954
1947 0.298785
1948 0.29802
1949 0.297257
1950 0.296483
1951 0.295834
1952 0.294989
1953 0.294158
1954 0.293342
1955 0.292532
1956 0.291742
1957 0.290959
1958 0.290202
1959 0.289483
1960 0.288754
1961 0.288028
1962 0.287293
1963 0.286553
1964 0.285811
1965 0.285077
1966 0.28431
1967 0.283481
1968 0.28269
1969 0.281937
1970 0.281272
1971 0.280592
1972 0.279941
1973 0.279307
1974 0.278653
1975 0.27798
1976 0.277314
1977 0.276618
1978 0.276053
1979 0.27527
1980 0.274515
1981 0.273779
1982 0.273044
1983 0.272385
1984 0.271648
1985 0.270909
1986 0.270161
1987 0.269413
1988 0.268663
1989 0.267922
1990 0.267167
1991 0.266745
1992 0.265907
1993 0.26513
1994 0.264388
1995 0.263667
1996 0.262958
1997 0.262261
1998 0.26159
1999 0.260921
2000 0.26026
2001 0.259608
2002 0.25895
2003 0.258285
2004 0.257634
2005 0.256944
2006 0.256238
2007 0.255537
2008 0.254842
2009 0.254147
2010 0.25345
2011 0.252768
2012 0.252279
2013 0.251553
2014 0.25085
2015 0.250146
2016 0.24944
2017 0.248742
2018 0.248018
2020 0.247258
2021 0.246615
2022 0.246252
2024 0.245467
2025 0.244757
2026 0.244084
2027 0.243625
2028 0.242947
2029 0.242292
2030 0.241639
2031 0.240978
2032 0.240336
2033 0.239649
2034 0.23894
2035 0.238258
2036 0.23759
2037 0.236935
2038 0.236295
2039 0.23567
2040 0.235046
2041 0.234422
2042 0.233795
2043 0.233166
2044 0.232535
2045 0.23191
2046 0.231257
2047 0.230775
2048 0.23011
2049 0.229443
2050 0.22878
2051 0.228135
2052 0.22758
2053 0.226905
2054 0.22629
2055 0.225683
2056 0.225078
2057 0.224473
2058 0.223863
2059 0.223252
2060 0.222632
2061 0.222326
2062 0.221589
2063 0.220913
2064 0.220273
2065 0.219638
2066 0.219048
2067 0.218492
2068 0.217933
2069 0.2174
2070 0.216866
2071 0.216318
2072 0.215749
2073 0.215176
2074 0.214591
2075 0.214037
2076 0.213419
2077 0.212774
2078 0.212167
2079 0.211576
2080 0.210974
2081 0.210373
2082 0.20977
2083 0.209159
2084 0.208601
2085 0.207951
2086 0.207314
2087 0.206686
2088 0.206053
2089 0.205429
2090 0.204881
2091 0.204255
2092 0.203661
2093 0.203072
2094 0.202497
2095 0.201932
2096 0.201372
2097 0.200822
2098 0.200277
2099 0.199729
2100 0.199178
2101 0.198622
2102 0.198062
2103 0.197518
2104 0.196937
2105 0.196373
2106 0.1958
2107 0.195242
2108 0.194883
2109 0.194254
2110 0.193688
2111 0.193116
2112 0.192561
2113 0.192401
2114 0.191662
2115 0.191023
2116 0.190422
2117 0.189796
2118 0.189192
2119 0.188697
2120 0.188127
2121 0.187599
2122 0.187115
2123 0.186598
2124 0.18608
2125 0.18555
2126 0.185047
2127 0.184485
2128 0.18389
2129 0.183322
2130 0.182736
2131 0.182158
2132 0.181617
2133 0.181236
2134 0.180697
2135 0.180172
2136 0.179664
2137 0.179214
2138 0.178879
2139 0.178407
2140 0.177967
2141 0.177663
2142 0.177036
2143 0.176562
2144 0.176023
2145 0.175494
2146 0.175002
2148 0.174495
2149 0.174322
2150 0.173706
2151 0.173167
2152 0.172636
2153 0.172117
2154 0.17159
2155 0.171075
2156 0.170716
2157 0.170153
2158 0.169651
2159 0.169138
2160 0.168642
2161 0.168353
2162 0.167772
2163 0.167306
2164 0.166826
2165 0.166389
2166 0.165946
2167 0.165506
2168 0.165125
2169 0.164648
2170 0.164211
2171 0.163712
2172 0.163192
2173 0.162689
2174 0.16218
2175 0.161702
2176 0.161156
2177 0.16066
2178 0.160171
2179 0.159708
2180 0.159235
2181 0.158761
2182 0.158282
2183 0.15785
2184 0.15732
2185 0.156818
2186 0.156308
2187 0.155815
2188 0.155267
2189 0.154751
2190 0.15424
2191 0.153768
2192 0.153274
2193 0.152793
2194 0.152399
2195 0.15191
2196 0.151468
2197 0.150999
2198 0.15054
2199 0.150093
2200 0.149653
2201 0.149203
2202 0.148752
2203 0.148297
2204 0.147835
2205 0.147377
2206 0.146917
2207 0.146463
2208 0.145988
2209 0.145506
2210 0.145034
2211 0.144665
2212 0.144139
2213 0.143678
2214 0.143174
2215 0.142675
2216 0.142192
2217 0.141809
2218 0.141341
2219 0.140934
2220 0.140535
2221 0.14013
2222 0.139733
2223 0.139316
2224 0.138907
2225 0.138477
2226 0.137992
2227 0.137548
2228 0.13706
2229 0.136552
2230 0.136056
2231 0.135581
2232 0.135173
2233 0.134725
2234 0.134307
2235 0.133937
2236 0.133522
2237 0.13312
2238 0.132712
2239 0.1323
2240 0.131887
2241 0.131473
2242 0.131067
2243 0.130626
2244 0.130283
2245 0.129841
2246 0.129396
2247 0.128946
2248 0.12849
2249 0.128038
2250 0.127591
2251 0.127144
2252 0.126701
2253 0.126297
2254 0.125853
2255 0.125428
2256 0.125005
2257 0.124591
2258 0.124185
2259 0.12378
2260 0.123386
2261 0.123004
2262 0.122614
2263 0.122228
2264 0.12186
2265 0.121492
2266 0.121111
2267 0.120743
2268 0.120551
2269 0.120026
2270 0.11972
2271 0.119275
2272 0.118847
2273 0.118435
2274 0.118071
2275 0.117669
2276 0.117298
2277 0.116917
2278 0.116532
2279 0.116148
2280 0.115779
2281 0.115486
2282 0.115101
2283 0.114745
2284 0.114569
2285 0.113983
2286 0.113681
2287 0.113244
2288 0.112834
2289 0.112476
2290 0.112088
2291 0.111736
2292 0.111695
2293 0.111178
2294 0.110896
2295 0.110503
2296 0.110102
2297 0.109698
2298 0.109301
2299 0.108912
2300 0.108538
2301 0.108237
2302 0.107848
2303 0.107472
2304 0.107108
2305 0.106748
2306 0.106383
2307 0.106016
2308 0.105648
2309 0.105271
2310 0.104897
2311 0.104526
2312 0.104141
2313 0.103753
2314 0.103377
2315 0.10316
2316 0.102725
2317 0.102439
2318 0.102041
2319 0.101681
2320 0.101319
2321 0.100967
2322 0.100611
2323 0.100258
2324 0.0999357
2325 0.0995668
2326 0.0992483
2327 0.0988752
2328 0.0985462
2329 0.098181
2330 0.0978506
2331 0.097532
2332 0.0972068
2333 0.0969212
2334 0.0966311
2335 0.0963667
2337 0.0961415
2341 0.0959906
2342 0.0959142
2344 0.0957343
2345 0.0955694
2346 0.0954002
2347 0.0952296
2348 0.0950541
2349 0.0948714
2350 0.0946922
2351 0.0945142
2352 0.0943358
2353 0.0941594
2354 0.0939782
2355 0.0937952
2356 0.0936177
2357 0.0934665
2358 0.0932872
2359 0.0931128
2360 0.0929416
2361 0.0927771
2362 0.0926113
2363 0.0924447
2364 0.0922816
2365 0.0921151
2366 0.0919495
2367 0.0917811
2368 0.0916122
2369 0.0914437
2370 0.0912737
2371 0.0911212
2372 0.0909389
2373 0.0907667
2374 0.0905913
2375 0.0904162
2376 0.0902429
2377 0.0900989
2378 0.089906
2379 0.089735
2380 0.0895559
2381 0.0893799
2382 0.0892183
2383 0.0890777
2384 0.0889081
2385 0.0887451
2386 0.0886074
2387 0.0884241
2388 0.0882676
2389 0.0880961
2390 0.087926
2391 0.0877604
2392 0.0876179
2393 0.0874491
2394 0.087281
2395 0.0871148
2396 0.0869508
2397 0.0867995
2398 0.0866392
2399 0.0864824
2400 0.0863528
