1 2.09278
7 2.02477
10 1.8747
21 1.8279
23 1.78793
32 1.65673
34 1.50858
36 1.49808
37 1.44812
39 1.16971
41 1.14176
42 1.00483
43 0.999381
44 0.883877
46 0.859235
48 0.839865
50 0.713373
60 0.688753
61 0.628844
64 0.617439
65 0.570792
66 0.552967
68 0.550956
73 0.544998
74 0.540585
75 0.526125
77 0.517322
79 0.503735
80 0.492822
84 0.48733
85 0.47099
89 0.460761
92 0.45736
98 0.449339
103 0.44699
106 0.444852
108 0.431394
110 0.431061
113 0.418756
114 0.414162
115 0.41356
121 0.402418
124 0.396313
127 0.396209
130 0.394552
131 0.389453
132 0.387953
134 0.382191
137 0.376337
138 0.371249
139 0.369143
141 0.368793
145 0.366906
148 0.360897
153 0.360708
156 0.36051
158 0.360116
161 0.357608
163 0.356546
164 0.356102
165 0.35533
166 0.35422
168 0.353411
169 0.352615
171 0.351551
175 0.350557
184 0.350159
185 0.349489
187 0.349428
189 0.349138
190 0.348369
191 0.347633
192 0.346895
193 0.345557
194 0.345117
195 0.344816
196 0.344061
198 0.343915
199 0.343767
200 0.34369
202 0.343485
205 0.342729
208 0.342005
209 0.341715
211 0.341605
212 0.340796
213 0.340572
214 0.340568
215 0.340037
216 0.340028
218 0.339605
219 0.339553
221 0.33881
223 0.338696
224 0.337808
225 0.337236
226 0.336964
230 0.336448
231 0.3363
232 0.335986
233 0.335765
234 0.335436
235 0.334544
236 0.334085
240 0.333867
242 0.333729
244 0.333547
247 0.332941
251 0.332792
252 0.332771
253 0.33261
254 0.332563
258 0.332477
260 0.332443
261 0.332172
262 0.332023
263 0.331797
270 0.331602
271 0.331559
273 0.331427
276 0.331103
277 0.330829
278 0.330502
279 0.330227
280 0.330107
281 0.329888
282 0.3297
283 0.329422
286 0.329221
287 0.328769
288 0.328413
289 0.328259
290 0.328062
291 0.328053
292 0.327995
295 0.327978
296 0.327857
297 0.32756
299 0.327501
300 0.327294
301 0.327284
305 0.327227
306 0.32717
307 0.327029
309 0.326757
312 0.326459
313 0.326367
314 0.32607
315 0.325973
316 0.32596
319 0.325788
322 0.325758
324 0.325484
325 0.325163
326 0.325016
327 0.324891
328 0.324845
329 0.324837
333 0.324826
336 0.3245
337 0.324308
339 0.324191
340 0.323873
341 0.323816
343 0.323643
345 0.323613
347 0.323591
348 0.32335
349 0.322974
350 0.322761
351 0.322295
352 0.322034
353 0.321767
354 0.321739
355 0.32169
356 0.321571
357 0.321507
358 0.321354
361 0.321188
362 0.321151
364 0.320574
365 0.320397
366 0.320239
367 0.320214
368 0.320202
371 0.320141
373 0.320095
374 0.319794
376 0.319463
379 0.319273
381 0.319258
383 0.319228
384 0.319179
387 0.319133
389 0.318776
390 0.318709
394 0.318509
396 0.31845
400 0.318446
401 0.318385
402 0.318057
404 0.318052
405 0.317836
406 0.317761
409 0.317712
415 0.317403
416 0.317287
421 0.317093
424 0.317082
426 0.316996
428 0.316848
430 0.316757
431 0.316608
432 0.316536
433 0.316521
435 0.31651
437 0.316485
438 0.31646
440 0.316254
442 0.316209
444 0.316149
445 0.315948
446 0.315845
449 0.315738
450 0.315491
451 0.315323
452 0.315246
454 0.315226
456 0.315211
457 0.31512
459 0.315115
462 0.314954
464 0.314862
465 0.314734
466 0.314559
467 0.31451
469 0.314485
470 0.314481
473 0.314253
474 0.314146
475 0.314015
476 0.313845
477 0.313811
478 0.313612
479 0.313482
482 0.313464
483 0.313444
484 0.31329
485 0.313252
486 0.313029
487 0.31286
488 0.312672
489 0.312588
490 0.312518
491 0.312485
492 0.312474
493 0.312362
494 0.312359
495 0.312331
496 0.312264
497 0.312228
498 0.311977
499 0.311791
500 0.311648
502 0.31161
504 0.31159
506 0.311568
510 0.311448
513 0.31137
514 0.311312
516 0.311292
518 0.311271
520 0.311199
521 0.311159
522 0.311057
523 0.31101
524 0.310981
525 0.3109
526 0.310875
528 0.310824
529 0.310822
531 0.310803
532 0.310787
534 0.310696
535 0.310619
536 0.310587
537 0.310552
538 0.310496
541 0.310425
542 0.310384
544 0.310327
545 0.310299
546 0.31028
548 0.310271
550 0.310235
551 0.310164
552 0.310142
554 0.310082
555 0.310079
556 0.310063
558 0.310054
559 0.309994
560 0.309975
562 0.309921
563 0.309904
566 0.309858
567 0.309766
568 0.309739
570 0.309731
572 0.30968
573 0.309623
574 0.309613
575 0.309581
577 0.30958
578 0.309519
579 0.309464
580 0.30944
583 0.309421
584 0.309413
587 0.309351
590 0.309333
594 0.309252
595 0.309225
597 0.309219
601 0.309201
602 0.309139
603 0.309138
607 0.309088
608 0.309048
610 0.309036
611 0.30898
612 0.308975
613 0.308969
616 0.308921
619 0.308919
621 0.30888
622 0.308859
625 0.308838
627 0.308808
628 0.308788
629 0.308776
632 0.308773
633 0.308769
636 0.30872
637 0.30869
638 0.308689
639 0.308679
640 0.308666
641 0.308603
642 0.308566
645 0.308564
647 0.308528
648 0.308519
650 0.308512
651 0.308509
653 0.30846
654 0.308439
655 0.308417
656 0.308395
657 0.308299
660 0.308275
663 0.308201
664 0.308185
667 0.308149
670 0.308063
671 0.308014
673 0.30801
674 0.307987
675 0.307974
676 0.307938
677 0.307836
678 0.307719
679 0.307653
680 0.307557
681 0.30754
682 0.307534
683 0.307497
684 0.307359
685 0.307342
686 0.307315
687 0.307279
689 0.307225
690 0.307045
691 0.306944
692 0.306892
694 0.30687
695 0.306723
696 0.306695
697 0.306647
698 0.306475
699 0.306299
700 0.306174
701 0.306036
702 0.305991
703 0.305959
705 0.305856
706 0.305803
707 0.305759
708 0.305729
710 0.305651
711 0.305558
712 0.305471
713 0.305394
715 0.305386
716 0.305339
717 0.305327
719 0.305251
720 0.305235
721 0.305182
723 0.305175
726 0.305106
729 0.305097
731 0.305057
732 0.305044
734 0.305006
735 0.304971
736 0.304917
737 0.304907
738 0.304903
739 0.304837
740 0.304792
743 0.304789
749 0.304726
750 0.304704
751 0.304692
752 0.304691
754 0.304642
755 0.304596
756 0.304577
757 0.304576
758 0.304522
759 0.304492
762 0.304439
763 0.304383
764 0.304351
765 0.304315
767 0.304308
768 0.304286
777 0.30427
778 0.30424
781 0.304222
782 0.304221
784 0.304218
786 0.304199
787 0.304193
789 0.30418
791 0.304151
792 0.304124
793 0.304111
794 0.304094
795 0.30407
796 0.304049
799 0.304044
801 0.304023
802 0.304014
804 0.303993
807 0.30398
808 0.303972
809 0.303947
810 0.303937
814 0.30392
815 0.303894
816 0.303881
817 0.30386
818 0.303831
819 0.303808
820 0.303783
821 0.303759
822 0.303735
823 0.303714
824 0.303696
825 0.303678
826 0.303676
827 0.303674
828 0.303655
829 0.303642
830 0.303641
831 0.30364
832 0.303624
833 0.303601
834 0.303581
835 0.303565
836 0.303555
837 0.303546
839 0.303538
840 0.303526
842 0.303524
843 0.303516
844 0.303515
845 0.303504
851 0.303501
852 0.303477
855 0.303476
856 0.303472
857 0.303456
858 0.303443
861 0.303427
862 0.303417
863 0.303414
864 0.303412
866 0.303388
867 0.303368
868 0.30335
869 0.303332
870 0.303315
871 0.303294
872 0.303275
873 0.303272
875 0.303247
876 0.303245
878 0.303237
879 0.303226
880 0.303223
882 0.303221
884 0.303206
887 0.303182
888 0.303165
896 0.303158
897 0.303156
898 0.303154
899 0.303148
902 0.303127
903 0.303116
904 0.30311
906 0.303105
907 0.303104
910 0.303093
911 0.303087
912 0.30307
915 0.303066
916 0.303044
918 0.303042
921 0.30304
923 0.303036
925 0.303014
926 0.303003
927 0.302996
931 0.302988
932 0.302979
934 0.302965
937 0.302959
942 0.302939
943 0.302926
945 0.302925
948 0.302909
949 0.302902
950 0.302898
956 0.302894
957 0.302871
958 0.302865
960 0.302863
962 0.302862
964 0.302859
965 0.302855
967 0.302852
972 0.302847
973 0.302846
975 0.302842
977 0.302835
980 0.302826
981 0.302817
982 0.302816
983 0.302815
984 0.302807
985 0.302797
986 0.302789
987 0.302782
988 0.302774
989 0.302768
990 0.302762
991 0.302758
994 0.30275
995 0.302743
996 0.302739
997 0.302733
998 0.302732
1000 0.302729
1002 0.302726
1003 0.302723
1004 0.302714
1006 0.302713
1007 0.302704
1010 0.302701
1011 0.302699
1014 0.302695
1015 0.302693
1017 0.302686
1018 0.302684
1020 0.302674
1021 0.30267
1022 0.302666
1024 0.302665
1029 0.302664
1030 0.302662
1031 0.302652
1032 0.302647
1035 0.302639
1036 0.302633
1037 0.30263
1039 0.302626
1040 0.302624
1041 0.302623
1042 0.302621
1043 0.302618
1044 0.302612
1045 0.302604
1046 0.302601
1047 0.302591
1048 0.302583
1049 0.302576
1050 0.30257
1051 0.302568
1056 0.302566
1057 0.302558
1058 0.302549
1059 0.302541
1060 0.302534
1061 0.302526
1062 0.302518
1063 0.302512
1064 0.302511
1066 0.302505
1067 0.3025
1068 0.302495
1069 0.302487
1070 0.302483
1071 0.302479
1073 0.302478
1074 0.302468
1075 0.302465
1077 0.302464
1079 0.302462
1080 0.30246
1081 0.302458
1083 0.302456
1084 0.302446
1085 0.302443
1086 0.302436
1087 0.302431
1090 0.302428
1092 0.302424
1094 0.302421
1095 0.302416
1096 0.302415
1097 0.302412
1100 0.302411
1103 0.30241
1104 0.302403
1107 0.302398
1108 0.302397
1109 0.302395
1110 0.302393
1111 0.302392
1115 0.302388
1117 0.302377
1118 0.30237
1119 0.302366
1121 0.302362
1124 0.302352
1125 0.302348
1126 0.302347
1128 0.302344
1129 0.302338
1130 0.302336
1132 0.302334
1133 0.302324
1134 0.302323
1136 0.302316
1137 0.302313
1138 0.30231
1139 0.302307
1140 0.302305
1142 0.302304
1143 0.302302
1145 0.3023
1146 0.30229
1148 0.302287
1149 0.302283
1151 0.302282
1154 0.302273
1155 0.302271
1157 0.30227
1158 0.302269
1159 0.30226
1160 0.302254
1161 0.302251
1162 0.302242
1163 0.30224
1164 0.302239
1165 0.302235
1166 0.30223
1167 0.302226
1168 0.302219
1172 0.302217
1173 0.302214
1174 0.302204
1175 0.302196
1176 0.302188
1177 0.30218
1178 0.302176
1179 0.302173
1181 0.302169
1183 0.302168
1184 0.302163
1185 0.302159
1186 0.302155
1187 0.302151
1190 0.302149
1193 0.302143
1194 0.302141
1196 0.302137
1197 0.302134
1198 0.302127
1199 0.302126
1201 0.302125
1203 0.302119
1204 0.30211
1205 0.302103
1206 0.302098
1207 0.302095
1208 0.302093
1211 0.302086
1212 0.302081
1213 0.302077
1214 0.302072
1215 0.302069
1217 0.302061
1218 0.302055
1221 0.302052
1222 0.302048
1224 0.302047
1226 0.302042
1227 0.302041
1228 0.302037
1229 0.302028
1230 0.302022
1231 0.302018
1232 0.302014
1233 0.302009
1235 0.302006
1236 0.302002
1237 0.301997
1238 0.301995
1240 0.30199
1241 0.301985
1244 0.301984
1246 0.301977
1247 0.301971
1248 0.301969
1249 0.301968
1250 0.301966
1251 0.301963
1252 0.301961
1253 0.301952
1256 0.301945
1257 0.301941
1258 0.301933
1259 0.301927
1260 0.301922
1261 0.301921
1262 0.30192
1263 0.301919
1265 0.301908
1266 0.3019
1267 0.301896
1268 0.301895
1269 0.301894
1270 0.301891
1274 0.30189
1275 0.301884
1276 0.301878
1277 0.301877
1278 0.301876
1280 0.301875
1281 0.301871
1284 0.301864
1285 0.301861
1286 0.30186
1287 0.301858
1288 0.301851
1290 0.301849
1291 0.301846
1292 0.301845
1293 0.301842
1294 0.301839
1296 0.301834
1299 0.301833
1300 0.301828
1301 0.301818
1302 0.30181
1303 0.301803
1304 0.301796
1305 0.301793
1309 0.30179
1311 0.301789
1312 0.301785
1313 0.301783
1314 0.301782
1315 0.301778
1317 0.301773
1318 0.301768
1319 0.301763
1320 0.301761
1321 0.301759
1322 0.301755
1323 0.301754
1324 0.301752
1328 0.301749
1329 0.301742
1333 0.30174
1335 0.301739
1336 0.301734
1337 0.301729
1338 0.301728
1340 0.301723
1341 0.30172
1344 0.301713
1345 0.301708
1348 0.301707
1350 0.301704
1351 0.301703
1352 0.301702
1353 0.301701
1355 0.301694
1356 0.301686
1357 0.301683
1358 0.301675
1359 0.301674
1360 0.301672
1361 0.30167
1364 0.301669
1365 0.301661
1366 0.301656
1367 0.301651
1368 0.301648
1370 0.301645
1371 0.30164
1372 0.301637
1376 0.301635
1378 0.301634
1381 0.301629
1382 0.30162
1383 0.301619
1385 0.301617
1386 0.301615
1387 0.301612
1389 0.301606
1390 0.301605
1391 0.301603
1392 0.301597
1393 0.301589
1394 0.301582
1395 0.301576
1396 0.301572
1397 0.301566
1400 0.301561
1401 0.301556
1402 0.301553
1403 0.30155
1409 0.301542
1410 0.301539
1413 0.301537
1415 0.301535
1416 0.301529
1417 0.301527
1418 0.301521
1419 0.30152
1421 0.301519
1423 0.301516
1424 0.301508
1427 0.301499
1428 0.301493
1436 0.301492
1437 0.301486
1438 0.301481
1439 0.301479
1441 0.301478
1442 0.301472
1443 0.301468
1444 0.301467
1447 0.301466
1450 0.301462
1451 0.301454
1454 0.301449
1456 0.301447
1457 0.301445
1459 0.301436
1460 0.301433
1463 0.301424
1464 0.301416
1465 0.301411
1466 0.30141
1468 0.301408
1471 0.3014
1472 0.301393
1473 0.301392
1475 0.301386
1476 0.301382
1480 0.301379
1481 0.301375
1482 0.301372
1483 0.301369
1484 0.301367
1485 0.301364
1488 0.301363
1490 0.301357
1492 0.301355
1493 0.301344
1494 0.301343
1495 0.301342
1497 0.301341
1499 0.30134
1500 0.301334
1501 0.301328
1506 0.301319
1507 0.301311
1508 0.301307
1509 0.301305
1511 0.301299
1512 0.301298
1513 0.301297
1514 0.301292
1515 0.301287
1516 0.301282
1517 0.301276
1518 0.301272
1519 0.301271
1522 0.301265
1523 0.301257
1524 0.301253
1525 0.301248
1527 0.301247
1528 0.301244
1529 0.30124
1530 0.301236
1531 0.301232
1532 0.301229
1533 0.301226
1534 0.301225
1535 0.301224
1536 0.301217
1537 0.30121
1538 0.301202
1539 0.301194
1540 0.301187
1541 0.301179
1542 0.301177
1543 0.301176
1544 0.301175
1545 0.301166
1546 0.301161
1547 0.301159
1549 0.301156
1551 0.301155
1553 0.301151
1554 0.301148
1555 0.301147
1557 0.301144
1558 0.301141
1562 0.301137
1563 0.301131
1565 0.30113
1566 0.301124
1567 0.301123
1570 0.301118
1571 0.301111
1572 0.301108
1573 0.301103
1574 0.3011
1575 0.301098
1579 0.301093
1580 0.301089
1581 0.301086
1582 0.301081
1584 0.30108
1587 0.301076
1588 0.301068
1589 0.301063
1592 0.301058
1593 0.301052
1596 0.301046
1597 0.301043
1598 0.301041
1600 0.30104
1602 0.301039
1606 0.301029
1607 0.301023
1608 0.301021
1609 0.30102
1610 0.301019
1611 0.301017
1612 0.301012
1615 0.301007
1616 0.301005
1618 0.300998
1619 0.300992
1623 0.300991
1624 0.30099
1625 0.300989
1626 0.300981
1627 0.300979
1628 0.300976
1630 0.300972
1631 0.300969
1634 0.300968
1635 0.300962
1636 0.300954
1638 0.300953
1639 0.300946
1640 0.300939
1641 0.300938
1642 0.300937
1647 0.300935
1648 0.300934
1649 0.300927
1654 0.30092
1659 0.300917
1661 0.300912
1662 0.300911
1664 0.300908
1665 0.3009
1666 0.300895
1667 0.300889
1668 0.300887
1670 0.300886
1673 0.300885
1674 0.300882
1676 0.300881
1677 0.300872
1678 0.300869
1680 0.300867
1681 0.300863
1682 0.30086
1684 0.300858
1686 0.300855
1687 0.300854
1690 0.30085
1693 0.300847
1695 0.300844
1696 0.300842
1701 0.300839
1703 0.300831
1704 0.300827
1705 0.300826
1707 0.300821
1708 0.300816
1709 0.300815
1711 0.300814
1713 0.300806
1714 0.300798
1715 0.300793
1716 0.300791
1721 0.300788
1723 0.300787
1724 0.300781
1725 0.300777
1726 0.300775
1728 0.300773
1731 0.300766
1732 0.300762
1733 0.300761
1734 0.30076
1737 0.300759
1738 0.300757
1739 0.300756
1741 0.300748
1742 0.300744
1743 0.300739
1744 0.300737
1747 0.300736
1751 0.300726
1752 0.30072
1756 0.300718
1758 0.300717
1759 0.300711
1760 0.300709
1761 0.300708
1762 0.300707
1763 0.300705
1765 0.300702
1766 0.300695
1767 0.300693
1769 0.300691
1771 0.30069
1773 0.300686
1774 0.300681
1776 0.30068
1777 0.300674
1779 0.300673
1780 0.300669
1784 0.300668
1785 0.300666
1788 0.300665
1790 0.300654
1791 0.300647
1794 0.300646
1796 0.30064
1797 0.300634
1799 0.300632
1801 0.300631
1802 0.300629
1804 0.300622
1805 0.300616
1806 0.300614
1807 0.300613
1810 0.300611
1811 0.300607
1812 0.300605
1813 0.300603
1814 0.300598
1818 0.300589
1819 0.300582
1822 0.300579
1823 0.300576
1825 0.300574
1826 0.300569
1827 0.300567
1829 0.300563
1830 0.300555
1831 0.300551
1832 0.30055
1834 0.300544
1837 0.300541
1842 0.300532
1843 0.300531
1844 0.300529
1845 0.300526
1847 0.300525
1848 0.300522
1849 0.30052
1850 0.300514
1851 0.300508
1852 0.300502
1853 0.300496
1854 0.30049
1856 0.300488
1859 0.300483
1860 0.300481
1861 0.30048
1862 0.300477
1868 0.300475
1869 0.300469
1870 0.300466
1872 0.300465
1874 0.300459
1877 0.300452
1878 0.300447
1879 0.300443
1881 0.300439
1886 0.300433
1889 0.300432
1890 0.300431
1894 0.300427
1895 0.300422
1896 0.30042
1898 0.300418
1900 0.300416
1901 0.300414
1903 0.300407
1904 0.300403
1905 0.300402
1906 0.3004
1908 0.300397
1909 0.300389
1912 0.300385
1917 0.300383
1919 0.300382
1920 0.300381
1921 0.300375
1922 0.300374
1923 0.30037
1924 0.300364
1928 0.300362
1930 0.300359
1932 0.300356
1933 0.300354
1934 0.300347
1937 0.30034
1938 0.300337
1939 0.300336
1940 0.300335
1941 0.300328
1942 0.300322
1943 0.30032
1944 0.300318
1947 0.300313
1948 0.300306
1949 0.300304
1952 0.300303
1955 0.300301
1956 0.300294
1960 0.300291
1961 0.30029
1963 0.300289
1966 0.300285
1967 0.300282
1969 0.300273
1970 0.300269
1971 0.300266
1972 0.300264
1974 0.300259
1975 0.300254
1976 0.300246
1981 0.300237
1982 0.300232
1983 0.300226
1984 0.300225
1985 0.300223
1988 0.300219
1990 0.300218
1991 0.300214
1993 0.300209
1996 0.300204
1997 0.300199
1998 0.300197
1999 0.300195
2004 0.300188
2005 0.300181
2006 0.300175
2007 0.30017
2008 0.300165
2009 0.300164
2012 0.30016
2013 0.30015
2014 0.300142
2015 0.300138
2016 0.300137
2017 0.300135
2018 0.300133
2020 0.300127
2021 0.300123
2022 0.300121
2023 0.300115
2026 0.300107
2027 0.300101
2029 0.3001
2030 0.300095
2031 0.300094
2033 0.30009
2034 0.300089
2036 0.300086
2037 0.300084
2038 0.300082
2041 0.300072
2042 0.300068
2043 0.300065
2045 0.300064
2046 0.300058
2047 0.300056
2051 0.30005
2052 0.300043
2053 0.30004
2055 0.300037
2056 0.300031
2057 0.300029
2059 0.300026
2065 0.300021
2066 0.300016
2067 0.300014
2068 0.300012
2071 0.300005
2073 0.300002
2074 0.300001
2076 0.299994
2077 0.299992
2080 0.299986
2082 0.299985
2083 0.299979
2084 0.299973
2085 0.299968
2086 0.299966
2089 0.299964
2090 0.299958
2093 0.299956
2094 0.299955
2098 0.299951
2099 0.299945
2101 0.299944
2102 0.299943
2104 0.299941
2106 0.299935
2107 0.299932
2109 0.29993
2110 0.299929
2111 0.299925
2112 0.299919
2115 0.299917
2117 0.299909
2118 0.299906
2119 0.299903
2120 0.299902
2121 0.299899
2124 0.299896
2125 0.299888
2132 0.299884
2133 0.299876
2134 0.299872
2135 0.299871
2136 0.29987
2137 0.299869
2138 0.299868
2140 0.299858
2141 0.299854
2145 0.299846
2146 0.299843
2148 0.299842
2153 0.299835
2154 0.299828
2155 0.299825
2156 0.299823
2158 0.299816
2159 0.299812
2160 0.299804
2161 0.2998
2162 0.299791
2163 0.299787
2166 0.299781
2169 0.29978
2171 0.299775
2172 0.299772
2174 0.299771
2175 0.299764
2176 0.29976
2178 0.299757
2179 0.299754
2180 0.299752
2184 0.299743
2185 0.299735
2186 0.299732
2187 0.299731
2189 0.299722
2190 0.299716
2191 0.299709
2192 0.299708
2194 0.299706
2195 0.299705
2196 0.299701
2197 0.299698
2198 0.299695
2199 0.299686
2200 0.299681
2201 0.299677
2203 0.299675
2204 0.299671
2205 0.299668
2206 0.299662
2210 0.299661
2211 0.299657
2212 0.299655
2214 0.299654
2215 0.299644
2216 0.299641
2217 0.299638
2218 0.299637
2220 0.299629
2221 0.299623
2222 0.299621
2228 0.299614
2230 0.299612
2233 0.299607
2236 0.299605
2237 0.299603
2239 0.299597
2240 0.299596
2242 0.299595
2244 0.29959
2245 0.299587
2246 0.299583
2248 0.299579
2249 0.299575
2250 0.299569
2251 0.299566
2252 0.29956
2254 0.299559
2255 0.299553
2256 0.299552
2258 0.299548
2259 0.299546
2260 0.299545
2261 0.29954
2264 0.299537
2265 0.29953
2266 0.299529
2268 0.299527
2274 0.299521
2275 0.299513
2278 0.29951
2279 0.299503
2280 0.299498
2281 0.299494
2283 0.299493
2286 0.299489
2287 0.299483
2288 0.29948
2290 0.299477
2291 0.29947
2292 0.299464
2293 0.299462
2294 0.299461
2297 0.299459
2298 0.299458
2299 0.299457
2300 0.299455
2301 0.299446
2302 0.299441
2303 0.299437
2306 0.299432
2307 0.299428
2309 0.299427
2310 0.299426
2313 0.299421
2316 0.299415
2318 0.299413
2319 0.299409
2321 0.299408
2325 0.299405
2326 0.299398
2327 0.299394
2328 0.299389
2329 0.299384
2330 0.299381
2333 0.299372
2334 0.299369
2336 0.299368
2338 0.299367
2339 0.299366
2340 0.299365
2342 0.299358
2344 0.299357
2345 0.299349
2346 0.299343
2347 0.29934
2350 0.299334
2353 0.299333
2355 0.299327
2356 0.299324
2360 0.299323
2361 0.299317
2363 0.299316
2364 0.299313
2368 0.299312
2369 0.299308
2370 0.299303
2372 0.2993
2373 0.299294
2374 0.299287
2375 0.299281
2376 0.299272
2377 0.299264
2378 0.299256
2379 0.299249
2380 0.299243
2381 0.299235
2382 0.299227
2383 0.29922
2384 0.299214
2386 0.299213
2389 0.299209
2390 0.299208
2391 0.299207
2392 0.299205
2393 0.299203
2394 0.299196
2395 0.299191
2398 0.299187
2401 0.299186
2402 0.299184
2403 0.299182
2407 0.299173
2408 0.299171
2412 0.299166
2413 0.299159
2414 0.299154
2415 0.299151
2418 0.299149
2419 0.299148
2420 0.299145
2421 0.299138
2422 0.299137
2423 0.299135
2424 0.299131
2425 0.299127
2426 0.299124
2429 0.299118
2430 0.299116
2431 0.299114
2434 0.299109
2435 0.299106
2438 0.2991
2441 0.299097
2442 0.29909
2443 0.299088
2445 0.299085
2448 0.299081
2449 0.299075
2450 0.299073
2451 0.299071
2457 0.299063
2459 0.299062
2460 0.299058
2463 0.299057
2465 0.29905
2468 0.299049
2470 0.299041
2471 0.299035
2472 0.299031
2473 0.299029
2474 0.299028
2477 0.299023
2478 0.299018
2479 0.299016
2485 0.299009
2486 0.299003
2487 0.298999
2488 0.298998
2489 0.298997
2490 0.298996
2492 0.29899
2493 0.298988
2496 0.298984
2497 0.298979
2498 0.298974
2503 0.29897
2505 0.298964
2506 0.298959
2507 0.298952
2508 0.298949
2511 0.298942
2512 0.298936
2513 0.298929
2514 0.298925
2515 0.29892
2516 0.298915
2517 0.29891
2518 0.298905
2519 0.298897
2520 0.298891
2521 0.298885
2522 0.298878
2523 0.298875
2524 0.298869
2525 0.298863
2526 0.298859
2531 0.298852
2534 0.298849
2535 0.298848
2537 0.298843
2538 0.298841
2540 0.298836
2542 0.298834
2544 0.298826
2545 0.298819
2546 0.298816
2549 0.298813
2550 0.298811
2552 0.298806
2553 0.298797
2554 0.298791
2555 0.298787
2556 0.298786
2557 0.298784
2558 0.298782
2563 0.298778
2565 0.298771
2567 0.29877
2570 0.298765
2573 0.298763
2574 0.298762
2575 0.298759
2576 0.298756
2577 0.298754
2578 0.298746
2579 0.298741
2582 0.29874
2583 0.298737
2584 0.298734
2586 0.298733
2588 0.298729
2589 0.298728
2590 0.298726
2591 0.298719
2592 0.298712
2593 0.298711
2595 0.298709
2598 0.298701
2599 0.298698
2601 0.298692
2603 0.298691
2605 0.298689
2606 0.298684
2607 0.298681
2609 0.29868
2611 0.298678
2614 0.298671
2616 0.298668
2617 0.298663
2618 0.298662
2619 0.298661
2622 0.298654
2623 0.298652
2625 0.298651
2627 0.298644
2628 0.298641
2630 0.29864
2631 0.298636
2632 0.298632
2635 0.29863
2636 0.298626
2639 0.298625
2640 0.298621
2641 0.298616
2644 0.298614
2646 0.29861
2647 0.298605
2649 0.298604
2650 0.298601
2651 0.298596
2654 0.298592
2655 0.298589
2658 0.298588
2659 0.29858
2660 0.298574
2661 0.29857
2662 0.298567
2663 0.298562
2665 0.298561
2667 0.298556
2668 0.298552
2669 0.298548
2670 0.298545
2671 0.298543
2672 0.298536
2673 0.298534
2674 0.298529
2675 0.298525
2676 0.298517
2677 0.298516
2678 0.298512
2679 0.298508
2680 0.298503
2681 0.298499
2682 0.298498
2683 0.298497
2686 0.298492
2688 0.29849
2689 0.298488
2690 0.298482
2691 0.29848
2692 0.298479
2696 0.298476
2698 0.298466
2699 0.298465
2700 0.298464
2701 0.298462
2704 0.298458
2705 0.298454
2707 0.29845
2708 0.298445
2709 0.298444
2711 0.298442
2715 0.298439
2716 0.29843
2717 0.298428
2718 0.298426
2719 0.298421
2720 0.29842
2722 0.298415
2723 0.298413
2725 0.298408
2727 0.298407
2728 0.298399
2729 0.298394
2730 0.298392
2733 0.298389
2738 0.298382
2740 0.298381
2741 0.298379
2742 0.298376
2745 0.298369
2747 0.298365
2749 0.298364
2750 0.298363
2751 0.29836
2752 0.298353
2755 0.298348
2756 0.298346
2758 0.298343
2761 0.29834
2763 0.298336
2764 0.298332
2765 0.298328
2766 0.298326
2768 0.29832
2769 0.298314
2770 0.298309
2771 0.298307
2773 0.298304
2776 0.298298
2777 0.298295
2779 0.298294
2780 0.298289
2781 0.298283
2784 0.298281
2786 0.298279
2787 0.298277
2789 0.298269
2792 0.298266
2793 0.298262
2794 0.298261
2797 0.298259
2800 0.29825
2801 0.298245
2802 0.298239
2807 0.298235
2808 0.298233
2810 0.298231
2811 0.29823
2812 0.298227
2815 0.298217
2816 0.298215
2822 0.298214
2824 0.29821
2825 0.298207
2828 0.298199
2829 0.298193
2830 0.298186
2831 0.298181
2832 0.298179
2835 0.298175
2841 0.298166
2842 0.298162
2844 0.298161
2847 0.29816
2849 0.298153
2852 0.298152
2853 0.298151
2854 0.298142
2855 0.298136
2858 0.298135
2860 0.298127
2863 0.298126
2865 0.298124
2869 0.298116
2872 0.298115
2873 0.298112
2874 0.298111
2878 0.298109
2879 0.298106
2880 0.298103
2881 0.298101
2882 0.2981
2883 0.298098
2884 0.298096
2885 0.298095
2886 0.298093
2889 0.298092
2891 0.29809
2892 0.298087
2893 0.298085
2896 0.298084
2899 0.298081
2900 0.298079
2901 0.298078
2903 0.298077
2904 0.298074
2905 0.298072
2906 0.298069
2907 0.298067
2908 0.298066
2909 0.298064
2910 0.298062
2911 0.29806
2914 0.298059
2916 0.298056
2919 0.298053
2920 0.29805
2921 0.298048
2922 0.298047
2924 0.298046
2925 0.298045
2928 0.298042
2929 0.29804
2930 0.298037
2931 0.298034
2932 0.29803
2933 0.298027
2934 0.298024
2935 0.298021
2936 0.298018
2937 0.298015
2938 0.298013
2939 0.298011
2942 0.29801
2946 0.298008
2947 0.298006
2948 0.298003
2949 0.298002
2952 0.297999
2953 0.297997
2954 0.297996
2960 0.297994
2961 0.297993
2966 0.29799
2967 0.297988
2968 0.297986
2973 0.297984
2974 0.297982
2975 0.297981
2977 0.29798
2978 0.297979
2981 0.297978
2982 0.297976
2983 0.297973
2986 0.297971
2991 0.297969
2992 0.297967
2995 0.297964
2996 0.297961
2997 0.297958
2998 0.297955
2999 0.297952
3000 0.297949
3001 0.297946
3002 0.297943
3003 0.29794
3004 0.297938
3005 0.297937
3007 0.297936
3008 0.297935
3009 0.297934
3015 0.297931
3016 0.297929
3017 0.297928
3020 0.297925
3021 0.297923
3022 0.29792
3023 0.297917
3024 0.297915
3025 0.297913
3026 0.297912
3028 0.297911
3030 0.29791
3031 0.297908
3032 0.297905
3033 0.297904
3034 0.297901
3035 0.297899
3037 0.297898
3038 0.297897
3040 0.297896
3043 0.297895
3044 0.297892
3045 0.29789
3046 0.297889
3047 0.297888
3052 0.297885
3053 0.297883
3054 0.297882
3055 0.297881
3057 0.297879
3058 0.297877
3061 0.297876
3064 0.297873
3065 0.29787
3066 0.297867
3067 0.297864
3068 0.297862
3069 0.297861
3072 0.297859
3073 0.297858
3076 0.297857
3079 0.297856
3080 0.297853
3081 0.297851
3082 0.29785
3083 0.297848
3084 0.297846
3087 0.297844
3092 0.297841
3093 0.297839
3098 0.297837
3099 0.297836
3100 0.297833
3101 0.29783
3102 0.297828
3103 0.297826
3104 0.297824
3105 0.297822
3106 0.297819
3107 0.297816
3108 0.297815
3109 0.297813
3110 0.297811
3111 0.297809
3112 0.297806
3113 0.297804
3114 0.297803
3115 0.297802
3118 0.2978
3119 0.297797
3122 0.297795
3123 0.297794
3124 0.297791
3129 0.29779
3131 0.297788
3132 0.297786
3134 0.297785
3135 0.297784
3136 0.297782
3137 0.29778
3138 0.297779
3139 0.297778
3140 0.297777
3143 0.297774
3144 0.297772
3145 0.29777
3146 0.297767
3149 0.297766
3150 0.297764
3153 0.297762
3154 0.29776
3155 0.297758
3156 0.297757
3158 0.297756
3159 0.297753
3160 0.29775
3161 0.297748
3162 0.297747
3163 0.297745
3164 0.297744
3165 0.297742
3166 0.297739
3167 0.297737
3168 0.297736
3169 0.297735
3170 0.297732
3171 0.297729
3172 0.297727
3173 0.297725
3174 0.297724
3178 0.297721
3183 0.297719
3186 0.297717
3187 0.297716
3189 0.297714
3190 0.297712
3191 0.297709
3194 0.297708
3197 0.297705
3203 0.297702
3204 0.297699
3205 0.297697
3206 0.297696
3209 0.297694
3210 0.297692
3211 0.297691
3213 0.297689
3216 0.297687
3218 0.297686
3219 0.297684
3220 0.297683
3223 0.297681
3224 0.297679
3225 0.297677
3226 0.297675
3229 0.297673
3230 0.297671
3235 0.297669
3236 0.297667
3237 0.297665
3238 0.297664
3239 0.297661
3240 0.29766
3241 0.297657
3242 0.297655
3243 0.297652
3244 0.29765
3245 0.297649
3246 0.297648
3248 0.297645
3249 0.297643
3251 0.297642
3252 0.29764
3253 0.297638
3256 0.297636
3257 0.297635
3260 0.297634
3261 0.297633
3262 0.297632
3263 0.29763
3266 0.297628
3267 0.297626
3268 0.297625
3275 0.297622
3276 0.297621
3279 0.297618
3280 0.297616
3281 0.297614
3282 0.297613
3284 0.297611
3285 0.297609
3286 0.297607
3287 0.297605
3288 0.297602
3289 0.2976
3290 0.297599
3291 0.297598
3292 0.297597
3293 0.297596
3294 0.297593
3295 0.297591
3297 0.29759
3298 0.297589
3300 0.297588
3302 0.297586
3303 0.297584
3306 0.297581
3307 0.297578
3308 0.297576
3309 0.297574
3312 0.297572
3315 0.297571
3316 0.297569
3317 0.297567
3318 0.297565
3319 0.297562
3320 0.297559
3321 0.297556
3322 0.297554
3327 0.297553
3332 0.297552
3333 0.297549
3336 0.297547
3337 0.297545
3338 0.297544
3340 0.297543
3341 0.297542
3343 0.29754
3345 0.297538
3346 0.297536
3347 0.297533
3348 0.29753
3349 0.297528
3350 0.297526
3351 0.297525
3354 0.297524
3357 0.297523
3358 0.297522
3360 0.297519
3361 0.297518
3362 0.297517
3365 0.297516
3367 0.297514
3368 0.297512
3369 0.297509
3370 0.297508
3371 0.297505
3372 0.297502
3373 0.297499
3374 0.297496
3375 0.297493
3376 0.29749
3377 0.297488
3378 0.297486
3379 0.297485
3381 0.297483
3387 0.297481
3388 0.297478
3389 0.297476
3390 0.297474
3393 0.297472
3394 0.297469
3399 0.297467
3400 0.297465
3402 0.297464
3407 0.297463
3408 0.297461
3409 0.297459
3414 0.297458
3415 0.297456
3416 0.297455
3417 0.297453
3418 0.297451
3421 0.297449
3422 0.297448
3423 0.297447
3425 0.297444
3426 0.297442
3429 0.29744
3431 0.297439
3432 0.297436
3433 0.297434
3438 0.297432
3439 0.29743
3440 0.297429
3444 0.297427
3445 0.297424
3446 0.297421
3447 0.297419
3448 0.297417
3449 0.297416
3454 0.297414
3457 0.297413
3458 0.29741
3459 0.297409
3460 0.297406
3461 0.297403
3462 0.297401
3463 0.297398
3464 0.297396
3465 0.297395
3466 0.297392
3467 0.297388
3468 0.297385
3469 0.297384
3472 0.297383
3474 0.297381
3475 0.297378
3476 0.297377
3478 0.297375
3479 0.297372
3480 0.297369
3481 0.297366
3482 0.297364
3483 0.297362
3486 0.297361
3488 0.29736
3490 0.297357
3491 0.297356
3492 0.297355
3493 0.297353
3496 0.297352
3497 0.297349
3498 0.297347
3499 0.297346
3501 0.297344
3502 0.297342
3504 0.297341
3507 0.29734
3509 0.297339
3510 0.297336
3511 0.297335
3512 0.297334
3513 0.297332
3516 0.29733
3517 0.297328
3518 0.297326
3519 0.297324
3522 0.297322
3523 0.29732
3524 0.297318
3525 0.297317
3526 0.297316
3527 0.297314
3529 0.297312
3530 0.29731
3531 0.297308
3532 0.297306
3535 0.297304
3536 0.297302
3539 0.2973
3540 0.297298
3543 0.297295
3544 0.297292
3545 0.29729
3546 0.297288
3547 0.297286
3548 0.297284
3553 0.297283
3555 0.29728
3556 0.297277
3561 0.297276
3562 0.297273
3563 0.297272
3564 0.297271
3567 0.29727
3568 0.297268
3569 0.297266
3570 0.297264
3573 0.297262
3574 0.29726
3575 0.297258
3581 0.297257
3582 0.297255
3583 0.297253
3584 0.297252
3585 0.29725
3586 0.297248
3587 0.297246
3588 0.297244
3589 0.297242
3590 0.29724
3591 0.297238
3592 0.297236
3593 0.297233
3594 0.29723
3595 0.297227
3596 0.297225
3597 0.297224
3602 0.297223
3603 0.297222
3606 0.29722
3607 0.297217
3608 0.297215
3609 0.297213
3611 0.297212
3612 0.297211
3616 0.29721
3617 0.297208
3618 0.297206
3619 0.297204
3621 0.297203
3622 0.297202
3623 0.297199
3624 0.297198
3625 0.297196
3626 0.297195
3628 0.297194
3631 0.297193
3633 0.297192
3634 0.29719
3635 0.297187
3636 0.297186
3637 0.297184
3638 0.297183
3639 0.297182
3640 0.29718
3642 0.297179
3645 0.297177
3646 0.297176
3647 0.297174
3648 0.297172
3649 0.297171
3652 0.297168
3653 0.297166
3654 0.297164
3655 0.297162
3656 0.297161
3658 0.29716
3661 0.297159
3662 0.297156
3663 0.297153
3664 0.297151
3665 0.297149
3666 0.297146
3667 0.297145
3668 0.297144
3672 0.297141
3675 0.297138
3678 0.297137
3679 0.297135
3682 0.297132
3683 0.29713
3684 0.297128
3685 0.297127
3686 0.297125
3687 0.297123
3688 0.297121
3689 0.297118
3690 0.297116
3691 0.297115
3692 0.297113
3693 0.297111
3694 0.297108
3695 0.297105
3696 0.297104
3699 0.297103
3700 0.297102
3701 0.297099
3702 0.297098
3703 0.297097
3704 0.297096
3705 0.297093
3706 0.29709
3707 0.297087
3708 0.297084
3709 0.297081
3710 0.297078
3711 0.297075
3712 0.297073
3713 0.297071
3714 0.297069
3719 0.297067
3722 0.297064
3723 0.297062
3724 0.297061
3725 0.29706
3726 0.297059
3727 0.297058
3731 0.297056
3732 0.297055
3733 0.297054
3734 0.297051
3737 0.29705
3740 0.297048
3741 0.297046
3743 0.297045
3746 0.297043
3747 0.297041
3748 0.297038
3751 0.297036
3752 0.297034
3753 0.297031
3754 0.297029
3759 0.297028
3760 0.297026
3761 0.297023
3766 0.297022
3767 0.297021
3768 0.29702
3771 0.297019
3773 0.297017
3774 0.297016
3775 0.297014
3776 0.297012
3777 0.297011
3780 0.29701
3782 0.297007
3783 0.297004
3784 0.297001
3785 0.296998
3786 0.296996
3787 0.296994
3788 0.296992
3789 0.29699
3790 0.296989
3794 0.296988
3795 0.296987
3797 0.296985
3798 0.296982
3799 0.296981
3802 0.29698
3803 0.296979
3805 0.296978
3806 0.296976
3809 0.296973
3810 0.29697
3811 0.296967
3812 0.296965
3813 0.296962
3814 0.296958
3815 0.296955
3816 0.296952
3817 0.29695
3818 0.296948
3819 0.296946
3826 0.296945
3827 0.296942
3828 0.296941
3831 0.296939
3832 0.296937
3833 0.296935
3834 0.296934
3840 0.296932
3841 0.296928
3842 0.296926
3843 0.296923
3844 0.296921
3845 0.29692
3848 0.296919
3850 0.296918
3851 0.296917
3852 0.296915
3853 0.296913
3856 0.296909
3857 0.296906
3858 0.296904
3859 0.296901
3860 0.296899
3861 0.296897
3862 0.296895
3863 0.296894
3865 0.296893
3868 0.296891
3869 0.296889
3870 0.296887
3871 0.296884
3872 0.296883
3873 0.29688
3874 0.296878
3875 0.296876
3878 0.296873
3879 0.296872
3881 0.296871
3882 0.29687
3883 0.296867
3884 0.296865
3885 0.296864
3888 0.296861
3889 0.296859
3890 0.296857
3891 0.296855
3892 0.296853
3893 0.296852
3896 0.29685
3897 0.296848
3898 0.296847
3899 0.296845
3900 0.296842
3901 0.296839
3902 0.296837
3905 0.296836
3909 0.296834
3910 0.296833
3913 0.296832
3914 0.296829
3915 0.296827
3916 0.296825
3919 0.296823
3920 0.296821
3921 0.29682
3922 0.296818
3923 0.296816
3926 0.296813
3927 0.296812
3928 0.296811
3929 0.296808
3930 0.296807
3931 0.296804
3932 0.296801
3933 0.2968
3935 0.296798
3936 0.296797
3937 0.296795
3938 0.296794
3939 0.296791
3940 0.296789
3941 0.296787
3944 0.296784
3945 0.296782
3946 0.29678
3949 0.296779
3950 0.296778
3951 0.296775
3952 0.296774
3953 0.296773
3954 0.296771
3955 0.29677
3956 0.296768
3957 0.296767
3958 0.296765
3959 0.296762
3960 0.29676
3961 0.296758
3963 0.296757
3964 0.296755
3965 0.296754
3968 0.296751
3971 0.296749
3974 0.296748
3975 0.296745
3978 0.296743
3979 0.296741
3980 0.296738
3983 0.296737
3984 0.296735
3985 0.296734
3987 0.296731
3988 0.296729
3991 0.296728
3992 0.296726
3993 0.296725
3994 0.296724
3996 0.296723
3997 0.296722
3998 0.29672
3999 0.296718
4000 0.296716
4001 0.296715
4004 0.296713
4005 0.296712
4007 0.296709
4008 0.296707
4010 0.296706
4013 0.296704
4014 0.296703
4019 0.296702
4020 0.296701
4021 0.296699
4022 0.296697
4023 0.296695
4026 0.296694
4027 0.296692
4028 0.29669
4029 0.296688
4030 0.296687
4031 0.296686
4032 0.296684
4033 0.296682
4034 0.296678
4035 0.296675
4036 0.296674
4037 0.296671
4038 0.296668
4039 0.296665
4040 0.296662
4041 0.29666
4042 0.296658
4043 0.296655
4044 0.296654
4045 0.296653
4048 0.296652
4051 0.296649
4052 0.296647
4055 0.296644
4056 0.296642
4059 0.296641
4060 0.296639
4061 0.296638
4062 0.296637
4063 0.296633
4064 0.296631
4065 0.29663
4066 0.296628
4067 0.296627
4072 0.296626
4075 0.296625
4076 0.296621
4077 0.296618
4078 0.296616
4079 0.296614
4080 0.296613
4082 0.296611
4083 0.29661
4084 0.296609
4087 0.296608
4088 0.296607
4089 0.296604
4090 0.296603
4091 0.296602
4092 0.296601
4093 0.2966
4094 0.296598
4097 0.296595
4098 0.296594
4102 0.296593
4103 0.296591
4106 0.29659
4107 0.296588
4108 0.296585
4109 0.296583
4110 0.29658
4111 0.296577
4112 0.296576
4113 0.296575
4114 0.296574
4115 0.296573
4116 0.296571
4117 0.29657
4120 0.296568
4123 0.296565
4124 0.296562
4125 0.296559
4126 0.296556
4127 0.296553
4128 0.29655
4129 0.296547
4130 0.296544
4131 0.296542
4132 0.296539
4135 0.296538
4137 0.296537
4139 0.296536
4141 0.296533
4142 0.296531
4143 0.296529
4144 0.296526
4145 0.296524
4146 0.296521
4155 0.29652
4156 0.296517
4159 0.296514
4160 0.296512
4161 0.296509
4162 0.296507
4163 0.296504
4164 0.296502
4167 0.296501
4169 0.2965
4170 0.296498
4171 0.296497
4172 0.296496
4173 0.296493
4174 0.296491
4175 0.296488
4176 0.296485
4177 0.296483
4180 0.296481
4182 0.29648
4188 0.296478
4191 0.296474
4192 0.296471
4193 0.296468
4194 0.296466
4195 0.296465
4196 0.296462
4197 0.296461
4199 0.296459
4201 0.296458
4203 0.296456
4204 0.296453
4205 0.29645
4206 0.296447
4209 0.296445
4210 0.296442
4211 0.296439
4212 0.296438
4213 0.296436
4214 0.296434
4215 0.296433
4218 0.296431
4219 0.296428
4220 0.296426
4223 0.296423
4224 0.29642
4225 0.296418
4228 0.296416
4229 0.296414
4230 0.296413
4232 0.296411
4233 0.296409
4234 0.296408
4236 0.296405
4237 0.296403
4238 0.296402
4239 0.2964
4242 0.296399
4243 0.296396
4244 0.296395
4247 0.296393
4248 0.296391
4251 0.29639
4252 0.296389
4256 0.296387
4257 0.296384
4258 0.296383
4259 0.296382
4260 0.296381
4261 0.296378
4262 0.296375
4263 0.296374
4264 0.296373
4265 0.296372
4268 0.29637
4269 0.296367
4270 0.296364
4271 0.296361
4272 0.29636
4273 0.296358
4274 0.296355
4275 0.296354
4276 0.296353
4277 0.296352
4282 0.296351
4283 0.296349
4290 0.296346
4291 0.296345
4292 0.296342
4293 0.29634
4294 0.296338
4295 0.296336
4296 0.296334
4297 0.296332
4302 0.29633
4303 0.296328
4304 0.296326
4307 0.296325
4308 0.296323
4311 0.296321
4313 0.29632
4314 0.296319
4315 0.296318
4318 0.296317
4320 0.296316
4321 0.296314
4324 0.296313
4325 0.296311
4328 0.296309
4330 0.296308
4331 0.296305
4332 0.296303
4333 0.296301
4334 0.296299
4335 0.296296
4336 0.296294
4337 0.296292
4338 0.296291
4339 0.296289
4340 0.296287
4341 0.296285
4342 0.296283
4343 0.29628
4344 0.296277
4345 0.296276
4346 0.296274
4347 0.296271
4348 0.296269
4351 0.296268
4355 0.296266
4356 0.296263
4357 0.296261
4358 0.29626
4359 0.296257
4360 0.296255
4361 0.296253
4362 0.296251
4365 0.29625
4366 0.296248
4367 0.296246
4368 0.296243
4369 0.296241
4370 0.296238
4371 0.296236
4372 0.296234
4373 0.296232
4378 0.296231
4380 0.296228
4383 0.296227
4385 0.296226
4386 0.296225
4387 0.296223
4388 0.296222
4391 0.296221
4393 0.296218
4394 0.296216
4397 0.296214
4398 0.296212
4399 0.296211
4400 0.29621
4401 0.296209
4403 0.296208
4405 0.296206
4408 0.296204
4409 0.296203
4410 0.296201
4413 0.2962
4414 0.296197
4415 0.296196
4416 0.296195
4417 0.296194
4418 0.296191
4419 0.296189
4420 0.296187
4423 0.296184
4424 0.296181
4425 0.296179
4426 0.296177
4428 0.296176
4429 0.296175
4430 0.296171
4431 0.296169
4432 0.296167
4433 0.296165
4434 0.296163
4435 0.296162
4436 0.29616
4438 0.296159
4441 0.296158
4443 0.296156
4444 0.296155
4451 0.296153
4456 0.29615
4457 0.296149
4460 0.296147
4461 0.296146
4462 0.296144
4463 0.296142
4464 0.29614
4465 0.296138
4466 0.296135
4467 0.296132
4468 0.296129
4469 0.296127
4471 0.296126
4474 0.296125
4480 0.296124
4483 0.296121
4484 0.296119
4485 0.296116
4486 0.296113
4487 0.29611
4488 0.296107
4489 0.296104
4490 0.296101
4491 0.296099
4493 0.296098
4502 0.296095
4503 0.296094
4504 0.296093
4505 0.29609
4506 0.296087
4507 0.296085
4508 0.296082
4509 0.296079
4510 0.296077
4511 0.296076
4520 0.296075
4521 0.296073
4524 0.29607
4525 0.296068
4535 0.296065
4536 0.296063
4539 0.29606
4540 0.296057
4541 0.296054
4542 0.296052
4543 0.296049
4544 0.296048
4545 0.296045
4546 0.296043
4547 0.29604
4548 0.296038
4549 0.296037
4550 0.296036
4553 0.296033
4554 0.296032
4555 0.296029
4556 0.296027
4557 0.296025
4558 0.296024
4559 0.296022
4560 0.296021
4562 0.29602
4563 0.296018
4564 0.296016
4565 0.296013
4566 0.296011
4569 0.296008
4570 0.296007
4574 0.296006
4575 0.296005
4577 0.296004
4578 0.296003
4580 0.296002
4583 0.296001
4585 0.295999
4588 0.295996
4589 0.295993
4590 0.295991
4591 0.295988
4592 0.295986
4593 0.295984
4594 0.295983
4599 0.295982
4600 0.29598
4601 0.295977
4606 0.295976
4607 0.295975
4608 0.295974
4611 0.295973
4614 0.295972
4615 0.29597
4619 0.295969
4620 0.295968
4625 0.295965
4628 0.295963
4629 0.295961
4630 0.295959
4631 0.295957
4634 0.295955
4635 0.295953
4636 0.295952
4638 0.29595
4639 0.295949
4641 0.295948
4644 0.295946
4647 0.295944
4650 0.295943
4651 0.295942
4653 0.29594
4654 0.295939
4655 0.295938
4656 0.295936
4657 0.295935
4660 0.295933
4661 0.29593
4662 0.295928
4663 0.295927
4664 0.295923
4665 0.29592
4666 0.295917
4667 0.295915
4668 0.295913
4669 0.295911
4670 0.295909
4671 0.295908
4675 0.295905
4676 0.295902
4677 0.2959
4678 0.295898
4679 0.295897
4680 0.295896
4681 0.295895
4682 0.295894
4685 0.295891
4686 0.295888
4687 0.295886
4688 0.295883
4689 0.295882
4690 0.295881
4691 0.29588
4695 0.295878
4696 0.295876
4697 0.295874
4698 0.295871
4699 0.295869
4700 0.295866
4701 0.295864
4702 0.295862
4703 0.295861
4706 0.29586
4707 0.295859
4708 0.295858
4709 0.295856
4710 0.295854
4711 0.295852
4712 0.295849
4713 0.295847
4714 0.295845
4715 0.295844
4719 0.295842
4720 0.295839
4721 0.295837
4722 0.295836
4723 0.295834
4724 0.29583
4725 0.295827
4726 0.295824
4727 0.295822
4728 0.29582
4729 0.295818
4730 0.295817
4732 0.295816
4733 0.295814
4734 0.295813
4736 0.29581
4737 0.295809
4738 0.295806
4741 0.295804
4742 0.295803
4744 0.295802
4746 0.2958
4747 0.295797
4748 0.295794
4749 0.295792
4750 0.295791
4751 0.29579
4753 0.295789
4754 0.295788
4755 0.295787
4759 0.295785
4760 0.295782
4761 0.29578
4764 0.295778
4765 0.295776
4766 0.295773
4767 0.295772
4768 0.29577
4769 0.295768
4770 0.295767
4771 0.295765
4772 0.295763
4773 0.295762
4775 0.295761
4776 0.29576
4777 0.295757
4778 0.295754
4779 0.295752
4782 0.29575
4785 0.295749
4786 0.295746
4787 0.295744
4790 0.295741
4791 0.295739
4794 0.295738
4795 0.295736
4797 0.295735
4798 0.295733
4799 0.295732
4803 0.295729
4804 0.295727
4805 0.295724
4806 0.295723
4807 0.295721
4808 0.295719
4809 0.295718
4811 0.295717
4812 0.295716
4813 0.295715
4814 0.295714
4815 0.295711
4816 0.29571
4817 0.295707
4818 0.295705
4819 0.295703
4822 0.295701
4823 0.2957
4824 0.295699
4828 0.295698
4829 0.295696
4832 0.295693
4835 0.295692
4836 0.295691
4838 0.295688
4839 0.295686
4842 0.295683
4843 0.295681
4844 0.295679
4845 0.295678
4846 0.295677
4850 0.295675
4851 0.295673
4852 0.295672
4853 0.295671
4854 0.295669
4859 0.295666
4860 0.295664
4863 0.295662
4866 0.295661
4867 0.295659
4868 0.295657
4871 0.295654
4872 0.295652
4875 0.29565
4880 0.295649
4882 0.295648
4883 0.295647
4884 0.295645
4887 0.295644
4888 0.295642
4889 0.29564
4894 0.295638
4895 0.295637
4896 0.295635
4897 0.295634
4900 0.295631
4901 0.295629
4902 0.295628
4903 0.295627
4904 0.295624
4907 0.295622
4909 0.295619
4910 0.295618
4911 0.295616
4912 0.295614
4917 0.295612
4919 0.295611
4920 0.29561
4921 0.295609
4922 0.295608
4925 0.295607
4926 0.295606
4927 0.295604
4931 0.295603
4932 0.2956
4933 0.295597
4934 0.295596
4937 0.295593
4938 0.295591
4939 0.295588
4940 0.295586
4941 0.295584
4942 0.295582
4945 0.295581
4947 0.29558
4948 0.295578
4949 0.295575
4950 0.295574
4951 0.295572
4952 0.295571
4955 0.29557
4956 0.295568
4957 0.295566
4960 0.295565
4961 0.295563
4962 0.295562
4963 0.295561
4964 0.29556
4966 0.295559
4967 0.295558
4968 0.295555
4969 0.295551
4970 0.295548
4971 0.295547
4972 0.295545
4973 0.295543
4974 0.295542
4975 0.29554
4976 0.295539
4982 0.295536
4983 0.295535
4984 0.295534
4985 0.295533
4986 0.295531
4987 0.295529
4988 0.295527
4989 0.295525
4990 0.295523
4991 0.295521
4992 0.29552
4993 0.295519
4994 0.295517
4995 0.295516
4998 0.295513
4999 0.295511
5000 0.295508
5001 0.295505
5002 0.295504
5003 0.295502
5006 0.2955
5007 0.295497
5010 0.295494
5011 0.295493
5012 0.29549
5013 0.295487
5014 0.295485
5015 0.295484
5018 0.295483
5019 0.29548
5020 0.295478
5021 0.295477
5022 0.295475
5024 0.295474
5025 0.295471
5026 0.29547
5027 0.295468
5029 0.295467
5032 0.295465
5033 0.295463
5036 0.295462
5037 0.295461
5038 0.295458
5041 0.295457
5042 0.295456
5043 0.295455
5045 0.295453
5046 0.295452
5047 0.295451
5048 0.295449
5051 0.295446
5052 0.295443
5053 0.295442
5054 0.29544
5055 0.295438
5056 0.295435
5057 0.295434
5058 0.295433
5060 0.295432
5061 0.29543
5064 0.295428
5065 0.295426
5068 0.295423
5069 0.29542
5070 0.295417
5071 0.295415
5075 0.295414
5076 0.295413
5082 0.295411
5085 0.295408
5086 0.295406
5087 0.295405
5089 0.295402
5090 0.295399
5091 0.295398
5092 0.295395
5093 0.295392
5094 0.295389
5095 0.295387
5096 0.295385
5097 0.295382
5098 0.29538
5099 0.295377
5104 0.295374
5105 0.295373
5106 0.295372
5109 0.295371
5112 0.295369
5113 0.295367
5115 0.295366
5116 0.295364
5117 0.295363
5118 0.295361
5119 0.29536
5120 0.295358
5122 0.295357
5123 0.295356
5124 0.295354
5125 0.295352
5126 0.295349
5127 0.295347
5128 0.295345
5129 0.295343
5130 0.295341
5131 0.295339
5132 0.295338
5134 0.295335
5135 0.295332
5136 0.29533
5137 0.295327
5138 0.295324
5139 0.295321
5140 0.295319
5141 0.295318
5144 0.295317
5145 0.295316
5147 0.295314
5149 0.295313
5150 0.29531
5151 0.295307
5152 0.295306
5155 0.295305
5157 0.295304
5158 0.295301
5159 0.295299
5160 0.295298
5161 0.295297
5163 0.295294
5164 0.29529
5165 0.295288
5166 0.295285
5167 0.295283
5168 0.295281
5169 0.295279
5170 0.295278
5171 0.295275
5174 0.295273
5175 0.295272
5176 0.29527
5177 0.295269
5179 0.295267
5181 0.295266
5184 0.295263
5185 0.29526
5186 0.295258
5187 0.295257
5188 0.295256
5189 0.295255
5191 0.295254
5192 0.295252
5193 0.29525
5194 0.295248
5195 0.295246
5196 0.295245
5197 0.295242
5198 0.295241
5199 0.29524
5205 0.295236
5206 0.295234
5207 0.295232
5210 0.29523
5211 0.295229
5214 0.295227
5216 0.295226
5217 0.295223
5218 0.295221
5219 0.295219
5220 0.295218
5223 0.295216
5224 0.295214
5225 0.295212
5226 0.29521
5227 0.295206
5228 0.295203
5229 0.295201
5230 0.295198
5231 0.295195
5232 0.295192
5233 0.295189
5234 0.295187
5235 0.295184
5236 0.295182
5237 0.29518
5238 0.295179
5242 0.295176
5243 0.295173
5244 0.295171
5245 0.295169
5248 0.295167
5249 0.295166
5250 0.295164
5251 0.295162
5255 0.295161
5256 0.295159
5259 0.295156
5262 0.295155
5263 0.295154
5265 0.295153
5269 0.295152
5270 0.295149
5271 0.295147
5272 0.295144
5275 0.295143
5276 0.295142
5278 0.295141
5279 0.295138
5280 0.295136
5282 0.295135
5283 0.295133
5284 0.295131
5285 0.295128
5286 0.295127
5289 0.295126
5290 0.295125
5291 0.295123
5292 0.29512
5293 0.295118
5294 0.295116
5297 0.295113
5298 0.295112
5305 0.29511
5306 0.295108
5307 0.295106
5308 0.295105
5309 0.295101
5310 0.295099
5311 0.295098
5312 0.295096
5315 0.295095
5316 0.295094
5317 0.295092
5318 0.295091
5319 0.29509
5320 0.295089
5322 0.295087
5323 0.295086
5325 0.295085
5326 0.295084
5328 0.295083
5329 0.29508
5330 0.295079
5331 0.295076
5332 0.295074
5333 0.295072
5334 0.29507
5335 0.295068
5337 0.295067
5338 0.295065
5339 0.295063
5342 0.29506
5343 0.295057
5344 0.295055
5345 0.295053
5346 0.295051
5347 0.29505
5348 0.295047
5349 0.295045
5350 0.295044
5351 0.295042
5352 0.295041
5353 0.295039
5354 0.295037
5355 0.295036
5358 0.295035
5361 0.295031
5362 0.295029
5363 0.295028
5365 0.295026
5366 0.295025
5367 0.295024
5368 0.295022
5370 0.295021
5371 0.295018
5372 0.295017
5373 0.295015
5374 0.295014
5375 0.295013
5376 0.295012
5377 0.295011
5378 0.295009
5381 0.295007
5382 0.295006
5383 0.295004
5388 0.295002
5391 0.294999
5394 0.294997
5395 0.294994
5396 0.294993
5397 0.294991
5400 0.29499
5401 0.294987
5402 0.294985
5403 0.294984
5404 0.294982
5405 0.294981
5407 0.294979
5408 0.294977
5409 0.294974
5410 0.294972
5413 0.29497
5414 0.294968
5417 0.294966
5418 0.294965
5420 0.294964
5422 0.294963
5423 0.29496
5424 0.294958
5425 0.294957
5426 0.294955
5427 0.294952
5428 0.294949
5429 0.294946
5430 0.294943
5431 0.29494
5432 0.294937
5433 0.294934
5434 0.294932
5435 0.294931
5437 0.29493
5439 0.294928
5445 0.294927
5446 0.294924
5447 0.294922
5452 0.29492
5453 0.294919
5454 0.294917
5455 0.294916
5457 0.294915
5458 0.294913
5459 0.294911
5460 0.294909
5463 0.294908
5464 0.294906
5467 0.294905
5468 0.294902
5469 0.2949
5472 0.294898
5473 0.294897
5477 0.294895
5478 0.294893
5479 0.294892
5480 0.29489
5481 0.294888
5483 0.294887
5484 0.294885
5487 0.294884
5488 0.294883
5489 0.294882
5491 0.29488
5492 0.294878
5495 0.294876
5496 0.294875
5497 0.294873
5499 0.294872
5500 0.29487
5501 0.294869
5503 0.294867
5504 0.294864
5505 0.294861
5506 0.29486
5507 0.294857
5508 0.294855
5509 0.294854
5510 0.294853
5511 0.294852
5516 0.29485
5517 0.294848
5518 0.294846
5519 0.294845
5520 0.294843
5523 0.294841
5524 0.294838
5527 0.294836
5528 0.294835
5529 0.294833
5532 0.294832
5533 0.294831
5537 0.294829
5539 0.294828
5542 0.294826
5545 0.294824
5548 0.294822
5549 0.294821
5550 0.29482
5551 0.294819
5552 0.294818
5556 0.294816
5557 0.294814
5558 0.294812
5563 0.294809
5564 0.294807
5565 0.294806
5570 0.294804
5571 0.294802
5572 0.294801
5574 0.2948
5575 0.294798
5576 0.294797
5577 0.294795
5578 0.294793
5580 0.294792
5581 0.29479
5582 0.294787
5583 0.294785
5584 0.294784
5587 0.294783
5590 0.294781
5591 0.29478
5592 0.294779
5593 0.294777
5594 0.294773
5595 0.29477
5596 0.294768
5597 0.294767
5600 0.294764
5605 0.294763
5606 0.29476
5607 0.294759
5612 0.294757
5613 0.294756
5615 0.294753
5616 0.294751
5617 0.29475
5618 0.294748
5619 0.294746
5622 0.294743
5623 0.294742
5624 0.294738
5625 0.294736
5626 0.294733
5627 0.294732
5636 0.294729
5639 0.294726
5640 0.294724
5641 0.294722
5642 0.294721
5649 0.294719
5651 0.294718
5654 0.294715
5655 0.294713
5658 0.29471
5659 0.294707
5660 0.294704
5661 0.294701
5662 0.294699
5663 0.294697
5666 0.294695
5667 0.294693
5668 0.294692
5670 0.29469
5671 0.294688
5672 0.294686
5673 0.294683
5674 0.294681
5675 0.294677
5676 0.294675
5677 0.294673
5678 0.294672
5679 0.294671
5680 0.29467
5683 0.294668
5685 0.294667
5686 0.294665
5687 0.294661
5688 0.294658
5689 0.294656
5690 0.294655
5693 0.294653
5696 0.294651
5699 0.294648
5700 0.294645
5701 0.294643
5702 0.29464
5703 0.294639
5704 0.294636
5705 0.294634
5706 0.294633
5709 0.29463
5710 0.294628
5711 0.294626
5712 0.294624
5715 0.294623
5716 0.29462
5717 0.294619
5718 0.294618
5720 0.294615
5721 0.294613
5724 0.294612
5726 0.29461
5731 0.294607
5732 0.294604
5733 0.294602
5734 0.294601
5738 0.2946
5740 0.294598
5741 0.294597
5744 0.294595
5747 0.294593
5748 0.294591
5749 0.29459
5750 0.294589
5752 0.294587
5753 0.294585
5754 0.294582
5755 0.294579
5756 0.294577
5757 0.294575
5767 0.294573
5770 0.29457
5771 0.294567
5772 0.294564
5773 0.294562
5774 0.29456
5776 0.294559
5777 0.294557
5778 0.294556
5779 0.294554
5780 0.294552
5781 0.29455
5782 0.294547
5783 0.294546
5786 0.294545
5789 0.294544
5790 0.294541
5791 0.294538
5794 0.294535
5795 0.294532
5796 0.294531
5799 0.29453
5803 0.294528
5804 0.294526
5805 0.294524
5806 0.294523
5807 0.294522
5808 0.294519
5809 0.294517
5810 0.294515
5813 0.294514
5815 0.294512
5816 0.29451
5817 0.294509
5818 0.294508
5819 0.294506
5820 0.294504
5823 0.294501
5824 0.294499
5825 0.294497
5828 0.294496
5831 0.294494
5833 0.294493
5834 0.294491
5835 0.294489
5836 0.294488
5837 0.294486
5838 0.294485
5839 0.294483
5844 0.294481
5845 0.294478
5846 0.294475
5847 0.294474
5848 0.294472
5849 0.294471
5852 0.29447
5853 0.294468
5854 0.294466
5858 0.294463
5859 0.294461
5862 0.294459
5865 0.294457
5868 0.294455
5869 0.294453
5872 0.294452
5873 0.294449
5876 0.294447
5877 0.294445
5878 0.294444
5881 0.294442
5882 0.294439
5883 0.294438
5884 0.294437
5886 0.294436
5887 0.294433
5888 0.29443
5889 0.294429
5890 0.294428
5892 0.294426
5893 0.294425
5894 0.294424
5897 0.294422
5900 0.294418
5901 0.294415
5902 0.294414
5903 0.294413
5905 0.294411
5906 0.29441
5910 0.294409
5911 0.294407
5912 0.294404
5913 0.294402
5914 0.2944
5915 0.294399
5918 0.294397
5921 0.294396
5922 0.294395
5924 0.294394
5925 0.294392
5928 0.294389
5929 0.294388
5930 0.294386
5931 0.294383
5934 0.294381
5935 0.29438
5936 0.294378
5937 0.294377
5938 0.294376
5939 0.294375
5940 0.294374
5941 0.294373
5942 0.294372
5943 0.29437
5944 0.294368
5945 0.294367
5946 0.294366
5947 0.294365
5948 0.294364
5950 0.294363
5951 0.294362
5952 0.294359
5953 0.294358
5954 0.294356
5955 0.294354
5956 0.294352
5961 0.294351
5962 0.294348
5965 0.294347
5966 0.294346
5968 0.294345
5969 0.294342
5970 0.294339
5971 0.294336
5972 0.294334
5973 0.294332
5976 0.29433
5983 0.294327
5984 0.294324
5985 0.294322
5988 0.294321
5996 0.294318
5997 0.294317
5998 0.294315
5999 0.294313
6000 0.294312
6002 0.294311
6003 0.294308
6004 0.294306
6005 0.294304
6006 0.294301
6007 0.294299
6008 0.294296
6009 0.294294
6010 0.294291
6011 0.294288
6014 0.294285
6015 0.294283
6016 0.29428
6017 0.294279
6018 0.294276
6019 0.294273
6020 0.29427
6021 0.294269
6022 0.294267
6023 0.294266
6027 0.294264
6028 0.294262
6029 0.294259
6032 0.294256
6033 0.294255
6036 0.294254
6038 0.294253
6041 0.294251
6043 0.29425
6044 0.294248
6045 0.294246
6046 0.294245
6051 0.294242
6052 0.294239
6053 0.294236
6054 0.294234
6055 0.294232
6056 0.29423
6059 0.294227
6062 0.294226
6063 0.294225
6065 0.294222
6068 0.294221
6069 0.29422
6071 0.294218
6072 0.294215
6075 0.294213
6076 0.29421
6077 0.294207
6078 0.294204
6079 0.294201
6080 0.294198
6081 0.294195
6082 0.294193
6083 0.294192
6084 0.294191
6089 0.29419
6090 0.294188
6091 0.294187
6092 0.294185
6093 0.294182
6094 0.294181
6097 0.294179
6098 0.294177
6099 0.294176
6101 0.294174
6102 0.294172
6105 0.29417
6106 0.294167
6107 0.294165
6108 0.294164
6113 0.294162
6114 0.294159
6115 0.294156
6116 0.294154
6117 0.294152
6126 0.29415
6127 0.294148
6130 0.294146
6131 0.294144
6132 0.294142
6133 0.294139
6134 0.294136
6135 0.294133
6136 0.29413
6137 0.294127
6138 0.294124
6139 0.294121
6140 0.294119
6141 0.294117
6142 0.294114
6143 0.294111
6144 0.294109
6145 0.294107
6146 0.294106
6148 0.294104
6149 0.294102
6150 0.294099
6151 0.294096
6152 0.294094
6155 0.294092
6158 0.294091
6159 0.294089
6162 0.294088
6163 0.294085
6164 0.294082
6165 0.29408
6166 0.294077
6167 0.294075
6168 0.294072
6169 0.29407
6170 0.294068
6171 0.294065
6172 0.294063
6173 0.294061
6174 0.294059
6175 0.294057
6180 0.294056
6184 0.294054
6185 0.294051
6188 0.294048
6189 0.294045
6190 0.294042
6191 0.294041
6192 0.29404
6194 0.294037
6195 0.294034
6196 0.294032
6197 0.29403
6200 0.294028
6201 0.294026
6204 0.294024
6205 0.294023
6206 0.294022
6207 0.29402
6210 0.294018
6211 0.294017
6212 0.294015
6213 0.294013
6214 0.294011
6215 0.294009
6216 0.294007
6219 0.294005
6220 0.294003
6221 0.294001
6222 0.293999
6223 0.293998
6224 0.293997
6226 0.293996
6229 0.293993
6232 0.293991
6233 0.293988
6234 0.293985
6235 0.293984
6236 0.293983
6239 0.29398
6240 0.293977
6241 0.293975
6242 0.293973
6245 0.293971
6246 0.293969
6247 0.293968
6249 0.293967
6252 0.293964
6253 0.293963
6254 0.293961
6257 0.29396
6259 0.293959
6260 0.293956
6261 0.293954
6262 0.293953
6263 0.293952
6265 0.29395
6266 0.293948
6267 0.293947
6271 0.293945
6272 0.293942
6273 0.293941
6277 0.29394
6280 0.293938
6281 0.293936
6282 0.293934
6283 0.293931
6284 0.293928
6285 0.293926
6286 0.293923
6287 0.293921
6288 0.293919
6289 0.293918
6293 0.293916
6294 0.293913
6295 0.29391
6296 0.293908
6299 0.293906
6300 0.293905
6302 0.293904
6306 0.293902
6307 0.293901
6310 0.293898
6311 0.293897
6314 0.293896
6315 0.293894
6316 0.293893
6318 0.293892
6320 0.293891
6321 0.293889
6322 0.293887
6323 0.293885
6324 0.293884
6327 0.293882
6328 0.29388
6329 0.293877
6330 0.293874
6331 0.293871
6332 0.293868
6333 0.293866
6334 0.293864
6335 0.293862
6336 0.293859
6339 0.293858
6343 0.293856
6344 0.293855
6347 0.293854
6348 0.293851
6349 0.293848
6350 0.293845
6351 0.293842
6352 0.29384
6353 0.293839
6354 0.293837
6355 0.293835
6356 0.293834
6359 0.293833
6363 0.29383
6364 0.293829
6365 0.293827
6366 0.293824
6367 0.293821
6368 0.293817
6369 0.293814
6370 0.293811
6371 0.293809
6374 0.293807
6375 0.293806
6377 0.293804
6378 0.293802
6379 0.293799
6380 0.293796
6381 0.293794
6382 0.293792
6383 0.29379
6384 0.293788
6385 0.293787
6387 0.293786
6389 0.293785
6390 0.293784
6391 0.293782
6392 0.29378
6395 0.293778
6396 0.293777
6401 0.293774
6404 0.293773
6405 0.29377
6406 0.293769
6407 0.293766
6408 0.293765
6409 0.293763
6410 0.293761
6411 0.29376
6412 0.293759
6413 0.293756
6414 0.293753
6415 0.29375
6416 0.293747
6417 0.293744
6418 0.293741
6419 0.293737
6420 0.293735
6421 0.293732
6422 0.293729
6423 0.293727
6424 0.293725
6427 0.293723
6428 0.293721
6429 0.29372
6430 0.293717
6431 0.293715
6432 0.293712
6433 0.293709
6434 0.293707
6435 0.293704
6436 0.293702
6437 0.2937
6440 0.293699
6441 0.293697
6442 0.293694
6443 0.293693
6445 0.293692
6447 0.293691
6448 0.293689
6449 0.293687
6450 0.293684
6453 0.293682
6454 0.293679
6455 0.293677
6456 0.293674
6457 0.293673
6460 0.293671
6461 0.29367
6462 0.293667
6463 0.293665
6464 0.293664
6468 0.293661
6469 0.293659
6472 0.293657
6475 0.293655
6476 0.293653
6479 0.293651
6480 0.293649
6483 0.293648
6489 0.293646
6490 0.293643
6491 0.293641
6492 0.29364
6493 0.293638
6494 0.293634
6495 0.293631
6496 0.293629
6497 0.293628
6498 0.293626
6501 0.293623
6502 0.29362
6503 0.293617
6504 0.293614
6505 0.293611
6506 0.293608
6507 0.293605
6508 0.293602
6509 0.293599
6510 0.293596
6511 0.293594
6512 0.293591
6513 0.293589
6514 0.293588
6515 0.293585
6516 0.293582
6517 0.293579
6518 0.293576
6519 0.293573
6520 0.29357
6521 0.293568
6524 0.293567
6525 0.293564
6526 0.293561
6527 0.293559
6528 0.293556
6529 0.293554
6530 0.293553
6531 0.293552
6532 0.29355
6533 0.293547
6536 0.293546
6537 0.293544
6539 0.293543
6540 0.293541
6543 0.293539
6546 0.293536
6547 0.293534
6550 0.293531
6553 0.29353
6554 0.293529
6556 0.293526
6557 0.293524
6558 0.293521
6559 0.29352
6560 0.293518
6561 0.293517
6563 0.293515
6564 0.293513
6565 0.293511
6569 0.29351
6570 0.293506
6571 0.293503
6572 0.2935
6573 0.293498
6574 0.293497
6575 0.293496
6577 0.293495
6578 0.293494
6579 0.293491
6580 0.293489
6581 0.293487
6582 0.293484
6583 0.293482
6584 0.29348
6585 0.293478
6586 0.293477
6591 0.293475
6592 0.293472
6593 0.29347
6594 0.293468
6595 0.293467
6598 0.293465
6599 0.293464
6604 0.293461
6605 0.293458
6606 0.293456
6607 0.293453
6608 0.293452
6610 0.29345
6615 0.293448
6616 0.293446
6617 0.293443
6618 0.293441
6619 0.293438
6620 0.293436
6621 0.293433
6622 0.293431
6623 0.293429
6624 0.293427
6625 0.293424
6626 0.293421
6627 0.293418
6628 0.293416
6629 0.293414
6630 0.293412
6631 0.29341
6632 0.293409
6635 0.293407
6638 0.293406
6641 0.293405
6642 0.293402
6643 0.2934
6648 0.293398
6649 0.293396
6650 0.293395
6652 0.293394
6654 0.293392
6655 0.293391
6656 0.293388
6657 0.293387
6658 0.293385
6661 0.293383
6662 0.293382
6663 0.29338
6664 0.293379
6668 0.293378
6669 0.293377
6670 0.293376
6671 0.293374
6673 0.293372
6674 0.293369
6675 0.293367
6684 0.293366
6685 0.293362
6686 0.29336
6687 0.293359
6688 0.293356
6689 0.293355
6691 0.293353
6692 0.293351
6693 0.293349
6694 0.293348
6701 0.293347
6702 0.293344
6703 0.293343
6706 0.293341
6707 0.293338
6708 0.293337
6713 0.293335
6714 0.293332
6715 0.293329
6716 0.293326
6717 0.293323
6718 0.293319
6719 0.293318
6720 0.293317
6722 0.293316
6724 0.293314
6729 0.293311
6730 0.293309
6731 0.293306
6732 0.293305
6733 0.293304
6734 0.293303
6736 0.293301
6737 0.293298
6738 0.293296
6739 0.293294
6740 0.293292
6741 0.293289
6742 0.293288
6743 0.293285
6744 0.293283
6745 0.293282
6747 0.293281
6749 0.293279
6752 0.293277
6753 0.293273
6754 0.29327
6755 0.293267
6756 0.293265
6757 0.293263
6762 0.293262
6766 0.29326
6769 0.293259
6770 0.293257
6773 0.293255
6774 0.293254
6776 0.293251
6777 0.293248
6778 0.293245
6779 0.293242
6780 0.29324
6781 0.293239
6782 0.293238
6783 0.293237
6784 0.293236
6786 0.293235
6787 0.293234
6788 0.293233
6790 0.293231
6791 0.293228
6792 0.293227
6793 0.293224
6794 0.293223
6796 0.293221
6797 0.293219
6800 0.293217
6803 0.293215
6804 0.293212
6805 0.29321
6806 0.293207
6807 0.293206
6810 0.293204
6811 0.293201
6812 0.293198
6813 0.293195
6814 0.293193
6815 0.29319
6816 0.293188
6817 0.293186
6818 0.293185
6822 0.293184
6824 0.293182
6825 0.293179
6826 0.293178
6827 0.293175
6828 0.293173
6829 0.293171
6830 0.293168
6837 0.293166
6838 0.293164
6839 0.293162
6840 0.293161
6843 0.293159
6844 0.293157
6849 0.293156
6853 0.293153
6854 0.293151
6857 0.293149
6858 0.293147
6859 0.293145
6861 0.293144
6862 0.293142
6863 0.29314
6864 0.293138
6865 0.293136
6869 0.293135
6870 0.293132
6871 0.293131
6872 0.29313
6873 0.293129
6874 0.293127
6875 0.293126
6880 0.293125
6882 0.293122
6885 0.293119
6886 0.293117
6887 0.293116
6888 0.293115
6889 0.293114
6890 0.293112
6893 0.29311
6894 0.293108
6895 0.293105
6896 0.293104
6897 0.293102
6898 0.293101
6901 0.293098
6902 0.293097
6903 0.293096
6905 0.293094
6906 0.293093
6907 0.293089
6908 0.293086
6909 0.293084
6910 0.293081
6911 0.29308
6912 0.293079
6913 0.293078
6920 0.293076
6922 0.293075
6923 0.293074
6926 0.293071
6927 0.29307
6930 0.293069
6932 0.293067
6935 0.293065
6938 0.293064
6940 0.293063
6941 0.29306
6942 0.293059
6943 0.293058
6944 0.293057
6945 0.293054
6946 0.293052
6947 0.29305
6952 0.293047
6953 0.293045
6954 0.293043
6955 0.293042
6958 0.293041
6959 0.29304
6960 0.293037
6961 0.293036
6962 0.293035
6964 0.293033
6965 0.293032
6966 0.293029
6967 0.293027
6969 0.293026
6970 0.293025
6971 0.293024
6972 0.293021
6973 0.293019
6974 0.293016
6975 0.293014
6976 0.293013
6977 0.293011
6978 0.29301
6986 0.293007
6989 0.293005
6990 0.293003
6991 0.293002
6993 0.293
6996 0.292999
6998 0.292996
6999 0.292993
7000 0.29299
7001 0.292987
7002 0.292984
7003 0.292981
7004 0.292978
7005 0.292976
7006 0.292974
7007 0.292973
7015 0.292971
7016 0.292969
7019 0.292967
7020 0.292964
7021 0.292961
7022 0.292959
7023 0.292958
7030 0.292957
7031 0.292956
7033 0.292955
7034 0.292953
7035 0.292951
7036 0.292949
7037 0.292946
7038 0.292943
7039 0.29294
7040 0.292937
7041 0.292934
7042 0.292931
7043 0.292929
7044 0.292928
7045 0.292927
7046 0.292926
7054 0.292923
7055 0.29292
7056 0.292918
7059 0.292916
7060 0.292915
7062 0.292914
7064 0.292913
7066 0.292911
7067 0.292909
7072 0.292905
7073 0.292902
7074 0.2929
7075 0.292899
7077 0.292898
7084 0.292897
7085 0.292895
7086 0.292894
7089 0.292892
7090 0.292889
7091 0.292886
7092 0.292883
7093 0.29288
7094 0.292877
7095 0.292874
7096 0.292871
7097 0.292869
7102 0.292868
7104 0.292867
7108 0.292864
7109 0.292862
7110 0.292859
7111 0.292857
7112 0.292856
7113 0.292855
7115 0.292854
7116 0.292852
7119 0.29285
7121 0.292849
7122 0.292847
7125 0.292846
7126 0.292844
7129 0.292841
7130 0.29284
7131 0.292839
7132 0.292836
7133 0.292834
7134 0.292832
7135 0.292829
7138 0.292828
7139 0.292826
7140 0.292825
7142 0.292823
7143 0.29282
7144 0.292819
7145 0.292818
7148 0.292815
7149 0.292813
7150 0.292811
7153 0.292809
7154 0.292807
7155 0.292805
7156 0.292803
7158 0.292802
7161 0.292799
7162 0.292797
7163 0.292795
7164 0.292793
7165 0.292792
7167 0.292791
7168 0.292789
7171 0.292787
7172 0.292785
7173 0.292783
7176 0.292781
7177 0.292779
7180 0.292777
7181 0.292776
7182 0.292774
7183 0.292773
7190 0.292772
7191 0.29277
7196 0.292767
7197 0.292764
7198 0.292762
7201 0.292761
7202 0.29276
7205 0.292759
7209 0.292758
7210 0.292756
7211 0.292755
7212 0.292754
7214 0.292752
7215 0.292749
7216 0.292747
7217 0.292745
7218 0.292743
7223 0.292742
7224 0.292741
7225 0.292739
7226 0.292737
7228 0.292734
7229 0.292733
7232 0.29273
7233 0.292729
7235 0.292728
7237 0.292727
7238 0.292726
7239 0.292725
7240 0.292722
7242 0.292721
7243 0.292719
7244 0.292718
7245 0.292717
7246 0.292716
7247 0.292715
7253 0.292712
7254 0.292711
7260 0.292707
7261 0.292704
7262 0.292703
7264 0.292701
7265 0.2927
7266 0.292698
7267 0.292697
7268 0.292696
7270 0.292693
7271 0.29269
7272 0.292687
7273 0.292685
7274 0.292683
7275 0.292682
7277 0.292681
7279 0.29268
7280 0.292679
7281 0.292678
7283 0.292675
7284 0.292673
7287 0.292672
7288 0.29267
7291 0.292667
7292 0.292666
7293 0.292665
7294 0.292662
7295 0.29266
7298 0.292658
7303 0.292656
7304 0.292654
7305 0.292652
7306 0.29265
7307 0.292648
7308 0.292647
7310 0.292646
7311 0.292643
7312 0.292642
7315 0.292641
7316 0.29264
7320 0.292639
7321 0.292638
7323 0.292636
7324 0.292634
7327 0.292633
7330 0.292632
7333 0.29263
7334 0.292629
7337 0.292626
7338 0.292624
7339 0.292623
7340 0.292621
7341 0.29262
7345 0.292619
7346 0.292617
7349 0.292614
7350 0.292611
7351 0.292609
7352 0.292606
7353 0.292603
7354 0.292601
7355 0.2926
7358 0.292597
7361 0.292596
7362 0.292595
7363 0.292593
7364 0.292592
7365 0.292589
7366 0.292587
7367 0.292586
7368 0.292584
7369 0.292581
7370 0.292578
7371 0.292576
7372 0.292574
7373 0.292572
7376 0.292571
7378 0.29257
7379 0.292569
7382 0.292566
7383 0.292564
7384 0.292562
7385 0.292559
7386 0.292557
7387 0.292555
7388 0.292553
7391 0.292552
7392 0.292549
7393 0.292547
7394 0.292546
7395 0.292545
7396 0.292543
7397 0.292542
7398 0.292539
7399 0.292537
7400 0.292534
7401 0.292533
7402 0.292532
7404 0.29253
7405 0.292528
7406 0.292527
7407 0.292526
7408 0.292525
7409 0.292523
7412 0.29252
7413 0.292518
7414 0.292516
7417 0.292515
7419 0.292514
7420 0.292512
7421 0.292511
7423 0.292509
7424 0.292506
7425 0.292504
7426 0.292503
7427 0.292499
7428 0.292497
7429 0.292496
7431 0.292494
7432 0.292492
7433 0.29249
7435 0.292489
7436 0.292487
7437 0.292485
7438 0.292484
7439 0.292482
7444 0.29248
7445 0.292479
7446 0.292477
7447 0.292474
7448 0.292473
7449 0.292471
7452 0.292468
7457 0.292467
7458 0.292466
7459 0.292463
7460 0.292461
7461 0.292459
7462 0.292457
7463 0.292454
7464 0.292451
7465 0.292448
7466 0.292445
7467 0.292442
7468 0.29244
7469 0.292438
7472 0.292436
7475 0.292435
7479 0.292432
7482 0.29243
7483 0.292428
7484 0.292426
7485 0.292424
7486 0.292423
7489 0.292421
7490 0.292419
7491 0.292417
7492 0.292415
7493 0.292411
7494 0.292408
7495 0.292406
7496 0.292404
7497 0.2924
7498 0.292398
7499 0.292396
7500 0.292395
7504 0.292394
7506 0.292393
7507 0.29239
7508 0.292387
7509 0.292384
7510 0.292381
7511 0.292378
7512 0.292375
7513 0.292373
7514 0.292371
7517 0.292369
7522 0.292368
7524 0.292365
7527 0.292363
7528 0.292362
7530 0.292361
7531 0.292359
7532 0.292357
7533 0.292354
7534 0.29235
7535 0.292348
7536 0.292345
7537 0.292344
7538 0.292342
7539 0.292341
7541 0.292339
7542 0.292337
7543 0.292335
7545 0.292334
7548 0.292331
7549 0.292329
7550 0.292328
7551 0.292327
7557 0.292326
7558 0.292322
7559 0.292321
7560 0.292318
7561 0.292317
7564 0.292316
7566 0.292315
7568 0.292312
7571 0.29231
7572 0.292308
7573 0.292307
7574 0.292306
7579 0.292304
7580 0.292302
7581 0.2923
7584 0.292296
7585 0.292293
7586 0.292291
7587 0.292289
7588 0.292287
7589 0.292286
7590 0.292284
7591 0.292282
7592 0.292281
7595 0.292278
7597 0.292277
7599 0.292274
7600 0.292272
7601 0.29227
7604 0.292268
7605 0.292267
7606 0.292266
7607 0.292264
7608 0.292261
7609 0.292259
7612 0.292256
7613 0.292254
7614 0.292252
7619 0.292251
7620 0.292249
7621 0.292247
7622 0.292246
7624 0.292244
7627 0.292242
7628 0.292241
7631 0.29224
7636 0.292239
7637 0.292236
7638 0.292234
7639 0.292233
7640 0.292232
7641 0.29223
7642 0.292229
7643 0.292228
7644 0.292227
7645 0.292224
7646 0.292223
7647 0.292222
7649 0.29222
7650 0.292219
7655 0.292217
7658 0.292215
7659 0.292212
7662 0.292211
7663 0.292209
7664 0.292208
7666 0.292207
7669 0.292206
7670 0.292204
7671 0.292202
7672 0.2922
7675 0.292199
7676 0.292198
7677 0.292197
7679 0.292194
7680 0.292192
7681 0.29219
7682 0.292188
7683 0.292186
7684 0.292184
7687 0.292182
7688 0.29218
7691 0.292177
7692 0.292174
7693 0.292173
7694 0.292172
7695 0.292171
7698 0.292169
7701 0.292167
7702 0.292165
7703 0.292163
7704 0.29216
7705 0.292157
7706 0.292155
7707 0.292154
7709 0.292153
7710 0.292152
7713 0.29215
7714 0.292148
7715 0.292147
7717 0.292145
7718 0.292144
7721 0.292141
7722 0.292139
7723 0.292138
7724 0.292136
7725 0.292134
7726 0.292131
7727 0.29213
7730 0.292129
7731 0.292127
7732 0.292124
7733 0.292122
7734 0.29212
7737 0.292119
7738 0.292117
7739 0.292116
7744 0.292113
7745 0.292111
7746 0.292109
7747 0.292107
7748 0.292105
7749 0.292104
7751 0.292103
7754 0.292101
7755 0.292098
7756 0.292094
7757 0.292092
7758 0.29209
7766 0.292089
7767 0.292087
7768 0.292084
7769 0.292082
7770 0.29208
7771 0.292078
7772 0.292077
7773 0.292076
7774 0.292075
7776 0.292072
7779 0.29207
7780 0.292068
7788 0.292065
7789 0.292064
7790 0.292063
7792 0.292061
7795 0.292058
7796 0.292056
7797 0.292054
7800 0.292052
7804 0.292051
7807 0.292048
7808 0.292047
7809 0.292045
7810 0.292043
7811 0.29204
7812 0.292038
7813 0.292036
7814 0.292035
7816 0.292033
7817 0.292032
7818 0.292031
7820 0.292029
7821 0.292026
7822 0.292024
7823 0.292021
7824 0.29202
7825 0.292019
7830 0.292018
7832 0.292016
7833 0.292013
7836 0.292011
7837 0.292008
7838 0.292006
7843 0.292004
7844 0.292002
7845 0.292
7846 0.291998
7849 0.291995
7850 0.291994
7851 0.291993
7855 0.291992
7858 0.291991
7859 0.291988
7860 0.291986
7861 0.291984
7862 0.291981
7863 0.29198
7864 0.291979
7867 0.291977
7868 0.291976
7869 0.291973
7870 0.291971
7871 0.291969
7872 0.291966
7873 0.291965
7874 0.291962
7875 0.291959
7876 0.291956
7877 0.291954
7878 0.291953
7879 0.291951
7883 0.29195
7884 0.291948
7887 0.291946
7888 0.291943
7889 0.291942
7890 0.291941
7891 0.29194
7892 0.291938
7895 0.291936
7896 0.291934
7897 0.291932
7900 0.291929
7901 0.291926
7902 0.291924
7905 0.291922
7908 0.291921
7910 0.29192
7911 0.291919
7912 0.291918
7913 0.291915
7916 0.291914
7917 0.291912
7918 0.291911
7919 0.29191
7920 0.291908
7921 0.291907
7923 0.291906
7926 0.291904
7927 0.291902
7928 0.2919
7931 0.291897
7932 0.291895
7937 0.291893
7940 0.29189
7941 0.291888
7942 0.291885
7943 0.291882
7944 0.291879
7945 0.291876
7946 0.291873
7947 0.29187
7948 0.291867
7949 0.291864
7950 0.291861
7951 0.291858
7952 0.291855
7953 0.291852
7954 0.291851
7959 0.29185
7960 0.291849
7961 0.291847
7962 0.291845
7963 0.291843
7964 0.29184
7965 0.291838
7970 0.291837
7974 0.291835
7976 0.291834
7977 0.291832
7980 0.291831
7981 0.291828
7982 0.291827
7984 0.291824
7985 0.291823
7986 0.29182
7987 0.291817
7988 0.291815
7989 0.291813
7990 0.29181
7991 0.291809
7992 0.291808
7993 0.291807
7994 0.291805
7995 0.291804
7996 0.291802
7997 0.291801
7999 0.2918
8000 0.291798
8003 0.291796
8004 0.291794
8005 0.291792
8006 0.29179
8009 0.291788
8010 0.291786
8011 0.291784
8014 0.291783
8016 0.291782
8019 0.29178
8022 0.291779
8023 0.291778
8024 0.291777
8026 0.291776
8027 0.291775
8029 0.291772
8030 0.291771
8031 0.291768
8032 0.291767
8034 0.291765
8035 0.291764
8036 0.291763
8038 0.291762
8039 0.29176
8040 0.291757
8041 0.291755
8042 0.291753
8043 0.291751
8044 0.29175
8045 0.291749
8046 0.291748
8047 0.291746
8048 0.291744
8049 0.291742
8052 0.29174
8059 0.291737
8060 0.291736
8063 0.291734
8066 0.291732
8067 0.29173
8068 0.291727
8069 0.291726
8070 0.291725
8072 0.291722
8073 0.29172
8074 0.291719
8075 0.291717
8076 0.291715
8079 0.291713
8080 0.291711
8081 0.291709
8084 0.291707
8085 0.291705
8088 0.291703
8089 0.291701
8090 0.291699
8091 0.291697
8092 0.291694
8093 0.291692
8094 0.291689
8095 0.291688
8096 0.291686
8097 0.291685
8099 0.291684
8100 0.291683
8102 0.291681
8103 0.29168
8104 0.291677
8105 0.291676
8106 0.291673
8107 0.29167
8108 0.291668
8109 0.291666
8112 0.291665
8115 0.291664
8116 0.291663
8117 0.291662
8118 0.291661
8119 0.291659
8122 0.291657
8123 0.291654
8126 0.291653
8128 0.29165
8129 0.291649
8130 0.291648
8131 0.291646
8133 0.291645
8136 0.291643
8137 0.291641
8138 0.29164
8139 0.291639
8140 0.291638
8141 0.291637
8142 0.291636
8143 0.291635
8144 0.291633
8145 0.29163
8146 0.291629
8147 0.291627
8148 0.291625
8149 0.291623
8151 0.291622
8152 0.291621
8154 0.29162
8158 0.291617
8159 0.291615
8160 0.291614
8163 0.291612
8164 0.291611
8168 0.29161
8169 0.291609
8170 0.291607
8171 0.291605
8174 0.291604
8175 0.291603
8176 0.291602
8178 0.291599
8179 0.291598
8180 0.291596
8181 0.291595
8183 0.291593
8184 0.291592
8185 0.291589
8186 0.291586
8187 0.291585
8188 0.291584
8189 0.291583
8190 0.291582
8191 0.29158
8192 0.291577
8193 0.291576
8195 0.291575
8198 0.291572
8199 0.291569
8200 0.291566
8201 0.291563
8202 0.291562
8203 0.29156
8206 0.291558
8208 0.291557
8213 0.291556
8215 0.291555
8216 0.291554
8217 0.291552
8220 0.29155
8223 0.291548
8224 0.291545
8227 0.291544
8228 0.291543
8230 0.291542
8231 0.29154
8232 0.291539
8237 0.291537
8238 0.291536
8241 0.291535
8244 0.291532
8245 0.291529
8246 0.291526
8247 0.291525
8248 0.291524
8249 0.291523
8250 0.291522
8255 0.29152
8257 0.291518
8258 0.291517
8259 0.291516
8263 0.291515
8264 0.291514
8265 0.291512
8266 0.29151
8267 0.291508
8268 0.291505
8269 0.291502
8270 0.291499
8271 0.291496
8272 0.291494
8273 0.291492
8276 0.291491
8277 0.291489
8280 0.291487
8282 0.291486
8283 0.291485
8284 0.291483
8285 0.29148
8286 0.291478
8287 0.291476
8288 0.291475
8289 0.291473
8292 0.291471
8293 0.291468
8298 0.291466
8299 0.291465
8303 0.291464
8304 0.291463
8305 0.291461
8306 0.291459
8309 0.291456
8310 0.291453
8311 0.29145
8312 0.291449
8313 0.291446
8314 0.291444
8317 0.291442
8318 0.29144
8319 0.291439
8320 0.291438
8321 0.291437
8322 0.291436
8323 0.291434
8324 0.291432
8325 0.291431
8326 0.291429
8327 0.291427
8328 0.291424
8329 0.291421
8330 0.291418
8331 0.291414
8332 0.291411
8333 0.291409
8338 0.291407
8339 0.291406
8340 0.291405
8342 0.291403
8343 0.291401
8346 0.291399
8348 0.291398
8349 0.291397
8351 0.291396
8352 0.291395
8354 0.291394
8356 0.291393
8357 0.291392
8359 0.291391
8360 0.291388
8361 0.291387
8362 0.291386
8363 0.291384
8364 0.291382
8366 0.291381
8367 0.29138
8368 0.291378
8371 0.291375
8372 0.291373
8373 0.29137
8374 0.291368
8375 0.291367
8377 0.291365
8378 0.291362
8379 0.291359
8380 0.291356
8381 0.291354
8382 0.291352
8387 0.291351
8389 0.29135
8390 0.291349
8391 0.291347
8392 0.291344
8393 0.291341
8394 0.291338
8395 0.291335
8396 0.291333
8399 0.291331
8400 0.29133
8401 0.291328
8404 0.291327
8406 0.291326
8407 0.291325
8408 0.291322
8409 0.29132
8410 0.291319
8411 0.291317
8414 0.291315
8415 0.291313
8420 0.291312
8421 0.291311
8424 0.291309
8427 0.291308
8428 0.291307
8429 0.291303
8430 0.291301
8431 0.291298
8432 0.291296
8433 0.291294
8434 0.291291
8435 0.291289
8436 0.291287
8437 0.291285
8438 0.291282
8439 0.29128
8440 0.291277
8441 0.291274
8442 0.291272
8443 0.291269
8444 0.291268
8445 0.291265
8446 0.291262
8447 0.291259
8448 0.291257
8449 0.291254
8450 0.291252
8451 0.29125
8452 0.291248
8453 0.291245
8454 0.291242
8455 0.291239
8456 0.291236
8457 0.291233
8458 0.29123
8459 0.291227
8460 0.291225
8468 0.291224
8471 0.291221
8472 0.291219
8474 0.291218
8475 0.291217
8476 0.291215
8481 0.291212
8482 0.29121
8483 0.291208
8484 0.291206
8485 0.291204
8486 0.291201
8487 0.2912
8488 0.291197
8489 0.291195
8490 0.291194
8491 0.291193
8493 0.29119
8494 0.291189
8495 0.291188
8496 0.291186
8497 0.291184
8498 0.29118
8499 0.291177
8500 0.291174
8501 0.291172
8502 0.291168
8503 0.291165
8504 0.291162
8505 0.291159
8506 0.291157
8507 0.291155
8508 0.291153
8512 0.291152
8515 0.29115
8516 0.291149
8517 0.291147
8519 0.291146
8520 0.291144
8521 0.291143
8524 0.29114
8525 0.291139
8526 0.291137
8527 0.291135
8528 0.291134
8529 0.291132
8530 0.29113
8531 0.291129
8533 0.291128
8536 0.291125
8537 0.291124
8539 0.291122
8540 0.291121
8543 0.291119
8544 0.291116
8545 0.291115
8546 0.291112
8547 0.29111
8548 0.291107
8549 0.291105
8550 0.291103
8551 0.291101
8552 0.291099
8553 0.291097
8554 0.291096
8556 0.291095
8557 0.291093
8558 0.29109
8559 0.291087
8560 0.291083
8561 0.291081
8562 0.291079
8563 0.291077
8564 0.291076
8565 0.291075
8566 0.291074
8569 0.291073
8571 0.29107
8572 0.291068
8573 0.291065
8574 0.291063
8575 0.291061
8576 0.291059
8581 0.291057
8582 0.291056
8585 0.291055
8586 0.291054
8589 0.291052
8592 0.29105
8593 0.291048
8594 0.291045
8595 0.291043
8598 0.291042
8599 0.291039
8602 0.291036
8603 0.291035
8604 0.291034
8606 0.291032
8607 0.29103
8608 0.291027
8609 0.291026
8610 0.291024
8611 0.291022
8612 0.29102
8614 0.291019
8615 0.291018
8616 0.291017
8618 0.291015
8620 0.291014
8621 0.291011
8622 0.291009
8623 0.291008
8624 0.291006
8625 0.291004
8626 0.291003
8630 0.291001
8631 0.291
8632 0.290998
8634 0.290996
8635 0.290994
8638 0.290992
8639 0.290991
8640 0.290988
8641 0.290986
8644 0.290983
8645 0.290981
8646 0.29098
8647 0.290977
8648 0.290976
8649 0.290974
8650 0.290973
8651 0.290972
8652 0.29097
8656 0.290969
8657 0.290968
8659 0.290967
8660 0.290965
8661 0.290963
8663 0.290962
8664 0.29096
8665 0.290957
8668 0.290955
8669 0.290954
8670 0.290953
8671 0.290951
8672 0.290949
8673 0.290947
8678 0.290944
8681 0.290943
8684 0.29094
8685 0.290939
8688 0.290938
8690 0.290935
8691 0.290933
8692 0.290931
8695 0.29093
8696 0.290929
8697 0.290926
8698 0.290924
8699 0.290923
8703 0.290922
8704 0.29092
8705 0.290919
8708 0.290918
8709 0.290915
8710 0.290913
8711 0.290912
8718 0.290911
8719 0.29091
8721 0.290907
8722 0.290905
8723 0.290903
8724 0.290901
8725 0.2909
8726 0.290898
8731 0.290896
8732 0.290893
8733 0.29089
8734 0.290889
8735 0.290887
8736 0.290885
8739 0.290884
8740 0.290881
8745 0.290878
8746 0.290877
8747 0.290875
8748 0.290873
8749 0.290871
8752 0.290869
8755 0.290868
8756 0.290866
8757 0.290864
8760 0.290862
8761 0.290859
8770 0.290857
8775 0.290853
8776 0.29085
8777 0.290848
8778 0.290846
8779 0.290845
8781 0.290844
8785 0.290842
8787 0.290841
8788 0.290839
8791 0.290838
8792 0.290835
8793 0.290834
8794 0.290833
8795 0.29083
8796 0.290828
8797 0.290826
8798 0.290824
8799 0.290823
8800 0.290821
8802 0.29082
8805 0.290818
8806 0.290816
8807 0.290815
8808 0.290814
8810 0.290813
8811 0.290812
8813 0.29081
8814 0.290808
8821 0.290805
8822 0.290804
8823 0.290802
8824 0.290799
8825 0.290796
8826 0.290794
8827 0.290793
8829 0.29079
8830 0.290789
8831 0.290788
8834 0.290786
8836 0.290784
8837 0.290782
8840 0.290781
8842 0.29078
8847 0.290778
8848 0.290777
8853 0.290776
8857 0.290773
8858 0.29077
8859 0.290767
8860 0.290765
8861 0.290763
8863 0.290762
8867 0.290761
8871 0.290759
8874 0.290757
8875 0.290756
8876 0.290755
8879 0.290753
8880 0.290751
8881 0.290748
8882 0.290746
8883 0.290745
8884 0.290743
8887 0.29074
8888 0.290739
8889 0.290737
8892 0.290735
8893 0.290732
8894 0.290731
8897 0.290729
8898 0.290727
8899 0.290725
8902 0.290723
8903 0.290722
8905 0.290721
8906 0.290718
8908 0.290717
8909 0.290714
8910 0.290712
8911 0.290711
8912 0.29071
8913 0.290709
8914 0.290708
8915 0.290707
8918 0.290706
8919 0.290704
8920 0.290702
8921 0.290701
8925 0.2907
8926 0.290697
8927 0.290696
8930 0.290694
8933 0.290691
8936 0.290689
8937 0.290688
8938 0.290685
8939 0.290682
8940 0.29068
8941 0.290679
8942 0.290678
8943 0.290676
8944 0.290675
8946 0.290673
8947 0.29067
8948 0.290669
8950 0.290668
8951 0.290666
8952 0.290665
8955 0.290664
8958 0.290661
8959 0.290658
8960 0.290657
8961 0.290655
8962 0.290654
8963 0.290653
8964 0.290651
8965 0.29065
8966 0.290649
8967 0.290647
8970 0.290646
8971 0.290643
8972 0.290641
8973 0.29064
8974 0.290637
8975 0.290636
8976 0.290634
8977 0.290632
8978 0.29063
8979 0.290628
8980 0.290626
8983 0.290623
8984 0.290621
8985 0.29062
8986 0.290616
8987 0.290613
8988 0.29061
8989 0.290607
8990 0.290605
8991 0.290602
8992 0.290599
8993 0.290598
8994 0.290597
8995 0.290594
8996 0.290592
8997 0.290591
8998 0.290589
8999 0.290588
9000 0.290585
9001 0.290584
9004 0.290581
9005 0.290579
9006 0.290577
9007 0.290575
9008 0.290574
9011 0.290572
9012 0.290569
9013 0.290567
9016 0.290566
9018 0.290564
9019 0.290562
9020 0.290559
9023 0.290556
9024 0.290553
9025 0.290551
9026 0.290549
9027 0.290548
9031 0.290547
9032 0.290544
9033 0.290542
9034 0.29054
9035 0.290538
9036 0.290536
9037 0.290534
9038 0.290532
9041 0.290529
9042 0.290527
9043 0.290526
9046 0.290525
9047 0.290524
9050 0.290523
9051 0.290521
9052 0.290518
9053 0.290515
9054 0.290512
9055 0.290509
9056 0.290506
9057 0.290503
9058 0.2905
9059 0.290498
9060 0.290497
9062 0.290496
9066 0.290495
9070 0.290492
9073 0.29049
9074 0.290489
9076 0.290486
9077 0.290485
9080 0.290482
9081 0.290479
9082 0.290476
9083 0.290473
9084 0.290471
9085 0.29047
9086 0.290469
9088 0.290467
9089 0.290466
9090 0.290464
9091 0.290462
9092 0.29046
9093 0.290458
9094 0.290455
9095 0.290452
9096 0.290449
9097 0.290446
9098 0.290443
9099 0.29044
9100 0.290437
9101 0.290434
9102 0.290431
9103 0.290428
9104 0.290426
9105 0.290424
9106 0.290423
9107 0.290422
9108 0.290421
9109 0.29042
9113 0.290419
9115 0.290417
9118 0.290414
9119 0.290413
9120 0.29041
9121 0.290409
9124 0.290408
9126 0.290404
9127 0.290401
9128 0.290399
9129 0.290397
9132 0.290396
9133 0.290394
9134 0.290391
9135 0.29039
9138 0.290388
9139 0.290387
9142 0.290384
9143 0.290382
9146 0.290379
9147 0.290376
9148 0.290373
9149 0.290371
9150 0.29037
9152 0.290369
9156 0.290368
9157 0.290367
9160 0.290366
9161 0.290364
9164 0.290362
9165 0.290361
9166 0.290359
9169 0.290358
9170 0.290356
9173 0.290354
9174 0.290351
9177 0.29035
9178 0.290349
9179 0.290348
9181 0.290347
9183 0.290344
9186 0.290341
9187 0.290338
9188 0.290335
9189 0.290332
9190 0.290329
9191 0.290326
9192 0.290323
9193 0.29032
9194 0.290318
9197 0.290317
9200 0.290316
9201 0.290313
9202 0.290311
9203 0.290308
9204 0.290306
9205 0.290303
9206 0.290301
9207 0.2903
9213 0.290299
9214 0.290297
9215 0.290295
9217 0.290294
9218 0.290291
9219 0.290289
9222 0.290287
9223 0.290286
9224 0.290284
9226 0.290282
9227 0.29028
9228 0.290278
9229 0.290276
9230 0.290273
9231 0.29027
9232 0.290267
9233 0.290264
9234 0.290262
9235 0.290259
9238 0.290258
9239 0.290255
9244 0.290253
9245 0.290251
9248 0.290249
9249 0.290246
9252 0.290244
9253 0.290243
9254 0.290242
9261 0.290239
9262 0.290237
9264 0.290236
9265 0.290235
9266 0.290234
9269 0.290232
9272 0.29023
9273 0.290228
9274 0.290227
9275 0.290226
9276 0.290225
9279 0.290221
9280 0.290219
9281 0.290217
9288 0.290216
9292 0.290213
9293 0.29021
9294 0.290208
9295 0.290206
9304 0.290205
9305 0.290202
9306 0.2902
9307 0.290198
9308 0.290195
9309 0.290194
9310 0.290191
9311 0.290189
9312 0.290187
9315 0.290186
9317 0.290185
9321 0.290183
9322 0.29018
9323 0.290178
9324 0.290176
9325 0.290174
9326 0.290173
9328 0.290172
9333 0.290171
9334 0.290168
9337 0.290167
9338 0.290166
9342 0.290163
9343 0.290162
9345 0.290161
9346 0.290159
9347 0.290157
9352 0.290156
9353 0.290154
9354 0.290152
9355 0.29015
9357 0.290149
9360 0.290147
9361 0.290145
9362 0.290144
9365 0.290143
9368 0.290142
9369 0.290141
9370 0.290139
9373 0.290137
9374 0.290136
9375 0.290134
9376 0.290132
9377 0.29013
9378 0.290127
9379 0.290125
9382 0.290123
9383 0.290122
9387 0.290121
9390 0.29012
9391 0.290117
9392 0.290115
9395 0.290113
9396 0.290111
9397 0.290109
9398 0.290108
9401 0.290107
9402 0.290106
9403 0.290105
9406 0.290104
9408 0.2901
9409 0.290098
9410 0.290096
9411 0.290094
9412 0.290092
9413 0.29009
9414 0.290088
9417 0.290087
9420 0.290084
9421 0.290082
9426 0.290081
9427 0.29008
9428 0.290077
9429 0.290074
9430 0.290072
9433 0.290069
9436 0.290066
9441 0.290065
9443 0.290064
9444 0.290063
9446 0.290061
9447 0.29006
9449 0.290058
9450 0.290057
9451 0.290054
9452 0.290052
9453 0.29005
9454 0.290049
9457 0.290048
9459 0.290046
9460 0.290045
9464 0.290042
9465 0.290041
9472 0.290038
9473 0.290037
9476 0.290035
9477 0.290034
9480 0.290032
9481 0.290029
9482 0.290027
9483 0.290026
9484 0.290023
9485 0.29002
9486 0.290018
9487 0.290016
9488 0.290014
9493 0.290011
9494 0.290009
9495 0.290008
9497 0.290006
9498 0.290005
9499 0.290004
9500 0.290003
9501 0.289999
9502 0.289996
9503 0.289994
9504 0.289992
9505 0.28999
9506 0.289989
9507 0.289988
9513 0.289985
9514 0.289982
9515 0.28998
9516 0.289978
9517 0.289976
9518 0.289975
9519 0.289973
9520 0.289971
9525 0.28997
9526 0.289967
9529 0.289966
9530 0.289965
9532 0.289963
9533 0.28996
9534 0.289958
9539 0.289956
9540 0.289955
9545 0.289953
9546 0.289951
9549 0.28995
9550 0.289949
9552 0.289948
9553 0.289946
9554 0.289945
9559 0.289943
9560 0.289942
9562 0.289941
9564 0.28994
9566 0.289939
9567 0.289938
9568 0.289936
9569 0.289934
9570 0.289933
9571 0.289932
9572 0.28993
9573 0.289929
9574 0.289928
9575 0.289926
9578 0.289922
9579 0.28992
9580 0.289918
9581 0.289917
9590 0.289914
9593 0.289911
9594 0.28991
9595 0.289908
9596 0.289907
9598 0.289906
9599 0.289903
9600 0.289902
