1 26.9042
13 25.589
14 24.1637
16 23.5448
18 23.4124
28 19.6923
29 18.349
32 16.8175
35 16.7396
36 15.0974
37 13.5976
38 11.8624
39 10.8613
40 9.53716
41 8.96938
42 7.91307
44 7.74664
45 6.7329
47 5.71535
50 5.68396
53 5.49495
54 4.68002
55 4.63232
56 4.55738
58 4.26432
59 3.58975
60 3.49831
63 3.48565
65 2.59073
66 2.00674
67 1.97988
68 1.93803
70 1.75124
71 1.70302
73 1.41136
74 1.3999
77 1.24778
80 1.24263
82 1.23735
84 1.14865
85 1.08444
89 0.951917
90 0.927094
92 0.819228
93 0.748175
94 0.732431
99 0.715904
100 0.652542
101 0.605864
102 0.602652
104 0.511338
105 0.485056
106 0.482314
107 0.479689
112 0.446143
113 0.39713
116 0.392491
117 0.375126
118 0.360862
119 0.359954
124 0.33513
125 0.321025
126 0.32027
127 0.320025
130 0.299068
132 0.290418
133 0.283868
134 0.281432
135 0.272202
137 0.263789
138 0.244318
139 0.237525
140 0.221503
141 0.212548
142 0.210169
144 0.200129
147 0.181298
153 0.17697
154 0.170953
155 0.168294
157 0.164967
158 0.161149
159 0.155855
160 0.15001
161 0.148175
162 0.148038
163 0.144374
164 0.142663
165 0.141612
166 0.140504
169 0.134104
170 0.127674
171 0.127161
172 0.127157
175 0.121356
176 0.11904
177 0.117308
179 0.115962
180 0.11543
181 0.112599
182 0.10729
183 0.104178
184 0.0997477
185 0.0964593
186 0.0918097
187 0.0911682
188 0.0909189
189 0.090583
191 0.0903651
193 0.0852221
194 0.0806899
196 0.0801724
197 0.0779908
198 0.077822
199 0.0777158
200 0.0774321
201 0.0757009
202 0.075599
204 0.0727782
205 0.0725551
207 0.0702414
208 0.0700001
209 0.0698407
210 0.0670661
211 0.0666485
212 0.066507
213 0.0656349
215 0.0634433
216 0.0632732
222 0.0609693
226 0.060462
227 0.0591211
228 0.0585991
231 0.0585187
233 0.0582152
235 0.0582097
238 0.0565666
239 0.0557597
240 0.0554139
245 0.0550645
246 0.0542929
249 0.0540795
252 0.0539452
254 0.0536468
255 0.0534352
256 0.0534023
258 0.0525467
259 0.052264
261 0.05223
262 0.0515949
263 0.0515646
264 0.051534
269 0.0508513
274 0.0503178
275 0.0499394
276 0.0497219
277 0.0496944
278 0.0495566
279 0.0494843
282 0.0489903
284 0.0488968
289 0.0488765
290 0.0486948
293 0.0486045
294 0.0483764
295 0.0481231
296 0.0479955
297 0.0478565
298 0.0477754
300 0.0476538
301 0.0475663
302 0.0471782
303 0.0470801
304 0.0468495
305 0.0468001
306 0.0467811
308 0.0467781
312 0.0467052
313 0.046387
314 0.0463493
316 0.0461197
317 0.0459831
318 0.0459757
320 0.0459424
322 0.0456032
323 0.0453721
324 0.04522
326 0.0451514
328 0.0451125
329 0.0449667
330 0.0449162
331 0.0449
333 0.0448534
335 0.0446417
336 0.0446322
337 0.0446245
341 0.0444751
342 0.0444447
343 0.0444435
344 0.0444197
346 0.0442849
347 0.0442249
348 0.0441153
349 0.0439965
350 0.0438782
351 0.0437784
352 0.0436424
353 0.0435155
354 0.0433903
355 0.0432874
356 0.043226
357 0.0431612
358 0.0431276
360 0.0430373
361 0.0429698
362 0.0429275
363 0.042767
364 0.0426427
365 0.042529
366 0.0424319
367 0.0423214
368 0.0422099
369 0.042116
370 0.0420345
372 0.0420322
373 0.0419282
374 0.0418091
375 0.0416913
376 0.0416125
377 0.041571
378 0.0414614
379 0.0413461
380 0.0412565
381 0.0411844
382 0.0411203
383 0.0410488
384 0.040975
385 0.040895
388 0.0407915
389 0.0406978
390 0.0406635
391 0.0406258
392 0.040618
393 0.0406081
395 0.0405598
396 0.0404534
397 0.0404108
398 0.0403648
399 0.0403029
402 0.0402044
403 0.0401645
404 0.0401524
405 0.0401439
406 0.0400994
407 0.0400924
408 0.0400901
411 0.0399841
412 0.0398784
413 0.0398002
416 0.0397977
418 0.0396884
419 0.039628
420 0.0395767
421 0.0395037
422 0.0394451
423 0.0393378
424 0.0392467
425 0.0391649
426 0.0390738
427 0.038996
428 0.0389089
429 0.0388322
432 0.0387449
433 0.0386763
434 0.0386288
436 0.0385947
437 0.0385195
438 0.0384466
439 0.0383923
440 0.0383723
441 0.0383587
442 0.0382914
443 0.0382502
445 0.0382331
446 0.0381182
447 0.0380694
448 0.0380661
450 0.038042
453 0.0379848
454 0.0378889
455 0.0378679
456 0.0378585
457 0.0378048
458 0.037719
459 0.0376693
460 0.0376491
462 0.0376282
463 0.0376132
464 0.037515
465 0.0374202
466 0.0373346
467 0.0372631
468 0.0372005
469 0.037164
471 0.0371372
473 0.0371326
474 0.0370226
475 0.0369754
476 0.0369728
477 0.0369715
481 0.0369468
482 0.0368418
483 0.0367966
484 0.0367693
486 0.0367682
487 0.0366663
488 0.0366127
489 0.0365834
490 0.036565
491 0.0365411
492 0.0365364
493 0.0364799
494 0.0363975
496 0.0363957
497 0.0362965
498 0.0362512
499 0.0362199
500 0.0362046
504 0.0361694
505 0.0360646
506 0.0359883
507 0.0359165
508 0.0358259
509 0.0357364
510 0.0356547
511 0.03558
512 0.0355092
513 0.0354241
514 0.0353925
515 0.0353631
517 0.0353423
519 0.0353351
521 0.0352977
523 0.0352959
524 0.035179
525 0.0351592
526 0.0351527
527 0.035116
528 0.0350773
529 0.0350373
530 0.0349341
531 0.0348506
532 0.0347745
533 0.0347099
534 0.0346182
535 0.0345513
536 0.0344954
537 0.0344613
538 0.0343949
539 0.0343212
540 0.0342813
541 0.0341889
542 0.0341057
543 0.0340152
544 0.0339286
545 0.0338427
546 0.0337567
547 0.0336752
548 0.0335927
549 0.0335062
550 0.0334236
551 0.0333459
552 0.033274
553 0.0332182
554 0.0331853
555 0.0331548
556 0.0331136
557 0.0331026
558 0.0330631
559 0.0329719
560 0.0329643
562 0.0329365
566 0.0329069
568 0.0328717
569 0.0327887
570 0.0327408
571 0.0327014
574 0.032653
575 0.0325851
576 0.0325396
577 0.032503
578 0.0324795
579 0.0324744
581 0.0324547
582 0.0324088
583 0.0324086
584 0.0324031
586 0.032399
589 0.0323116
591 0.0323076
592 0.032258
595 0.032216
596 0.0322055
597 0.0321919
598 0.0321609
600 0.0321536
601 0.0321471
603 0.0321041
604 0.032026
605 0.0320167
609 0.0319566
610 0.0319516
612 0.0318775
615 0.0318078
616 0.0317387
617 0.0317055
619 0.0317019
620 0.0316399
621 0.0315958
622 0.0315379
625 0.0315048
626 0.0314534
627 0.0314026
628 0.031388
630 0.0313492
631 0.0313317
634 0.031242
637 0.0312023
640 0.0311824
641 0.0311822
644 0.0311057
645 0.0310438
646 0.0309803
647 0.0309283
648 0.0308836
649 0.0308725
651 0.030859
652 0.0307664
653 0.0307407
654 0.0306787
655 0.0306354
657 0.0306201
659 0.0306001
662 0.0305339
663 0.0305018
664 0.030495
666 0.0304342
667 0.0304059
668 0.0303659
670 0.0303441
671 0.0303386
672 0.030338
674 0.0302915
675 0.030214
676 0.0301794
677 0.030166
678 0.0301643
681 0.0301534
682 0.030126
683 0.0300493
684 0.0300097
685 0.0299891
687 0.0299637
688 0.0299005
689 0.029854
690 0.0298042
691 0.0297721
693 0.0297709
694 0.0297153
695 0.0296624
696 0.0296268
698 0.0296023
699 0.029535
700 0.0295081
701 0.0294795
702 0.0294668
706 0.0294078
711 0.0293782
713 0.029369
714 0.0292907
715 0.029252
718 0.0292164
719 0.0291731
720 0.0291607
724 0.0291357
727 0.0290776
728 0.0290642
730 0.0290515
731 0.0290089
736 0.0289385
737 0.028925
738 0.0288943
741 0.0288442
742 0.0288016
743 0.0287482
744 0.028694
745 0.0286392
746 0.028581
747 0.028536
748 0.0284942
751 0.028452
752 0.0283784
753 0.0283487
756 0.0283378
757 0.0283301
758 0.0282894
759 0.0282619
762 0.0282487
763 0.0282084
764 0.0281868
766 0.0281847
767 0.02812
768 0.0281144
769 0.0281003
770 0.0280278
771 0.0279724
773 0.0279588
774 0.0279192
775 0.0279073
776 0.0279036
780 0.027886
782 0.027818
783 0.0278142
784 0.0277957
785 0.027788
787 0.0277187
788 0.0276538
789 0.0276343
790 0.0276309
791 0.0276245
792 0.0276061
793 0.0275546
794 0.0275048
795 0.0274517
796 0.0273823
797 0.0273194
798 0.0272513
799 0.0271865
800 0.0271243
801 0.0270687
802 0.0270375
805 0.026965
806 0.0269024
807 0.02686
808 0.0268284
809 0.0268104
812 0.0267895
815 0.0266958
816 0.0266606
819 0.0266471
821 0.0266376
822 0.0266253
823 0.0266052
825 0.0265238
827 0.0265135
828 0.0264697
829 0.0264359
830 0.0264292
832 0.0264213
833 0.0264205
834 0.0264089
836 0.0263489
837 0.0262977
838 0.0262446
839 0.0261972
840 0.0261547
843 0.0261144
846 0.026083
847 0.0260702
848 0.0260621
851 0.0259952
852 0.0259828
853 0.0259827
854 0.0259742
855 0.0259713
857 0.0259566
858 0.025903
859 0.0258663
860 0.0258654
861 0.0258579
862 0.0258292
863 0.0258205
867 0.0257462
868 0.0257063
869 0.0256939
871 0.0256512
872 0.0256365
873 0.0256265
875 0.0256215
876 0.0256001
877 0.0255935
878 0.0255451
879 0.0255402
880 0.025502
881 0.0254348
882 0.0253761
883 0.0253093
884 0.0252449
885 0.0252057
886 0.0251576
887 0.0251388
888 0.0251173
889 0.0250877
891 0.0250412
892 0.0249809
893 0.0249286
894 0.0248807
895 0.0248511
896 0.0247958
897 0.0247516
898 0.0247122
899 0.024701
900 0.0246355
903 0.0245836
904 0.0245766
906 0.0245117
907 0.024489
908 0.024464
909 0.0244413
911 0.0244218
914 0.0243672
915 0.0243114
916 0.0242899
917 0.0242783
918 0.024275
921 0.0242204
922 0.0242063
924 0.0241917
927 0.0241373
930 0.0241363
931 0.0241326
932 0.0240969
935 0.0240371
936 0.0240134
938 0.0240084
940 0.0240079
943 0.0239577
944 0.023911
946 0.0238924
947 0.0238643
948 0.0238481
949 0.0238402
950 0.0238229
951 0.023816
955 0.0237345
956 0.0237087
958 0.0237018
961 0.0236406
964 0.0236135
965 0.0235541
968 0.0235272
969 0.0235218
970 0.0235208
974 0.0235178
976 0.0234924
977 0.0234227
978 0.02342
980 0.0233878
981 0.0233721
982 0.0233403
985 0.0233148
986 0.0233088
987 0.0232584
988 0.0231992
989 0.0231807
992 0.0231248
993 0.0230727
995 0.0230723
996 0.0230567
998 0.0230076
999 0.0229793
1000 0.0229259
1001 0.022919
1002 0.0229174
1003 0.0228996
1005 0.0228978
1006 0.0228249
1007 0.0228117
1009 0.0227994
1012 0.0227459
1013 0.0227216
1014 0.0227101
1015 0.0227097
1016 0.0226904
1017 0.0226651
1018 0.0226008
1019 0.0225806
1021 0.0225784
1022 0.0225639
1024 0.0225612
1026 0.0225403
1027 0.0224696
1028 0.0224581
1029 0.022444
1030 0.0224187
1031 0.0223865
1032 0.0223802
1033 0.0223687
1034 0.0223203
1037 0.0222635
1038 0.0222405
1039 0.0221915
1042 0.0221612
1043 0.0221297
1044 0.0221138
1046 0.022073
1049 0.0220319
1050 0.0220155
1052 0.0220135
1055 0.0220106
1057 0.0219835
1058 0.0219173
1062 0.0218902
1063 0.0218821
1064 0.0218808
1065 0.021868
1067 0.0218552
1068 0.0218436
1069 0.0218142
1070 0.0217997
1071 0.0217784
1072 0.0217539
1073 0.021734
1074 0.0217136
1075 0.0216769
1076 0.0216552
1077 0.021646
1078 0.0216459
1079 0.0216349
1080 0.02162
1082 0.0216047
1083 0.0215942
1085 0.0215599
1086 0.021546
1087 0.0215457
1090 0.0215337
1091 0.021503
1092 0.0214842
1094 0.0214834
1095 0.0214643
1097 0.0214613
1098 0.0214319
1099 0.0214175
1100 0.0214071
1101 0.0213922
1102 0.0213891
1103 0.0213886
1106 0.0213545
1107 0.0213372
1108 0.0213094
1109 0.0213076
1113 0.021277
1114 0.0212674
1115 0.0212455
1116 0.0212366
1117 0.0212162
1118 0.0211847
1119 0.0211603
1120 0.0211447
1121 0.0211184
1122 0.0211103
1123 0.0211076
1124 0.0211041
1125 0.0211031
1126 0.0210866
1127 0.0210721
1128 0.0210382
1129 0.021006
1130 0.020976
1131 0.0209514
1132 0.0209232
1133 0.0209004
1134 0.0208672
1135 0.0208364
1136 0.0208055
1137 0.020778
1138 0.0207504
1139 0.0207182
1140 0.0206864
1141 0.0206581
1142 0.0206267
1143 0.0205946
1144 0.0205627
1145 0.0205306
1146 0.0204999
1147 0.0204679
1148 0.0204378
1149 0.0204064
1150 0.020375
1151 0.0203452
1152 0.0203144
1153 0.0202851
1154 0.020253
1155 0.0202212
1156 0.0201909
1157 0.0201602
1158 0.0201288
1159 0.0200978
1160 0.0200704
1161 0.0200461
1162 0.0200172
1163 0.0199858
1164 0.0199548
1165 0.0199232
1166 0.0198921
1167 0.0198611
1168 0.0198329
1169 0.0198012
1170 0.0197705
1171 0.0197393
1172 0.019708
1173 0.0196766
1174 0.0196465
1175 0.0196177
1176 0.0195877
1177 0.0195562
1178 0.0195258
1179 0.0194948
1180 0.019464
1181 0.0194337
1182 0.0194032
1183 0.0193745
1184 0.0193441
1185 0.0193129
1186 0.0192828
1187 0.0192561
1188 0.0192275
1189 0.0191996
1190 0.0191696
1191 0.0191388
1192 0.0191093
1193 0.0190786
1194 0.0190475
1195 0.0190177
1196 0.0189872
1197 0.0189584
1198 0.0189321
1199 0.0189028
1200 0.0188756
1201 0.0188511
1202 0.0188203
1203 0.0187897
1204 0.0187593
1205 0.0187293
1206 0.0186996
1207 0.0186703
1208 0.0186422
1209 0.0186144
1210 0.0185833
1211 0.0185567
1212 0.0185359
1213 0.0185168
1214 0.0184919
1215 0.018469
1216 0.0184382
1217 0.0184078
1218 0.0183791
1219 0.0183503
1220 0.0183223
1221 0.0182931
1222 0.018266
1223 0.0182386
1224 0.0182096
1225 0.01818
1226 0.0181506
1227 0.0181217
1228 0.0180911
1229 0.018061
1230 0.0180308
1231 0.0180006
1232 0.0179758
1233 0.0179479
1234 0.0179179
1235 0.0178878
1236 0.0178581
1237 0.0178291
1238 0.0178006
1239 0.0177712
1240 0.0177429
1241 0.017717
1242 0.0176866
1243 0.0176569
1244 0.0176268
1245 0.0175971
1246 0.0175672
1247 0.0175377
1248 0.0175086
1249 0.0174816
1250 0.0174524
1251 0.0174228
1252 0.0173945
1253 0.0173661
1254 0.0173373
1255 0.0173112
1256 0.0172852
1257 0.0172588
1258 0.0172305
1259 0.0172054
1260 0.0171829
1261 0.0171605
1262 0.0171405
1263 0.0171201
1264 0.0171039
1267 0.0170822
1268 0.0170521
1269 0.0170396
1270 0.0170345
1271 0.0170316
1273 0.0170306
1274 0.0170287
1276 0.0170003
1278 0.0169973
1279 0.0169679
1280 0.0169497
1281 0.0169369
1282 0.0169212
1284 0.0169134
1285 0.0168927
1286 0.016883
1287 0.0168638
1288 0.0168437
1289 0.016827
1292 0.0168077
1293 0.0167888
1294 0.0167763
1295 0.0167728
1296 0.0167724
1297 0.0167618
1298 0.0167553
1301 0.0167207
1302 0.0166988
1303 0.0166862
1308 0.0166618
1309 0.0166418
1310 0.0166186
1311 0.0166003
1312 0.0165838
1313 0.0165599
1314 0.0165573
1316 0.016525
1317 0.0165104
1318 0.0164864
1319 0.0164764
1320 0.0164759
1321 0.0164689
1324 0.0164514
1325 0.0164221
1326 0.016405
1327 0.0163892
1328 0.0163727
1329 0.0163489
1330 0.016343
1331 0.0163352
1332 0.016319
1333 0.0163081
1334 0.0162925
1335 0.0162683
1336 0.0162501
1337 0.0162357
1339 0.0162308
1340 0.0162062
1341 0.0161982
1343 0.016193
1344 0.0161915
1346 0.0161866
1347 0.0161789
1349 0.0161646
1350 0.0161417
1353 0.0161391
1354 0.0161339
1355 0.0161098
1356 0.0160937
1357 0.016082
1358 0.0160697
1359 0.016047
1360 0.0160292
1361 0.016012
1362 0.0159975
1363 0.0159795
1365 0.0159718
1366 0.0159498
1367 0.0159356
1368 0.0159201
1369 0.0159032
1372 0.0158789
1373 0.0158602
1374 0.0158551
1375 0.0158533
1378 0.0158422
1379 0.0158367
1380 0.0158088
1381 0.0158025
1382 0.0158001
1383 0.0157836
1384 0.0157722
1386 0.0157616
1387 0.0157426
1388 0.0157285
1389 0.015723
1390 0.0157225
1391 0.0157018
1392 0.0156793
1395 0.0156616
1396 0.015634
1397 0.0156183
1398 0.0156102
1399 0.0156051
1403 0.0155806
1404 0.0155669
1405 0.0155645
1406 0.0155623
1407 0.0155461
1408 0.0155317
1411 0.0155134
1412 0.0155031
1414 0.0154773
1415 0.0154545
1416 0.0154524
1420 0.0154415
1421 0.0154363
1422 0.0154309
1423 0.0154067
1424 0.015392
1425 0.0153891
1426 0.0153555
1427 0.0153401
1429 0.015338
1430 0.0153292
1431 0.0153237
1432 0.0153236
1433 0.0152999
1435 0.0152915
1436 0.0152694
1437 0.0152633
1438 0.0152538
1443 0.0152447
1444 0.0152427
1445 0.0152241
1446 0.0151981
1447 0.0151866
1451 0.0151765
1452 0.0151607
1453 0.0151596
1454 0.0151553
1456 0.0151316
1457 0.0151101
1459 0.0151085
1460 0.0150918
1461 0.0150762
1462 0.0150689
1463 0.0150688
1464 0.015068
1468 0.0150344
1469 0.0150085
1470 0.0149849
1471 0.0149656
1472 0.0149379
1473 0.0149107
1474 0.0148846
1475 0.0148577
1476 0.0148319
1477 0.0148045
1478 0.0147783
1479 0.0147512
1480 0.0147245
1481 0.0146997
1482 0.0146736
1483 0.0146478
1484 0.0146211
1485 0.0145971
1486 0.0145722
1487 0.0145452
1488 0.0145188
1489 0.0144937
1490 0.0144676
1491 0.0144411
1492 0.014422
1493 0.0144069
1494 0.0143836
1495 0.0143653
1496 0.0143461
1497 0.0143181
1498 0.01429
1499 0.0142619
1500 0.0142345
1501 0.0142086
1502 0.0141824
1503 0.0141561
1504 0.0141316
1505 0.0141067
1506 0.0140802
1507 0.0140547
1508 0.014031
1509 0.0140044
1510 0.0139798
1511 0.0139542
1512 0.0139278
1513 0.0139014
1514 0.0138762
1515 0.0138504
1516 0.0138253
1517 0.0137983
1518 0.0137721
1519 0.0137477
1520 0.0137225
1521 0.0136977
1522 0.0136717
1523 0.0136465
1524 0.013623
1525 0.0135992
1526 0.0135813
1527 0.0135758
1529 0.0135497
1530 0.013523
1531 0.0134962
1532 0.0134694
1533 0.0134429
1534 0.0134163
1535 0.0133923
1536 0.0133677
1537 0.013342
1538 0.0133158
1539 0.0132905
1540 0.0132648
1541 0.0132417
1542 0.0132208
1543 0.0132025
1544 0.0131892
1545 0.013168
1546 0.0131495
1547 0.0131229
1548 0.0131009
1549 0.0130794
1550 0.0130657
1551 0.0130423
1552 0.0130164
1553 0.0129909
1554 0.0129665
1555 0.012942
1556 0.0129205
1557 0.0128931
1558 0.0128664
1559 0.0128402
1560 0.0128146
1561 0.0127894
1562 0.012764
1563 0.0127392
1564 0.0127143
1565 0.0126903
1566 0.012665
1567 0.0126452
1568 0.0126234
1569 0.0126103
1570 0.0125947
1571 0.0125856
1572 0.0125818
1573 0.0125634
1574 0.0125397
1575 0.0125158
1576 0.0124955
1577 0.0124715
1578 0.012451
1579 0.0124335
1580 0.012423
1581 0.0124069
1582 0.0123921
1583 0.0123814
1585 0.012364
1586 0.0123486
1587 0.0123296
1588 0.0123249
1589 0.0123243
1591 0.0123063
1592 0.0122786
1593 0.0122586
1594 0.0122469
1596 0.0122336
1597 0.0122185
1598 0.0122124
1599 0.0122066
1602 0.0121863
1603 0.012163
1604 0.012149
1607 0.0121293
1608 0.012111
1609 0.0121081
1611 0.0121036
1612 0.0121034
1613 0.0120944
1615 0.0120893
1616 0.0120595
1617 0.012047
1619 0.0120444
1620 0.0120248
1621 0.0120198
1622 0.0120195
1624 0.0120186
1626 0.0120148
1627 0.0119955
1628 0.0119936
1629 0.0119797
1630 0.0119524
1631 0.0119339
1632 0.0119108
1633 0.011885
1634 0.0118595
1635 0.0118343
1636 0.0118095
1637 0.0117941
1638 0.0117794
1639 0.011765
1640 0.0117525
1641 0.0117384
1642 0.0117308
1644 0.0117125
1645 0.0116901
1646 0.0116689
1647 0.0116529
1650 0.0116313
1651 0.011627
1652 0.0116254
1653 0.0116101
1654 0.0116006
1655 0.0115971
1657 0.0115859
1658 0.0115734
1659 0.0115613
1662 0.0115378
1663 0.0115273
1665 0.0115169
1666 0.0115001
1669 0.0114799
1670 0.0114702
1671 0.0114625
1672 0.011453
1674 0.0114451
1675 0.0114181
1676 0.01141
1677 0.0114074
1678 0.0114065
1680 0.0114046
1682 0.0113931
1683 0.0113748
1684 0.0113669
1685 0.0113486
1686 0.0113463
1688 0.0113263
1689 0.011306
1691 0.0113055
1692 0.0112843
1693 0.0112743
1694 0.0112714
1696 0.011251
1697 0.0112278
1698 0.0112082
1699 0.0111831
1700 0.0111591
1701 0.0111351
1702 0.011111
1703 0.0110865
1704 0.011062
1705 0.0110375
1706 0.0110142
1707 0.0109933
1708 0.010973
1709 0.0109532
1710 0.0109377
1711 0.0109302
1712 0.0109269
1713 0.0109253
1714 0.0108996
1715 0.0108746
1716 0.0108498
1717 0.0108289
1718 0.0108058
1719 0.0107878
1720 0.0107791
1721 0.0107603
1722 0.0107437
1723 0.0107358
1726 0.010712
1727 0.0106956
1728 0.010682
1729 0.0106809
1731 0.0106681
1732 0.0106469
1733 0.0106296
1735 0.0106292
1736 0.0106153
1739 0.0105985
1740 0.0105907
1742 0.0105895
1743 0.0105667
1744 0.0105483
1745 0.0105447
1746 0.0105444
1748 0.0105426
1749 0.0105244
1750 0.010512
1751 0.0105113
1752 0.0105109
1754 0.0105064
1755 0.010502
1757 0.0104987
1758 0.0104804
1759 0.010469
1761 0.0104685
1763 0.01046
1764 0.0104428
1765 0.0104405
1767 0.0104369
1768 0.0104318
1770 0.0104279
1771 0.0104067
1772 0.0104001
1773 0.0103945
1775 0.0103932
1776 0.0103713
1777 0.0103675
1778 0.0103673
1779 0.0103652
1780 0.0103647
1781 0.0103628
1783 0.0103355
1785 0.0103349
1786 0.0103115
1787 0.010295
1788 0.0102764
1789 0.0102578
1790 0.0102483
1791 0.0102445
1792 0.0102293
1795 0.0102181
1796 0.0101895
1797 0.0101799
1798 0.0101779
1799 0.0101679
1800 0.0101505
1801 0.0101375
1806 0.010136
1807 0.010112
1808 0.010092
1811 0.0100778
1812 0.0100607
1813 0.0100549
1814 0.0100547
1815 0.0100533
1817 0.0100433
1818 0.0100421
1820 0.0100094
1821 0.00999718
1822 0.00998114
1823 0.0099744
1824 0.00997371
1825 0.00997103
1826 0.00994414
1827 0.00992021
1828 0.00989904
1829 0.00988342
1830 0.00988116
1832 0.00986827
1833 0.00986085
1834 0.0098562
1836 0.00985155
1837 0.0098332
1838 0.00982827
1839 0.0098242
1844 0.00979534
1845 0.00978428
1846 0.00977747
1847 0.0097733
1848 0.00976944
1850 0.00974771
1851 0.00973662
1852 0.00973619
1853 0.00973207
1854 0.00970749
1855 0.00968705
1856 0.00966833
1857 0.00964967
1858 0.00964204
1859 0.00963718
1861 0.00963014
1864 0.00962877
1865 0.00960503
1867 0.00960338
1868 0.00959491
1869 0.0095835
1872 0.00956614
1873 0.00955703
1875 0.00953925
1876 0.00952479
1877 0.0095121
1878 0.00950329
1880 0.00949147
1881 0.00947243
1882 0.00945872
1883 0.00945536
1884 0.0094516
1886 0.00944989
1889 0.00944072
1890 0.00942089
1891 0.0094127
1893 0.00940571
1894 0.00938743
1895 0.0093821
1897 0.00937811
1899 0.00937471
1901 0.00935132
1902 0.00934007
1903 0.00933744
1904 0.00933448
1905 0.00932402
1906 0.00929889
1907 0.00927624
1908 0.00925372
1909 0.00923248
1910 0.00921017
1911 0.00918794
1912 0.00917265
1913 0.00916093
1914 0.00914904
1917 0.00912807
1918 0.00911055
1919 0.00909674
1920 0.00908462
1921 0.00906751
1924 0.00905082
1925 0.00903984
1926 0.00903503
1927 0.00903345
1931 0.00902351
1932 0.00900553
1933 0.00899514
1934 0.00898823
1935 0.00898604
1936 0.00897375
1937 0.00895939
1938 0.00895565
1939 0.00894759
1940 0.00892943
1941 0.00892291
1943 0.0089041
1944 0.00889145
1945 0.00887691
1946 0.00886558
1947 0.00884202
1948 0.00883609
1949 0.00883397
1950 0.00881491
1951 0.0087984
1952 0.00878062
1953 0.00876183
1954 0.00874128
1955 0.00872017
1956 0.00869962
1957 0.00867877
1958 0.00865796
1959 0.0086375
1960 0.00861703
1961 0.00859818
1962 0.00859501
1963 0.0085839
1964 0.00857105
1965 0.00854491
1966 0.00853224
1967 0.00853084
1969 0.00852036
1971 0.00850837
1972 0.00849479
1973 0.00849299
1975 0.00847216
1976 0.00846108
1977 0.00844996
1978 0.00843849
1981 0.00842003
1982 0.0084146
1983 0.00841438
1984 0.0084129
1985 0.00840834
1988 0.00840027
1989 0.00838506
1990 0.00838106
1991 0.00838027
1993 0.00837853
1994 0.00836863
1995 0.00836614
1996 0.00836032
1997 0.00835313
1998 0.00835098
2001 0.00833303
2002 0.00832846
2005 0.00832734
2006 0.00832337
2008 0.00831151
2009 0.00829207
2010 0.00829057
2011 0.00828882
2012 0.00828766
2014 0.00826515
2015 0.00824451
2016 0.0082372
2017 0.00823418
2019 0.00822644
2020 0.00821513
2021 0.00819437
2022 0.00816853
2023 0.00814815
2024 0.00813628
2025 0.00812368
2026 0.00811559
2027 0.00809943
2028 0.00808242
2029 0.00807182
2030 0.00806027
2031 0.00804063
2032 0.00802804
2033 0.0080034
2034 0.00799725
2035 0.0079905
2037 0.00799001
2038 0.00798821
2039 0.00798219
2040 0.00796522
2041 0.00796493
2043 0.00794446
2044 0.00793246
2047 0.00792032
2048 0.00790744
2049 0.00790341
2051 0.00788578
2052 0.00787713
2053 0.00787541
2055 0.00784921
2056 0.0078313
2057 0.0078251
2058 0.00782217
2061 0.00781329
2062 0.00780523
2063 0.00779038
2064 0.0077716
2065 0.00775995
2066 0.00775086
2067 0.00773983
2070 0.00773014
2071 0.00771194
2072 0.00770454
2073 0.00769316
2074 0.00768696
2075 0.00768191
2077 0.00767035
2078 0.0076525
2079 0.00765178
2080 0.00764875
2081 0.00763578
2082 0.00762489
2083 0.00761731
2084 0.00760902
2085 0.0076069
2089 0.00758385
2090 0.00756514
2091 0.00755339
2092 0.00754612
2093 0.00754036
2094 0.00753144
2096 0.00753014
2097 0.007527
2098 0.00752536
2099 0.00750263
2100 0.00748313
2101 0.00747151
2102 0.0074549
2103 0.00744085
2104 0.00742389
2107 0.00740971
2108 0.00740907
2109 0.00740869
2112 0.00740299
2113 0.00739775
2116 0.00737949
2117 0.00736352
2118 0.00735038
2119 0.00733499
2120 0.00732258
2121 0.00731582
2124 0.00730703
2125 0.00729836
2126 0.00729132
2127 0.00728828
2129 0.00727622
2130 0.00726267
2131 0.0072606
2133 0.00724378
2134 0.00724344
2135 0.0072385
2137 0.00723606
2138 0.00721708
2139 0.00721217
2140 0.00721159
2141 0.00720675
2144 0.00718564
2145 0.00717736
2149 0.00717527
2150 0.00716255
2151 0.00715083
2152 0.00714291
2153 0.00713932
2154 0.00713492
2155 0.00712272
2156 0.0071156
2157 0.0071144
2159 0.00710221
2160 0.00710071
2161 0.00708225
2162 0.00707206
2166 0.00706334
2167 0.0070527
2170 0.00704523
2171 0.00703562
2174 0.00701616
2175 0.00701239
2176 0.0070114
2177 0.00700197
2178 0.00698599
2179 0.00697255
2180 0.0069489
2181 0.00693063
2182 0.00691429
2183 0.00690011
2184 0.00688485
2185 0.0068728
2186 0.00686434
2188 0.00685298
2189 0.00684055
2190 0.00682255
2191 0.00680374
2192 0.00678607
2193 0.00677121
2194 0.00675749
2195 0.00674407
2196 0.00673266
2198 0.00673241
2199 0.0067271
2200 0.00671606
2201 0.00669695
2202 0.00667927
2203 0.00667223
2204 0.00665212
2205 0.00664275
2208 0.00664136
2210 0.00662844
2211 0.00662034
2212 0.00661079
2213 0.00659301
2214 0.0065823
2217 0.00656627
2218 0.00656132
2220 0.00655604
2222 0.00655195
2224 0.00653512
2226 0.00653374
2227 0.00651601
2228 0.0064985
2229 0.00648206
2230 0.00647612
2231 0.00646643
2232 0.00645782
2233 0.00645074
2234 0.00644239
2236 0.00642392
2237 0.00641983
2238 0.00641829
2239 0.00640464
2240 0.00638535
2241 0.00638194
2243 0.00637898
2245 0.00636989
2246 0.00636778
2247 0.00635571
2248 0.00633884
2249 0.00633388
2250 0.00631458
2251 0.00630548
2252 0.006282
2253 0.00626276
2254 0.00624437
2255 0.00622759
2256 0.00620889
2257 0.0061907
2258 0.00617527
2259 0.00615709
2260 0.00613929
2261 0.00612035
2262 0.00610168
2263 0.00608309
2264 0.00607034
2265 0.00605635
2266 0.00604064
2267 0.00603113
2268 0.00602798
2270 0.00601947
2271 0.00600661
2272 0.0059959
2273 0.00598207
2275 0.00598166
2276 0.00596206
2277 0.00595293
2278 0.00594099
2279 0.00593793
2283 0.0059343
2284 0.00593173
2285 0.00592401
2286 0.00590501
2289 0.00589248
2290 0.00588794
2295 0.00588746
2296 0.00588602
2297 0.0058814
2298 0.0058636
2300 0.0058587
2301 0.00584898
2302 0.0058444
2309 0.00583579
2310 0.00583123
2311 0.00582926
2312 0.00582235
2315 0.00581591
2316 0.00581183
2317 0.00580958
2319 0.00580254
2320 0.00579556
2321 0.0057883
2322 0.00578154
2323 0.005776
2324 0.00577067
2325 0.00576525
2326 0.00575909
2327 0.0057544
2328 0.00574923
2329 0.00574279
2330 0.0057353
2331 0.00572795
2332 0.00572082
2333 0.00571363
2334 0.00570653
2335 0.00569958
2336 0.00569286
2337 0.00568644
2338 0.00568156
2339 0.00567638
2340 0.00567169
2341 0.00566584
2342 0.00566204
2343 0.00565792
2344 0.00565063
2345 0.00564361
2346 0.0056371
2347 0.00563211
2348 0.00562402
2349 0.00561797
2350 0.0056126
2351 0.00560838
2352 0.00560461
2353 0.00560235
2354 0.00560188
2355 0.00559705
2356 0.00559645
2358 0.005588
2359 0.00558214
2360 0.00557774
2361 0.00557464
2362 0.00557439
2364 0.00557177
2366 0.00556467
2367 0.00555743
2368 0.00555188
2369 0.00554583
2370 0.00554191
2371 0.00553904
2372 0.00553603
2373 0.00553177
2374 0.00553056
2375 0.00552851
2376 0.00552158
2377 0.00551494
2378 0.00550932
2379 0.00550339
2380 0.00549704
2381 0.00549074
2382 0.00548451
2383 0.0054814
2384 0.00547768
2385 0.00547225
2386 0.00546559
2387 0.00545967
2388 0.00545496
2389 0.00545469
2390 0.00545401
2391 0.00545002
2392 0.00544508
2395 0.00543903
2396 0.00543213
2397 0.00542735
2398 0.00542563
2399 0.00541957
2400 0.00541522
2401 0.00541046
2402 0.00540838
2403 0.0054076
2404 0.00540367
2405 0.00540189
2407 0.00539675
2408 0.00538838
2409 0.00538243
2410 0.00538095
2411 0.0053792
2412 0.00537855
2413 0.00537731
2414 0.00537101
2415 0.00536529
2416 0.00536303
2418 0.00535613
2419 0.00534962
2420 0.00534331
2421 0.00534051
2422 0.00533827
2423 0.0053323
2424 0.0053252
2425 0.00531857
2426 0.00531199
2427 0.00530604
2428 0.00530094
2429 0.00529512
2430 0.00529058
2431 0.00528443
2432 0.00527918
2435 0.0052725
2436 0.00526626
2437 0.00525977
2438 0.00525337
2439 0.00524671
2440 0.00524005
2441 0.00523324
2442 0.00522655
2443 0.00522087
2444 0.0052151
2445 0.00520963
2446 0.00520236
2447 0.00519595
2448 0.00518963
2449 0.00518458
2450 0.00517841
2451 0.0051726
2452 0.00516783
2453 0.00516442
2454 0.00516153
2455 0.00515947
2456 0.00515219
2457 0.00514516
2458 0.00513878
2459 0.00513265
2460 0.00512652
2461 0.00512116
2462 0.00511817
2463 0.00511085
2464 0.00510546
2465 0.00510196
2466 0.00509881
2467 0.00509731
2469 0.00509081
2470 0.00508408
2471 0.00507767
2472 0.00507124
2473 0.0050647
2474 0.00505806
2475 0.00505139
2476 0.00504477
2477 0.00503852
2478 0.00503296
2479 0.00502739
2480 0.0050212
2481 0.00501456
2482 0.00500777
2483 0.005001
2484 0.00499564
2485 0.00499069
2486 0.00498798
2487 0.00498296
2488 0.00497624
2489 0.00496959
2490 0.00496311
2491 0.00495626
2492 0.0049494
2493 0.00494263
2494 0.00493585
2495 0.00492892
2496 0.00492214
2497 0.00491526
2498 0.00490838
2499 0.00490151
2500 0.00489524
2501 0.0048885
2502 0.00488175
2503 0.00487495
2504 0.0048681
2505 0.00486168
2506 0.00485547
2507 0.00484937
2508 0.0048437
2509 0.00483693
2510 0.00483021
2511 0.00482353
2512 0.00481745
2513 0.00481223
2514 0.00480699
2515 0.00480019
2516 0.00479375
2517 0.0047873
2518 0.00478073
2519 0.00477427
2520 0.00476744
2521 0.00476061
2522 0.00475378
2523 0.00474696
2524 0.00474017
2525 0.00473484
2526 0.00472846
2527 0.00472225
2528 0.0047161
2529 0.00471006
2530 0.00470335
2531 0.00469687
2532 0.00469013
2533 0.00468338
2534 0.00467667
2535 0.00466993
2536 0.00466329
2537 0.00465659
2538 0.00465017
2539 0.00464369
2540 0.00463714
2541 0.00463076
2542 0.0046242
2543 0.0046176
2544 0.0046111
2545 0.00460489
2546 0.00459886
2547 0.00459275
2548 0.00458644
2549 0.00458047
2550 0.00457529
2551 0.00456902
2552 0.0045622
2553 0.00455549
2554 0.00454901
2555 0.00454253
2556 0.00453622
2557 0.0045298
2558 0.00452332
2559 0.00451701
2560 0.00451117
2561 0.00450506
2562 0.0045
2563 0.00449593
2564 0.00448987
2565 0.00448318
2566 0.00447661
2567 0.00446995
2568 0.0044634
2569 0.00445681
2570 0.00445024
2571 0.0044437
2572 0.00443716
2573 0.00443067
2574 0.00442421
2575 0.00441793
2576 0.00441207
2577 0.00440607
2578 0.00439991
2579 0.00439327
2580 0.00438676
2581 0.00438056
2582 0.00437408
2583 0.00436773
2584 0.00436118
2585 0.00435477
2586 0.0043484
2587 0.00434221
2588 0.00433611
2589 0.00433005
2590 0.00432365
2591 0.00431753
2592 0.00431109
2593 0.00430496
2594 0.00429861
2595 0.00429255
2596 0.00428625
2597 0.00428011
2598 0.00427392
2599 0.00426766
2600 0.00426193
2601 0.00425625
2602 0.00425013
2603 0.00424366
2604 0.00423721
2605 0.00423114
2606 0.00422476
2607 0.00421833
2608 0.00421198
2609 0.00420556
2610 0.00419919
2611 0.00419277
2612 0.0041866
2613 0.00418028
2614 0.00417393
2615 0.00416769
2616 0.00416147
2617 0.00415534
2618 0.00415153
2619 0.00414552
2620 0.00413936
2621 0.00413333
2622 0.00412838
2623 0.00412306
2624 0.00411821
2625 0.00411371
2626 0.00411006
2627 0.00410571
2628 0.00409974
2629 0.00409584
2630 0.0040892
2631 0.00408332
2632 0.00407803
2633 0.00407308
2634 0.00407
2635 0.0040684
2636 0.00406779
2637 0.00406508
2638 0.00406479
2640 0.00405816
2641 0.00405281
2642 0.00404877
2643 0.00404561
2644 0.00404552
2646 0.0040435
2648 0.00403707
2649 0.00403117
2650 0.00402581
2651 0.00402201
2652 0.00401675
2653 0.00401436
2654 0.00401066
2655 0.00400723
2656 0.0040068
2657 0.00400645
2658 0.00400029
2659 0.00399474
2660 0.00399002
2661 0.00398422
2662 0.00398056
2663 0.00397379
2664 0.00396779
2665 0.00396198
2666 0.00395641
2667 0.00395058
2668 0.00394511
2669 0.00393952
2670 0.0039343
2671 0.00392829
2672 0.00392249
2673 0.00391714
2674 0.00391366
2676 0.00391307
2677 0.00390774
2678 0.00390289
2679 0.00389782
2680 0.00389564
2681 0.00389015
2682 0.00388522
2683 0.00388114
2684 0.00388055
2686 0.00387749
2687 0.00387194
2688 0.00386677
2689 0.00386047
2690 0.00385496
2691 0.00385114
2692 0.00384797
2693 0.00384749
2694 0.00384561
2695 0.00384139
2696 0.00384071
2697 0.00384048
2698 0.00383737
2699 0.00383035
2700 0.00382451
2701 0.00381923
2702 0.00381399
2703 0.00381266
2706 0.00380923
2707 0.003805
2708 0.00380037
2709 0.00379709
2710 0.00379402
2711 0.00379085
2712 0.00378801
2713 0.00378584
2714 0.00378113
2717 0.00377523
2718 0.00377065
2719 0.00376843
2721 0.00376744
2722 0.0037663
2724 0.00376199
2725 0.00375711
2726 0.0037543
2727 0.0037504
2728 0.00374803
2730 0.00374606
2731 0.00374029
2732 0.0037399
2733 0.00373967
2734 0.00373461
2735 0.00373064
2736 0.00372913
2737 0.00372857
2740 0.00372847
2741 0.00372098
2742 0.00371769
2743 0.00371421
2744 0.00371186
2745 0.00371137
2746 0.00371009
2747 0.00370514
2748 0.00370279
2749 0.00369927
2750 0.00369337
2751 0.0036883
2752 0.00368294
2753 0.00367822
2754 0.00367437
2755 0.00367217
2757 0.003672
2758 0.00366678
2759 0.00366346
2760 0.00365839
2761 0.00365467
2762 0.00365025
2763 0.00364702
2765 0.00364499
2766 0.00364077
2767 0.00363808
2768 0.00363505
2769 0.00363304
2770 0.00363232
2772 0.00362913
2775 0.00362236
2776 0.00361762
2777 0.00361543
2778 0.00361473
2779 0.00361241
2781 0.00361174
2782 0.00360859
2783 0.00360458
2784 0.00360304
2785 0.00359766
2786 0.00359353
2787 0.00359279
2789 0.00358629
2790 0.00358219
2791 0.00357784
2792 0.00357297
2793 0.00356754
2794 0.0035623
2795 0.00355781
2796 0.00355226
2797 0.0035468
2798 0.00354288
2799 0.00354098
2800 0.00353835
2801 0.003535
2802 0.00352996
2803 0.00352447
2804 0.00352087
2805 0.00351508
2806 0.00350894
2807 0.00350379
2808 0.00349933
2809 0.00349779
2810 0.00349611
2811 0.00349583
2813 0.00349469
2815 0.00349399
2816 0.00348813
2817 0.00348339
2818 0.00347992
2819 0.00347702
2822 0.00347435
2823 0.00347285
2825 0.00346851
2826 0.00346424
2827 0.00346143
2830 0.00345662
2831 0.0034537
2832 0.00345196
2834 0.00345039
2835 0.00344976
2837 0.00344715
2838 0.00344234
2839 0.00343999
2840 0.00343715
2841 0.00343658
2845 0.00343161
2846 0.00342999
2847 0.00342881
2848 0.00342327
2849 0.00341874
2850 0.00341715
2851 0.00341697
2852 0.00341481
2855 0.00341226
2857 0.00340771
2858 0.00340295
2859 0.00340106
2860 0.00339603
2862 0.00339489
2863 0.00339012
2864 0.00338699
2865 0.00338451
2866 0.00338351
2867 0.00338318
2868 0.00337884
2869 0.00337384
2870 0.00336919
2871 0.0033671
2872 0.00336163
2873 0.00335698
2874 0.00335276
2875 0.00335165
2876 0.00335078
2877 0.00335059
2878 0.00335004
2879 0.00334898
2880 0.00334596
2882 0.00334588
2883 0.00333902
2884 0.00333611
2885 0.00333168
2886 0.00332812
2887 0.00332353
2888 0.00332217
2889 0.0033176
2890 0.00331725
2891 0.00331523
2892 0.0033141
2894 0.00330671
2895 0.00330251
2896 0.00330107
2897 0.00330011
2898 0.00329758
2900 0.00329523
2901 0.00329326
2902 0.0032931
2903 0.00329191
2904 0.00329127
2905 0.00328552
2906 0.00328036
2907 0.00327621
2908 0.00327326
2909 0.00326852
2910 0.00326362
2911 0.00325936
2912 0.00325503
2913 0.00325171
2914 0.00324645
2915 0.00324233
2916 0.00323786
2917 0.00323344
2918 0.00323062
2919 0.00322703
2921 0.00322554
2922 0.00322201
2923 0.00321764
2924 0.00321368
2925 0.00321261
2927 0.00320987
2930 0.0032047
2931 0.00320043
2932 0.00319734
2933 0.00319339
2934 0.00319231
2935 0.00318769
2938 0.0031835
2939 0.00318007
2940 0.00317611
2941 0.00317351
2942 0.00317152
2943 0.00317079
2944 0.00316447
2945 0.00316078
2946 0.00315646
2947 0.00315465
2948 0.00315453
2949 0.0031511
2950 0.00315064
2953 0.00314806
2954 0.00314232
2955 0.00313991
2956 0.00313702
2960 0.00313524
2961 0.00313192
2962 0.00312925
2963 0.00312644
2964 0.00312364
2965 0.00312263
2968 0.00311815
2969 0.00311458
2970 0.0031121
2971 0.00311121
2972 0.00311083
2975 0.00310702
2976 0.0031031
2977 0.00309872
2978 0.00309552
2979 0.00309211
2981 0.00309092
2982 0.00308658
2983 0.00308397
2984 0.00308182
2985 0.00308026
2986 0.00308005
2987 0.00307748
2988 0.0030744
2989 0.00307163
2990 0.00306989
2991 0.00306924
2992 0.00306608
2993 0.00306016
2994 0.00305567
2995 0.0030528
2996 0.00304999
2997 0.00304453
2998 0.00303978
2999 0.00303598
3000 0.00303349
3001 0.00303206
3003 0.00302706
3004 0.00302243
3005 0.00302037
3006 0.00301924
3007 0.00301369
3008 0.00300892
3009 0.00300544
3010 0.0030033
3011 0.0030011
3012 0.00300007
3013 0.00299516
3014 0.00299076
3015 0.00298586
3016 0.00298118
3017 0.00297698
3018 0.00297237
3019 0.00296829
3020 0.00296485
3021 0.00296231
3022 0.0029612
3024 0.00295566
3025 0.00295154
3026 0.00294832
3027 0.00294713
3028 0.00294661
3030 0.00294609
3031 0.00294504
3032 0.00294485
3033 0.00294269
3034 0.0029377
3035 0.00293605
3036 0.0029344
3037 0.00292846
3038 0.0029283
3040 0.00292567
3041 0.00292554
3042 0.00292525
3043 0.00292217
3044 0.00291676
3045 0.00291196
3046 0.00290854
3047 0.00290472
3048 0.00290193
3051 0.00289815
3052 0.00289612
3053 0.00289544
3054 0.00289421
3055 0.00289201
3058 0.00288654
3059 0.00288425
3060 0.0028815
3061 0.00287751
3062 0.00287559
3063 0.00287531
3065 0.00287106
3067 0.00287027
3068 0.00286502
3069 0.00286015
3070 0.00285762
3071 0.002856
3072 0.00285354
3073 0.00285102
3075 0.0028505
3076 0.00284913
3078 0.00284383
3079 0.00284005
3080 0.00283608
3081 0.00283363
3082 0.00283238
3083 0.00283166
3084 0.00283117
3085 0.00283104
3086 0.00282618
3087 0.00282477
3088 0.00282408
3089 0.00281863
3090 0.00281437
3091 0.00281194
3092 0.00281
3093 0.00280988
3094 0.00280802
3095 0.00280717
3097 0.00280471
3098 0.00279972
3099 0.00279508
3100 0.00279165
3101 0.00278904
3102 0.00278776
3103 0.0027851
3104 0.0027798
3105 0.00277708
3106 0.00277573
3107 0.00277565
3108 0.00277211
3109 0.00276997
3111 0.00276875
3112 0.00276744
3114 0.00276247
3115 0.00275807
3116 0.00275485
3117 0.00275474
3119 0.00275426
3122 0.00275402
3123 0.00275036
3124 0.0027459
3125 0.00274457
3127 0.00274267
3128 0.00273852
3129 0.0027364
3130 0.00273533
3132 0.00273318
3133 0.00273073
3134 0.00272821
3135 0.00272575
3137 0.00272396
3138 0.00271947
3139 0.0027178
3140 0.00271703
3142 0.00271648
3143 0.00271508
3146 0.00271001
3147 0.00270744
3148 0.00270545
3153 0.00270035
3154 0.00269742
3155 0.00269481
3156 0.00269202
3157 0.00269149
3159 0.00268688
3160 0.00268558
3161 0.00268493
3162 0.00268194
3163 0.00267994
3164 0.00267983
3165 0.00267935
3167 0.00267817
3168 0.00267265
3169 0.00266972
3170 0.00266525
3171 0.00266121
3172 0.00265911
3173 0.00265768
3174 0.00265592
3175 0.00265492
3177 0.00265343
3178 0.0026493
3179 0.00264466
3180 0.00264317
3181 0.00264266
3182 0.00264184
3185 0.00263971
3186 0.00263633
3189 0.002631
3190 0.00262827
3191 0.00262803
3193 0.00262645
3194 0.00262528
3195 0.00262275
3196 0.00261793
3197 0.00261684
3199 0.00261253
3200 0.00261083
3201 0.00260639
3202 0.002603
3203 0.0026006
3204 0.00259825
3205 0.00259566
3207 0.00259474
3208 0.00259062
3209 0.00258657
3210 0.00258316
3211 0.00258216
3212 0.00258117
3215 0.00257775
3216 0.00257292
3217 0.00257064
3218 0.00256716
3219 0.00256394
3220 0.00256089
3221 0.00255786
3224 0.00255447
3225 0.00255069
3226 0.0025468
3227 0.00254211
3228 0.00253742
3229 0.00253329
3230 0.00252909
3231 0.00252452
3232 0.00251985
3233 0.00251526
3234 0.00251073
3235 0.00250748
3236 0.00250461
3237 0.0025003
3238 0.00249664
3239 0.00249416
3240 0.00249333
3242 0.00249184
3243 0.00248813
3244 0.00248569
3245 0.00248479
3247 0.00247986
3248 0.00247572
3249 0.0024749
3251 0.00247391
3253 0.0024699
3254 0.00246819
3255 0.00246362
3256 0.00246051
3257 0.00245801
3258 0.00245594
3259 0.00245171
3260 0.00244821
3261 0.00244487
3262 0.00244187
3263 0.00243909
3264 0.00243698
3265 0.00243343
3266 0.00243146
3267 0.00242999
3269 0.00242986
3270 0.00242433
3271 0.00242201
3272 0.00242085
3273 0.00242078
3274 0.00241923
3275 0.00241919
3276 0.00241731
3277 0.00241271
3278 0.00240957
3280 0.00240941
3281 0.00240505
3282 0.00240054
3283 0.00239606
3284 0.00239187
3285 0.00238844
3286 0.00238472
3287 0.00238323
3290 0.00237873
3291 0.00237571
3292 0.00237344
3293 0.00237143
3294 0.00236951
3297 0.00236516
3298 0.00236338
3299 0.00236299
3301 0.00235913
3302 0.00235715
3304 0.0023558
3305 0.00235211
3306 0.00234893
3307 0.00234566
3308 0.00234435
3309 0.00234306
3310 0.00234284
3311 0.00234221
3312 0.00233821
3313 0.00233561
3314 0.00233084
3315 0.00232628
3316 0.0023217
3317 0.00231715
3318 0.00231273
3319 0.00230833
3320 0.00230412
3321 0.00229978
3322 0.00229685
3323 0.00229456
3324 0.00229164
3325 0.00228779
3326 0.00228337
3327 0.00228016
3328 0.00227746
3329 0.0022738
3330 0.00226986
3331 0.00226658
3332 0.00226158
3333 0.00225828
3334 0.0022573
3335 0.00225522
3336 0.00225363
3337 0.0022478
3338 0.00224313
3339 0.00223899
3340 0.00223587
3341 0.00223373
3342 0.00223119
3343 0.00222919
3344 0.00222426
3345 0.00221987
3346 0.00221604
3347 0.00221279
3348 0.00221157
3349 0.00220856
3350 0.00220677
3351 0.00220229
3356 0.00219784
3357 0.00219702
3358 0.0021968
3359 0.00219631
3361 0.00219269
3362 0.00219011
3363 0.00218689
3364 0.00218427
3365 0.00218346
3367 0.00218253
3368 0.00217769
3369 0.00217401
3370 0.00217198
3371 0.00217129
3373 0.00216733
3374 0.00216321
3375 0.00215921
3376 0.00215509
3377 0.00215103
3378 0.00214694
3379 0.00214286
3380 0.00213929
3381 0.00213545
3382 0.00213143
3383 0.00212749
3384 0.0021247
3385 0.00212046
3386 0.00211694
3387 0.00211331
3388 0.0021094
3389 0.00210529
3390 0.00210132
3391 0.00209749
3392 0.00209348
3393 0.00208971
3394 0.00208549
3395 0.00208129
3396 0.00207715
3397 0.00207299
3398 0.00206898
3399 0.00206497
3400 0.0020612
3401 0.00205705
3402 0.00205323
3403 0.0020491
3404 0.00204511
3405 0.00204137
3406 0.00203773
3407 0.00203362
3408 0.00202958
3409 0.00202595
3410 0.00202217
3411 0.00201832
3412 0.0020143
3413 0.00201182
3414 0.00200861
3415 0.00200702
3416 0.00200595
3418 0.00200366
3419 0.00200047
3420 0.00199739
3421 0.00199571
3422 0.00199295
3423 0.001991
3424 0.00198747
3425 0.00198429
3427 0.00198334
3428 0.00197981
3429 0.00197718
3430 0.0019759
3431 0.0019754
3432 0.0019753
3433 0.0019737
3434 0.00197076
3435 0.00196894
3436 0.00196711
3437 0.00196647
3438 0.00196425
3439 0.00196074
3440 0.00195988
3441 0.00195947
3442 0.00195865
3444 0.00195689
3445 0.00195472
3446 0.00195268
3447 0.00195156
3448 0.00195048
3449 0.00194626
3450 0.00194259
3451 0.00193984
3452 0.0019365
3454 0.00193544
3455 0.00193425
3456 0.00193331
3457 0.00193144
3458 0.00193037
3460 0.00192781
3463 0.001924
3464 0.00192123
3465 0.00192021
3466 0.00192009
3467 0.00191825
3468 0.00191715
3469 0.00191706
3471 0.00191611
3472 0.00191288
3473 0.00191157
3475 0.00191126
3478 0.00191107
3479 0.00191104
3480 0.00190649
3481 0.00190446
3482 0.00190345
3484 0.0019026
3485 0.0018984
3486 0.001897
3487 0.00189667
3488 0.00189643
3490 0.00189456
3492 0.0018921
3493 0.0018895
3494 0.00188772
3495 0.00188529
3496 0.00188242
3497 0.00188149
3502 0.00187711
3503 0.00187355
3504 0.00187241
3505 0.00187096
3506 0.00187092
3508 0.00186836
3509 0.00186814
3511 0.00186381
3512 0.0018615
3514 0.00186102
3515 0.00185754
3516 0.00185625
3519 0.00185611
3520 0.0018554
3521 0.00185474
3522 0.00185203
3523 0.00185119
3524 0.00184631
3525 0.0018434
3526 0.00183979
3527 0.00183854
3528 0.00183445
3529 0.00183044
3530 0.00182656
3531 0.00182288
3532 0.00182058
3533 0.00181765
3534 0.00181425
3535 0.00181208
3536 0.00181177
3537 0.00181145
3538 0.00180837
3539 0.00180719
3540 0.00180284
3541 0.00179983
3542 0.00179942
3544 0.00179614
3545 0.00179416
3546 0.00179389
3547 0.0017928
3548 0.00178909
3549 0.00178613
3550 0.0017861
3552 0.0017828
3553 0.00177954
3554 0.0017777
3555 0.00177601
3557 0.0017749
3558 0.00177145
3559 0.00176977
3560 0.00176855
3563 0.00176621
3564 0.00176574
3565 0.00176353
3566 0.00176098
3567 0.00175815
3568 0.00175498
3569 0.00175388
3570 0.00175289
3571 0.0017527
3573 0.00175205
3575 0.00175092
3576 0.00174834
3577 0.00174772
3578 0.00174709
3581 0.00174459
3582 0.00174256
3584 0.00174135
3585 0.00174095
3587 0.00173947
3588 0.00173715
3589 0.00173584
3590 0.00173577
3591 0.00173516
3594 0.00173104
3595 0.00173094
3597 0.00172836
3600 0.00172534
3601 0.00172372
3603 0.00172369
3604 0.00172352
3605 0.00172076
3606 0.0017181
3607 0.00171417
3608 0.00171067
3609 0.00170694
3610 0.00170335
3611 0.00170056
3612 0.00169713
3613 0.00169438
3614 0.0016911
3615 0.0016876
3616 0.00168387
3617 0.00168009
3618 0.00167667
3619 0.00167388
3620 0.00167132
3621 0.00166832
3622 0.00166456
3623 0.00166179
3624 0.00165795
3625 0.00165491
3626 0.00165235
3627 0.00165025
3628 0.00164894
3629 0.00164883
3630 0.00164775
3631 0.00164605
3632 0.00164316
3634 0.00164247
3635 0.00163878
3636 0.0016378
3637 0.00163707
3638 0.00163656
3639 0.00163513
3643 0.00163147
3644 0.00162985
3645 0.00162809
3646 0.00162586
3649 0.00162428
3650 0.00162209
3651 0.0016197
3652 0.00161794
3653 0.00161673
3656 0.0016151
3657 0.00161175
3658 0.00160985
3659 0.0016092
3660 0.00160886
3663 0.00160636
3665 0.00160593
3666 0.00160374
3667 0.00160354
3668 0.00160311
3670 0.00160112
3671 0.0015979
3672 0.00159757
3674 0.00159633
3675 0.0015939
3676 0.00159246
3681 0.0015882
3682 0.0015853
3683 0.00158406
3684 0.0015831
3685 0.00158142
3686 0.00158121
3690 0.00158113
3691 0.00157769
3696 0.00157544
3697 0.00157419
3698 0.00157418
3699 0.00157392
3700 0.00157385
3703 0.00157285
3704 0.0015721
3706 0.00156977
3707 0.00156884
3710 0.00156842
3711 0.00156698
3712 0.00156345
3713 0.00156315
3715 0.00156166
3716 0.00155879
3717 0.00155634
3719 0.00155632
3720 0.00155327
3721 0.0015525
3722 0.00155247
3723 0.00155246
3727 0.00154858
3728 0.00154814
3729 0.00154813
3730 0.00154478
3731 0.00154195
3732 0.00153941
3733 0.001538
3734 0.00153754
3735 0.00153687
3737 0.00153678
3738 0.0015337
3740 0.00153244
3741 0.00153016
3744 0.00152878
3745 0.00152669
3749 0.00152365
3750 0.00152101
3751 0.00152071
3752 0.00151943
3753 0.00151547
3754 0.00151449
3755 0.00151281
3756 0.00151205
3758 0.00151181
3759 0.00151161
3761 0.00150934
3762 0.00150793
3763 0.00150552
3764 0.00150296
3765 0.00150271
3766 0.00150212
3768 0.00150173
3769 0.00150121
3770 0.00150111
3771 0.0014981
3772 0.00149462
3773 0.00149123
3774 0.00148793
3775 0.00148448
3776 0.00148107
3777 0.0014779
3778 0.00147456
3779 0.00147125
3780 0.00146949
3781 0.00146648
3782 0.00146317
3783 0.00146081
3784 0.00145862
3785 0.00145685
3786 0.00145587
3788 0.00145298
3789 0.00145011
3790 0.00144682
3791 0.00144382
3792 0.00144091
3793 0.00143862
3794 0.00143521
3795 0.00143185
3796 0.00142871
3797 0.0014256
3798 0.00142277
3799 0.00141965
3800 0.00141696
3801 0.00141542
3802 0.00141506
3804 0.00141216
3805 0.00141156
3806 0.00141095
3807 0.00140736
3808 0.00140579
3809 0.00140338
3810 0.00140321
3812 0.00140234
3813 0.00140152
3814 0.00140105
3815 0.00140011
3816 0.0013995
3817 0.00139853
3818 0.00139544
3820 0.00139452
3821 0.00139224
3822 0.00139158
3824 0.00139093
3825 0.00139082
3826 0.00139033
3827 0.00139005
3829 0.00138862
3830 0.00138618
3834 0.00138585
3836 0.00138468
3837 0.00138215
3838 0.00137904
3839 0.00137661
3840 0.00137459
3841 0.00137153
3842 0.0013685
3843 0.00136593
3844 0.00136266
3845 0.00135947
3846 0.00135629
3847 0.00135326
3848 0.00135062
3849 0.00134768
3850 0.00134468
3851 0.00134205
3852 0.00133926
3853 0.00133644
3854 0.00133442
3855 0.00133283
3856 0.0013301
3857 0.00132781
3858 0.00132554
3859 0.00132376
3860 0.00132075
3861 0.00131888
3862 0.00131606
3863 0.00131396
3864 0.00131336
3866 0.00131098
3867 0.00130991
3868 0.00130813
3869 0.00130728
3870 0.00130634
3872 0.00130547
3873 0.00130226
3874 0.00130094
3875 0.0013009
3876 0.00130063
3877 0.00130035
3879 0.00129993
3880 0.00129799
3881 0.00129674
3884 0.00129391
3885 0.00129142
3886 0.00128894
3887 0.001288
3888 0.00128547
3889 0.0012848
3890 0.00128238
3891 0.00128106
3892 0.00128025
3893 0.00128008
3894 0.00128002
3895 0.00127888
3896 0.00127573
3897 0.00127313
3898 0.00127031
3899 0.00126721
3900 0.00126418
3901 0.00126145
3902 0.0012588
3903 0.00125598
3904 0.0012531
3905 0.00125027
3906 0.00124734
3907 0.00124464
3908 0.00124176
3909 0.00123905
3910 0.00123645
3911 0.00123415
3912 0.00123205
3913 0.00123147
3914 0.00123135
3915 0.00122801
3916 0.00122485
3917 0.00122175
3918 0.00121882
3919 0.00121573
3920 0.00121266
3921 0.00120961
3922 0.00120668
3923 0.00120381
3924 0.00120116
3925 0.00119852
3926 0.00119543
3927 0.00119252
3928 0.00119008
3929 0.00118706
3930 0.00118409
3931 0.00118114
3932 0.00117924
3933 0.00117682
3934 0.001175
3935 0.00117184
3936 0.00116889
3937 0.00116611
3938 0.00116318
3939 0.00116055
3940 0.00115795
3941 0.00115591
3942 0.00115359
3943 0.00115075
3944 0.00114819
3945 0.0011458
3946 0.00114468
3947 0.00114232
3948 0.00113962
3949 0.00113679
3950 0.00113414
3951 0.00113158
3952 0.00112892
3953 0.00112615
3954 0.00112349
3955 0.00112095
3956 0.00111852
3957 0.00111614
3958 0.00111444
3959 0.00111163
3960 0.00110933
3961 0.00110718
3962 0.00110497
3963 0.00110255
3964 0.00110192
3965 0.00109981
3966 0.00109804
3967 0.00109636
3968 0.0010954
3969 0.00109241
3970 0.00108997
3971 0.00108756
3972 0.00108487
3973 0.0010822
3974 0.00107954
3975 0.00107692
3976 0.00107429
3977 0.00107172
3978 0.00106912
3979 0.0010666
3980 0.00106407
3981 0.0010616
3982 0.00105915
3983 0.00105675
3984 0.00105443
3985 0.00105213
3986 0.00105003
3987 0.00104703
3988 0.00104493
3989 0.00104416
3990 0.00104345
3991 0.00104313
3992 0.00104234
3993 0.00104222
3997 0.00104131
3998 0.00103956
3999 0.00103948
4003 0.00103684
4004 0.00103629
4005 0.0010344
4006 0.00103296
4007 0.00103095
4008 0.00102938
4009 0.00102739
4010 0.00102623
4011 0.00102455
4012 0.00102295
4013 0.00102257
4017 0.00102114
4018 0.00102038
4021 0.00101812
4022 0.0010179
4023 0.00101738
4024 0.00101717
4026 0.00101419
4027 0.00101384
4028 0.00101335
4031 0.00101109
4032 0.0010105
4033 0.00100844
4036 0.00100658
4037 0.00100454
4038 0.00100333
4039 0.00100322
4040 0.00100301
4041 0.00100222
4042 0.000999651
4043 0.000998252
4044 0.000997007
4046 0.000996835
4047 0.000995886
4049 0.000995852
4050 0.000993538
4051 0.000992779
4052 0.000991782
4055 0.000990643
4056 0.000990214
4057 0.000989624
4058 0.000989271
4060 0.000988022
4061 0.00098574
4062 0.000983427
4063 0.000982126
4064 0.000979946
4065 0.00097918
4067 0.000978261
4068 0.000977141
4069 0.000977139
4070 0.000976168
4072 0.000974464
4074 0.00097436
4075 0.0009729
4076 0.000972354
4077 0.000972174
4081 0.00097055
4082 0.0009691
4083 0.000968996
4086 0.000967715
4087 0.000966204
4088 0.000965938
4089 0.000965555
4090 0.000964543
4092 0.000963498
4093 0.000961906
4094 0.000960993
4096 0.000960869
4097 0.000960766
4098 0.000960075
4099 0.000957883
4100 0.000957751
4102 0.000955017
4104 0.000954919
4106 0.00095479
4107 0.000953649
4109 0.000953469
4110 0.000953281
4111 0.000951084
4112 0.000948966
4113 0.000947016
4114 0.000945729
4115 0.000944301
4116 0.000942892
4117 0.000941048
4118 0.000940357
4119 0.000939874
4120 0.000939447
4121 0.000938934
4123 0.000937648
4127 0.000937279
4128 0.000934742
4129 0.000934574
4130 0.000934434
4132 0.000933481
4133 0.000931755
4134 0.000931128
4138 0.000929884
4139 0.000928775
4140 0.000928656
4141 0.000927
4142 0.000925123
4143 0.000923616
4144 0.000922368
4145 0.000922049
4146 0.000921975
4147 0.000921675
4150 0.000921002
4151 0.000918128
4155 0.000916315
4156 0.000914767
4157 0.000914027
4161 0.000913848
4163 0.000910507
4164 0.000909675
4165 0.000909397
4166 0.000909308
4168 0.000908928
4169 0.000908779
4173 0.000905547
4174 0.000904342
4178 0.000904279
4179 0.000902166
4180 0.000901789
4181 0.000901568
4184 0.000899559
4187 0.000899491
4188 0.000899476
4190 0.000897382
4193 0.00089729
4195 0.000895244
4196 0.000893897
4197 0.000892513
4200 0.000892207
4202 0.000889393
4203 0.000888901
4204 0.000887641
4205 0.000886694
4206 0.00088508
4209 0.000884176
4210 0.000883934
4212 0.000883867
4213 0.000882035
4215 0.000881926
4217 0.000881118
4218 0.000880392
4220 0.000879337
4221 0.000879017
4223 0.000878593
4225 0.000876653
4227 0.000876513
4232 0.000874826
4233 0.000873516
4236 0.000872459
4237 0.000871209
4238 0.000870951
4239 0.000870726
4244 0.000869712
4245 0.000868273
