1 11897.8
14 10321.0
15 8859.12
16 7969.34
17 6909.21
18 6025.7
19 5286.86
20 4663.33
21 4131.29
22 3672.39
23 3272.66
24 2921.56
25 2619.43
27 2285.0
28 1739.82
29 1662.93
30 1657.73
31 1334.71
32 1114.6
33 920.059
34 762.371
35 637.131
36 544.343
37 542.448
38 463.151
39 462.878
40 424.945
44 352.655
45 312.159
46 311.561
47 261.458
48 214.858
49 167.768
50 147.869
51 147.806
52 103.516
53 77.0734
54 62.0117
55 56.3876
56 31.8179
58 31.1624
61 27.8642
66 26.0377
71 22.9719
80 22.9126
81 20.281
82 20.1034
89 19.9338
91 19.9099
93 19.895
96 18.9122
99 17.4875
101 17.3019
103 17.2107
104 16.1017
106 15.8325
107 14.6744
108 14.6281
109 14.3752
111 14.2818
115 13.4714
117 12.7229
122 12.4448
123 12.4081
124 12.3251
125 12.0754
126 12.021
130 12.0163
131 11.4878
132 11.0787
134 11.0436
135 10.7414
136 10.6981
141 10.6252
146 10.5046
148 10.444
151 10.3786
152 10.3774
153 10.2415
154 10.201
156 10.1593
158 10.1257
162 10.1168
167 10.0694
175 10.063
178 10.0619
185 10.0533
192 10.0494
193 10.0356
194 10.0302
196 10.0262
197 10.0179
200 9.98313
201 9.94985
202 9.92399
203 9.91716
204 9.88557
205 9.88256
206 9.8774
211 9.87604
212 9.86297
216 9.86035
218 9.85998
219 9.8564
223 9.85476
225 9.85464
226 9.85412
227 9.85387
233 9.85126
240 9.85114
242 9.85093
247 9.84899
248 9.84892
251 9.84565
252 9.84424
255 9.83868
258 9.83555
259 9.83493
262 9.83483
263 9.83468
264 9.83136
265 9.82903
266 9.82812
267 9.82702
269 9.82695
272 9.82536
273 9.82446
274 9.81727
275 9.8099
276 9.80593
277 9.80073
278 9.79793
279 9.79706
280 9.79581
283 9.79493
285 9.7945
287 9.7932
288 9.79092
290 9.78983
305 9.7896
310 9.78953
318 9.78952
320 9.78947
326 9.7892
329 9.78914
