1 0.0386174
28 0.0281548
30 0.0227334
32 0.02062
33 0.0199692
36 0.0191072
37 0.0164338
40 0.0131314
44 0.0129347
45 0.0120608
46 0.0118675
48 0.0117801
51 0.011772
52 0.0110525
55 0.010531
58 0.0102493
59 0.0102114
62 0.0101912
63 0.010048
65 0.00977232
68 0.0097152
70 0.00963176
75 0.00960238
77 0.00942971
78 0.00932674
79 0.0092657
83 0.0092393
85 0.00917671
86 0.00911188
88 0.00901738
90 0.00894353
91 0.00879748
92 0.00872382
93 0.00864972
94 0.00860885
95 0.00856793
96 0.0084801
98 0.00847634
99 0.00828411
100 0.00821399
105 0.00806062
107 0.0080517
108 0.00795059
111 0.00783212
113 0.00782156
114 0.00778512
115 0.00768724
118 0.0075511
119 0.00748604
120 0.00742205
125 0.0074133
126 0.00733514
129 0.00730305
132 0.00717549
135 0.00714251
136 0.00710545
139 0.00706498
142 0.00694691
143 0.00693713
145 0.00684926
146 0.00679531
148 0.00674212
151 0.00670664
153 0.00667905
154 0.00664019
156 0.0066183
160 0.00660644
161 0.00657371
162 0.00657229
163 0.00656542
164 0.00652385
166 0.00652367
167 0.0064877
168 0.00648469
170 0.00645981
171 0.00643789
174 0.00638886
175 0.0063737
176 0.00636989
177 0.00636871
178 0.00632552
179 0.00631335
180 0.00629089
181 0.00627421
182 0.00622678
183 0.00618982
185 0.00618837
186 0.00616661
187 0.00615967
188 0.006148
191 0.00611745
194 0.00608438
199 0.0060661
204 0.00602912
205 0.00600485
206 0.00600308
208 0.00597886
209 0.00597071
210 0.00593737
211 0.00592054
212 0.00591016
213 0.00587569
214 0.00585706
215 0.00584724
216 0.00581685
217 0.00581655
218 0.00581493
219 0.00579734
221 0.00579231
222 0.00577487
225 0.00574464
226 0.0057154
227 0.00569895
228 0.00568246
232 0.00567338
234 0.00564745
235 0.0056245
238 0.00561261
240 0.00561033
241 0.00557266
244 0.00554994
246 0.00554527
251 0.00553017
252 0.00552318
254 0.00552176
255 0.00550992
256 0.00549925
257 0.00549171
258 0.00548879
259 0.00548573
261 0.0054685
262 0.00545293
263 0.00543761
264 0.00543177
265 0.00542903
267 0.00541526
268 0.00539961
269 0.00538345
270 0.0053689
271 0.00536433
274 0.00535826
275 0.00535781
276 0.00535688
277 0.00535161
278 0.005334
279 0.00531886
280 0.00530767
286 0.0053054
287 0.00529725
288 0.00528643
290 0.00528635
291 0.00527381
292 0.00526582
293 0.00526233
297 0.00524894
298 0.00524042
299 0.00522833
300 0.00522283
301 0.00521331
304 0.00520841
305 0.00520753
306 0.00520093
308 0.00519689
309 0.00518495
310 0.00517928
311 0.00517502
312 0.00517323
313 0.00516981
315 0.00515684
316 0.0051528
317 0.00514726
318 0.00513157
319 0.00512917
321 0.00512088
323 0.0051177
324 0.00510641
325 0.0050968
326 0.00509172
327 0.00508742
328 0.00507701
331 0.00506504
332 0.00506117
335 0.00505857
336 0.00504822
337 0.00504366
340 0.00503521
341 0.00503031
344 0.00501822
345 0.00500808
346 0.00499882
347 0.00499063
348 0.00498016
349 0.0049709
350 0.00496848
352 0.00495934
354 0.00495868
355 0.00495071
356 0.00494675
358 0.0049454
360 0.00494385
361 0.00493562
363 0.00493249
364 0.0049292
365 0.00491791
366 0.00491195
367 0.00490742
369 0.00490537
370 0.00490326
371 0.00489612
373 0.00489388
376 0.00488568
378 0.00488415
381 0.00487871
382 0.00487692
383 0.00487299
384 0.00487107
386 0.00486455
387 0.00486199
388 0.00485422
393 0.0048453
396 0.00483759
397 0.00482977
398 0.00482862
400 0.00482529
403 0.00481677
405 0.00481659
406 0.00481155
407 0.00480866
408 0.00480585
409 0.00480376
411 0.00480174
412 0.00479577
413 0.00479048
415 0.00478924
418 0.00478182
419 0.00477999
420 0.00477835
422 0.00477714
423 0.00477186
424 0.00477068
426 0.00477
428 0.00476002
429 0.00475406
431 0.0047536
432 0.00475233
433 0.0047515
437 0.00474834
439 0.00474497
440 0.00474054
441 0.00473561
442 0.00473355
444 0.00473262
445 0.00473077
446 0.00472447
447 0.00471988
448 0.00471386
449 0.00471169
450 0.00470485
451 0.00470236
453 0.00470137
454 0.00469481
455 0.0046938
457 0.00468754
460 0.0046855
461 0.00468455
464 0.00468269
465 0.00468139
466 0.00468094
467 0.00467535
468 0.00467237
469 0.00467194
471 0.00466657
473 0.0046654
474 0.00465662
475 0.00465191
478 0.00464816
479 0.00464672
480 0.00464524
482 0.00464387
483 0.00464208
485 0.004641
486 0.00463994
488 0.00463844
489 0.00463131
490 0.00463074
492 0.00463023
493 0.00462914
494 0.00462827
495 0.00462214
496 0.00461875
497 0.00461714
498 0.00461669
500 0.00461535
502 0.00461104
504 0.00460647
507 0.00460369
508 0.00460185
509 0.00460184
510 0.00460174
511 0.00459982
514 0.00459172
517 0.00458832
519 0.00458671
522 0.0045856
524 0.00458458
526 0.00458094
527 0.00458002
528 0.00457829
529 0.00457683
530 0.00457494
534 0.00457427
535 0.00457175
536 0.00457128
537 0.00456848
538 0.00456737
540 0.00456645
541 0.00456561
542 0.00456386
543 0.00456228
544 0.00456022
545 0.00455816
548 0.00455707
549 0.00455569
552 0.00455394
553 0.00455222
554 0.00455208
556 0.00455086
557 0.00454758
558 0.00454465
559 0.00454231
560 0.00454013
561 0.00453885
562 0.00453734
563 0.00453719
565 0.00453603
568 0.00453123
569 0.00452977
570 0.00452918
571 0.00452813
572 0.0045279
573 0.00452702
575 0.00452674
577 0.00452343
580 0.00452163
581 0.00451975
584 0.00451966
586 0.00451933
589 0.00451548
590 0.0045133
592 0.00451303
593 0.0045112
595 0.00451004
596 0.00450922
598 0.00450869
599 0.00450518
600 0.00450312
601 0.00450172
603 0.00450052
604 0.00449652
605 0.00449328
606 0.00449084
607 0.0044877
608 0.00448514
609 0.00448214
610 0.00447921
611 0.00447647
614 0.00447347
615 0.0044713
616 0.00447086
618 0.00446921
621 0.00446571
623 0.00446539
624 0.00446307
625 0.00446041
628 0.00445812
629 0.00445526
630 0.00445302
631 0.00445062
632 0.00444862
634 0.00444702
635 0.00444479
636 0.00444151
637 0.00443894
638 0.00443599
640 0.00443534
641 0.00443221
642 0.00443028
643 0.00442831
645 0.00442796
646 0.00442503
647 0.00442336
648 0.00442255
649 0.00442134
650 0.00441915
651 0.00441894
652 0.00441708
653 0.00441219
654 0.00441111
655 0.00441074
656 0.00440741
657 0.00440564
658 0.00440489
659 0.00440231
660 0.00439974
661 0.00439568
662 0.00439155
663 0.00438704
664 0.00438264
665 0.00437805
666 0.00437345
667 0.00436883
668 0.00436412
669 0.00435937
670 0.00435479
671 0.00435009
672 0.00434527
673 0.00434055
674 0.00433571
675 0.00433116
676 0.00432638
677 0.00432152
678 0.00431678
679 0.0043119
680 0.00430726
681 0.00430239
682 0.00429758
683 0.00429273
684 0.00428794
685 0.0042831
686 0.00427829
687 0.0042734
688 0.00426874
689 0.00426424
690 0.00425877
691 0.00425364
692 0.00424865
693 0.00424421
694 0.00423916
695 0.00423425
696 0.00422936
697 0.00422479
698 0.00421984
699 0.0042151
700 0.00421018
701 0.00420528
702 0.00420041
703 0.0041958
704 0.00419095
705 0.00418612
706 0.0041815
707 0.00417694
708 0.00417226
709 0.00416815
710 0.0041638
711 0.004161
712 0.00415571
713 0.00414801
714 0.00414191
715 0.00413395
716 0.00412882
717 0.00412196
718 0.00411601
719 0.00411159
720 0.0041111
722 0.00410408
723 0.00409868
724 0.00409139
725 0.00408445
726 0.00407823
727 0.00407162
728 0.00406549
729 0.00406111
730 0.00405638
731 0.00405022
732 0.00404406
733 0.00403835
734 0.00403198
735 0.00402595
736 0.00402095
737 0.00401695
738 0.00401066
739 0.00400856
740 0.00400429
741 0.00399777
742 0.0039928
743 0.00399068
744 0.00398586
745 0.00397963
746 0.00397442
747 0.00396884
748 0.00396468
749 0.00396156
750 0.0039574
751 0.00395214
752 0.00394679
753 0.00394247
754 0.00393732
755 0.00393496
756 0.003933
759 0.00391994
760 0.00390932
761 0.00390208
762 0.00389949
764 0.00389418
765 0.00388799
766 0.00388256
768 0.00388158
769 0.00387569
770 0.00387158
771 0.0038712
772 0.00387029
773 0.00386253
774 0.00385558
775 0.00385218
776 0.00384738
777 0.00384648
779 0.00384154
781 0.00383968
782 0.00383354
783 0.00382821
784 0.00382463
785 0.00382268
787 0.00382199
788 0.00381782
789 0.00381556
790 0.00381008
791 0.003805
792 0.00380083
793 0.00379817
796 0.00379551
798 0.00379227
799 0.00378633
800 0.00378256
801 0.00378187
803 0.00377664
804 0.00377299
807 0.0037684
808 0.00376246
809 0.00375931
810 0.00375654
812 0.00375635
813 0.00375116
814 0.00374736
815 0.00374559
816 0.0037447
817 0.00374011
818 0.00373949
819 0.00373841
820 0.00373277
821 0.00372749
822 0.00372284
823 0.00371904
824 0.00371764
825 0.00371614
826 0.00371521
828 0.0037147
829 0.0037097
830 0.00370702
831 0.00370529
834 0.00370027
835 0.00369947
837 0.00369788
838 0.00369772
839 0.00369316
840 0.00368939
841 0.00368911
843 0.00368406
844 0.00367987
845 0.00367774
848 0.00367691
850 0.00367235
851 0.00366841
852 0.00366593
853 0.00366163
854 0.0036594
855 0.00365543
856 0.00365163
857 0.00364836
858 0.00364467
859 0.00364297
860 0.00364109
863 0.00363678
864 0.00363338
865 0.00363143
866 0.00363093
867 0.0036307
868 0.00362902
870 0.00362881
871 0.00362421
872 0.0036209
873 0.00361812
874 0.00361725
875 0.00361511
879 0.00361491
880 0.00361152
881 0.00361091
882 0.00361057
884 0.00361029
885 0.00360831
887 0.00360787
888 0.00360516
889 0.00360342
890 0.00360311
892 0.00360013
893 0.00359883
896 0.00359875
897 0.00359516
899 0.00359466
900 0.00359303
901 0.00359222
903 0.00359103
904 0.00358879
905 0.00358744
906 0.0035865
907 0.00358532
908 0.00358248
910 0.00358191
912 0.0035818
913 0.00357932
917 0.00357775
918 0.00357525
919 0.00357415
921 0.00357359
923 0.00357139
924 0.00356915
925 0.00356762
926 0.0035664
927 0.00356491
928 0.00356468
930 0.00356271
932 0.00356132
933 0.00356051
934 0.00355942
936 0.00355825
939 0.00355658
940 0.0035553
941 0.00355414
943 0.00355411
944 0.00355223
945 0.00355137
946 0.00355102
949 0.00354998
950 0.00354816
953 0.00354801
955 0.00354672
956 0.00354541
958 0.00354496
959 0.00354452
960 0.00354376
961 0.00354263
962 0.00354136
963 0.00354085
966 0.003539
971 0.00353873
972 0.00353791
973 0.00353733
974 0.00353676
975 0.00353662
977 0.00353602
978 0.00353539
979 0.00353499
980 0.00353444
981 0.00353431
983 0.00353405
985 0.00353351
986 0.0035331
987 0.0035328
989 0.00353273
990 0.00353222
991 0.00353212
992 0.00353201
993 0.0035316
994 0.00353131
996 0.00353108
997 0.00353063
998 0.00353054
1000 0.0035304
1002 0.00352995
1003 0.00352984
1005 0.0035295
1006 0.00352923
1007 0.00352887
1008 0.00352852
1009 0.00352841
1010 0.00352831
1011 0.00352803
1012 0.00352746
1013 0.00352715
1016 0.00352691
1017 0.00352667
1018 0.00352664
1020 0.00352623
1021 0.0035258
1022 0.00352563
1023 0.00352525
1024 0.00352497
1025 0.00352487
1026 0.00352453
1027 0.00352448
1029 0.00352426
1031 0.0035242
1032 0.00352378
1033 0.0035235
1034 0.00352343
1037 0.00352339
1038 0.00352325
1041 0.00352281
1043 0.00352261
1044 0.00352245
1047 0.00352242
1050 0.00352238
