1 0.0337706
26 0.021841
28 0.0196644
32 0.0189057
34 0.0145546
35 0.0137924
36 0.0124388
39 0.0117648
40 0.0115569
41 0.0110046
42 0.00938981
44 0.00801384
45 0.00746885
46 0.00545658
49 0.00536197
51 0.00440081
52 0.00393359
54 0.00346948
55 0.00314876
57 0.00273216
59 0.00265063
61 0.00256715
62 0.00250476
63 0.00243158
64 0.0022634
66 0.00207665
67 0.00169462
68 0.00152951
69 0.00122139
70 0.00118977
71 0.00104753
72 0.000996027
73 0.000984424
74 0.000830068
75 0.000816931
77 0.000659325
78 0.000364555
81 0.000343107
84 0.000289197
89 0.000230048
92 0.00018296
96 0.000160104
97 0.000152667
101 0.000138259
102 0.00013443
106 0.000115282
109 0.00011378
110 0.000107981
111 8.36439e-05
113 8.19904e-05
114 6.781e-05
115 6.43059e-05
116 5.57783e-05
120 4.57874e-05
121 4.14112e-05
122 4.08512e-05
125 3.18032e-05
128 2.92472e-05
134 2.76275e-05
135 2.45188e-05
136 2.09542e-05
138 1.97804e-05
144 1.87065e-05
147 1.75119e-05
148 1.7122e-05
151 1.69597e-05
152 1.5005e-05
154 1.4492e-05
156 1.42745e-05
157 1.39418e-05
158 1.38823e-05
161 1.32375e-05
162 1.26787e-05
164 1.26541e-05
165 1.22742e-05
166 1.19467e-05
169 1.16581e-05
170 1.13218e-05
173 1.09378e-05
174 1.07976e-05
175 1.05672e-05
176 1.03904e-05
177 1.02021e-05
178 1.0156e-05
182 9.85169e-06
185 9.74203e-06
186 9.39004e-06
187 9.26092e-06
188 9.25182e-06
191 8.96963e-06
192 8.8227e-06
197 8.65675e-06
200 8.56352e-06
