1 1168590000.0
9 1071900000.0
10 979461000.0
11 896198000.0
12 815268000.0
13 750823000.0
14 689599000.0
15 631383000.0
16 575821000.0
17 522645000.0
18 471849000.0
19 418241000.0
20 366321000.0
21 325070000.0
22 284896000.0
23 246804000.0
24 211873000.0
25 181089000.0
26 155134000.0
27 128162000.0
28 102212000.0
29 83328000.0
30 65512500.0
31 49341500.0
32 35576700.0
33 24853300.0
34 17275900.0
35 10395500.0
36 4828410.0
37 2087210.0
38 1912940.0
39 124257.0
41 83489.1
43 27825.8
45 21.6008
64 12.2906
65 8.88125
80 8.83442
83 8.46906
84 8.46193
90 8.38049
96 8.38029
100 8.38028
