1 112234.0
7 109124.0
8 106013.0
9 102903.0
10 99792.3
11 96682.1
12 93571.9
13 90461.9
14 87352.0
15 84242.2
16 81132.5
17 78022.9
18 74913.4
19 71804.2
20 68695.8
21 65587.1
22 62477.7
23 59368.6
24 56262.8
25 53153.6
26 50044.4
27 46935.7
28 43838.4
29 40729.2
30 37620.4
31 34512.6
32 31403.3
33 28294.5
34 25185.5
35 22076.2
36 18967.3
37 15857.8
38 13145.4
40 13144.8
43 10609.7
44 10334.2
45 9201.97
46 7964.05
49 5944.55
50 5303.14
51 4762.02
53 2305.54
54 1008.75
62 999.263
63 773.917
69 680.536
70 670.479
72 510.032
73 378.705
76 308.678
78 293.451
81 274.764
82 269.823
85 260.204
86 242.284
89 224.059
92 218.757
94 207.322
98 194.53
99 190.672
100 171.794
110 171.072
112 170.06
115 170.004
118 168.715
119 168.308
120 167.397
122 167.352
123 166.52
128 166.496
129 166.236
132 166.213
133 166.142
134 165.956
135 165.868
138 165.799
140 165.715
