1 190072.0
12 185696.0
13 181320.0
14 176944.0
15 172568.0
16 168191.0
17 163814.0
18 159437.0
19 155060.0
20 150683.0
21 146305.0
22 141928.0
23 137550.0
24 133172.0
25 128794.0
26 124416.0
27 120037.0
28 115659.0
29 111280.0
30 106901.0
31 102522.0
32 98142.6
33 93763.2
34 89383.5
35 85003.7
36 80623.7
37 76243.6
38 71863.1
39 67482.9
40 63101.7
41 59451.9
42 57802.4
43 57789.8
44 53467.5
45 50097.4
46 46074.0
47 45650.8
48 45650.7
49 41694.9
50 41455.0
52 37638.0
53 35600.1
56 34484.7
57 34462.1
58 31326.6
61 27376.8
62 25789.9
63 24610.9
64 23653.0
66 23317.0
69 23264.2
70 19615.2
71 16458.7
81 15210.6
82 14722.3
84 14582.9
87 13580.9
88 12484.0
91 12216.2
93 12200.7
94 12187.4
95 11668.1
98 10762.9
100 9994.57
101 8756.78
102 8636.24
104 8502.97
108 7960.35
114 7701.96
120 7293.04
121 7193.22
123 6702.92
124 6471.36
128 6464.27
129 6243.18
131 5674.33
132 5544.52
133 5467.46
134 5238.91
140 5182.25
142 4978.88
149 4969.82
150 4859.54
152 4849.56
153 4818.83
155 4798.32
157 4615.61
158 4455.06
161 4445.95
162 4423.61
163 4336.23
166 4317.29
167 4175.35
173 4173.32
174 4154.66
184 4147.1
186 4132.89
188 4090.95
193 4080.72
199 4070.88
200 4069.92
201 4063.46
206 4046.32
207 4030.35
209 4029.56
210 4024.28
212 4021.82
213 4016.48
215 4009.77
220 4003.23
221 3992.8
222 3990.64
224 3986.03
226 3985.44
227 3974.03
228 3956.97
234 3955.56
237 3947.99
242 3945.9
243 3939.2
244 3931.08
250 3928.06
251 3926.37
258 3923.98
260 3923.2
263 3923.19
267 3923.09
270 3921.04
273 3920.48
274 3920.1
275 3918.99
278 3918.7
282 3917.23
283 3917.02
284 3917.01
286 3916.1
288 3915.05
289 3914.56
291 3912.46
301 3912.04
304 3911.81
305 3911.11
306 3910.93
307 3910.77
309 3910.41
313 3910.38
314 3910.12
317 3909.8
319 3909.77
321 3909.75
324 3909.72
325 3909.67
327 3909.37
328 3909.29
329 3909.25
334 3909.16
339 3909.04
342 3908.99
343 3908.98
344 3908.92
345 3908.82
346 3908.79
352 3908.56
357 3908.47
359 3908.38
360 3908.31
362 3908.22
364 3908.21
