1 2500.0
2 725.0
3 625.0
4 226.0
5 21.3758
9 9.82632
10 3.07704
16 2.24982
17 2.24463
21 2.15736
22 2.13359
23 2.12511
25 2.12463
27 2.10606
28 2.09414
29 2.07258
30 2.05851
33 2.04816
34 2.03143
36 2.01545
39 2.00968
42 1.99948
43 1.99918
44 1.99598
45 1.99078
46 1.98555
47 1.98085
48 1.97636
49 1.97177
50 1.96717
51 1.96262
52 1.95802
53 1.95342
54 1.94892
55 1.94441
56 1.94036
57 1.93579
58 1.93122
59 1.92667
60 1.92214
61 1.91764
62 1.91346
63 1.91066
64 1.90569
65 1.90105
66 1.89655
67 1.89201
68 1.88758
69 1.88312
70 1.87863
71 1.87447
72 1.86999
73 1.86577
74 1.86121
75 1.85696
76 1.85257
77 1.84806
78 1.84356
79 1.83908
80 1.83476
81 1.83029
82 1.82584
83 1.8214
84 1.81705
85 1.81261
86 1.80823
87 1.80387
88 1.79949
89 1.79539
90 1.79106
91 1.78686
92 1.78243
93 1.77805
94 1.77363
95 1.76925
96 1.76634
97 1.76258
98 1.75809
99 1.75363
100 1.74924
101 1.74496
102 1.74193
103 1.73754
104 1.73356
105 1.72915
106 1.72476
107 1.7204
108 1.71606
109 1.71192
110 1.70759
111 1.70329
112 1.69903
113 1.6948
114 1.69053
115 1.68665
116 1.68233
117 1.67805
118 1.67385
119 1.66978
120 1.66554
121 1.66334
122 1.66009
123 1.65551
124 1.65119
125 1.64713
126 1.6441
127 1.63971
128 1.63539
129 1.63112
130 1.62687
131 1.62262
132 1.61841
133 1.61459
134 1.61081
135 1.60656
136 1.60233
137 1.59812
138 1.59393
139 1.58977
140 1.58577
141 1.58163
142 1.57747
143 1.57332
144 1.56928
145 1.56515
146 1.56108
147 1.55696
148 1.55286
149 1.54874
150 1.54463
151 1.54056
152 1.53651
153 1.53245
154 1.52836
155 1.52428
156 1.52029
157 1.51622
158 1.51215
159 1.50809
160 1.50406
161 1.50012
162 1.49606
163 1.49201
164 1.48797
165 1.48395
166 1.48025
167 1.47631
168 1.4723
169 1.46831
170 1.4644
171 1.46127
172 1.4582
173 1.45416
174 1.45013
175 1.44613
176 1.44216
177 1.4382
178 1.43428
179 1.43047
180 1.42665
181 1.42305
182 1.41914
183 1.4153
184 1.41153
185 1.40773
186 1.40383
187 1.39999
188 1.39614
189 1.39239
190 1.38863
191 1.38475
192 1.38087
193 1.37701
194 1.37319
195 1.36933
196 1.36552
197 1.36169
198 1.35785
199 1.35407
200 1.35025
201 1.34644
202 1.34294
203 1.33943
204 1.33555
205 1.33169
206 1.32786
207 1.32407
208 1.32065
209 1.31681
210 1.313
211 1.30921
212 1.30549
213 1.30171
214 1.29809
215 1.29432
216 1.29067
217 1.28693
218 1.28318
219 1.27969
220 1.27593
221 1.2722
222 1.26853
223 1.26482
224 1.26114
225 1.25746
226 1.25377
227 1.2501
228 1.24641
229 1.24272
230 1.23928
231 1.23562
232 1.23204
233 1.22836
234 1.2247
235 1.22106
236 1.21761
237 1.214
238 1.21036
239 1.20671
240 1.2031
241 1.19981
242 1.19618
243 1.19256
244 1.18917
245 1.18554
246 1.18193
247 1.17834
248 1.17477
249 1.17171
250 1.16807
251 1.1645
252 1.16095
253 1.1574
254 1.15386
255 1.15032
256 1.14678
257 1.14324
258 1.13972
259 1.13628
260 1.13282
261 1.1293
262 1.12579
263 1.1223
264 1.11907
265 1.11582
266 1.11233
267 1.10886
268 1.10544
269 1.10241
270 1.0989
271 1.09546
272 1.09202
273 1.08876
274 1.08532
275 1.0819
276 1.07861
277 1.07521
278 1.07181
279 1.06917
280 1.06732
281 1.06358
282 1.0601
283 1.05679
284 1.05367
285 1.05108
286 1.04751
287 1.04421
288 1.04091
289 1.0382
290 1.03492
291 1.03158
292 1.02831
293 1.02537
294 1.02286
295 1.01934
296 1.0162
297 1.01289
298 1.00968
299 1.00644
300 1.00324
301 1.00005
302 0.996848
303 0.993653
304 0.990439
305 0.987247
306 0.98425
307 0.981768
308 0.978865
309 0.975873
310 0.973173
312 0.972599
313 0.969503
314 0.966829
315 0.966244
316 0.963511
317 0.960202
318 0.95776
319 0.954793
320 0.952946
321 0.949599
322 0.946571
323 0.943767
324 0.941765
325 0.93917
326 0.936028
327 0.93286
328 0.929672
329 0.926461
330 0.923222
331 0.919961
332 0.916709
333 0.913497
334 0.91034
335 0.907632
336 0.904422
337 0.901304
338 0.898217
339 0.896327
340 0.893421
341 0.890403
342 0.887691
345 0.884683
346 0.882833
347 0.880075
348 0.878372
349 0.875595
350 0.874361
351 0.870708
352 0.868023
353 0.864981
354 0.862007
355 0.859299
356 0.856509
357 0.8544
358 0.851111
359 0.848415
360 0.845561
361 0.843224
362 0.840942
363 0.838483
364 0.83562
365 0.833154
366 0.830282
367 0.827743
368 0.825118
369 0.822753
370 0.821197
371 0.817876
372 0.815039
373 0.812179
374 0.809972
375 0.806977
376 0.804814
377 0.802243
378 0.801915
379 0.798313
380 0.795762
381 0.793261
382 0.790471
383 0.788005
385 0.787962
386 0.785074
387 0.784034
389 0.782537
390 0.779557
391 0.777282
392 0.774738
393 0.771931
394 0.769075
395 0.766439
396 0.763653
397 0.761861
398 0.758635
399 0.756073
400 0.753257
401 0.750668
402 0.747924
403 0.74516
404 0.742303
405 0.739458
406 0.73689
407 0.734091
408 0.731293
409 0.72862
410 0.725929
411 0.723245
412 0.720556
413 0.717893
414 0.715439
415 0.712584
416 0.710111
417 0.70806
418 0.707061
419 0.703997
420 0.701276
421 0.698694
422 0.695992
423 0.693328
424 0.690748
425 0.68818
426 0.686023
427 0.683142
428 0.680544
429 0.677795
430 0.675032
431 0.672253
432 0.669473
433 0.666718
434 0.664004
435 0.661434
436 0.658865
437 0.656151
438 0.653457
439 0.650784
440 0.648226
441 0.645621
442 0.64299
443 0.640425
444 0.63778
445 0.635192
446 0.632692
447 0.63006
448 0.627679
449 0.625025
450 0.62241
451 0.619826
452 0.6173
453 0.614812
454 0.612435
455 0.61057
456 0.607772
457 0.6055
458 0.603107
459 0.600851
460 0.598672
461 0.597867
462 0.594929
463 0.59264
464 0.590451
467 0.587974
468 0.587639
469 0.584757
470 0.582966
471 0.580867
472 0.578498
473 0.57629
474 0.574884
475 0.57281
476 0.570872
477 0.569374
478 0.566888
479 0.565048
480 0.563573
482 0.561139
483 0.560528
484 0.558394
486 0.556055
487 0.555321
489 0.554077
490 0.552397
491 0.552069
492 0.548909
493 0.546598
494 0.546276
495 0.545206
496 0.54271
497 0.540866
498 0.538431
499 0.536818
500 0.53448
501 0.533036
502 0.530395
503 0.528364
504 0.526804
506 0.52462
508 0.522578
509 0.522188
511 0.519768
512 0.517959
513 0.515505
514 0.513344
515 0.510909
516 0.50857
517 0.506207
518 0.503953
519 0.501618
520 0.499287
521 0.497063
522 0.494717
523 0.492397
524 0.491915
525 0.489238
526 0.487182
527 0.48489
528 0.482647
529 0.480581
530 0.479397
531 0.478358
532 0.475998
533 0.473854
534 0.471849
535 0.46989
536 0.468437
538 0.46726
539 0.464966
540 0.463871
541 0.461689
542 0.46015
543 0.457855
544 0.455632
545 0.453388
546 0.451175
547 0.449071
548 0.446845
549 0.444635
550 0.442539
551 0.440403
552 0.438338
553 0.436278
554 0.434225
555 0.432438
556 0.430425
557 0.428771
558 0.426883
559 0.425762
560 0.423455
561 0.422408
562 0.420243
564 0.418315
565 0.416472
566 0.41465
567 0.413561
568 0.41125
569 0.409078
570 0.407105
571 0.405008
572 0.402961
573 0.401367
574 0.399388
575 0.397234
576 0.395212
577 0.393199
578 0.391132
579 0.389077
580 0.387074
581 0.385086
582 0.383263
583 0.381163
584 0.379246
585 0.377232
586 0.375274
587 0.374203
588 0.372104
589 0.370176
590 0.368734
591 0.366796
592 0.36561
593 0.363337
594 0.362308
595 0.361337
596 0.358946
597 0.357112
598 0.355248
599 0.353364
600 0.351632
601 0.349763
602 0.348332
603 0.347023
605 0.34531
607 0.3453
608 0.344198
609 0.343452
610 0.342455
611 0.341471
612 0.340539
613 0.339563
614 0.3386
615 0.337634
616 0.336671
617 0.335726
618 0.334769
619 0.333829
620 0.333099
621 0.332144
622 0.33118
623 0.330222
624 0.32927
625 0.328326
626 0.327418
627 0.326485
628 0.325545
629 0.324617
630 0.32373
631 0.323071
632 0.322108
633 0.32116
634 0.320224
635 0.319297
636 0.318372
637 0.317494
638 0.31661
639 0.315705
640 0.314802
641 0.314024
642 0.313172
643 0.312382
644 0.311521
645 0.310846
646 0.309911
647 0.309088
648 0.308279
649 0.307684
651 0.306762
652 0.306141
653 0.306025
654 0.305001
655 0.304083
656 0.303402
657 0.302497
658 0.301762
659 0.300818
660 0.299939
661 0.299075
662 0.298178
663 0.297307
664 0.296412
665 0.295536
666 0.294638
667 0.293745
668 0.29286
669 0.291991
670 0.291106
671 0.29026
672 0.289393
673 0.288532
674 0.287655
675 0.286786
676 0.285925
677 0.285127
678 0.284228
679 0.283344
680 0.282468
681 0.281591
682 0.280724
683 0.279864
684 0.278993
685 0.27821
686 0.277344
687 0.276505
688 0.275649
689 0.274828
690 0.273994
691 0.27322
692 0.272442
693 0.271621
694 0.270803
695 0.270018
696 0.270005
697 0.269781
698 0.268809
699 0.268088
701 0.267889
702 0.267079
703 0.26636
704 0.266024
705 0.265662
706 0.264661
707 0.263871
708 0.263311
709 0.262466
710 0.261804
711 0.260931
712 0.260228
713 0.259443
714 0.259273
715 0.258336
716 0.257468
717 0.256674
718 0.25586
719 0.255138
720 0.254334
721 0.253522
722 0.252721
723 0.25204
724 0.251337
725 0.250499
726 0.249668
727 0.248842
728 0.248018
729 0.247195
730 0.246377
731 0.245584
732 0.244777
733 0.243953
734 0.243132
735 0.242314
736 0.241504
737 0.240692
738 0.239909
739 0.239094
740 0.238284
741 0.237478
742 0.236676
743 0.235879
744 0.235076
745 0.234277
746 0.23348
747 0.232684
748 0.231892
749 0.231097
750 0.230314
751 0.229535
752 0.228763
753 0.227975
754 0.227193
755 0.226464
756 0.225676
757 0.224926
758 0.224191
759 0.223478
760 0.222748
761 0.222019
762 0.221292
763 0.220554
764 0.219833
765 0.219252
766 0.218446
767 0.217801
768 0.217269
770 0.216541
771 0.216218
772 0.215855
773 0.214993
774 0.21425
775 0.213561
776 0.212825
777 0.212171
778 0.211486
779 0.210821
780 0.210119
781 0.209528
782 0.208755
783 0.208111
784 0.207447
785 0.207227
786 0.206366
787 0.205648
788 0.204988
789 0.204302
790 0.203675
791 0.203114
792 0.202339
793 0.201632
794 0.200908
795 0.200219
796 0.199766
797 0.199084
798 0.198359
799 0.197637
800 0.196932
801 0.196392
802 0.195612
803 0.195126
804 0.194437
805 0.194432
806 0.194182
807 0.19336
808 0.192666
809 0.192022
810 0.19196
811 0.191854
812 0.191049
813 0.190337
814 0.189625
815 0.188967
816 0.188257
817 0.187571
818 0.186885
819 0.186216
820 0.185643
821 0.184962
822 0.184278
823 0.183597
824 0.182977
825 0.182506
826 0.181743
827 0.181057
828 0.180404
829 0.179739
830 0.179089
831 0.178439
832 0.177805
833 0.177111
834 0.17644
835 0.175746
836 0.175055
837 0.174374
838 0.173704
839 0.173019
840 0.172517
841 0.171783
842 0.171111
843 0.170448
844 0.169812
845 0.169201
846 0.168515
847 0.167861
848 0.167188
849 0.166511
850 0.165839
851 0.165211
852 0.16454
853 0.163867
854 0.1632
855 0.162653
856 0.162104
857 0.16143
858 0.160766
859 0.160116
860 0.15952
861 0.158991
863 0.158416
864 0.158121
865 0.157449
866 0.156993
867 0.15643
868 0.156026
870 0.155736
871 0.155093
872 0.154765
873 0.154204
874 0.153676
875 0.153125
876 0.152477
877 0.151871
878 0.151221
879 0.150585
880 0.149943
881 0.14931
882 0.148683
883 0.148047
884 0.147418
885 0.146784
886 0.146164
887 0.145537
888 0.144952
889 0.14432
890 0.14369
891 0.143063
892 0.142442
893 0.141831
894 0.141232
895 0.140608
896 0.139991
897 0.139374
898 0.138767
899 0.138154
900 0.137546
901 0.136985
902 0.136404
903 0.135802
904 0.135214
905 0.134781
906 0.134387
907 0.133697
908 0.133185
909 0.132671
910 0.13205
911 0.131444
912 0.130841
913 0.130245
914 0.12967
915 0.129081
916 0.128535
917 0.127941
918 0.127345
919 0.126755
920 0.126168
921 0.125732
922 0.125131
923 0.12457
924 0.1241
925 0.12351
926 0.122942
927 0.122395
928 0.121946
929 0.121418
930 0.120886
931 0.120535
932 0.119988
933 0.119885
934 0.11939
936 0.118887
938 0.118801
939 0.118531
940 0.118315
941 0.11814
942 0.118119
944 0.117768
945 0.117469
946 0.11729
947 0.117032
948 0.116746
949 0.116461
950 0.116178
951 0.115906
952 0.115625
953 0.115351
954 0.115146
955 0.114847
956 0.114568
957 0.114292
958 0.11403
959 0.113755
960 0.113476
961 0.113198
962 0.112921
963 0.11265
964 0.112374
965 0.112097
966 0.111821
967 0.111551
968 0.111281
969 0.111054
970 0.110767
971 0.110493
972 0.110221
973 0.109951
974 0.109679
975 0.109405
976 0.109132
977 0.108887
978 0.108611
979 0.108337
980 0.108067
981 0.107799
982 0.107528
983 0.107259
984 0.106991
985 0.106736
986 0.106465
987 0.106195
988 0.105925
989 0.105656
990 0.105387
991 0.10512
992 0.104853
993 0.104589
994 0.104323
995 0.104057
996 0.103791
997 0.103538
998 0.10327
999 0.103004
1000 0.10274
1001 0.102477
1002 0.102213
1003 0.10195
1004 0.101686
1005 0.101423
1006 0.101164
1007 0.100906
1008 0.100643
1009 0.100381
1010 0.100119
1011 0.0998595
1012 0.0996084
1013 0.0993839
1014 0.0991219
1015 0.0988602
1016 0.0985997
1017 0.0983404
1018 0.0980823
1019 0.0978338
1020 0.0975757
1021 0.097319
1022 0.0970644
1023 0.0968165
1024 0.0965613
1025 0.0963231
1026 0.0960676
1027 0.0958147
1028 0.0956145
1029 0.0953867
1030 0.0951243
1031 0.0948636
1032 0.0946068
1033 0.0943539
1034 0.0941032
1035 0.0938509
1036 0.093601
1037 0.0933503
1038 0.0931307
1039 0.0928779
1040 0.0926251
1041 0.0923731
1042 0.092122
1043 0.0918723
1044 0.0916372
1045 0.09139
1046 0.0911403
1047 0.0908908
1048 0.0906504
1049 0.0904022
1050 0.0902295
1051 0.0899707
1052 0.0897184
1053 0.0894706
1054 0.0892233
1055 0.088977
1056 0.0887347
1057 0.0884886
1058 0.0882477
1059 0.0880023
1060 0.087758
1061 0.0875315
1062 0.0872948
1063 0.0870501
1064 0.0868058
1065 0.0865622
1066 0.0863195
1067 0.0861087
1068 0.0858611
1069 0.0856331
1070 0.0853984
1071 0.0851572
1072 0.0849171
1073 0.084688
1074 0.0844521
1075 0.0842363
1076 0.0839959
1077 0.0837685
1078 0.0835547
1079 0.0834362
1080 0.0831716
1081 0.0829403
1082 0.0827578
1083 0.0825297
1084 0.0823381
1085 0.0821103
1086 0.0818886
1087 0.0816723
1088 0.0815372
1089 0.0814935
1090 0.0811964
1091 0.0809541
1092 0.0807292
1093 0.0805193
1094 0.0802846
1095 0.0800514
1096 0.0798213
1097 0.079624
1098 0.0793851
1099 0.0791637
1100 0.0789369
1101 0.0787048
1102 0.0784755
1103 0.0782613
1104 0.0780376
1105 0.0778077
1106 0.0775778
1107 0.0773487
1108 0.0771218
1109 0.0768963
1110 0.0766662
1111 0.0764384
1112 0.0762109
1113 0.0759834
1114 0.0757577
1115 0.0755337
1116 0.0753068
1117 0.0750802
1118 0.0748548
1119 0.0746303
1120 0.0744169
1121 0.0741897
1122 0.0739644
1123 0.0737404
1124 0.0735169
1125 0.073295
1126 0.0730739
1127 0.0728535
1128 0.0726327
1129 0.0724105
1130 0.0721899
1131 0.0719703
1132 0.0717589
1133 0.0715408
1134 0.0713194
1135 0.0710986
1136 0.0708799
1137 0.0706646
1138 0.0704497
1139 0.0702305
1140 0.0700113
1141 0.0697957
1142 0.0695804
1143 0.0693679
1144 0.0691503
1145 0.0689339
1146 0.0687182
1147 0.0685052
1148 0.0682922
1149 0.0680806
1150 0.0678685
1151 0.0676561
1152 0.0674488
1153 0.0672447
1154 0.067034
1155 0.0668255
1156 0.0666128
1157 0.0664053
1158 0.0661931
1159 0.0659804
1160 0.0657709
1161 0.0655607
1162 0.0653496
1163 0.0651406
1164 0.06493
1165 0.0647229
1166 0.0645193
1167 0.0643111
1168 0.0641016
1169 0.0638932
1170 0.0636866
1171 0.0634787
1172 0.0632725
1173 0.0630764
1174 0.0628676
1175 0.0626598
1176 0.0624529
1177 0.062247
1178 0.0620429
1179 0.0618381
1180 0.0616372
1181 0.0614324
1182 0.0612282
1183 0.061024
1184 0.060821
1185 0.0606322
1186 0.0604278
1187 0.0602253
1188 0.0600226
1189 0.0598211
1190 0.0596237
1191 0.0594309
1192 0.059228
1193 0.0590262
1194 0.0588251
1195 0.0586249
1196 0.0584278
1197 0.0582477
1198 0.0580443
1199 0.0578445
1200 0.0576464
1201 0.0574483
1202 0.0572521
1203 0.0570547
1204 0.0568577
1205 0.0566737
1206 0.056485
1207 0.0562888
1208 0.0560933
1209 0.0558991
1210 0.0557324
1211 0.0555479
1212 0.0553718
1213 0.0551848
1214 0.0550271
1215 0.0548677
1216 0.0547779
1217 0.0545399
1218 0.0543672
1219 0.0541954
1220 0.0540157
1221 0.0538577
1222 0.0536632
1223 0.0535029
1224 0.0533524
1225 0.0533515
1226 0.0532805
1227 0.0530439
1228 0.0528634
1229 0.0527619
1230 0.0525861
1231 0.0524728
1232 0.0522608
1233 0.0520947
1234 0.0519058
1235 0.0517182
1236 0.0515337
1237 0.0513801
1238 0.0512258
1239 0.0510257
1240 0.0508524
1241 0.0506844
1242 0.0505353
1243 0.050374
1244 0.0502106
1247 0.0500319
1248 0.0499182
1250 0.0499025
1251 0.0497069
1252 0.0496366
1253 0.0494331
1254 0.0492716
1255 0.0490919
1256 0.0489097
1257 0.0487296
1258 0.0485493
1259 0.0483682
1260 0.048189
1261 0.0480087
1262 0.0478281
1263 0.0476605
1264 0.047491
1265 0.0473172
1266 0.0471456
1267 0.046988
1268 0.0468542
1269 0.0466771
1270 0.046501
1271 0.0463264
1272 0.0461544
1273 0.0459911
1274 0.0458572
1275 0.045733
1276 0.0455686
1277 0.0454211
1278 0.0454013
1279 0.0452638
1280 0.0450466
1281 0.0449038
1282 0.0448232
1283 0.0446446
1284 0.0444755
1285 0.0443152
1286 0.0441719
1287 0.0440584
1288 0.043876
1289 0.0437313
1290 0.0435832
1291 0.0435501
1292 0.0433539
1293 0.0431847
1294 0.043025
1295 0.0428616
1296 0.0426933
1297 0.0425284
1298 0.0423769
1299 0.0422159
1300 0.042046
1301 0.0418761
1302 0.0417068
1303 0.0415391
1304 0.0413936
1305 0.0412368
1306 0.0410637
1307 0.0409032
1308 0.0407442
1309 0.0405871
1310 0.040439
1311 0.04028
1312 0.0401294
1313 0.0399747
1314 0.0398185
1315 0.039693
1316 0.0396447
1317 0.0394379
1318 0.039269
1319 0.0391219
1320 0.0390011
1321 0.0389235
1322 0.0387535
1323 0.0386082
1324 0.0384697
1327 0.0383228
1328 0.0382567
1330 0.038205
1331 0.0380355
1332 0.0378983
1333 0.0378045
1335 0.0376664
1336 0.0376492
1337 0.0375738
1338 0.0373814
1339 0.0372442
1340 0.0371623
1341 0.0369985
1342 0.036852
1343 0.0367173
1344 0.0366349
1345 0.0364719
1346 0.0363454
1349 0.0361971
1350 0.0361374
1351 0.0359671
1352 0.0358329
1353 0.0357059
1354 0.0355466
1355 0.03539
1356 0.0352369
1357 0.0350841
1358 0.0349397
1359 0.0347984
1360 0.0346474
1361 0.0344992
1362 0.0343847
1363 0.0342321
1364 0.0341407
1365 0.0339866
1366 0.0338753
1367 0.0337348
1368 0.033697
1369 0.0335471
1370 0.033422
1371 0.0333934
1372 0.0332042
1373 0.0330639
1374 0.0329757
1375 0.0328186
1376 0.0326786
1377 0.0325566
1378 0.0324107
1379 0.0322851
1380 0.0321386
1381 0.0320142
1382 0.0318769
1383 0.0317818
1384 0.0316209
1385 0.0314927
1386 0.0313462
1387 0.0312014
1388 0.0310598
1389 0.0309699
1390 0.0308532
1391 0.030695
1392 0.030557
1393 0.0304282
1394 0.0303712
1396 0.0302117
1397 0.0301268
1398 0.0300303
1400 0.0298892
1402 0.0297604
1403 0.0297492
1405 0.0295929
1406 0.0294434
1407 0.0293028
1410 0.0291959
1411 0.0291448
1413 0.0290586
1414 0.0289241
1415 0.0288785
1417 0.0287204
1418 0.0286627
1419 0.0285358
1420 0.0283853
1421 0.0282434
1422 0.0281136
1423 0.0279875
1424 0.02792
1425 0.0277597
1426 0.0276463
1427 0.0275068
1428 0.0273671
1429 0.0272297
1430 0.0270935
1431 0.0269624
1432 0.0268273
1433 0.0266926
1434 0.0265689
1435 0.0264321
1436 0.026298
1437 0.0261672
1438 0.0260383
1439 0.0259051
1440 0.0257852
1441 0.0256518
1442 0.0255223
1443 0.0254025
1444 0.0252705
1445 0.0251418
1446 0.0250962
1447 0.0250034
1448 0.024858
1449 0.0247284
1450 0.0246188
1451 0.0244989
1452 0.0244166
1453 0.0242778
1454 0.0241717
1455 0.024055
1456 0.0239656
1457 0.023918
1458 0.0238038
1459 0.0236857
1460 0.0235937
1461 0.0235054
1462 0.0233868
1463 0.023303
1466 0.0231698
1467 0.023159
1468 0.0230848
1469 0.0230158
1470 0.0229488
1471 0.0228868
1472 0.0228262
1473 0.0227642
1474 0.0227021
1475 0.0226402
1476 0.0225787
1477 0.0225172
1478 0.0224563
1479 0.0223975
1480 0.0223359
1481 0.0222741
1482 0.0222134
1483 0.0221522
1484 0.0220924
1485 0.0220308
1486 0.0219698
1487 0.0219092
1488 0.0218483
1489 0.0217925
1490 0.0217313
1491 0.0216702
1492 0.0216094
1493 0.021549
1494 0.0214887
1495 0.0214289
1496 0.0213684
1497 0.0213081
1498 0.0212479
1499 0.021188
1500 0.021128
1501 0.021068
1502 0.0210095
1503 0.0209503
1504 0.0208916
1505 0.0208322
1506 0.0207743
1507 0.0207189
1508 0.0206605
1509 0.0206016
1510 0.0205431
1511 0.0204868
1512 0.0204318
1513 0.0203917
1514 0.0203272
1515 0.0202684
1516 0.020211
1517 0.0201595
1518 0.0201078
1519 0.0200549
1520 0.0199978
1521 0.0199402
1522 0.0198828
1523 0.0198266
1524 0.0197756
1525 0.0197166
1526 0.0196598
1527 0.0196023
1528 0.0195464
1529 0.0194895
1530 0.0194323
1531 0.0193784
1532 0.0193259
1533 0.0192702
1534 0.0192135
1535 0.0191579
1536 0.0191037
1537 0.0190482
1538 0.0189948
1539 0.0189395
1540 0.0188847
1541 0.0188299
1542 0.0187747
1543 0.0187211
1544 0.0186658
1545 0.0186224
1546 0.018564
1547 0.018513
1548 0.0184725
1550 0.018419
1551 0.018387
1552 0.0183753
1553 0.0183084
1554 0.0182521
1555 0.0181973
1556 0.0181449
1557 0.0180895
1558 0.0180343
1559 0.017979
1560 0.0179238
1561 0.0178691
1562 0.0178178
1563 0.0177629
1564 0.0177076
1565 0.0176526
1566 0.0175977
1567 0.0175434
1568 0.0174895
1569 0.0174375
1570 0.0173827
1571 0.0173284
1572 0.0172742
1573 0.0172211
1574 0.017169
1575 0.017116
1576 0.0170631
1577 0.0170093
1578 0.016961
1579 0.0169063
1580 0.0168548
1581 0.0168043
1582 0.0167509
1583 0.0166979
1584 0.0166449
1585 0.0165918
1586 0.0165508
1587 0.0164956
1588 0.0164434
1589 0.0163907
1590 0.0163383
1591 0.0162949
1592 0.0162455
1593 0.0162045
1594 0.0161535
1595 0.0161038
1596 0.01608
1597 0.01603
1598 0.0159925
1600 0.0159681
1601 0.0159197
1602 0.0159016
1603 0.0158995
1604 0.0158681
1605 0.0158115
1606 0.0157777
1607 0.0157241
1608 0.0156736
1609 0.0156263
1610 0.0155755
1611 0.0155241
1612 0.0154732
1613 0.0154232
1614 0.0153731
1615 0.0153227
1616 0.015279
1617 0.0152335
1618 0.0151817
1619 0.0151305
1620 0.01508
1621 0.0150313
1622 0.0149805
1623 0.014931
1624 0.0148825
1625 0.0148338
1626 0.0147852
1627 0.0147381
1628 0.0146977
1629 0.0146455
1630 0.0145968
1631 0.0145476
1632 0.0145023
1633 0.0144553
1634 0.0144106
1635 0.0143634
1636 0.0143223
1637 0.0142731
1638 0.0142276
1639 0.014182
1640 0.0141364
1641 0.0141022
1642 0.01405
1643 0.0140034
1644 0.0139588
1645 0.0139361
1646 0.0138856
1647 0.0138362
1648 0.0137887
1649 0.0137417
1650 0.0136962
1651 0.013655
1652 0.0136085
1653 0.01356
1654 0.0135124
1655 0.0134678
1656 0.0134243
1657 0.0134182
1658 0.013411
1659 0.013353
1660 0.0133046
1661 0.0132626
1662 0.0132218
1663 0.0132189
1664 0.0132035
1665 0.0131469
1666 0.0131063
1667 0.0131062
1668 0.0130877
1669 0.0130381
1670 0.0129922
1671 0.0129802
1672 0.0129234
1673 0.0128776
1674 0.0128326
1675 0.0127866
1676 0.0127401
1677 0.0126936
1678 0.0126473
1679 0.0126016
1680 0.0125553
1681 0.0125094
1682 0.0124638
1683 0.0124178
1684 0.0123725
1685 0.0123276
1686 0.0122819
1687 0.0122372
1688 0.0121915
1689 0.0121462
1690 0.0121061
1691 0.0120619
1692 0.0120161
1693 0.0119707
1694 0.0119256
1695 0.0118812
1696 0.0118363
1697 0.0117941
1698 0.0117496
1699 0.0117064
1700 0.0116644
1701 0.0116255
1702 0.0115869
1703 0.0115464
1704 0.0115081
1705 0.0114716
1706 0.0114264
1707 0.011388
1708 0.0113444
1709 0.0113016
1710 0.0112591
1711 0.0112181
1712 0.0111853
1713 0.0111382
1714 0.0110986
1715 0.0110563
1716 0.0110126
1717 0.0109692
1718 0.0109264
1719 0.0108843
1720 0.010843
1721 0.0108011
1722 0.0107617
1723 0.010719
1724 0.0106806
1725 0.0106447
1726 0.0106338
1727 0.0105806
1728 0.0105435
1729 0.010503
1730 0.0104666
1731 0.010435
1733 0.0103932
1734 0.0103759
1737 0.010341
1738 0.0103301
1739 0.0103228
1741 0.0102655
1742 0.0102565
1743 0.0102233
1744 0.0101821
1745 0.0101418
1746 0.0101027
1747 0.0100769
1748 0.0100436
1749 0.0100431
1750 0.0100206
1751 0.00996118
1752 0.00992742
1753 0.0099185
1755 0.00987506
1756 0.00983864
1757 0.00979715
1758 0.00975647
1759 0.00971778
1760 0.00967808
1761 0.00964182
1762 0.00960449
1763 0.00957931
1764 0.00953392
1765 0.00950246
1766 0.00948066
1768 0.00943963
1770 0.00940433
1771 0.00940178
1772 0.00936681
1773 0.00934355
1775 0.0093249
1776 0.00928752
1777 0.00927316
1778 0.00926192
1779 0.00922076
1780 0.00918653
1781 0.00916426
1782 0.00912218
1783 0.00908661
1784 0.0090602
1786 0.00902061
1787 0.00899243
1788 0.00899139
1789 0.00897108
1790 0.00892522
1791 0.00889154
1792 0.008869
1794 0.00883204
1796 0.00879888
1797 0.00879508
1798 0.00877021
1800 0.00873241
1802 0.00872576
1803 0.00871201
1804 0.00869922
1805 0.00869186
1806 0.00868165
1807 0.00867809
1808 0.00865953
1809 0.00864421
1810 0.00862881
1811 0.00861353
1812 0.00860071
1813 0.00858481
1814 0.00856901
1815 0.00855325
1816 0.00853754
1817 0.00852195
1818 0.00850633
1819 0.00849073
1820 0.00847516
1821 0.0084597
1822 0.00844416
1823 0.00842861
1824 0.00841307
1825 0.0083976
1826 0.00838213
1827 0.00836673
1828 0.00835136
1829 0.0083359
1830 0.00832047
1831 0.00830512
1832 0.00828992
1833 0.00827583
1834 0.00826023
1835 0.0082448
1836 0.00822942
1837 0.00821408
1838 0.00819953
1839 0.00818658
1840 0.00817121
1841 0.00815586
1842 0.00814054
1843 0.00812524
1844 0.00810997
1845 0.00809475
1846 0.00807972
1847 0.00806521
1848 0.008051
1849 0.00803589
1850 0.00802087
1851 0.00800602
1852 0.00799236
1853 0.00797752
1854 0.00796278
1855 0.00794823
1856 0.00793742
1857 0.00792442
1858 0.00790953
1859 0.00789469
1860 0.00787998
1861 0.00786569
1862 0.00785926
1863 0.00784613
1864 0.00783074
1865 0.00781676
1866 0.00780749
1867 0.0077923
1868 0.00777786
1869 0.00776282
1870 0.00774786
1871 0.00773295
1872 0.00771809
1873 0.00770336
1874 0.00768869
1875 0.00767801
1876 0.00766249
1877 0.00764748
1878 0.00763269
1879 0.00761794
1880 0.00760346
1881 0.00758878
1882 0.00757413
1883 0.00756009
1884 0.00754696
1885 0.00753202
1886 0.00751722
1887 0.0075025
1888 0.00748783
1889 0.00747327
1890 0.00745871
1891 0.00744414
1892 0.00742976
1893 0.00741524
1894 0.00740083
1895 0.00738642
1896 0.00737196
1897 0.00735812
1898 0.00734365
1899 0.0073296
1900 0.00731514
1901 0.00730075
1902 0.00728678
1903 0.00727237
1904 0.00725925
1905 0.00724882
1906 0.0072335
1907 0.00721883
1908 0.00720449
1909 0.00719016
1910 0.00717595
1911 0.00716176
1912 0.00714745
1913 0.00713328
1914 0.00712006
1915 0.00710581
1916 0.00709155
1917 0.00707732
1918 0.00706315
1919 0.00704896
1920 0.00703484
1921 0.00702085
1922 0.00700678
1923 0.00699349
1924 0.00697946
1925 0.00696568
1926 0.00695181
1927 0.0069379
1928 0.00692419
1929 0.00691028
1930 0.00689622
1931 0.00688218
1932 0.00686819
1933 0.00685436
1934 0.0068405
1935 0.00682671
1936 0.00681276
1937 0.00679889
1938 0.00678503
1939 0.00677132
1940 0.00675778
1941 0.00674419
1942 0.00673063
1943 0.00671688
1944 0.00670362
1945 0.00669028
1946 0.00667867
1947 0.00666465
1948 0.00665083
1949 0.00663706
1950 0.00662345
1951 0.00661081
1952 0.00659708
1953 0.00658334
1954 0.00656972
1955 0.00655607
1956 0.00654237
1957 0.00652872
1958 0.00651534
1959 0.00650323
1960 0.00648954
1961 0.00647587
1962 0.00646222
1963 0.0064486
1964 0.006435
1965 0.00642144
1966 0.00640826
1967 0.00639467
1968 0.00638112
1969 0.00636762
1970 0.0063567
1971 0.00634299
1972 0.00632944
1973 0.00631601
1974 0.00630264
1975 0.00628922
1976 0.00627582
1977 0.0062628
1978 0.00624941
1979 0.00623604
1980 0.00622274
1981 0.00620971
1982 0.00619638
1983 0.00618307
1984 0.00616989
1985 0.00615659
1986 0.00614338
1987 0.00613022
1988 0.00611726
1989 0.00610402
1990 0.00609081
1991 0.00607761
1992 0.00606445
1993 0.00605129
1994 0.00603816
1995 0.00602512
1996 0.00601203
1997 0.00599907
1998 0.00598615
1999 0.00597322
2000 0.0059613
2001 0.00594822
2002 0.0059351
2003 0.00592203
2004 0.00590898
2005 0.00589598
2006 0.00588443
2007 0.00587188
2008 0.00585866
2009 0.00584566
2010 0.00583279
2011 0.00582007
2012 0.00580715
2013 0.0057944
2014 0.00578157
2015 0.00576926
2016 0.00575629
2017 0.00574344
2018 0.00573062
2019 0.00571791
2020 0.00570514
2021 0.00569242
2022 0.00568002
2023 0.00566739
2024 0.00565464
2025 0.005642
2026 0.00562972
2027 0.00561702
2028 0.00560434
2029 0.00559168
2030 0.00557908
2031 0.00556653
2032 0.00555408
2033 0.00554216
2034 0.00552956
2035 0.00551695
2036 0.00550437
2037 0.00549181
2038 0.00547933
2039 0.00546762
2040 0.00545618
2041 0.00544361
2042 0.00543109
2043 0.00541862
2044 0.00540619
2045 0.00539383
2046 0.00538236
2047 0.00537049
2048 0.00535803
2049 0.00534565
2050 0.0053333
2051 0.00532119
2052 0.00530884
2053 0.00529672
2054 0.0052844
2055 0.00527211
2056 0.00525995
2057 0.00524772
2058 0.0052355
2059 0.00522338
2060 0.00521152
2061 0.00519929
2062 0.0051871
2063 0.00517495
2064 0.00516298
2065 0.00515105
2066 0.00513934
2067 0.0051273
2068 0.00511549
2069 0.00510355
2070 0.00509178
2071 0.00507985
2072 0.00506797
2073 0.00505641
2074 0.00504474
2075 0.00503376
2076 0.00502289
2077 0.00501284
2078 0.00500025
2079 0.00498869
2080 0.0049771
2081 0.00496621
2082 0.00495529
2083 0.00494375
2084 0.00493776
2085 0.00492497
2086 0.00491278
2087 0.00490102
2088 0.0048893
2089 0.00487755
2090 0.00486583
2091 0.0048545
2092 0.0048436
2093 0.00483151
2094 0.00481971
2095 0.00480798
2096 0.00479785
2097 0.00478766
2098 0.00477592
2099 0.00476426
2100 0.00475272
2101 0.00474143
2102 0.00473672
2103 0.00473582
2104 0.00472896
2105 0.004716
2106 0.00470557
2107 0.00469478
2108 0.00468351
2109 0.00467324
2110 0.00466159
2111 0.00465073
2112 0.00463977
2113 0.00462906
2114 0.00461872
2115 0.00461201
2116 0.0045991
2117 0.00458775
2118 0.00457652
2119 0.00456702
2120 0.00455859
2121 0.00454673
2122 0.00453554
2123 0.00452424
2124 0.00451303
2125 0.00450193
2126 0.00449069
2127 0.00448005
2128 0.00446925
2129 0.00445939
2130 0.00444837
2131 0.00443728
2132 0.00442628
2133 0.00441603
2134 0.00440597
2135 0.00439884
2136 0.00438627
2137 0.0043751
2138 0.00436424
2139 0.00435402
2140 0.00434495
2141 0.00433366
2142 0.00432276
2143 0.00431169
2144 0.00430076
2145 0.0042899
2146 0.00427956
2147 0.00426901
2148 0.00425826
2149 0.00424771
2150 0.00423746
2151 0.00422841
2152 0.00421939
2153 0.00420922
2154 0.00419939
2155 0.0041915
2156 0.00418527
2157 0.00417515
2158 0.00416508
2159 0.00415885
2160 0.00414797
2161 0.00414188
2162 0.00413203
2163 0.00412791
2164 0.00411579
2165 0.00410583
2166 0.00409651
2167 0.00408623
2168 0.00407759
2169 0.00406662
2170 0.0040571
2171 0.00404735
2172 0.00403855
2173 0.00403722
2174 0.00402392
2175 0.00401287
2176 0.00400254
2177 0.00399246
2178 0.00398211
2179 0.00397143
2180 0.00396077
2181 0.00395031
2182 0.00393966
2183 0.00392911
2184 0.00391853
2185 0.00390799
2186 0.00389747
2187 0.00388693
2188 0.0038764
2189 0.00386593
2190 0.00385542
2191 0.00384492
2192 0.00383443
2193 0.00382407
2194 0.00381365
2195 0.0038032
2196 0.00379278
2197 0.0037829
2198 0.00377276
2199 0.00376227
2200 0.00375189
2201 0.00374156
2202 0.00373127
2203 0.00372099
2204 0.00371069
2205 0.00370052
2206 0.00369033
2207 0.00368007
2208 0.00366989
2209 0.00365971
2210 0.00364997
2211 0.00363972
2212 0.00362949
2213 0.00361929
2214 0.0036092
2215 0.00359915
2216 0.00358918
2217 0.00357906
2218 0.00356893
2219 0.00355902
2220 0.00354898
2221 0.00353918
2222 0.00352911
2223 0.00351915
2224 0.00350914
2225 0.00349916
2226 0.00349098
2227 0.00348094
2228 0.00347081
2229 0.0034608
2230 0.00345112
2231 0.00344117
2232 0.00343131
2233 0.00342203
2234 0.00341226
2235 0.00340252
2236 0.00339268
2237 0.00338296
2238 0.0033734
2239 0.0033638
2240 0.00335423
2241 0.00334454
2242 0.00333488
2243 0.0033253
2244 0.00331815
2245 0.00330779
2246 0.00329811
2247 0.00329207
2248 0.00328237
2249 0.00327257
2250 0.00326283
2251 0.00325313
2252 0.00324348
2253 0.00323392
2254 0.00322602
2255 0.00321735
2256 0.00320716
2257 0.00319787
2258 0.00318886
2259 0.00318094
2260 0.00317131
2261 0.00316202
2262 0.00315252
2263 0.00314317
2264 0.00313386
2265 0.00312442
2266 0.00311561
2267 0.00310683
2268 0.00309725
2269 0.00308778
2270 0.00307839
2271 0.00306914
2272 0.00306023
2273 0.00305085
2274 0.00304151
2275 0.00303222
2276 0.003023
2277 0.0030137
2278 0.00300456
2279 0.00299536
2280 0.00298623
2281 0.00297703
2282 0.00296887
2283 0.00295945
2284 0.00295024
2285 0.00294106
2286 0.00293191
2287 0.00292291
2288 0.00291381
2289 0.00290479
2290 0.00289571
2291 0.00288663
2292 0.00287761
2293 0.00286858
2294 0.00285981
2295 0.00285076
2296 0.00284172
2297 0.00283272
2298 0.00282373
2299 0.00281477
2300 0.0028058
2301 0.00279686
2302 0.00278794
2303 0.00277905
2304 0.00277013
2305 0.00276125
2306 0.00275244
2307 0.00274365
2308 0.00273479
2309 0.00272596
2310 0.00271723
2311 0.00270857
2312 0.0027001
2313 0.00269135
2314 0.00268268
2315 0.00267475
2316 0.00266608
2317 0.00265764
2318 0.00264927
2319 0.00264283
2320 0.00263917
2321 0.00262882
2322 0.00262029
2323 0.00261205
2324 0.00260488
2325 0.00259949
2326 0.00259013
2327 0.00258217
2328 0.00257363
2329 0.00256518
2330 0.00255752
2331 0.00254889
2332 0.00254105
2333 0.0025326
2334 0.0025254
2335 0.00251703
2336 0.00250991
2337 0.00250128
2338 0.00249356
2339 0.00248555
2340 0.00247922
2341 0.00247074
2342 0.00246245
2343 0.00245444
2344 0.00244702
2345 0.00244058
2346 0.00243208
2347 0.00242427
2348 0.00241603
2349 0.00240795
2350 0.00240127
2351 0.00239295
2352 0.00238466
2353 0.0023767
2354 0.00236983
2355 0.0023636
2356 0.00235542
2357 0.00234726
2358 0.00233915
2359 0.00233109
2360 0.00232311
2361 0.00231557
2362 0.00230771
2363 0.0023023
2364 0.00229321
2365 0.00228557
2366 0.00228096
2368 0.00227314
2369 0.0022697
2370 0.0022613
2371 0.00225658
2372 0.00224767
2373 0.00223984
2374 0.0022322
2375 0.00222484
2376 0.00221738
2377 0.00220934
2378 0.00220155
2379 0.00219363
2380 0.00218576
2381 0.00217873
2382 0.0021711
2383 0.00216503
2384 0.00215765
2385 0.00214996
2386 0.00214239
2387 0.0021349
2388 0.00212757
2389 0.00211966
2390 0.00211201
2391 0.00210446
2392 0.00209666
2393 0.00208898
2394 0.00208137
2395 0.00207384
2396 0.00206612
2397 0.00205847
2398 0.002051
2399 0.00204339
2400 0.00203578
2401 0.00202816
2402 0.00202072
2403 0.00201319
2404 0.00200597
2405 0.00199837
2406 0.00199105
2407 0.00198422
2408 0.00197664
2409 0.0019693
2410 0.00196178
2411 0.00195429
2412 0.00194712
2413 0.00193992
2414 0.00193282
2415 0.00192552
2416 0.00191881
2417 0.001912
2418 0.00190912
2419 0.00190018
2420 0.00189386
2421 0.00188931
2423 0.00188218
2424 0.00187859
2425 0.00187036
2426 0.00186382
2427 0.00185829
2428 0.00185099
2429 0.0018438
2430 0.00183679
2431 0.0018301
2432 0.00182337
2433 0.0018171
2434 0.00181074
2435 0.0018057
2436 0.00179818
2437 0.0017923
2438 0.00178496
2439 0.00177795
2440 0.00177111
2441 0.00176637
2442 0.00175881
2443 0.00175184
2444 0.00174487
2445 0.00173851
2446 0.0017325
2447 0.00172536
2448 0.00171827
2449 0.00171122
2450 0.00170421
2451 0.00169731
2452 0.00169044
2453 0.00168385
2454 0.00167689
2455 0.00167007
2456 0.00166319
2457 0.00165639
2458 0.00165017
2459 0.00164339
2460 0.00163665
2461 0.00163041
2462 0.00162454
2463 0.00162081
2464 0.00161366
2465 0.00160708
2466 0.00160095
2467 0.00159505
2468 0.00158932
2469 0.0015847
2470 0.00157957
2471 0.00157569
2472 0.00157328
2473 0.00156397
2474 0.00155736
2475 0.00155077
2476 0.00154534
2477 0.00154217
2478 0.00153467
2479 0.0015286
2480 0.00152295
2481 0.00151653
2482 0.00151023
2483 0.00150365
2484 0.0014971
2485 0.00149073
2486 0.00148427
2487 0.0014778
2488 0.0014724
2489 0.0014668
2490 0.00146015
2491 0.00145354
2492 0.00144705
2493 0.00144063
2494 0.00143609
2495 0.00142925
2496 0.0014231
2497 0.00141775
2498 0.00141137
2499 0.0014052
2500 0.00139952
2501 0.00139331
2502 0.00138797
2503 0.00138342
2505 0.00137776
2506 0.00137679
2508 0.00137317
2509 0.00136832
2510 0.00136791
2511 0.00136429
2512 0.00135728
2513 0.00135246
2514 0.0013468
2516 0.00134144
2518 0.001339
2520 0.00133403
2521 0.00133159
2522 0.00133024
2524 0.00132293
2526 0.001317
2527 0.00131408
2528 0.00131066
2530 0.001303
2532 0.0012977
2533 0.00129161
2534 0.00128546
2535 0.00127972
2536 0.0012737
2537 0.00126788
2538 0.00126193
2539 0.00125616
2540 0.00125021
2541 0.00124431
2542 0.00123869
2543 0.00123273
2544 0.00122677
2545 0.0012209
2546 0.00121522
2547 0.00120983
2548 0.00120382
2549 0.00119805
2550 0.0011922
2551 0.00118642
2552 0.00118166
2553 0.00117598
2554 0.00117029
2555 0.00116459
2556 0.00115931
2557 0.0011543
2558 0.00114994
2559 0.00114426
2560 0.00113893
2561 0.00113408
2562 0.00112865
2563 0.0011232
2564 0.00111847
2565 0.00111553
2566 0.00110951
2567 0.00110431
2568 0.00109957
2569 0.00109454
2570 0.00108959
2571 0.00108603
2572 0.00108378
2573 0.0010766
2574 0.00107236
2575 0.00106765
2576 0.00106202
2577 0.00105641
2578 0.00105088
2579 0.00104539
2580 0.00103998
2581 0.00103455
2582 0.00102913
2583 0.00102403
2584 0.00101931
2585 0.00101413
2586 0.00100941
2587 0.0010042
2588 0.00100056
2589 0.000995743
2590 0.000994544
2591 0.000987376
2592 0.000984505
2593 0.000983048
2594 0.000976763
2595 0.000971625
2596 0.000966646
2597 0.000961526
2598 0.000956732
2599 0.000952543
2600 0.000948193
2601 0.000943311
2602 0.000938859
2604 0.000937776
2605 0.000934183
