1 199.878
3 199.854
4 199.843
6 188.535
7 188.424
8 188.21
9 188.202
13 159.224
14 133.907
15 113.184
16 102.623
17 95.4579
19 90.3582
21 82.5905
23 73.6189
24 64.0602
25 54.2337
26 44.7191
27 36.3547
28 31.7471
29 29.6912
31 28.4673
33 27.1606
35 25.5019
36 25.3687
37 24.2562
38 24.1458
42 24.138
44 24.1177
45 24.0412
46 24.0238
47 23.7672
49 23.6741
50 23.5342
52 23.4652
61 23.4561
62 23.4479
64 23.1139
65 22.8697
66 22.6723
67 22.5098
68 22.3379
69 22.2515
73 22.1849
75 21.7839
76 21.4895
77 21.1042
78 20.6359
79 20.1053
80 19.5863
81 18.9668
82 18.2413
83 17.5687
84 16.9041
85 16.5344
86 15.7472
88 15.6828
89 14.4354
90 12.3721
91 9.96786
92 6.31882
93 3.95038
95 2.29032
97 2.21925
112 2.18648
117 2.17874
119 2.17868
121 2.16882
125 2.11789
127 2.04708
128 2.02131
129 2.0213
133 2.02059
134 1.94279
135 1.89012
136 1.88141
137 1.87921
138 1.83711
139 1.82212
140 1.82163
141 1.81829
145 1.81081
146 1.80811
148 1.80027
156 1.80018
161 1.79861
162 1.79778
163 1.79739
170 1.79432
174 1.79268
177 1.79267
181 1.79259
184 1.79213
185 1.79142
187 1.79062
188 1.79001
193 1.78966
202 1.78959
209 1.78951
212 1.7895
217 1.78949
219 1.78945
220 1.78944
225 1.78942
226 1.78926
227 1.78922
229 1.78921
230 1.7892
233 1.78919
241 1.78916
242 1.78915
244 1.78913
246 1.78912
247 1.78909
248 1.78908
254 1.78907
257 1.78904
258 1.78903
259 1.78902
260 1.78901
261 1.78899
262 1.78898
263 1.78896
265 1.78895
266 1.78892
268 1.7889
269 1.78889
271 1.78888
275 1.78883
276 1.78882
278 1.78881
279 1.7888
281 1.78879
282 1.78876
287 1.78875
289 1.78874
292 1.78871
295 1.78869
296 1.78867
299 1.78866
304 1.78865
305 1.78864
306 1.78863
307 1.78862
308 1.7886
311 1.78858
313 1.78857
316 1.78856
320 1.78855
322 1.78854
327 1.78852
328 1.78851
329 1.7885
331 1.78848
334 1.78847
336 1.78846
342 1.78843
345 1.78842
350 1.78841
351 1.7884
353 1.78839
359 1.78837
364 1.78836
369 1.78835
374 1.78834
379 1.78832
384 1.78831
388 1.7883
389 1.78829
395 1.78828
