1 8544.58
11 7245.44
12 6055.21
13 5260.06
14 4414.49
15 3727.89
16 3166.93
17 2702.93
18 2314.05
19 1984.28
20 1715.34
21 1497.81
22 1427.36
23 1013.23
24 810.273
25 637.833
26 495.272
27 385.199
28 308.199
29 259.057
31 235.037
34 229.449
35 194.438
36 170.871
37 139.507
38 100.189
39 60.7293
40 45.6311
42 44.3937
46 43.7495
50 42.2038
52 30.9889
53 27.2861
55 17.4421
56 14.3545
63 11.8117
67 9.46841
71 5.32262
79 5.10436
80 4.75676
82 4.74207
84 4.73609
88 4.72853
92 4.25965
95 4.11855
97 3.9361
98 3.51988
103 3.3186
104 3.26104
105 3.25221
106 3.21047
114 3.20741
117 3.10388
119 3.09377
120 3.0486
122 3.02706
123 2.99032
124 2.95603
125 2.94598
126 2.86377
128 2.8502
129 2.83256
130 2.79728
131 2.78407
132 2.75664
133 2.69819
136 2.68809
138 2.63778
139 2.61092
140 2.59084
142 2.57579
143 2.56447
149 2.48621
152 2.48531
153 2.46632
155 2.45474
156 2.44029
157 2.4121
159 2.41072
161 2.40039
162 2.38603
163 2.38063
164 2.37861
165 2.37846
167 2.36802
169 2.36447
170 2.30737
171 2.26302
174 2.23332
175 2.21518
179 2.21331
182 2.20097
184 2.19794
187 2.19681
188 2.19245
190 2.1891
192 2.16574
193 2.16107
195 2.15801
196 2.14499
197 2.14326
201 2.14121
204 2.13775
206 2.13773
208 2.13446
209 2.12865
210 2.1208
211 2.11814
212 2.11335
213 2.10861
214 2.10753
216 2.09562
217 2.08423
218 2.07374
220 2.07082
222 2.07069
223 2.06688
224 2.06616
227 2.06445
229 2.06401
230 2.05823
232 2.05816
233 2.05555
236 2.05519
238 2.05499
239 2.05493
242 2.05487
245 2.05028
258 2.0486
259 2.04623
260 2.04619
262 2.04474
264 2.0445
267 2.04393
268 2.04388
271 2.04189
272 2.04083
276 2.04082
277 2.0407
282 2.03952
284 2.03922
287 2.03896
288 2.03838
289 2.03808
290 2.03807
292 2.0379
293 2.03741
296 2.03692
297 2.03678
299 2.03646
300 2.03637
302 2.03628
303 2.03619
304 2.03614
306 2.03599
308 2.03594
310 2.03593
