1 1808.0
14 404.307
15 84.3692
25 84.3359
28 75.1238
32 61.7702
33 52.5428
37 50.5583
39 39.5793
40 34.4996
43 31.5153
45 30.4833
49 28.6447
61 28.0843
64 27.2606
69 26.7928
79 26.7225
82 26.7063
85 26.5613
88 26.5186
90 26.4897
97 26.4699
101 26.4129
102 26.3601
106 26.3299
109 26.3001
111 26.2991
118 26.2969
120 26.2962
121 26.2887
123 26.2836
126 26.2822
131 26.2819
134 26.2812
137 26.2809
138 26.2775
141 26.2767
149 26.2765
150 26.2762
152 26.2759
153 26.2751
155 26.275
159 26.2748
160 26.2747
161 26.2744
164 26.2742
178 26.2741
181 26.274
182 26.2739
