1 1354.66
12 258.76
13 58.0632
17 51.3473
22 50.6486
30 34.0409
31 28.4931
32 28.3249
35 27.3015
42 27.1765
43 24.8827
44 24.4406
48 22.8401
50 22.2692
51 21.3135
52 20.364
59 20.1627
61 19.7863
62 19.5868
63 19.5837
64 19.5152
66 18.9136
69 18.7816
78 18.7061
80 18.5876
82 18.5105
83 18.4658
92 18.4287
93 18.4214
94 18.3873
98 18.3863
100 18.3651
101 18.3594
112 18.3541
113 18.3447
115 18.344
116 18.338
118 18.336
123 18.3323
127 18.3309
128 18.3289
130 18.3274
131 18.3245
133 18.3238
138 18.3221
142 18.3217
143 18.3213
146 18.3212
147 18.3187
150 18.3176
154 18.3175
157 18.3173
160 18.317
161 18.3157
165 18.3154
166 18.3151
168 18.3146
171 18.3145
173 18.3137
174 18.3133
175 18.3132
176 18.313
177 18.3129
178 18.3127
181 18.3125
183 18.3124
184 18.3123
186 18.3122
190 18.312
194 18.3117
195 18.3115
196 18.3113
199 18.3112
201 18.3111
202 18.311
204 18.3109
