1 33658200000.0
2 32412200000.0
3 25583200000.0
5 19245200000.0
6 18690500000.0
9 17359400000.0
10 10347800000.0
11 7075550000.0
12 4221960000.0
13 3380680000.0
15 1216050000.0
16 653433000.0
17 647701000.0
18 368158000.0
20 98666800.0
25 33434300.0
26 9166120.0
27 7516200.0
34 7255270.0
35 5750650.0
37 5512330.0
46 4965360.0
47 2327530.0
49 2314470.0
51 2299440.0
54 2240040.0
62 2234690.0
67 2230640.0
69 2227210.0
75 2223140.0
76 2215490.0
82 2214510.0
83 2213890.0
85 2210890.0
86 2207810.0
87 2202610.0
88 2202470.0
89 2201860.0
90 2198690.0
91 2197480.0
92 2195340.0
93 2191900.0
94 2191850.0
96 2183910.0
98 2183730.0
99 2181970.0
100 2180340.0
103 2180320.0
105 2174730.0
106 2173400.0
109 2168770.0
111 2168760.0
116 2166920.0
120 2164230.0
121 2163200.0
124 2160620.0
125 2159210.0
126 2158070.0
127 2155750.0
128 2154070.0
129 2151780.0
130 2150620.0
133 2150330.0
137 2146390.0
138 2146120.0
139 2145280.0
142 2144150.0
144 2142440.0
145 2141730.0
146 2139940.0
147 2138160.0
149 2136930.0
150 2135200.0
151 2134090.0
152 2133230.0
153 2133030.0
154 2132110.0
157 2129560.0
158 2127960.0
160 2127910.0
163 2125850.0
164 2124360.0
165 2123190.0
167 2121950.0
168 2119330.0
169 2117350.0
170 2114380.0
171 2111720.0
172 2109130.0
173 2107370.0
174 2104850.0
175 2103800.0
176 2103350.0
178 2101970.0
180 2101370.0
181 2099500.0
183 2099350.0
184 2097510.0
185 2095680.0
186 2094870.0
190 2091960.0
191 2089220.0
192 2087500.0
193 2084970.0
194 2084220.0
195 2082570.0
196 2081140.0
197 2079650.0
198 2078170.0
199 2077660.0
200 2076430.0
202 2074620.0
203 2072140.0
204 2071900.0
206 2070150.0
207 2069220.0
210 2067400.0
211 2064710.0
212 2063750.0
214 2063710.0
216 2063060.0
217 2061440.0
218 2061220.0
221 2061090.0
222 2060970.0
223 2060380.0
224 2056770.0
227 2055360.0
228 2055020.0
229 2054660.0
230 2053330.0
231 2052660.0
235 2049660.0
237 2049640.0
238 2049140.0
240 2048660.0
241 2047860.0
243 2047490.0
244 2046060.0
245 2045000.0
246 2044510.0
249 2043320.0
250 2043170.0
253 2041980.0
254 2041300.0
256 2041230.0
257 2040280.0
258 2039420.0
259 2038570.0
260 2038460.0
261 2038370.0
262 2038110.0
263 2036450.0
264 2035170.0
265 2033950.0
266 2033800.0
267 2033790.0
268 2033360.0
270 2032950.0
272 2032570.0
273 2031200.0
274 2030160.0
275 2029580.0
278 2029180.0
279 2027940.0
280 2027310.0
281 2026770.0
282 2026050.0
284 2025740.0
285 2024600.0
286 2023660.0
287 2023420.0
288 2023360.0
289 2023030.0
292 2021710.0
293 2020830.0
294 2019650.0
295 2018810.0
296 2017690.0
297 2016860.0
298 2015730.0
299 2015540.0
300 2015000.0
301 2014910.0
303 2012910.0
304 2012560.0
305 2011130.0
306 2010910.0
307 2010450.0
308 2009700.0
309 2009000.0
310 2007850.0
311 2007240.0
313 2007090.0
314 2005790.0
315 2005060.0
316 2004460.0
317 2003950.0
318 2003540.0
319 2003120.0
322 2002170.0
323 2000480.0
324 1999750.0
325 1999060.0
328 1998200.0
329 1997380.0
330 1996560.0
331 1996440.0
332 1996240.0
333 1994840.0
334 1993510.0
335 1992240.0
336 1991210.0
337 1990410.0
341 1990350.0
342 1989760.0
343 1988490.0
344 1987600.0
345 1987450.0
347 1986950.0
348 1986190.0
351 1985080.0
352 1983890.0
353 1983320.0
354 1982530.0
357 1981910.0
358 1980710.0
359 1980060.0
360 1979330.0
361 1978610.0
364 1977600.0
365 1977020.0
367 1976910.0
368 1975700.0
369 1975540.0
371 1975150.0
372 1974540.0
374 1973190.0
375 1972060.0
376 1970890.0
377 1970290.0
378 1969930.0
379 1969770.0
380 1968670.0
381 1967730.0
382 1966370.0
383 1965040.0
384 1963740.0
385 1962470.0
386 1961280.0
387 1960010.0
388 1958910.0
389 1957910.0
390 1956960.0
391 1955930.0
392 1955510.0
393 1955400.0
394 1954260.0
395 1953230.0
396 1952540.0
397 1951990.0
398 1951830.0
400 1950290.0
401 1949620.0
402 1948420.0
403 1947600.0
404 1946770.0
407 1946010.0
408 1944880.0
409 1944760.0
411 1943430.0
412 1942680.0
413 1941810.0
414 1940600.0
415 1940520.0
416 1940340.0
417 1939260.0
418 1938700.0
419 1937800.0
420 1936530.0
421 1936090.0
422 1935370.0
423 1934350.0
425 1934000.0
426 1933380.0
429 1932100.0
430 1931170.0
433 1930140.0
434 1929890.0
435 1929720.0
436 1929190.0
437 1928750.0
438 1928740.0
439 1928580.0
440 1926810.0
441 1925780.0
442 1924650.0
443 1923380.0
444 1922440.0
445 1921830.0
446 1921410.0
448 1921380.0
449 1921120.0
450 1920090.0
451 1918950.0
452 1917860.0
455 1917190.0
456 1916870.0
458 1915990.0
459 1915520.0
460 1914800.0
461 1914380.0
462 1913860.0
464 1913630.0
465 1912250.0
466 1912070.0
468 1910910.0
470 1910490.0
471 1909460.0
472 1908920.0
474 1908830.0
476 1908470.0
477 1907390.0
478 1907090.0
479 1907070.0
480 1906980.0
481 1906620.0
482 1904900.0
483 1903890.0
484 1903470.0
485 1903420.0
486 1902440.0
487 1901460.0
488 1900910.0
489 1899650.0
490 1898480.0
491 1897530.0
492 1896700.0
494 1896620.0
495 1895350.0
496 1894780.0
497 1894630.0
499 1893600.0
502 1893270.0
503 1892800.0
504 1891900.0
505 1891350.0
506 1890150.0
507 1889050.0
508 1888690.0
509 1887480.0
510 1887250.0
511 1886810.0
512 1886190.0
513 1885630.0
514 1885580.0
516 1884570.0
517 1883240.0
518 1882230.0
520 1882090.0
521 1881160.0
522 1880950.0
523 1880730.0
526 1879930.0
527 1879900.0
529 1878660.0
530 1877880.0
531 1877040.0
532 1876210.0
533 1875850.0
534 1875840.0
535 1875590.0
536 1875070.0
537 1873920.0
538 1873780.0
539 1873500.0
540 1872150.0
541 1870650.0
542 1870080.0
543 1869870.0
544 1869780.0
546 1869370.0
547 1868310.0
548 1867670.0
551 1866850.0
552 1866750.0
554 1865770.0
555 1865280.0
556 1865080.0
557 1864170.0
558 1863590.0
561 1862350.0
563 1862250.0
564 1861280.0
565 1860680.0
566 1860320.0
568 1859370.0
569 1858870.0
570 1857700.0
571 1857260.0
572 1856870.0
573 1855990.0
574 1855700.0
575 1854180.0
576 1853040.0
577 1851950.0
578 1850950.0
579 1850230.0
581 1850100.0
584 1848920.0
585 1848490.0
586 1847850.0
587 1847180.0
590 1846180.0
591 1845370.0
592 1845320.0
593 1844550.0
594 1843730.0
595 1842890.0
596 1841830.0
599 1840590.0
600 1839930.0
601 1839130.0
604 1839010.0
606 1837720.0
607 1836770.0
608 1836040.0
609 1835620.0
610 1834610.0
611 1833670.0
612 1832770.0
613 1831980.0
614 1831520.0
617 1830680.0
619 1829610.0
620 1828650.0
621 1828160.0
623 1828080.0
626 1827210.0
627 1826170.0
628 1825780.0
629 1825350.0
630 1824260.0
633 1823180.0
634 1822890.0
636 1821910.0
637 1821140.0
638 1820830.0
641 1819850.0
642 1818760.0
645 1818040.0
646 1817260.0
647 1816500.0
650 1815430.0
651 1814370.0
652 1813650.0
653 1812580.0
654 1811700.0
655 1811270.0
660 1810250.0
663 1809420.0
664 1808940.0
667 1808390.0
668 1807110.0
669 1806460.0
670 1806230.0
672 1805480.0
673 1804900.0
675 1804810.0
676 1804020.0
677 1802870.0
678 1802580.0
680 1802200.0
682 1800770.0
683 1799910.0
684 1799350.0
685 1799230.0
686 1799170.0
687 1799000.0
688 1798820.0
689 1797420.0
690 1796250.0
691 1795410.0
692 1795290.0
694 1794920.0
695 1794890.0
696 1794200.0
698 1792700.0
699 1791730.0
700 1791540.0
701 1791120.0
702 1791080.0
703 1790990.0
706 1789720.0
707 1788570.0
708 1787800.0
709 1786830.0
710 1786400.0
711 1785520.0
712 1785430.0
713 1785260.0
714 1784620.0
715 1784410.0
716 1783320.0
718 1783190.0
719 1782750.0
720 1781980.0
722 1781710.0
723 1781520.0
724 1781390.0
725 1780970.0
726 1780790.0
728 1780270.0
729 1778840.0
730 1777950.0
732 1777840.0
733 1777320.0
734 1777120.0
737 1776940.0
738 1775790.0
739 1775380.0
740 1774210.0
741 1773260.0
742 1772710.0
743 1772180.0
744 1771420.0
745 1771090.0
747 1770480.0
748 1769180.0
749 1768150.0
750 1767270.0
751 1767160.0
752 1766990.0
753 1765950.0
754 1764660.0
755 1763480.0
756 1762300.0
757 1761110.0
758 1760290.0
759 1760000.0
762 1758810.0
765 1757630.0
766 1756970.0
768 1756590.0
769 1756460.0
770 1756400.0
771 1755730.0
773 1755380.0
774 1754290.0
776 1754000.0
777 1753580.0
778 1752390.0
779 1751400.0
780 1750430.0
781 1749420.0
782 1748530.0
783 1747890.0
784 1747160.0
785 1746630.0
786 1745100.0
787 1743910.0
788 1742820.0
789 1741860.0
790 1741090.0
793 1740570.0
796 1739500.0
797 1739290.0
800 1739150.0
801 1737990.0
804 1737260.0
805 1736710.0
806 1735600.0
809 1734870.0
810 1733970.0
811 1733050.0
812 1732640.0
814 1732480.0
815 1731800.0
816 1731730.0
818 1730480.0
819 1729530.0
820 1729000.0
821 1728000.0
822 1727670.0
823 1727280.0
824 1727220.0
827 1726060.0
828 1725500.0
830 1725480.0
831 1724420.0
832 1723510.0
834 1723420.0
835 1723320.0
837 1722160.0
838 1721530.0
840 1721510.0
841 1720390.0
843 1720320.0
844 1719520.0
845 1719240.0
846 1719000.0
847 1718160.0
848 1717590.0
849 1717460.0
850 1716710.0
851 1716180.0
853 1715850.0
854 1714690.0
855 1714400.0
856 1713500.0
857 1713120.0
860 1712670.0
861 1712600.0
862 1712020.0
863 1711000.0
864 1710400.0
866 1709960.0
867 1709040.0
868 1708710.0
869 1708670.0
870 1708370.0
871 1708270.0
872 1707330.0
873 1706650.0
874 1706340.0
875 1704740.0
876 1703520.0
877 1702800.0
878 1702330.0
879 1701180.0
880 1699880.0
881 1698660.0
882 1697480.0
883 1696340.0
884 1695270.0
885 1694030.0
886 1692810.0
887 1691580.0
888 1690350.0
889 1689120.0
890 1687890.0
891 1686660.0
892 1685440.0
893 1684230.0
894 1683010.0
895 1681790.0
896 1680590.0
897 1679370.0
898 1678150.0
899 1676940.0
900 1675740.0
901 1674520.0
902 1673330.0
903 1672130.0
904 1670920.0
905 1669830.0
906 1668730.0
907 1667520.0
908 1666310.0
909 1665100.0
910 1663930.0
911 1662710.0
912 1661510.0
913 1660360.0
914 1659210.0
915 1658020.0
916 1656830.0
917 1655680.0
918 1654500.0
919 1653410.0
920 1652180.0
921 1651030.0
922 1649880.0
923 1648730.0
924 1647520.0
925 1646340.0
926 1645150.0
927 1644000.0
928 1642790.0
929 1641600.0
930 1640510.0
931 1639310.0
932 1638130.0
933 1637010.0
934 1635800.0
935 1634640.0
936 1633460.0
937 1632410.0
938 1631250.0
939 1630260.0
940 1629050.0
941 1627850.0
942 1626650.0
943 1625510.0
944 1624330.0
945 1623300.0
946 1622220.0
947 1621080.0
948 1619870.0
949 1618880.0
950 1617660.0
951 1616510.0
952 1615380.0
953 1614170.0
954 1612990.0
955 1611830.0
956 1610760.0
957 1609590.0
958 1608480.0
959 1607390.0
960 1606330.0
961 1605120.0
962 1603950.0
963 1602810.0
964 1601750.0
965 1600560.0
966 1599730.0
967 1599100.0
968 1598230.0
969 1597390.0
970 1596460.0
971 1595430.0
972 1594360.0
973 1593230.0
974 1592130.0
975 1591040.0
976 1590110.0
977 1588960.0
978 1587900.0
979 1586840.0
980 1585920.0
981 1585200.0
982 1584450.0
983 1583230.0
984 1582220.0
985 1581400.0
986 1580580.0
987 1579650.0
988 1578940.0
989 1578160.0
990 1577650.0
991 1577350.0
992 1576000.0
993 1574720.0
994 1573560.0
995 1572490.0
996 1571380.0
997 1570250.0
998 1569130.0
999 1568040.0
1000 1566920.0
1001 1566080.0
1002 1565090.0
1003 1564310.0
1004 1563900.0
1005 1563410.0
1006 1562370.0
1007 1561130.0
1008 1559970.0
1009 1558870.0
1010 1558270.0
1011 1557670.0
1012 1556620.0
1013 1556300.0
1016 1555380.0
1017 1554500.0
1018 1554110.0
1019 1552930.0
1020 1552730.0
1022 1551930.0
1023 1551230.0
1024 1550770.0
1026 1550510.0
1028 1550370.0
1029 1549760.0
1030 1549640.0
1031 1549160.0
1032 1548320.0
1033 1547920.0
1035 1547320.0
1036 1546510.0
1037 1546170.0
1038 1545990.0
1040 1545980.0
1041 1545480.0
1042 1544700.0
1044 1544560.0
1045 1543490.0
1046 1542620.0
1047 1542170.0
1048 1541630.0
1049 1540720.0
1050 1540200.0
1053 1539260.0
1054 1538660.0
1056 1538560.0
1057 1538210.0
1058 1537560.0
1060 1537220.0
1061 1536570.0
1062 1535960.0
1064 1535940.0
1065 1534920.0
1066 1534660.0
1068 1534050.0
1069 1533390.0
1072 1532430.0
1073 1531910.0
1074 1531590.0
1075 1530950.0
1076 1530860.0
1080 1529640.0
1081 1528930.0
1084 1528840.0
1085 1528420.0
1086 1527300.0
1087 1526840.0
1088 1526700.0
1089 1526520.0
1090 1525720.0
1091 1525090.0
1092 1524200.0
1095 1522990.0
1096 1521930.0
1097 1521330.0
1098 1520570.0
1099 1519570.0
1100 1519050.0
1101 1517950.0
1102 1517140.0
1103 1517070.0
1105 1515910.0
1106 1514870.0
1107 1514250.0
1108 1513740.0
1110 1513510.0
1112 1513350.0
1113 1512880.0
1114 1511890.0
1115 1511560.0
1117 1511150.0
1118 1510440.0
1119 1509730.0
1120 1509190.0
1122 1508980.0
1124 1508040.0
1125 1507130.0
1126 1506470.0
1127 1505950.0
1128 1505090.0
1129 1504860.0
1130 1504040.0
1132 1503530.0
1133 1502460.0
1134 1501830.0
1135 1501480.0
1137 1501250.0
1138 1500600.0
1139 1499930.0
1140 1499290.0
1141 1498420.0
1142 1497520.0
1143 1497220.0
1144 1496380.0
1145 1495760.0
1146 1495320.0
1147 1494780.0
1148 1494770.0
1150 1493340.0
1151 1492620.0
1152 1491910.0
1154 1491800.0
1155 1491520.0
1157 1490660.0
1158 1489650.0
1159 1488950.0
1160 1488330.0
1161 1487550.0
1162 1486320.0
1163 1485610.0
1164 1484890.0
1165 1484220.0
1166 1483330.0
1167 1483010.0
1168 1482870.0
1171 1482690.0
1172 1481430.0
1173 1480890.0
1175 1480680.0
1176 1480100.0
1177 1479310.0
1178 1478890.0
1180 1478700.0
1181 1477850.0
1182 1477440.0
1183 1477290.0
1184 1476930.0
1185 1476520.0
1186 1476480.0
1188 1475280.0
1189 1475040.0
1190 1474690.0
1191 1474320.0
1192 1473250.0
1193 1473000.0
1195 1472500.0
1196 1471580.0
1198 1471380.0
1199 1470630.0
1201 1470580.0
1202 1469660.0
1203 1469150.0
1206 1468650.0
1207 1468150.0
1208 1466920.0
1209 1465990.0
1210 1465330.0
1211 1464790.0
1213 1464650.0
1214 1464070.0
1217 1462950.0
1218 1462100.0
1219 1462050.0
1222 1461990.0
1223 1460730.0
1224 1460320.0
1225 1459860.0
1226 1459350.0
1228 1458800.0
1229 1458590.0
1231 1458310.0
1233 1457200.0
1234 1457120.0
1236 1456490.0
1237 1455300.0
1238 1455100.0
1242 1454040.0
1243 1453230.0
1244 1452740.0
1247 1451690.0
1248 1451220.0
1249 1450940.0
1250 1450910.0
1251 1450790.0
1253 1450200.0
1255 1450150.0
1256 1448830.0
1257 1448060.0
1258 1447370.0
1259 1447350.0
1260 1447190.0
1261 1446050.0
1262 1445760.0
1263 1444630.0
1264 1444290.0
1265 1443700.0
1266 1443550.0
1267 1442890.0
1268 1442190.0
1269 1441810.0
1270 1441760.0
1271 1440950.0
1272 1440370.0
1273 1440330.0
1274 1440290.0
1276 1440250.0
1277 1438990.0
1278 1437940.0
1279 1436990.0
1280 1436200.0
1281 1435890.0
1282 1435700.0
1283 1435390.0
1284 1435250.0
1285 1435230.0
1286 1433650.0
1287 1432590.0
1288 1432210.0
1290 1432060.0
1292 1431720.0
1293 1431470.0
1294 1431290.0
1295 1430330.0
1296 1429750.0
1297 1428780.0
1298 1428580.0
1299 1427670.0
1300 1426990.0
1301 1426750.0
1302 1426650.0
1304 1425570.0
1306 1425300.0
1307 1424380.0
1308 1424060.0
1309 1423950.0
1312 1423780.0
1313 1423180.0
1314 1421940.0
1315 1421610.0
1317 1420800.0
1318 1419780.0
1319 1419020.0
1322 1418600.0
1323 1417680.0
1324 1417140.0
1325 1416120.0
1326 1415130.0
1327 1414180.0
1328 1413280.0
1329 1412290.0
1330 1411290.0
1331 1410330.0
1332 1409370.0
1333 1408430.0
1334 1407410.0
1335 1406400.0
1336 1405400.0
1337 1404580.0
1338 1403600.0
1339 1403210.0
1340 1401830.0
1341 1401770.0
1343 1400890.0
1344 1400370.0
1347 1400010.0
1350 1398940.0
1351 1398590.0
1352 1398500.0
1354 1398140.0
1355 1397380.0
1358 1397130.0
1360 1395860.0
1361 1395080.0
1362 1394980.0
1363 1394570.0
1364 1394180.0
1365 1394170.0
1368 1393480.0
1369 1392400.0
1370 1391850.0
1371 1390830.0
1372 1390310.0
1373 1389780.0
1374 1389080.0
1375 1388190.0
1376 1387770.0
1377 1387220.0
1378 1386480.0
1379 1385420.0
1380 1384660.0
1381 1383780.0
1382 1383310.0
1383 1382030.0
1384 1381350.0
1385 1381130.0
1387 1380410.0
1388 1379830.0
1390 1379380.0
1392 1379310.0
1393 1378480.0
1394 1377550.0
1395 1376960.0
1396 1376750.0
1397 1376410.0
1398 1375170.0
1399 1374650.0
1400 1373700.0
1401 1373250.0
1402 1372730.0
1403 1372180.0
1407 1372140.0
1408 1371010.0
1409 1370580.0
1412 1370010.0
1413 1369010.0
1416 1368530.0
1417 1367600.0
1418 1366650.0
1419 1366250.0
1420 1366180.0
1421 1366120.0
1422 1364820.0
1423 1363790.0
1424 1363070.0
1425 1362860.0
1427 1362130.0
1428 1361490.0
1429 1360800.0
1430 1360260.0
1431 1359470.0
1432 1358910.0
1435 1358850.0
1436 1358630.0
1437 1357330.0
1438 1356790.0
1439 1356600.0
1440 1356070.0
1441 1356050.0
1443 1355650.0
1444 1355580.0
1447 1354390.0
1448 1353540.0
1449 1353460.0
1450 1353200.0
1453 1353170.0
1455 1352770.0
1456 1352430.0
1457 1351380.0
1458 1350660.0
1461 1350240.0
1462 1349700.0
1463 1349110.0
1464 1349070.0
1465 1349040.0
1468 1348480.0
1469 1348290.0
1472 1346970.0
1473 1346330.0
1475 1346280.0
1476 1345950.0
1477 1345760.0
1480 1344840.0
1481 1344070.0
1482 1343670.0
1483 1343290.0
1484 1342580.0
1486 1342280.0
1487 1341770.0
1488 1341160.0
1489 1340380.0
1490 1339630.0
1493 1338920.0
1494 1338450.0
1495 1337690.0
1496 1336810.0
1497 1336220.0
1498 1336060.0
1499 1335970.0
1500 1335490.0
1501 1334450.0
1502 1334210.0
1504 1334020.0
1505 1333080.0
1506 1332760.0
1507 1331710.0
1508 1331310.0
1509 1330410.0
1510 1330310.0
1511 1330260.0
1512 1329370.0
1514 1328940.0
1515 1328910.0
1516 1328660.0
1517 1327830.0
1518 1327490.0
1520 1326930.0
1521 1326260.0
1522 1325470.0
1523 1324620.0
1524 1324090.0
1525 1323950.0
1526 1323860.0
1527 1323320.0
1528 1322300.0
1529 1321250.0
1530 1320310.0
1531 1319300.0
1532 1318240.0
1533 1317190.0
1534 1316360.0
1535 1315400.0
1536 1314360.0
1537 1313360.0
1538 1312310.0
1539 1311270.0
1540 1310400.0
1541 1309360.0
1542 1308390.0
1543 1307500.0
1544 1306540.0
1545 1305500.0
1546 1304470.0
1547 1303460.0
1548 1302660.0
1549 1301780.0
1550 1300870.0
1551 1300160.0
1552 1299430.0
1553 1298900.0
1554 1298060.0
1555 1297000.0
1556 1295980.0
1557 1294990.0
1558 1294630.0
1559 1293880.0
1560 1293740.0
1561 1293430.0
1562 1293040.0
1563 1292320.0
1564 1292120.0
1565 1291920.0
1566 1291400.0
1567 1290860.0
1570 1289910.0
1571 1289730.0
1573 1289030.0
1576 1288040.0
1577 1287790.0
1578 1287740.0
1580 1286520.0
1581 1285660.0
1584 1285350.0
1589 1284430.0
1590 1284290.0
1591 1283750.0
1592 1283300.0
1593 1282940.0
1594 1282630.0
1596 1281960.0
1597 1281140.0
1598 1280560.0
1603 1279610.0
1604 1278930.0
1605 1278440.0
1606 1277330.0
1607 1276950.0
1608 1276310.0
1609 1275820.0
1611 1275780.0
1612 1275320.0
1615 1274280.0
1616 1273610.0
1617 1273470.0
1618 1273250.0
1621 1272340.0
1623 1272190.0
1624 1271550.0
1625 1271460.0
1626 1271170.0
1627 1270530.0
1628 1270200.0
1629 1269990.0
1630 1269790.0
1632 1269200.0
1633 1268390.0
1635 1268300.0
1636 1267350.0
1639 1266680.0
1640 1265870.0
1641 1265820.0
1642 1265690.0
1643 1264900.0
1644 1264240.0
1645 1263230.0
1646 1262310.0
1647 1261590.0
1648 1260810.0
1649 1260050.0
1650 1259540.0
1651 1259000.0
1652 1258970.0
1653 1258400.0
1654 1257560.0
1657 1256680.0
1660 1256670.0
1661 1256380.0
1662 1255410.0
1663 1254740.0
1664 1254450.0
1665 1254230.0
1666 1253230.0
1667 1252300.0
1668 1251520.0
1669 1250930.0
1670 1250400.0
1671 1250240.0
1672 1250230.0
1673 1249500.0
1674 1249230.0
1676 1248800.0
1677 1247720.0
1679 1247610.0
1682 1247490.0
1683 1247040.0
1684 1246940.0
1686 1246460.0
1687 1246020.0
1688 1245700.0
1689 1245260.0
1690 1244840.0
1691 1244450.0
1692 1244330.0
1693 1244000.0
1694 1243710.0
1695 1243670.0
1697 1243310.0
1698 1242830.0
1699 1242260.0
1700 1241720.0
1701 1241560.0
1704 1241210.0
1705 1241020.0
1706 1240850.0
1707 1240830.0
1708 1240810.0
1709 1240320.0
1710 1239970.0
1711 1239530.0
1712 1239110.0
1713 1238730.0
1714 1238250.0
1715 1237810.0
1716 1237330.0
1717 1236910.0
1718 1236460.0
1719 1236030.0
1720 1235790.0
1721 1235590.0
1722 1235100.0
1723 1234610.0
1724 1234100.0
1725 1233650.0
1726 1233220.0
1727 1232930.0
1728 1232580.0
1729 1232410.0
1732 1231910.0
1733 1231410.0
1734 1230970.0
1735 1230560.0
1736 1230310.0
1737 1230060.0
1738 1229710.0
1740 1229620.0
1741 1229170.0
1742 1228690.0
1743 1228230.0
1744 1227780.0
1745 1227420.0
1746 1227210.0
1747 1227140.0
1749 1226620.0
1750 1226490.0
1751 1226420.0
1752 1225870.0
1753 1225420.0
1754 1225120.0
1756 1224990.0
1757 1224670.0
1758 1224260.0
1759 1224010.0
1760 1223590.0
1761 1223230.0
1762 1222820.0
1763 1222530.0
1764 1222360.0
1765 1221860.0
1766 1221490.0
1767 1221170.0
1769 1221100.0
1770 1220720.0
1771 1220540.0
1774 1220030.0
1775 1219750.0
1776 1219620.0
1777 1219210.0
1778 1218850.0
1779 1218520.0
1780 1218320.0
1781 1218070.0
1782 1217760.0
1783 1217290.0
1784 1216850.0
1785 1216540.0
1786 1216180.0
1787 1215750.0
1788 1215320.0
1789 1215060.0
1790 1215000.0
1791 1214910.0
1792 1214320.0
1793 1213890.0
1794 1213570.0
1795 1213450.0
1797 1213080.0
1798 1212880.0
1800 1212700.0
1801 1212220.0
1802 1211780.0
1803 1211380.0
1804 1211070.0
1805 1210660.0
1806 1210180.0
1807 1209700.0
1808 1209260.0
1809 1208810.0
1810 1208340.0
1811 1207890.0
1812 1207440.0
1813 1207010.0
1814 1206700.0
1815 1206530.0
1817 1206440.0
1818 1205970.0
1819 1205580.0
1820 1205270.0
1821 1204980.0
1822 1204950.0
1823 1204940.0
1824 1204740.0
1825 1204630.0
1826 1204380.0
1827 1203820.0
1828 1203360.0
1829 1203100.0
1830 1202920.0
1831 1202620.0
1832 1202440.0
1833 1202160.0
1834 1202080.0
1835 1201840.0
1836 1201370.0
1837 1200880.0
1838 1200500.0
1839 1200330.0
1840 1200250.0
1841 1200240.0
1842 1199900.0
1843 1199370.0
1844 1199090.0
1845 1198700.0
1846 1198220.0
1847 1197810.0
1848 1197560.0
1851 1197230.0
1852 1196790.0
1853 1196560.0
1854 1196490.0
1856 1196180.0
1857 1196040.0
1858 1195960.0
1859 1195410.0
1860 1195030.0
1861 1194600.0
1862 1194220.0
1863 1194160.0
1864 1194120.0
1865 1194020.0
1867 1193520.0
1868 1193170.0
1869 1192710.0
1870 1192220.0
1871 1191790.0
1872 1191390.0
1873 1190970.0
1874 1190580.0
1875 1190300.0
1876 1190270.0
1877 1190140.0
1878 1189750.0
1879 1189230.0
1880 1188800.0
1881 1188420.0
1882 1188070.0
1883 1187800.0
1884 1187740.0
1885 1187590.0
1886 1187270.0
1887 1187030.0
1888 1186530.0
1889 1186090.0
1890 1185670.0
1891 1185290.0
1892 1185040.0
1893 1184580.0
1894 1184350.0
1895 1183950.0
1896 1183700.0
1897 1183220.0
1898 1182730.0
1899 1182250.0
1900 1181790.0
1901 1181310.0
1902 1180830.0
1903 1180350.0
1904 1179940.0
1905 1179590.0
1906 1179210.0
1907 1178920.0
1908 1178530.0
1909 1178130.0
1910 1177660.0
1911 1177300.0
1912 1176820.0
1913 1176330.0
1914 1175850.0
1915 1175580.0
1916 1175190.0
1917 1174920.0
1918 1174660.0
1919 1174370.0
1920 1174040.0
1921 1173600.0
1922 1173090.0
1923 1172600.0
1924 1172130.0
1925 1171710.0
1926 1171310.0
1927 1170980.0
1929 1170960.0
1930 1170650.0
1931 1170630.0
1932 1170470.0
1933 1170000.0
1934 1169660.0
1935 1169420.0
1936 1169240.0
1937 1169110.0
1939 1168880.0
1940 1168410.0
1941 1168330.0
1943 1167850.0
1944 1167800.0
1946 1167290.0
1947 1166940.0
1948 1166690.0
1949 1166320.0
1950 1166100.0
1951 1166040.0
1953 1165570.0
1954 1165090.0
1955 1164650.0
1956 1164150.0
1957 1163660.0
1958 1163180.0
1959 1162690.0
1960 1162200.0
1961 1161710.0
1962 1161220.0
1963 1160740.0
1964 1160250.0
1965 1159760.0
1966 1159270.0
1967 1158780.0
1968 1158300.0
1969 1157820.0
1970 1157330.0
1971 1156840.0
1972 1156360.0
1973 1155980.0
1974 1155630.0
1975 1155190.0
1976 1154790.0
1977 1154270.0
1978 1153820.0
1979 1153380.0
1980 1153010.0
1981 1152520.0
1982 1152050.0
1983 1151580.0
1984 1151110.0
1985 1150650.0
1986 1150180.0
1987 1149700.0
1988 1149210.0
1989 1148730.0
1990 1148320.0
1991 1147820.0
1992 1147340.0
1993 1146860.0
1994 1146390.0
1995 1145900.0
1996 1145420.0
1997 1145130.0
1998 1144850.0
1999 1144640.0
2000 1144490.0
2001 1144060.0
2002 1143640.0
2003 1143160.0
2004 1142670.0
2005 1142160.0
2006 1141690.0
2007 1141240.0
2008 1140760.0
2009 1140300.0
2010 1139820.0
2011 1139350.0
2012 1138910.0
2013 1138490.0
2014 1138020.0
2015 1137530.0
2016 1137050.0
2017 1136600.0
2018 1136120.0
2019 1135640.0
2020 1135150.0
2021 1134680.0
2022 1134210.0
2023 1133740.0
2024 1133360.0
2025 1133060.0
2026 1132900.0
2027 1132810.0
2029 1132400.0
2030 1131930.0
2031 1131450.0
2032 1130980.0
2033 1130510.0
2034 1130040.0
2035 1129580.0
2036 1129150.0
2037 1128750.0
2038 1128440.0
2039 1127950.0
2040 1127550.0
2041 1127270.0
2042 1127080.0
2043 1127000.0
2044 1126860.0
2045 1126410.0
2046 1125950.0
2047 1125480.0
2048 1125050.0
2049 1124650.0
2050 1124230.0
2051 1123760.0
2052 1123300.0
2053 1122840.0
2054 1122380.0
2055 1121950.0
2056 1121540.0
2057 1121090.0
2058 1120660.0
2059 1120210.0
2060 1119750.0
2061 1119300.0
2062 1118850.0
2063 1118500.0
2064 1118370.0
2065 1117880.0
2066 1117430.0
2067 1116960.0
2068 1116480.0
2069 1116020.0
2070 1115560.0
2071 1115110.0
2072 1114690.0
2073 1114250.0
2074 1113790.0
2075 1113360.0
2076 1112890.0
2077 1112440.0
2078 1111990.0
2079 1111600.0
2080 1111210.0
2081 1110880.0
2082 1110380.0
2083 1109930.0
2084 1109490.0
2085 1109050.0
2086 1108610.0
2087 1108160.0
2088 1107700.0
2089 1107230.0
2090 1106750.0
2091 1106280.0
2092 1105860.0
2093 1105390.0
2094 1104940.0
2095 1104480.0
2096 1104020.0
2097 1103550.0
2098 1103100.0
2099 1102640.0
2100 1102230.0
2101 1101760.0
2102 1101380.0
2103 1100940.0
2104 1100470.0
2105 1100020.0
2106 1099540.0
2107 1099070.0
2108 1098600.0
2109 1098160.0
2110 1097690.0
2111 1097230.0
2112 1096770.0
2113 1096300.0
2114 1095840.0
2115 1095370.0
2116 1094900.0
2117 1094440.0
2118 1093970.0
2119 1093500.0
2120 1093030.0
2121 1092620.0
2122 1092240.0
2123 1092060.0
2124 1091850.0
2125 1091400.0
2126 1090930.0
2127 1090450.0
2128 1089990.0
2129 1089540.0
2130 1089100.0
2131 1088630.0
2132 1088170.0
2133 1087750.0
2134 1087300.0
2135 1086860.0
2136 1086440.0
2137 1086040.0
2138 1085620.0
2139 1085230.0
2140 1084990.0
2141 1084550.0
2142 1084090.0
2143 1083660.0
2144 1083260.0
2145 1082880.0
2146 1082520.0
2147 1082420.0
2148 1081940.0
2149 1081510.0
2150 1081120.0
2151 1080780.0
2152 1080540.0
2153 1080340.0
2155 1080180.0
2156 1080110.0
2157 1080080.0
2158 1079570.0
2159 1079110.0
2160 1078750.0
2161 1078660.0
2162 1078560.0
2164 1078420.0
2165 1077960.0
2166 1077470.0
2167 1077130.0
2168 1076710.0
2169 1076460.0
2170 1076210.0
2171 1075850.0
2172 1075630.0
2173 1075450.0
2176 1074960.0
2177 1074580.0
2178 1074490.0
2179 1074350.0
2180 1074100.0
2181 1074070.0
2183 1073780.0
2184 1073410.0
2185 1072940.0
2186 1072550.0
2187 1072120.0
2188 1071830.0
2189 1071540.0
2190 1071520.0
2192 1071490.0
2194 1071050.0
2195 1070570.0
2196 1070170.0
2197 1069780.0
2199 1069750.0
2200 1069510.0
2201 1069280.0
2203 1069270.0
2204 1068850.0
2205 1068620.0
2206 1068330.0
2207 1068000.0
2208 1067860.0
2210 1067600.0
2211 1067240.0
2212 1067070.0
2213 1066670.0
2214 1066590.0
2216 1066560.0
2218 1066030.0
2219 1065720.0
2220 1065330.0
2221 1064990.0
2222 1064590.0
2223 1064280.0
2224 1063960.0
2225 1063690.0
2228 1063280.0
2229 1062990.0
2230 1062550.0
2231 1062110.0
2232 1061700.0
2233 1061300.0
2234 1060910.0
2235 1060530.0
2236 1060160.0
2237 1059820.0
2238 1059510.0
2239 1059150.0
2240 1058740.0
2241 1058380.0
2242 1057990.0
2243 1057600.0
2244 1057420.0
2245 1057320.0
2248 1057120.0
2249 1056720.0
2250 1056270.0
2251 1055920.0
2252 1055540.0
2253 1055300.0
2258 1054950.0
2259 1054500.0
2260 1054180.0
2261 1053820.0
2262 1053660.0
2263 1053280.0
2266 1052960.0
2267 1052570.0
2268 1052130.0
2269 1051820.0
2270 1051470.0
2271 1051040.0
2272 1050650.0
2273 1050260.0
2274 1049860.0
2275 1049560.0
2276 1049270.0
2277 1048970.0
2278 1048750.0
2279 1048680.0
2281 1048340.0
2282 1047960.0
2283 1047580.0
2284 1047170.0
2285 1046820.0
2286 1046680.0
2287 1046510.0
2290 1046190.0
2291 1045890.0
2292 1045640.0
2293 1045230.0
2294 1044940.0
2295 1044500.0
2296 1044170.0
2297 1044110.0
2299 1043690.0
2300 1043350.0
2301 1043020.0
2302 1042540.0
2303 1042120.0
2304 1041710.0
2305 1041380.0
2306 1041190.0
2307 1041070.0
2308 1040940.0
2309 1040830.0
2310 1040750.0
2311 1040500.0
2312 1040010.0
2313 1039560.0
2314 1039150.0
2315 1038770.0
2316 1038690.0
2319 1038420.0
2320 1038190.0
2322 1037760.0
2323 1037440.0
2324 1037190.0
2325 1037040.0
2326 1036790.0
2328 1036750.0
2329 1036320.0
2330 1035970.0
2331 1035720.0
2332 1035370.0
2335 1034940.0
2336 1034730.0
2337 1034580.0
2338 1034170.0
2339 1033810.0
2340 1033500.0
2341 1033180.0
2342 1032910.0
2343 1032630.0
2344 1032360.0
2345 1032030.0
2346 1031610.0
2347 1031300.0
2348 1031040.0
2349 1030780.0
2350 1030730.0
2352 1030280.0
2353 1029860.0
2354 1029560.0
2355 1029170.0
2358 1029040.0
2359 1028900.0
2361 1028550.0
2362 1028160.0
2363 1028040.0
2364 1027690.0
2365 1027400.0
2366 1027370.0
2368 1026920.0
2369 1026780.0
2370 1026370.0
2371 1025970.0
2372 1025680.0
2373 1025530.0
2374 1025460.0
2375 1025120.0
2376 1024670.0
2377 1024460.0
2378 1024430.0
2380 1023940.0
2381 1023470.0
2382 1023030.0
2383 1022640.0
2384 1022260.0
2385 1021880.0
2386 1021480.0
2387 1021130.0
2388 1020820.0
2389 1020590.0
2392 1020170.0
2393 1019840.0
2394 1019690.0
2395 1019550.0
2398 1019320.0
2399 1018880.0
2400 1018790.0
2402 1018420.0
2403 1018190.0
2404 1018090.0
2407 1018080.0
2408 1017610.0
2409 1017250.0
2410 1017060.0
2411 1016810.0
2414 1016400.0
2415 1016130.0
2416 1015980.0
2417 1015600.0
2418 1015180.0
2419 1014940.0
2420 1014550.0
2421 1014130.0
2422 1013760.0
2423 1013370.0
2424 1012990.0
2425 1012590.0
2426 1012160.0
2427 1011720.0
2428 1011290.0
2429 1010880.0
2430 1010460.0
2431 1010030.0
2432 1009620.0
2433 1009220.0
2434 1008800.0
2435 1008430.0
2436 1008010.0
2437 1007610.0
2438 1007230.0
2439 1006840.0
2440 1006540.0
2441 1006360.0
2442 1005990.0
2443 1005620.0
2444 1005470.0
2445 1005070.0
2446 1004780.0
2447 1004430.0
2448 1003960.0
2449 1003610.0
2450 1003530.0
2451 1003490.0
2452 1003180.0
2453 1002920.0
2454 1002600.0
2455 1002550.0
2457 1002110.0
2458 1001650.0
2459 1001220.0
2460 1000880.0
2461 1000690.0
2462 1000260.0
2463 999844.0
2464 999470.0
2465 999067.0
2466 998776.0
2467 998648.0
2470 998131.0
2471 997677.0
2472 997369.0
2473 997038.0
2474 996759.0
2475 996534.0
2476 996516.0
2478 996228.0
2479 995819.0
2480 995411.0
2481 994991.0
2482 994597.0
2483 994331.0
2484 994210.0
2485 993763.0
2486 993595.0
2487 993520.0
2488 993509.0
2489 993183.0
2490 992747.0
2491 992347.0
2492 992188.0
2494 992119.0
2495 991671.0
2496 991338.0
2497 991078.0
2498 990808.0
2499 990608.0
2500 990295.0
2501 990226.0
2503 990015.0
2504 989484.0
2505 989118.0
2506 988880.0
2507 988738.0
2510 988344.0
2511 987982.0
2512 987688.0
2513 987437.0
2514 987032.0
2515 986748.0
2516 986653.0
2517 986262.0
2518 986059.0
2519 985593.0
2520 985210.0
2521 985032.0
2522 984976.0
2523 984861.0
2524 984442.0
2525 984200.0
2526 984010.0
2528 983919.0
2529 983465.0
2530 983034.0
2531 982622.0
2532 982225.0
2533 981828.0
2534 981468.0
2535 981340.0
2536 980945.0
2537 980829.0
2538 980490.0
2539 980115.0
2540 979851.0
2541 979764.0
2542 979741.0
2543 979414.0
2544 979069.0
2545 978949.0
2548 978493.0
2549 978077.0
2550 977709.0
2551 977312.0
2552 976921.0
2553 976602.0
2554 976157.0
2555 975817.0
2556 975664.0
2557 975506.0
2558 975186.0
2559 974893.0
2560 974703.0
2561 974585.0
2563 974424.0
2564 973965.0
2565 973696.0
2566 973680.0
2568 973273.0
2569 972897.0
2570 972571.0
2571 972472.0
2572 972125.0
2573 971692.0
2574 971273.0
2575 970907.0
2576 970568.0
2577 970225.0
2578 970017.0
2579 969589.0
2580 969309.0
2581 968850.0
2582 968408.0
2583 968043.0
2584 967784.0
2585 967674.0
2586 967486.0
2588 967331.0
2589 966957.0
2590 966625.0
2591 966320.0
2592 966165.0
2593 965993.0
2596 965592.0
2597 965204.0
2598 964910.0
2599 964743.0
2600 964711.0
2602 964317.0
2604 964264.0
2605 963822.0
2606 963473.0
2607 963223.0
2608 963215.0
2609 963067.0
2610 962626.0
2611 962291.0
2612 962037.0
2613 961838.0
2614 961481.0
2615 961162.0
2616 961068.0
2617 960594.0
2618 960501.0
2619 960451.0
2620 960020.0
2621 959604.0
2622 959235.0
2623 959011.0
2625 959000.0
2626 958653.0
2627 958359.0
2628 957975.0
2629 957780.0
2630 957497.0
2631 957198.0
2634 956911.0
2635 956711.0
2636 956463.0
2637 956054.0
2638 955685.0
2639 955387.0
2640 955019.0
2641 954677.0
2642 954338.0
2643 954084.0
2644 953813.0
2647 953631.0
2648 953091.0
2649 952678.0
2650 952393.0
2651 952294.0
2655 952198.0
2657 951771.0
2658 951450.0
2659 951268.0
2660 950789.0
2661 950622.0
2662 950256.0
2663 949887.0
2664 949524.0
2665 949100.0
2666 948699.0
2667 948287.0
2668 947907.0
2669 947659.0
2670 947343.0
2671 947067.0
2672 946665.0
2673 946230.0
2674 945817.0
2675 945432.0
2676 945079.0
2677 944803.0
2678 944496.0
2679 944318.0
2682 943893.0
2683 943545.0
2684 943246.0
2685 942955.0
2686 942762.0
2687 942614.0
2688 942588.0
2689 942438.0
2690 942024.0
2691 941623.0
2692 941232.0
2693 940942.0
2694 940673.0
2695 940605.0
2696 940551.0
2698 940549.0
2699 940099.0
2700 939827.0
2701 939429.0
2702 939185.0
2703 938989.0
2704 938599.0
2705 938300.0
2706 938157.0
2708 938071.0
2709 937695.0
2710 937280.0
2711 937022.0
2712 936904.0
2713 936486.0
2714 936296.0
2715 935980.0
2716 935879.0
2717 935842.0
2718 935431.0
2719 935022.0
2720 934617.0
2721 934279.0
2722 934215.0
2723 934140.0
2724 933835.0
2725 933466.0
2726 933188.0
2727 932854.0
2728 932550.0
2729 932228.0
2730 932068.0
2731 931851.0
2733 931787.0
2734 931352.0
2735 930962.0
2736 930607.0
2737 930326.0
2738 930010.0
2739 929825.0
2740 929623.0
2741 929511.0
2742 929206.0
2743 928739.0
2744 928334.0
2745 928036.0
2746 927859.0
2747 927667.0
2749 927658.0
2751 927538.0
2752 927086.0
2753 926704.0
2754 926456.0
2755 926408.0
2757 926223.0
2758 925959.0
2759 925650.0
2760 925398.0
2761 925011.0
2762 924681.0
2763 924590.0
2764 924283.0
2765 924072.0
2768 923637.0
2769 923386.0
2770 923072.0
2771 922879.0
2772 922596.0
2775 922331.0
2776 922147.0
2777 921777.0
2778 921645.0
2779 921573.0
2782 921076.0
2783 920783.0
2784 920588.0
2785 920356.0
2786 920104.0
2787 919850.0
2789 919713.0
2790 919507.0
2791 919108.0
2792 918865.0
2793 918612.0
2794 918437.0
2795 918423.0
2797 917960.0
2798 917569.0
2800 917505.0
2801 917137.0
2802 917011.0
2804 916882.0
2805 916630.0
2806 916313.0
2807 915965.0
2808 915902.0
2810 915415.0
2811 915098.0
2812 914964.0
2814 914884.0
2815 914587.0
2816 914515.0
2818 914207.0
2819 913831.0
2820 913611.0
2822 913521.0
2823 913228.0
2824 912883.0
2825 912551.0
2826 912361.0
2827 912162.0
2828 911864.0
2830 911775.0
2831 911433.0
2832 911167.0
2833 910888.0
2834 910715.0
2835 910631.0
2836 910532.0
2837 910378.0
2838 910362.0
2840 910043.0
2841 909583.0
2842 909267.0
2843 909081.0
2844 908818.0
2845 908714.0
2847 908297.0
2848 908049.0
2849 907769.0
2850 907408.0
2851 907192.0
2854 906777.0
2855 906479.0
2856 906289.0
2857 906187.0
2859 906079.0
2860 905735.0
2861 905726.0
2862 905622.0
2863 905281.0
2864 905021.0
2865 904981.0
2867 904668.0
2868 904360.0
2869 903906.0
2870 903657.0
2871 903550.0
2872 903542.0
2873 903322.0
2874 902929.0
2875 902636.0
2878 902210.0
2879 901826.0
2880 901535.0
2881 901251.0
2884 900833.0
2885 900444.0
2886 900052.0
2887 899685.0
2888 899364.0
2889 899067.0
2890 898701.0
2891 898354.0
2892 898014.0
2893 897763.0
2894 897353.0
2895 896955.0
2896 896575.0
2897 896172.0
2898 895821.0
2899 895476.0
2900 895240.0
2901 895005.0
2902 894641.0
2903 894371.0
2904 894016.0
2905 893668.0
2906 893275.0
2907 892961.0
2908 892697.0
2909 892295.0
2910 892203.0
2911 892008.0
2912 891618.0
2913 891482.0
2914 891142.0
2915 890767.0
2916 890643.0
2917 890614.0
2918 890472.0
2919 889997.0
2920 889682.0
2921 889353.0
2922 889122.0
2923 888922.0
2924 888655.0
2925 888348.0
2928 887945.0
2929 887665.0
2930 887348.0
2931 887248.0
2932 887163.0
2935 886675.0
2936 886451.0
2937 886104.0
2938 885945.0
2939 885745.0
2940 885618.0
2943 885480.0
2944 885011.0
2945 884765.0
2946 884434.0
2947 884068.0
2948 883687.0
2949 883407.0
2950 883225.0
2953 883093.0
2954 882643.0
2955 882214.0
2956 881844.0
2957 881520.0
2958 881269.0
2959 880916.0
2960 880682.0
2961 880571.0
2964 880330.0
2965 880312.0
2966 879903.0
2967 879524.0
2968 879420.0
2969 879051.0
2970 878902.0
2972 878893.0
2973 878531.0
2974 878137.0
2975 877820.0
2976 877448.0
2977 877107.0
2978 876945.0
2979 876714.0
2980 876705.0
2981 876611.0
2982 876251.0
2983 875872.0
2984 875708.0
2985 875331.0
2986 875033.0
2987 874859.0
2990 874575.0
2991 874248.0
2992 873975.0
2993 873799.0
2994 873771.0
2996 873301.0
2997 873048.0
2998 872963.0
2999 872941.0
3000 872589.0
3001 872258.0
3002 872008.0
3004 871911.0
3005 871512.0
3006 871105.0
3007 870723.0
3008 870330.0
3009 869961.0
3010 869649.0
3011 869401.0
3012 869135.0
3013 869100.0
3014 869080.0
3015 868661.0
3016 868253.0
3017 867857.0
3018 867466.0
3019 867087.0
3020 866685.0
3021 866287.0
3022 865909.0
3023 865518.0
3024 865124.0
3025 864725.0
3026 864329.0
3027 863931.0
3028 863535.0
3029 863141.0
3030 862748.0
3031 862363.0
3032 861974.0
3033 861611.0
3034 861273.0
3035 860918.0
3036 860532.0
3037 860165.0
3038 859786.0
3039 859469.0
3040 859097.0
3041 858736.0
3042 858385.0
3043 858014.0
3044 857630.0
3045 857534.0
3046 857082.0
3047 856833.0
3048 856511.0
3049 856287.0
3050 855937.0
3051 855769.0
3056 855365.0
3057 854973.0
3058 854771.0
3059 854392.0
3060 854043.0
3061 854032.0
3063 853822.0
3064 853679.0
3066 853238.0
3067 853090.0
3068 852747.0
3069 852486.0
3070 852463.0
3071 852278.0
3072 852019.0
3073 851894.0
3074 851710.0
3075 851299.0
3076 851114.0
3077 850784.0
3078 850604.0
3079 850152.0
3080 849927.0
3081 849721.0
3084 849408.0
3085 849099.0
3086 848914.0
3088 848844.0
3089 848422.0
3090 848052.0
3091 847982.0
3092 847853.0
3093 847698.0
3094 847626.0
3095 847377.0
3096 847250.0
3097 847239.0
3098 847038.0
3099 846600.0
3100 846229.0
3101 845949.0
3102 845843.0
3104 845809.0
3105 845482.0
3106 845463.0
3107 845394.0
3108 845070.0
3109 844903.0
3110 844854.0
3111 844695.0
3112 844271.0
3113 844249.0
3115 843814.0
3116 843504.0
3117 843260.0
3118 843153.0
3120 842909.0
3121 842777.0
3123 842606.0
3124 842198.0
3125 841900.0
3126 841721.0
3127 841602.0
3128 841500.0
3129 841266.0
3132 840879.0
3133 840561.0
3134 840443.0
3137 840186.0
3138 839834.0
3141 839553.0
3142 839398.0
3143 839064.0
3145 839034.0
3146 838708.0
3147 838390.0
3148 838215.0
3150 838125.0
3151 838055.0
3152 837709.0
3153 837671.0
3154 837619.0
3155 837249.0
3156 836886.0
3157 836617.0
3158 836308.0
3159 836285.0
3160 836237.0
3161 835896.0
3162 835768.0
3163 835574.0
3164 835179.0
3165 834803.0
3166 834618.0
3167 834329.0
3168 834056.0
3169 833833.0
3170 833597.0
3173 833219.0
3174 832812.0
3175 832415.0
3176 832081.0
3177 832016.0
3179 831693.0
3180 831499.0
3181 831252.0
3182 830850.0
3183 830513.0
3184 830102.0
3185 829713.0
3186 829353.0
3187 829014.0
3188 828980.0
3190 828750.0
3191 828678.0
3192 828674.0
3193 828233.0
3194 827796.0
3195 827377.0
3196 827017.0
3197 826653.0
3198 826320.0
3199 826028.0
3200 825707.0
3201 825373.0
3202 825063.0
3203 825044.0
3205 824609.0
3206 824190.0
3207 823797.0
3208 823409.0
3209 823015.0
3210 822630.0
3211 822240.0
3212 821853.0
3213 821474.0
3214 821087.0
3215 820711.0
3216 820329.0
3217 819950.0
3218 819589.0
3219 819214.0
3220 818872.0
3221 818509.0
3222 818162.0
3223 817906.0
3224 817473.0
3225 817231.0
3226 817081.0
3227 816780.0
3228 816580.0
3229 816305.0
3230 815934.0
3231 815586.0
3232 815248.0
3233 814952.0
3234 814649.0
3235 814285.0
3236 813985.0
3237 813657.0
3238 813276.0
3239 813024.0
3240 812725.0
3241 812442.0
3242 812285.0
3243 812196.0
3244 812135.0
3247 811731.0
3248 811351.0
3249 811137.0
3250 811000.0
3251 810938.0
3252 810736.0
3253 810674.0
3255 810312.0
3256 809910.0
3257 809557.0
3258 809413.0
3259 809284.0
3262 809144.0
3263 808817.0
3264 808557.0
3265 808226.0
3266 807982.0
3267 807639.0
3268 807459.0
3271 807161.0
3272 806778.0
3273 806503.0
3274 806273.0
3276 806191.0
3277 805900.0
3278 805710.0
3279 805544.0
3281 805234.0
3282 804978.0
3283 804886.0
3284 804860.0
3285 804670.0
3286 804249.0
3287 803855.0
3288 803630.0
3289 803591.0
3290 803565.0
3291 803443.0
3292 803295.0
3293 803022.0
3294 802661.0
3295 802541.0
3296 802162.0
3297 802002.0
3298 801647.0
3299 801332.0
3300 801238.0
3302 801002.0
3303 800707.0
3304 800443.0
3307 800093.0
3308 799808.0
3309 799674.0
3311 799646.0
3312 799434.0
3313 799342.0
3314 799051.0
3316 798953.0
3317 798558.0
3318 798383.0
3319 798203.0
3320 797947.0
3323 797598.0
3324 797270.0
3325 797083.0
3326 796973.0
3327 796722.0
3328 796398.0
3329 796074.0
3330 795732.0
3331 795416.0
3332 795058.0
3333 794723.0
3334 794356.0
3335 793981.0
3336 793648.0
3337 793349.0
3338 793141.0
3339 792758.0
3340 792425.0
3341 792054.0
3342 791802.0
3343 791550.0
3344 791378.0
3345 791239.0
3346 791020.0
3348 790859.0
3349 790570.0
3350 790239.0
3351 790044.0
3352 789923.0
3355 789596.0
3356 789321.0
3357 789103.0
3358 789031.0
3359 788976.0
3360 788831.0
3361 788488.0
3363 788458.0
3364 788091.0
3365 787760.0
3366 787539.0
3367 787237.0
3368 786905.0
3369 786646.0
3372 786382.0
3373 786055.0
3374 785745.0
3375 785701.0
3376 785671.0
3377 785474.0
3378 785325.0
3379 784934.0
3380 784908.0
3382 784573.0
3383 784191.0
3384 783841.0
3385 783562.0
3386 783295.0
3387 783063.0
3388 782870.0
3389 782741.0
3394 782366.0
3395 782017.0
3398 781752.0
3399 781632.0
3400 781616.0
3401 781306.0
3402 781149.0
3404 780820.0
3405 780601.0
3406 780194.0
3407 779843.0
3408 779518.0
3409 779162.0
3410 778836.0
3411 778476.0
3412 778192.0
3413 777794.0
3414 777420.0
3415 777110.0
3416 776779.0
3417 776391.0
3418 775992.0
3419 775597.0
3420 775206.0
3421 774850.0
3422 774459.0
3423 774071.0
3424 773683.0
3425 773295.0
3426 772910.0
3427 772524.0
3428 772139.0
3429 771755.0
3430 771403.0
3431 771013.0
3432 770624.0
3433 770244.0
3434 769858.0
3435 769571.0
3436 769171.0
3437 768783.0
3438 768400.0
3439 768018.0
3440 767642.0
3441 767280.0
3442 766985.0
3443 766630.0
3444 766286.0
3445 765916.0
3446 765552.0
3447 765183.0
3448 764830.0
3449 764473.0
3450 764105.0
3451 763730.0
3452 763356.0
3453 762979.0
3454 762619.0
3455 762261.0
3456 761883.0
3457 761532.0
3458 761156.0
3459 760797.0
3460 760431.0
3461 760094.0
3462 759744.0
3463 759493.0
3464 759332.0
3465 758917.0
3466 758588.0
3467 758335.0
3468 758195.0
3469 757958.0
3471 757878.0
3472 757852.0
3474 757469.0
3475 757289.0
3478 756912.0
3479 756771.0
3480 756565.0
3481 756337.0
3482 755965.0
3483 755616.0
3484 755377.0
3485 755135.0
3486 754903.0
3487 754550.0
3489 754539.0
3490 754321.0
3491 754068.0
3492 753731.0
3495 753525.0
3496 753189.0
3497 752930.0
3498 752747.0
3499 752586.0
3500 752390.0
3501 752129.0
3502 751866.0
3503 751633.0
3504 751462.0
3505 751035.0
3506 750673.0
3507 750348.0
3508 750030.0
3509 749769.0
3510 749588.0
3511 749424.0
3512 749001.0
3513 748648.0
3514 748346.0
3515 748245.0
3516 748214.0
3517 748121.0
3518 747957.0
3519 747516.0
3520 747221.0
3521 746894.0
3522 746600.0
3523 746435.0
3524 746291.0
3525 746262.0
3528 745894.0
3529 745534.0
3530 745182.0
3531 744837.0
3532 744497.0
3533 744183.0
3534 743880.0
3535 743623.0
3536 743367.0
3537 742937.0
3538 742611.0
3539 742329.0
3540 742096.0
3541 741764.0
3542 741411.0
3543 741097.0
3544 740759.0
3545 740460.0
3546 740184.0
3547 739805.0
3548 739622.0
3549 739570.0
3551 739222.0
3552 738901.0
3553 738639.0
3554 738380.0
3555 738048.0
3556 737730.0
3557 737682.0
3558 737680.0
3560 737664.0
3561 737224.0
3562 736882.0
3563 736586.0
3564 736308.0
3566 736295.0
3567 736030.0
3569 736012.0
3570 735775.0
3571 735621.0
3572 735575.0
3574 735187.0
3575 734834.0
3576 734710.0
3577 734530.0
3580 734442.0
3581 734054.0
3582 733741.0
3583 733565.0
3584 733254.0
3585 732989.0
3586 732744.0
3587 732600.0
3591 732471.0
3592 732081.0
3593 731803.0
3594 731748.0
3595 731732.0
3596 731724.0
3598 731413.0
3599 731343.0
3600 731232.0
3601 730822.0
3602 730448.0
3603 730164.0
3604 729940.0
3605 729745.0
3606 729444.0
3607 729228.0
3608 729057.0
3612 729016.0
3613 728597.0
3614 728395.0
3615 728286.0
3616 728226.0
3619 728147.0
3620 727765.0
3621 727555.0
3622 727266.0
3623 727228.0
3625 726923.0
3626 726608.0
3627 726333.0
3628 726268.0
3630 725875.0
3631 725545.0
3632 725246.0
3633 725016.0
3634 724950.0
3635 724848.0
3636 724549.0
3637 724313.0
3638 724101.0
3639 723729.0
3640 723424.0
3641 723155.0
3642 722983.0
3643 722700.0
3645 722660.0
3646 722347.0
3647 722253.0
3648 721909.0
3649 721706.0
3650 721529.0
3653 721155.0
3654 720995.0
3655 720684.0
3656 720358.0
3657 720057.0
3658 719920.0
3659 719825.0
3660 719542.0
3661 719270.0
3662 718893.0
3663 718686.0
3664 718354.0
3665 718080.0
3666 717827.0
3667 717723.0
3670 717401.0
3671 717065.0
3672 716959.0
3673 716829.0
3676 716502.0
3677 716315.0
3680 716009.0
3681 715821.0
3684 715601.0
3685 715337.0
3686 714986.0
3687 714771.0
3688 714531.0
3689 714286.0
3690 714070.0
3691 713778.0
3692 713662.0
3693 713436.0
3694 713343.0
3695 712905.0
3696 712692.0
3697 712524.0
3700 712266.0
3701 712077.0
3702 712051.0
3704 712023.0
3705 711734.0
3706 711714.0
3707 711629.0
3708 711248.0
3709 710939.0
3710 710714.0
3711 710526.0
3712 710441.0
3714 710285.0
3715 710014.0
3716 709782.0
3717 709506.0
3718 709370.0
3719 709258.0
3720 709246.0
3723 709063.0
3724 708637.0
3725 708376.0
3726 708192.0
3729 707967.0
3730 707765.0
3731 707461.0
3733 707448.0
3734 707134.0
3735 706812.0
3736 706658.0
3737 706321.0
3738 706101.0
3739 706088.0
3741 705679.0
3742 705489.0
3743 705354.0
3744 705143.0
3746 705046.0
3747 704780.0
3748 704576.0
3749 704284.0
3750 704273.0
3751 704240.0
3753 704178.0
3754 703799.0
3755 703683.0
3756 703417.0
3757 703269.0
3758 703171.0
3759 702786.0
3760 702653.0
3762 702642.0
3763 702569.0
3764 702256.0
3765 702027.0
3768 701688.0
3769 701464.0
3770 701268.0
3771 700980.0
3772 700818.0
3773 700715.0
3775 700411.0
3776 700069.0
3777 699714.0
3778 699359.0
3779 699017.0
3780 698697.0
3781 698384.0
3782 698074.0
3783 697755.0
3784 697458.0
3785 697128.0
3786 696814.0
3787 696496.0
3788 696233.0
3790 696140.0
3791 695805.0
3792 695488.0
3793 695187.0
3794 694923.0
3795 694710.0
3796 694456.0
3797 694094.0
3798 693752.0
3799 693417.0
3800 693096.0
3801 692824.0
3803 692813.0
3804 692491.0
3805 692220.0
3806 692182.0
3808 691962.0
3809 691762.0
3810 691441.0
3811 691188.0
3812 691040.0
3813 690691.0
3814 690324.0
3815 689966.0
3816 689612.0
3817 689276.0
3818 688948.0
3819 688733.0
3820 688444.0
3821 688123.0
3822 687770.0
3823 687420.0
3824 687106.0
3825 686770.0
3826 686419.0
3827 686060.0
3828 685704.0
3829 685406.0
3830 685173.0
3831 685068.0
3832 684706.0
3833 684333.0
3834 683964.0
3835 683600.0
3836 683247.0
3837 682887.0
3838 682530.0
3839 682184.0
3840 681829.0
3841 681471.0
3842 681114.0
3843 680764.0
3844 680408.0
3845 680059.0
3846 679703.0
3847 679346.0
3848 678989.0
3849 678636.0
3850 678280.0
3851 677926.0
3852 677576.0
3853 677221.0
3854 676866.0
3855 676533.0
3856 676239.0
3857 675892.0
3858 675543.0
3859 675185.0
3860 674836.0
3861 674480.0
3862 674129.0
3863 673782.0
3864 673435.0
3865 673131.0
3866 672863.0
3867 672511.0
3868 672152.0
3869 671798.0
3870 671437.0
3871 671077.0
3872 670718.0
3873 670359.0
3874 670000.0
3875 669642.0
3876 669285.0
3877 668927.0
3878 668578.0
3879 668227.0
3880 667889.0
3881 667547.0
3882 667189.0
3883 666839.0
3884 666482.0
3885 666126.0
3886 665773.0
3887 665419.0
3888 665067.0
3889 664714.0
3890 664365.0
3891 664019.0
3892 663673.0
3893 663317.0
3894 662969.0
3895 662616.0
3896 662263.0
3897 661918.0
3898 661585.0
3899 661231.0
3900 660878.0
3901 660530.0
3902 660175.0
3903 659833.0
3904 659484.0
3905 659157.0
3906 658827.0
3907 658479.0
3908 658130.0
3909 657779.0
3910 657432.0
3911 657079.0
3912 656728.0
3913 656389.0
3914 656075.0
3915 655819.0
3916 655521.0
3917 655192.0
3918 654846.0
3919 654485.0
3920 654132.0
3921 653786.0
3922 653456.0
3923 653102.0
3924 652749.0
3925 652401.0
3926 652060.0
3927 651712.0
3928 651364.0
3929 651012.0
3930 650662.0
3931 650336.0
3932 650019.0
3933 649681.0
3934 649332.0
3935 648978.0
3936 648625.0
3937 648272.0
3938 647919.0
3939 647569.0
3940 647219.0
3941 646873.0
3942 646536.0
3943 646185.0
3944 645835.0
3945 645487.0
3946 645140.0
3947 644792.0
3948 644441.0
3949 644106.0
3950 643758.0
3951 643409.0
3952 643067.0
3953 642720.0
3954 642376.0
3955 642026.0
3956 641680.0
3957 641339.0
3958 640995.0
3959 640667.0
3960 640329.0
3961 639983.0
3962 639675.0
3963 639345.0
3964 639002.0
3965 638720.0
3966 638371.0
3967 638040.0
3968 637750.0
3969 637405.0
3970 637051.0
3971 636699.0
3972 636366.0
3973 636022.0
3974 635787.0
3975 635453.0
3976 635097.0
3977 634759.0
3978 634456.0
3979 634110.0
3980 633762.0
3981 633420.0
3982 633078.0
3983 632736.0
3984 632407.0
3985 632075.0
3986 631754.0
3987 631418.0
3988 631072.0
3989 630723.0
3990 630376.0
3991 630044.0
3992 629726.0
3993 629454.0
3994 629219.0
3995 628948.0
3996 628604.0
3997 628308.0
3998 627977.0
3999 627731.0
4000 627376.0
4001 627069.0
4002 626808.0
4003 626648.0
4004 626580.0
4006 626266.0
4007 625982.0
4009 625889.0
4010 625589.0
4011 625487.0
4014 625356.0
4016 625166.0
4018 625081.0
4019 624761.0
4020 624592.0
4021 624475.0
4022 624360.0
4024 624277.0
4026 623976.0
4027 623746.0
4028 623464.0
4029 623460.0
4031 623442.0
4032 623429.0
4033 623042.0
4034 622775.0
4035 622589.0
4036 622256.0
4037 621958.0
4038 621718.0
4039 621452.0
4040 621323.0
4041 621245.0
4043 621171.0
4044 621102.0
4045 620704.0
4046 620370.0
4047 620147.0
4048 619947.0
4049 619702.0
4050 619690.0
4051 619627.0
4054 619317.0
4055 619008.0
4056 618812.0
4057 618676.0
4058 618427.0
4059 618125.0
4060 617863.0
4061 617666.0
4062 617596.0
4064 617261.0
4065 616939.0
4066 616659.0
4067 616590.0
4068 616541.0
4070 616168.0
4071 615818.0
4072 615601.0
4073 615402.0
4074 615222.0
4078 615113.0
4079 614837.0
4080 614595.0
4083 614338.0
4084 614252.0
4085 614086.0
4087 613841.0
4088 613637.0
4089 613503.0
4090 613236.0
4092 613162.0
4093 612874.0
4094 612679.0
4095 612614.0
4096 612567.0
4097 612501.0
4100 612122.0
4101 611940.0
4102 611741.0
4103 611598.0
4105 611589.0
4106 611363.0
4107 611132.0
4108 610780.0
4109 610429.0
4110 610089.0
4111 609758.0
4112 609459.0
4113 609150.0
4114 608864.0
4115 608594.0
4116 608380.0
4117 608282.0
4118 608213.0
4119 608126.0
4120 607743.0
4121 607410.0
4122 607156.0
4123 606905.0
4124 606588.0
4125 606250.0
4126 605916.0
4127 605586.0
4128 605268.0
4129 604940.0
4130 604617.0
4131 604376.0
4132 604134.0
4133 603891.0
4134 603542.0
4135 603275.0
4136 603045.0
4137 602875.0
4138 602695.0
4139 602676.0
4143 602292.0
4144 602066.0
4145 601974.0
4148 601728.0
4150 601601.0
4151 601444.0
4152 601157.0
4153 600940.0
4158 600644.0
4159 600452.0
4160 600400.0
4161 600379.0
4162 600343.0
4163 600118.0
4164 599821.0
4165 599587.0
4166 599444.0
4167 599189.0
4168 599152.0
4169 599105.0
4170 598866.0
4171 598488.0
4172 598258.0
4173 597996.0
4174 597850.0
4175 597798.0
4176 597751.0
4178 597701.0
4179 597619.0
4180 597570.0
4181 597257.0
4182 597234.0
4184 596915.0
4185 596652.0
4186 596408.0
4187 596234.0
4188 596186.0
4190 595981.0
4191 595684.0
4192 595529.0
4193 595384.0
4194 595150.0
4197 595019.0
4198 594815.0
4201 594564.0
4202 594463.0
4203 594332.0
4206 594160.0
4207 593925.0
4208 593796.0
4209 593593.0
4210 593441.0
4212 593188.0
4213 593125.0
4216 592789.0
4217 592496.0
4218 592302.0
4219 592266.0
4221 592124.0
4222 591948.0
4223 591777.0
4225 591676.0
4226 591330.0
4227 591143.0
4228 590898.0
4229 590842.0
4231 590728.0
4232 590374.0
4233 590244.0
4234 590039.0
4235 589707.0
4236 589406.0
4237 589148.0
4238 588918.0
4239 588590.0
4240 588263.0
4241 587954.0
4242 587700.0
4243 587464.0
4244 587142.0
4245 586815.0
4246 586490.0
4247 586176.0
4248 585868.0
4249 585553.0
4250 585226.0
4251 584898.0
4252 584574.0
4253 584248.0
4254 583924.0
4255 583597.0
4256 583273.0
4257 582949.0
4258 582632.0
4259 582307.0
4260 581982.0
4261 581658.0
4262 581332.0
4263 581022.0
4264 580702.0
4265 580375.0
4266 580048.0
4267 579725.0
4268 579398.0
4269 579074.0
4270 578775.0
4271 578495.0
4272 578167.0
4273 577863.0
4274 577568.0
4275 577300.0
4276 577007.0
4277 576742.0
4278 576428.0
4279 576146.0
4280 575810.0
4281 575479.0
4282 575149.0
4283 574821.0
4284 574499.0
4285 574176.0
4286 573860.0
4287 573549.0
4288 573231.0
4289 572909.0
4290 572592.0
4291 572271.0
4292 571958.0
4293 571655.0
4294 571345.0
4295 571022.0
4296 570704.0
4297 570387.0
4298 570074.0
4299 569776.0
4300 569460.0
4301 569139.0
4302 568837.0
4303 568523.0
4304 568225.0
4305 567911.0
4306 567590.0
4307 567294.0
4308 567015.0
4309 566693.0
4310 566406.0
4311 566096.0
4312 565843.0
4313 565681.0
4314 565362.0
4315 565049.0
4316 564736.0
4317 564415.0
4318 564112.0
4319 563788.0
4320 563463.0
4321 563137.0
4322 562812.0
4323 562491.0
4324 562169.0
4325 561847.0
4326 561527.0
4327 561205.0
4328 560894.0
4329 560601.0
4330 560274.0
4331 559956.0
4332 559649.0
4333 559331.0
4334 559040.0
4335 558716.0
4336 558400.0
4337 558154.0
4338 557951.0
4339 557599.0
4340 557275.0
4341 556983.0
4342 556685.0
4343 556387.0
4344 556075.0
4345 555799.0
4346 555491.0
4347 555168.0
4348 554848.0
4349 554522.0
4350 554196.0
4351 553872.0
4352 553550.0
4353 553227.0
4354 552906.0
4355 552587.0
4356 552268.0
4357 551960.0
4358 551645.0
4359 551358.0
4360 551063.0
4361 550740.0
4362 550423.0
4363 550116.0
4364 549795.0
4365 549500.0
4366 549179.0
4367 548860.0
4368 548543.0
4369 548225.0
4370 547913.0
4371 547596.0
4372 547277.0
4373 546958.0
4374 546678.0
4375 546425.0
4376 546166.0
4377 545884.0
4378 545568.0
4379 545259.0
4380 545031.0
4381 544748.0
4382 544454.0
4383 544168.0
4384 543865.0
4385 543585.0
4386 543273.0
4387 542970.0
4388 542683.0
4389 542427.0
4390 542251.0
4391 542022.0
4392 541736.0
4393 541507.0
4394 541320.0
4395 541261.0
4396 541207.0
4397 541016.0
4400 540947.0
4401 540625.0
4402 540444.0
4403 540396.0
4404 540380.0
4407 540068.0
4408 539911.0
4410 539874.0
4411 539591.0
4412 539313.0
4413 539117.0
4414 538850.0
4415 538808.0
4417 538606.0
4418 538315.0
4419 538119.0
4420 537906.0
4421 537767.0
4424 537438.0
4425 537355.0
4426 537157.0
4427 536972.0
4428 536809.0
4429 536722.0
4430 536449.0
4432 536414.0
4433 536073.0
4434 535817.0
4435 535545.0
4436 535325.0
4437 535059.0
4438 534804.0
4439 534585.0
4440 534408.0
4441 534043.0
4442 533725.0
4443 533431.0
4444 533257.0
4445 532991.0
4446 532712.0
4447 532403.0
4448 532092.0
4449 531793.0
4450 531488.0
4451 531192.0
4452 530892.0
4453 530592.0
4454 530309.0
4455 530013.0
4456 529724.0
4457 529434.0
4458 529174.0
4459 528935.0
4460 528613.0
4461 528328.0
4462 528061.0
4463 527860.0
4464 527650.0
4465 527497.0
4466 527182.0
4467 526867.0
4468 526561.0
4469 526251.0
4470 525940.0
4471 525656.0
4472 525353.0
4473 525042.0
4474 524737.0
4475 524429.0
4476 524125.0
4477 523818.0
4478 523527.0
4479 523218.0
4480 522934.0
4481 522628.0
4482 522319.0
4483 522055.0
4484 521897.0
4485 521684.0
4486 521617.0
4487 521610.0
4488 521318.0
4489 521010.0
4490 520721.0
4491 520463.0
4492 520181.0
4493 520021.0
4494 519864.0
4495 519634.0
4496 519356.0
4497 519205.0
4498 519049.0
4499 518811.0
4500 518634.0
4501 518590.0
4505 518210.0
4506 518074.0
4507 517996.0
4508 517904.0
4509 517833.0
4510 517688.0
4511 517442.0
4512 517317.0
4513 517196.0
4514 516890.0
4515 516652.0
4516 516616.0
4518 516547.0
4519 516180.0
4520 515960.0
4521 515886.0
4523 515588.0
4524 515409.0
4525 515242.0
4526 514943.0
4527 514649.0
4528 514391.0
4529 514108.0
4530 513917.0
4531 513632.0
4532 513413.0
4533 513192.0
4534 513060.0
4535 512751.0
4536 512453.0
4537 512169.0
4538 511875.0
4539 511630.0
4540 511369.0
4541 511214.0
4544 510977.0
4545 510708.0
4546 510609.0
4547 510447.0
4548 510317.0
4549 510211.0
4551 510181.0
4552 509867.0
4553 509730.0
4554 509568.0
4555 509327.0
4556 509246.0
4559 509075.0
4562 508735.0
4563 508657.0
4564 508582.0
4565 508400.0
4566 508235.0
4571 507900.0
4572 507604.0
4573 507346.0
4574 507090.0
4575 506859.0
4576 506629.0
4577 506399.0
4578 506189.0
4579 505996.0
4582 505797.0
4583 505554.0
4584 505298.0
4585 505043.0
4586 504791.0
4587 504528.0
4588 504298.0
4589 504035.0
4590 503812.0
4591 503555.0
4592 503308.0
4593 502970.0
4594 502741.0
4595 502562.0
4596 502499.0
4597 502431.0
4599 502409.0
4600 502277.0
4601 501909.0
4602 501620.0
4603 501539.0
4605 501477.0
4607 501464.0
4608 501449.0
4610 501155.0
4611 500902.0
4612 500719.0
4615 500502.0
4616 500395.0
4617 500258.0
4618 500084.0
4621 499984.0
4622 499895.0
4623 499784.0
4624 499494.0
4625 499367.0
4626 499355.0
4627 499254.0
4628 499023.0
4629 498877.0
4630 498760.0
4631 498690.0
4632 498577.0
4633 498248.0
4634 497949.0
4635 497708.0
4636 497455.0
4637 497301.0
4640 497151.0
4641 497072.0
4643 496837.0
4646 496599.0
4648 496562.0
4649 496356.0
4650 496262.0
4651 496237.0
4652 496087.0
4653 495898.0
4654 495883.0
4656 495552.0
4657 495358.0
4658 495073.0
4659 494979.0
4660 494946.0
4661 494945.0
4663 494852.0
4664 494592.0
4665 494316.0
4666 494218.0
4667 494066.0
4668 494065.0
4670 494028.0
4671 493909.0
4672 493695.0
4673 493511.0
4674 493265.0
4675 493111.0
4677 493063.0
4678 492849.0
4679 492617.0
4680 492568.0
4681 492542.0
4682 492384.0
4683 492278.0
4684 491978.0
4685 491860.0
4686 491656.0
4687 491351.0
4688 491122.0
4689 490891.0
4690 490725.0
4692 490721.0
4694 490625.0
4695 490530.0
4696 490386.0
4697 490104.0
4698 489916.0
4701 489647.0
4702 489576.0
4703 489552.0
4704 489441.0
4705 489396.0
4706 489355.0
4707 489292.0
4708 488977.0
4709 488865.0
4710 488666.0
4711 488415.0
4712 488183.0
4713 488028.0
4714 487828.0
4715 487672.0
4716 487587.0
4719 487222.0
4720 487021.0
4721 487002.0
4722 486763.0
4723 486696.0
4725 486557.0
4726 486383.0
4727 486200.0
4728 486084.0
4729 485871.0
4730 485785.0
4731 485740.0
4732 485482.0
4733 485304.0
4734 485088.0
4735 485005.0
4736 485001.0
4737 484993.0
4738 484862.0
4741 484431.0
4742 484173.0
4743 484095.0
4744 484023.0
4745 483872.0
4749 483798.0
4750 483509.0
4751 483216.0
4752 482929.0
4753 482641.0
4754 482353.0
4755 482075.0
4756 481789.0
4757 481505.0
4758 481373.0
4759 481125.0
4760 480903.0
4761 480697.0
4762 480490.0
4763 480476.0
4765 480094.0
4766 479815.0
4767 479756.0
4768 479754.0
4771 479741.0
4773 479484.0
4774 479460.0
4775 479434.0
4776 479121.0
4777 478904.0
4778 478755.0
4779 478725.0
4781 478436.0
4782 478122.0
4783 477859.0
4784 477599.0
4785 477382.0
4786 477138.0
4787 477072.0
4788 476708.0
4789 476442.0
4790 476288.0
4793 476269.0
4795 476257.0
4797 475938.0
4798 475745.0
4799 475679.0
4800 475391.0
4801 475120.0
4802 474866.0
4803 474653.0
4804 474434.0
4805 474216.0
4806 474132.0
4807 473935.0
4808 473798.0
4809 473748.0
4812 473452.0
4813 473274.0
4818 473183.0
4819 473156.0
4820 472911.0
4821 472704.0
4822 472683.0
4823 472567.0
4824 472264.0
4825 472083.0
4827 472073.0
4828 471938.0
4829 471783.0
4830 471756.0
4831 471580.0
4832 471319.0
4833 471059.0
4834 470910.0
4835 470821.0
4840 470519.0
4841 470376.0
4842 470239.0
4844 470175.0
4845 469942.0
4847 469912.0
4848 469746.0
4849 469567.0
4852 469367.0
4853 469202.0
4854 469007.0
4855 468795.0
4856 468527.0
4857 468302.0
4858 468025.0
4859 467750.0
4860 467477.0
4861 467208.0
4862 466947.0
4863 466690.0
4864 466428.0
4865 466158.0
4866 465905.0
4867 465647.0
4868 465378.0
4869 465175.0
4870 464917.0
4871 464737.0
4872 464535.0
4873 464334.0
4874 464298.0
4875 464294.0
4876 464191.0
4877 463865.0
4878 463567.0
4879 463296.0
4880 463034.0
4881 462806.0
4882 462581.0
4883 462346.0
4884 462081.0
4885 461821.0
4886 461560.0
4887 461326.0
4888 461012.0
4889 460746.0
4890 460500.0
4891 460306.0
4892 460091.0
4893 459835.0
4894 459639.0
4895 459458.0
4896 459293.0
4897 459048.0
4898 458788.0
4899 458561.0
4900 458252.0
4901 457972.0
4902 457705.0
4903 457459.0
4904 457205.0
4905 456941.0
4906 456712.0
4907 456480.0
4908 456186.0
4909 455899.0
4910 455619.0
4911 455350.0
4912 455090.0
4913 454826.0
4914 454613.0
4915 454426.0
4916 454152.0
4917 453865.0
4918 453598.0
4919 453337.0
4920 453051.0
4921 452785.0
4922 452502.0
4923 452226.0
4924 451950.0
4925 451689.0
4926 451402.0
4927 451120.0
4928 450850.0
4929 450585.0
4930 450351.0
4931 450066.0
4932 449780.0
4933 449498.0
4934 449234.0
4935 448958.0
4936 448675.0
4937 448445.0
4938 448191.0
4939 447899.0
4940 447618.0
4941 447347.0
4942 447084.0
4943 446832.0
4944 446555.0
4945 446276.0
4946 445996.0
4947 445733.0
4948 445454.0
4949 445177.0
4950 444933.0
4951 444670.0
4952 444385.0
4953 444116.0
4954 443846.0
4955 443573.0
4956 443415.0
4957 443380.0
4959 443044.0
4960 442771.0
4961 442575.0
4962 442480.0
4965 442384.0
4968 442107.0
4969 441962.0
4974 441711.0
4975 441633.0
4976 441588.0
4977 441412.0
4980 441149.0
4981 441029.0
4982 440986.0
4983 440978.0
4984 440869.0
4985 440606.0
4986 440510.0
4989 440214.0
4990 439983.0
4991 439968.0
4992 439943.0
4995 439687.0
4996 439565.0
4998 439525.0
4999 439316.0
5000 439134.0
5001 438935.0
5002 438836.0
5004 438594.0
5005 438366.0
5006 438146.0
5007 437944.0
5008 437772.0
5009 437650.0
5010 437447.0
5012 437346.0
5013 437086.0
5014 436939.0
5015 436882.0
5016 436819.0
5019 436552.0
5020 436488.0
5021 436304.0
5022 436039.0
5023 435743.0
5024 435485.0
5025 435291.0
5026 435057.0
5027 434808.0
5028 434541.0
5029 434287.0
5030 434030.0
5031 433765.0
5032 433513.0
5033 433273.0
5034 433054.0
5035 432876.0
5036 432735.0
5037 432547.0
5038 432251.0
5039 431983.0
5040 431722.0
5041 431493.0
5042 431400.0
5043 431148.0
5044 430888.0
5045 430669.0
5046 430528.0
5049 430482.0
5050 430429.0
5051 430135.0
5052 430055.0
5053 429909.0
5056 429668.0
5057 429494.0
5058 429349.0
5060 429292.0
5061 429155.0
5062 429149.0
5063 429060.0
5064 428766.0
5065 428512.0
5066 428286.0
5067 428148.0
5068 428001.0
5069 427840.0
5070 427740.0
5071 427509.0
5072 427416.0
5073 427160.0
5074 426952.0
5075 426791.0
5077 426788.0
5078 426515.0
5079 426514.0
5080 426494.0
5081 426246.0
5082 426050.0
5083 426049.0
5085 425860.0
5086 425671.0
5087 425424.0
5088 425301.0
5089 425105.0
5090 424972.0
5091 424923.0
5092 424726.0
5093 424517.0
5095 424511.0
5096 424251.0
5097 424094.0
5098 423963.0
5099 423874.0
5102 423631.0
5103 423585.0
5104 423524.0
5105 423281.0
5106 423140.0
5107 423010.0
5108 422803.0
5110 422739.0
5111 422500.0
5112 422343.0
5113 422291.0
5114 422289.0
5117 422027.0
5118 421902.0
5119 421748.0
5120 421499.0
5121 421332.0
5122 421046.0
5123 420795.0
5124 420536.0
5125 420272.0
5126 420039.0
5127 419812.0
5128 419569.0
5129 419329.0
5130 419231.0
5131 419125.0
5132 418896.0
5133 418668.0
5134 418485.0
5137 418241.0
5138 418008.0
5139 417887.0
5142 417733.0
5143 417720.0
5145 417455.0
5146 417229.0
5147 417071.0
5148 416826.0
5149 416713.0
5150 416663.0
5152 416486.0
5153 416290.0
5155 416186.0
5156 416012.0
5157 415809.0
5158 415708.0
5159 415690.0
5160 415632.0
5161 415536.0
5162 415399.0
5163 415251.0
5164 414957.0
5165 414743.0
5166 414566.0
5167 414424.0
5168 414194.0
5169 413935.0
5170 413717.0
5171 413444.0
5172 413377.0
5173 413262.0
5174 413245.0
5175 412977.0
5176 412887.0
5177 412793.0
5178 412687.0
5180 412573.0
5181 412289.0
5182 412209.0
5183 412137.0
5185 412039.0
5187 411923.0
5188 411718.0
5189 411571.0
5190 411529.0
5191 411371.0
5194 411117.0
5196 411081.0
5197 410838.0
5198 410759.0
5200 410727.0
5201 410688.0
5202 410461.0
5203 410253.0
5204 410230.0
5205 410119.0
5206 409886.0
5207 409642.0
5208 409571.0
5210 409456.0
5211 409247.0
5212 409089.0
5213 408835.0
5214 408801.0
5216 408496.0
5217 408382.0
5218 408139.0
5219 408082.0
5221 408063.0
5222 408037.0
5223 408006.0
5225 407993.0
5226 407691.0
5227 407541.0
5228 407315.0
5229 407073.0
5230 406878.0
5231 406861.0
5232 406850.0
5233 406703.0
5234 406617.0
5235 406609.0
5236 406310.0
5237 406050.0
5238 405795.0
5239 405538.0
5240 405314.0
5241 405108.0
5242 404906.0
5243 404745.0
5244 404695.0
5245 404690.0
5246 404640.0
5248 404337.0
5249 404142.0
5251 404093.0
5252 404003.0
5254 403989.0
5257 403724.0
5258 403674.0
5259 403594.0
5260 403520.0
5262 403225.0
5265 402985.0
5266 402801.0
5267 402595.0
5268 402524.0
5269 402442.0
5273 402159.0
5274 401957.0
5276 401927.0
5277 401855.0
5278 401678.0
5279 401485.0
5282 401260.0
5283 401130.0
5284 401073.0
5285 401011.0
5286 400954.0
5288 400892.0
5289 400720.0
5290 400480.0
5291 400326.0
5292 400282.0
5293 400027.0
5294 400006.0
5295 399981.0
5296 399907.0
5298 399722.0
5299 399493.0
5300 399374.0
5301 399110.0
5302 398930.0
5303 398657.0
5304 398427.0
5305 398272.0
5307 398269.0
5308 398241.0
5309 398234.0
5310 397993.0
5311 397804.0
5312 397632.0
5313 397438.0
5316 397233.0
5317 397012.0
5318 396986.0
5320 396859.0
5323 396698.0
5325 396622.0
5326 396355.0
5327 396168.0
5328 396078.0
5329 395965.0
5330 395861.0
5331 395671.0
5332 395476.0
5334 395473.0
5335 395217.0
5336 395025.0
5337 394774.0
5338 394558.0
5339 394368.0
5340 394249.0
5341 393994.0
5342 393899.0
5343 393853.0
5344 393814.0
5347 393665.0
5350 393450.0
5351 393404.0
5353 393261.0
5354 393028.0
5355 392991.0
5356 392978.0
5358 392895.0
5359 392717.0
5360 392595.0
5363 392480.0
5365 392376.0
5366 392141.0
5367 392080.0
5369 391964.0
5370 391872.0
5371 391784.0
5374 391758.0
5375 391484.0
5376 391269.0
5377 391168.0
5378 390999.0
5379 390860.0
5380 390751.0
5382 390708.0
5384 390670.0
5385 390388.0
5386 390206.0
5387 390073.0
5389 390035.0
5390 390027.0
5392 390001.0
5393 389902.0
5394 389602.0
5395 389418.0
5396 389235.0
5397 389204.0
5398 389184.0
5399 389069.0
5400 388846.0
5401 388728.0
5403 388670.0
5404 388428.0
5405 388292.0
5406 388096.0
5407 388040.0
5410 387758.0
5411 387694.0
5412 387576.0
5413 387529.0
5415 387453.0
5416 387148.0
5417 387012.0
5418 386992.0
5420 386816.0
5422 386744.0
5423 386544.0
5424 386423.0
5425 386399.0
5426 386360.0
5428 386252.0
5429 386175.0
5430 385924.0
5431 385766.0
5432 385715.0
5434 385593.0
5435 385425.0
5436 385323.0
5437 385286.0
5438 385111.0
5439 385015.0
5440 384974.0
5441 384801.0
5442 384598.0
5443 384378.0
5444 384266.0
5445 384231.0
5448 384212.0
5450 384142.0
5451 383894.0
5452 383863.0
5454 383657.0
5455 383519.0
5456 383456.0
5457 383223.0
5460 383148.0
5462 382913.0
5463 382806.0
5464 382759.0
5466 382483.0
5467 382295.0
5468 382260.0
5469 382246.0
5470 382130.0
5471 381967.0
5473 381929.0
5474 381701.0
5475 381469.0
5476 381283.0
5477 381029.0
5478 380777.0
5479 380534.0
5480 380337.0
5481 380161.0
5482 380035.0
5483 379943.0
5484 379926.0
5485 379897.0
5486 379636.0
5487 379398.0
5488 379236.0
5489 379195.0
5490 379143.0
5491 379113.0
5492 378998.0
5493 378857.0
5494 378513.0
5495 378312.0
5496 378186.0
5497 377965.0
5498 377815.0
5499 377625.0
5501 377550.0
5502 377491.0
5504 377262.0
5507 377188.0
5508 377099.0
5509 376841.0
5510 376711.0
5511 376706.0
5512 376675.0
5513 376601.0
5514 376433.0
5515 376277.0
5516 376251.0
5518 375965.0
5519 375788.0
5520 375690.0
5521 375571.0
5522 375358.0
5523 375296.0
5527 375125.0
5528 375003.0
5531 374743.0
5532 374523.0
5533 374414.0
5534 374324.0
5535 374115.0
5536 374048.0
5539 374028.0
5541 373980.0
5542 373737.0
5543 373612.0
5546 373352.0
5547 373330.0
5549 373312.0
5550 373309.0
5551 373097.0
5552 372835.0
5553 372684.0
5554 372485.0
5555 372267.0
5557 372251.0
5558 372210.0
5559 372208.0
5560 372151.0
5561 372019.0
5562 371775.0
5563 371655.0
5564 371586.0
5565 371426.0
5566 371258.0
5567 371018.0
5568 370971.0
5569 370960.0
5570 370904.0
5571 370896.0
5572 370724.0
5573 370677.0
5576 370412.0
5577 370404.0
5578 370375.0
5579 370171.0
5580 370141.0
5582 369799.0
5583 369549.0
5584 369410.0
5585 369313.0
5587 369274.0
5588 369230.0
5589 369170.0
5590 368975.0
5591 368757.0
5592 368608.0
5594 368538.0
5595 368303.0
5596 368285.0
5597 368257.0
5598 368226.0
5599 368211.0
5600 368053.0
5603 367805.0
5604 367613.0
5605 367427.0
5606 367319.0
5607 367203.0
5608 367189.0
5609 367059.0
5610 366808.0
5611 366628.0
5612 366479.0
5613 366337.0
5614 366252.0
5615 366176.0
5616 365938.0
5617 365676.0
5618 365423.0
5619 365176.0
5620 364939.0
5621 364692.0
5622 364470.0
5623 364231.0
5624 363997.0
5625 363758.0
5626 363643.0
5627 363511.0
5628 363265.0
5629 363023.0
5630 362774.0
5631 362526.0
5632 362284.0
5633 362036.0
5634 361788.0
5635 361543.0
5636 361297.0
5637 361050.0
5638 360813.0
5639 360566.0
5640 360321.0
5641 360127.0
5642 359903.0
5643 359696.0
5644 359439.0
5645 359221.0
5646 358997.0
5647 358753.0
5648 358552.0
5649 358298.0
5650 358161.0
5651 358031.0
5653 357984.0
5654 357811.0
5655 357692.0
5656 357643.0
5658 357566.0
5659 357324.0
5660 357244.0
5661 357212.0
5662 357096.0
5665 356877.0
5668 356664.0
5669 356456.0
5670 356250.0
5671 356103.0
5672 355951.0
5673 355902.0
5676 355687.0
5677 355516.0
5678 355414.0
5679 355351.0
5682 355307.0
5683 355227.0
5685 355045.0
5686 354926.0
5687 354918.0
5688 354827.0
5689 354620.0
5690 354521.0
5692 354286.0
5693 354091.0
5694 354009.0
5695 353812.0
5696 353577.0
5697 353444.0
5698 353273.0
5699 353101.0
5700 353094.0
5701 353087.0
5702 353064.0
5703 352950.0
5704 352703.0
5705 352482.0
5706 352356.0
5707 352270.0
5708 352130.0
5709 351977.0
5710 351764.0
5711 351622.0
5712 351396.0
5713 351216.0
5714 350948.0
5715 350799.0
5716 350686.0
5717 350485.0
5718 350331.0
5719 350129.0
5720 350021.0
5721 349818.0
5722 349776.0
5723 349515.0
5724 349287.0
5725 349104.0
5727 349071.0
5728 349002.0
5729 348761.0
5730 348658.0
5731 348518.0
5732 348491.0
5733 348407.0
5734 348296.0
5735 348227.0
5736 348057.0
5737 348011.0
5738 347928.0
5739 347769.0
5740 347713.0
5741 347634.0
5743 347544.0
5746 347275.0
5747 347172.0
5750 347042.0
5753 346855.0
5754 346847.0
5755 346819.0
5756 346734.0
5757 346672.0
5758 346513.0
5759 346329.0
5760 346279.0
5761 346022.0
5762 345876.0
5763 345749.0
5764 345688.0
5765 345676.0
5766 345634.0
5768 345606.0
5770 345296.0
5773 345233.0
5775 344993.0
5776 344910.0
5777 344685.0
5778 344506.0
5779 344338.0
5780 344151.0
5781 343916.0
5782 343829.0
5783 343639.0
5784 343551.0
5785 343475.0
5786 343318.0
5789 343256.0
5790 343051.0
5791 342817.0
5793 342800.0
5796 342589.0
5797 342537.0
5798 342507.0
5801 342315.0
5802 342199.0
5803 342071.0
5805 342002.0
5806 341865.0
5807 341803.0
5808 341681.0
5809 341463.0
5812 341257.0
5813 341194.0
5814 341031.0
5815 340873.0
5818 340630.0
5819 340487.0
5820 340428.0
5821 340425.0
5822 340384.0
5823 340355.0
5824 340343.0
5826 340079.0
5827 339826.0
5828 339720.0
5831 339545.0
5832 339400.0
5833 339180.0
5834 339141.0
5835 338960.0
5836 338767.0
5837 338551.0
5838 338438.0
5839 338214.0
5840 338088.0
5841 337937.0
5842 337707.0
5845 337698.0
5846 337614.0
5847 337438.0
5848 337360.0
5851 337178.0
5852 336996.0
5853 336926.0
5855 336722.0
5856 336592.0
5857 336473.0
5858 336459.0
5859 336381.0
5860 336268.0
5861 336091.0
5862 335879.0
5863 335789.0
5864 335709.0
5867 335629.0
5868 335486.0
5869 335317.0
5870 335213.0
5871 335025.0
5873 334939.0
5874 334832.0
5875 334636.0
5878 334473.0
5879 334368.0
5880 334362.0
5882 334146.0
5883 334135.0
5885 334133.0
5887 333877.0
5888 333824.0
5889 333708.0
5890 333522.0
5891 333370.0
5892 333296.0
5893 333170.0
5894 332918.0
5895 332733.0
5896 332592.0
5897 332366.0
5898 332194.0
5899 332053.0
5902 331930.0
5903 331732.0
5904 331704.0
5906 331495.0
5907 331479.0
5909 331423.0
5911 331328.0
5912 331149.0
5913 330954.0
5914 330819.0
5916 330737.0
5917 330535.0
5918 330426.0
5921 330267.0
5922 330177.0
5924 330089.0
5925 329957.0
5926 329945.0
5927 329931.0
5929 329826.0
5930 329707.0
5932 329592.0
5933 329387.0
5935 329334.0
5936 329235.0
5938 329093.0
5939 328897.0
5940 328834.0
5941 328645.0
5942 328441.0
5943 328276.0
5944 328122.0
5945 328108.0
5946 328003.0
5947 327888.0
5948 327884.0
5950 327881.0
5951 327698.0
5952 327511.0
5953 327403.0
5954 327166.0
5955 327050.0
5957 327036.0
5958 326869.0
5959 326859.0
5962 326755.0
5963 326590.0
5966 326510.0
5968 326474.0
5969 326380.0
5970 326258.0
5971 326180.0
5972 326155.0
5973 326055.0
5974 325797.0
5975 325683.0
5976 325568.0
5978 325545.0
5979 325417.0
5980 325364.0
5981 325285.0
5982 325197.0
5983 325170.0
5985 325099.0
5986 324951.0
5988 324932.0
5990 324872.0
5992 324746.0
5993 324564.0
5994 324498.0
5995 324460.0
5998 324313.0
6000 324271.0
6001 324157.0
6004 323983.0
6006 323980.0
6007 323758.0
6009 323727.0
6012 323552.0
6013 323547.0
6015 323526.0
6017 323235.0
6018 323082.0
6019 322974.0
6020 322930.0
6021 322883.0
6024 322669.0
6025 322467.0
6026 322374.0
6027 322309.0
6030 322051.0
6031 321919.0
6032 321801.0
6033 321608.0
6034 321535.0
6037 321471.0
6039 321194.0
6040 321084.0
6043 320988.0
6044 320855.0
6045 320818.0
6049 320566.0
6050 320420.0
6051 320371.0
6054 320311.0
6057 320264.0
6058 320013.0
6060 319993.0
6061 319889.0
6062 319776.0
6063 319539.0
6064 319510.0
6065 319498.0
6066 319347.0
6067 319150.0
6068 318923.0
6069 318708.0
6070 318524.0
6071 318434.0
6072 318156.0
6073 317946.0
6074 317714.0
6075 317488.0
6076 317262.0
6077 317034.0
6078 316801.0
6079 316568.0
6080 316347.0
6081 316124.0
6082 315895.0
6083 315687.0
6084 315501.0
6085 315359.0
6086 315278.0
6087 315168.0
6088 315020.0
6089 314801.0
6090 314547.0
6091 314307.0
6092 314075.0
6093 313850.0
6094 313616.0
6095 313394.0
6096 313166.0
6097 312929.0
6098 312697.0
6099 312469.0
6100 312239.0
6101 312011.0
6102 311784.0
6103 311557.0
6104 311333.0
6105 311108.0
6106 310868.0
6107 310631.0
6108 310397.0
6109 310224.0
6110 310050.0
6111 309807.0
6112 309573.0
6113 309356.0
6114 309130.0
6115 308909.0
6116 308677.0
6117 308445.0
6118 308236.0
6119 308021.0
6120 307787.0
6121 307556.0
6122 307365.0
6123 307137.0
6124 306903.0
6125 306670.0
6126 306452.0
6127 306218.0
6128 305986.0
6129 305763.0
6130 305537.0
6131 305310.0
6132 305079.0
6133 304853.0
6134 304626.0
6135 304407.0
6136 304194.0
6137 303961.0
6138 303733.0
6139 303519.0
6140 303287.0
6141 303060.0
6142 302831.0
6143 302604.0
6144 302395.0
6145 302165.0
6146 301937.0
6147 301713.0
6148 301496.0
6149 301294.0
6150 301111.0
6151 300885.0
6152 300664.0
6153 300454.0
6154 300273.0
6155 300164.0
6158 299981.0
6159 299754.0
6160 299606.0
6161 299508.0
6162 299354.0
6166 299332.0
6167 299278.0
6168 299043.0
6171 298877.0
6172 298760.0
6173 298734.0
6174 298729.0
6175 298615.0
6177 298395.0
6178 298190.0
6179 298096.0
6180 297917.0
6181 297786.0
6183 297750.0
6184 297702.0
6186 297661.0
6187 297559.0
6188 297395.0
6189 297231.0
6190 297201.0
6191 297132.0
6192 296961.0
6193 296897.0
6194 296864.0
6196 296782.0
6197 296654.0
6199 296554.0
6201 296428.0
6202 296402.0
6203 296340.0
6204 296233.0
6205 296147.0
6208 295899.0
6210 295883.0
6211 295786.0
6212 295672.0
6214 295599.0
6215 295594.0
6216 295579.0
6217 295527.0
6218 295215.0
6219 295103.0
6220 294980.0
6223 294885.0
6225 294686.0
6226 294608.0
6227 294481.0
6228 294447.0
6230 294388.0
6231 294242.0
6232 294002.0
6234 293895.0
6235 293784.0
6236 293762.0
6237 293738.0
6240 293579.0
6241 293380.0
6242 293210.0
6243 293137.0
6244 293021.0
6245 293020.0
6247 292662.0
6249 292628.0
6250 292525.0
6251 292479.0
6252 292452.0
6253 292369.0
6254 292313.0
6255 292206.0
6256 292062.0
6257 292016.0
6258 291975.0
6259 291843.0
6260 291616.0
6261 291449.0
6264 291363.0
6266 291287.0
6267 291101.0
6268 291051.0
6269 290920.0
6270 290844.0
6275 290589.0
6276 290487.0
6279 290312.0
6280 290265.0
6282 290252.0
6283 290140.0
6284 289882.0
6285 289770.0
6286 289609.0
6287 289470.0
6288 289367.0
6289 289333.0
6290 289233.0
6291 289023.0
6292 288974.0
6293 288912.0
6294 288748.0
6295 288657.0
6296 288643.0
6297 288532.0
6299 288482.0
6300 288260.0
6301 288249.0
6303 288041.0
6304 288006.0
6305 287775.0
6309 287721.0
6310 287604.0
6311 287482.0
6312 287333.0
6313 287094.0
6314 286868.0
6315 286658.0
6316 286497.0
6317 286325.0
6318 286129.0
6319 286015.0
6320 285776.0
6321 285632.0
6322 285538.0
6323 285368.0
6324 285134.0
6325 284920.0
6326 284727.0
6327 284559.0
6328 284340.0
6329 284165.0
6330 283965.0
6331 283764.0
6332 283551.0
6333 283366.0
6334 283151.0
6335 282948.0
6336 282742.0
6337 282547.0
6338 282370.0
6339 282149.0
6340 281925.0
6341 281707.0
6342 281497.0
6343 281488.0
6345 281213.0
6346 281020.0
6347 280871.0
6348 280829.0
6349 280598.0
6350 280375.0
6351 280178.0
6352 279991.0
6353 279778.0
6354 279561.0
6355 279347.0
6356 279132.0
6357 278920.0
6358 278732.0
6359 278521.0
6360 278315.0
6361 278108.0
6362 277898.0
6363 277688.0
6364 277476.0
6365 277273.0
6366 277063.0
6367 276869.0
6368 276670.0
6369 276475.0
6370 276332.0
6371 276134.0
6372 275915.0
6373 275702.0
6374 275490.0
6375 275304.0
6376 275138.0
6377 274916.0
6378 274742.0
6379 274554.0
6380 274430.0
6381 274301.0
6382 274101.0
6383 273883.0
6384 273673.0
6385 273461.0
6386 273317.0
6387 273108.0
6388 272902.0
6389 272712.0
6390 272558.0
6391 272475.0
6392 272331.0
6393 272136.0
6394 271924.0
6395 271729.0
6396 271514.0
6397 271302.0
6398 271093.0
6399 270954.0
6400 270849.0
6401 270625.0
6402 270446.0
6403 270270.0
6404 270090.0
6405 269923.0
6406 269718.0
6407 269517.0
6408 269311.0
6409 269127.0
6410 268925.0
6411 268729.0
6412 268576.0
6413 268464.0
6414 268260.0
6415 268062.0
6416 267894.0
6417 267740.0
6418 267638.0
6419 267442.0
6420 267252.0
6421 267059.0
6422 266848.0
6423 266648.0
6424 266449.0
6425 266250.0
6426 266063.0
6427 265887.0
6428 265708.0
6429 265504.0
6430 265298.0
6431 265101.0
6432 264910.0
6433 264723.0
6434 264531.0
6435 264353.0
6436 264158.0
6437 263970.0
6438 263789.0
6439 263630.0
6440 263420.0
6441 263222.0
6442 263023.0
6443 262832.0
6444 262638.0
6445 262452.0
6446 262251.0
6447 262068.0
6448 261872.0
6449 261679.0
6450 261478.0
6451 261337.0
6452 261192.0
6453 261023.0
6454 260803.0
6455 260601.0
6456 260447.0
6457 260410.0
6460 260159.0
6461 259975.0
6462 259798.0
6463 259595.0
6464 259452.0
6465 259256.0
6466 259117.0
6467 259027.0
6468 258802.0
6469 258608.0
6470 258408.0
6471 258230.0
6472 258134.0
6473 257967.0
6474 257806.0
6475 257650.0
6476 257457.0
6477 257372.0
6478 257150.0
6479 256941.0
6480 256756.0
6481 256535.0
6482 256376.0
6483 256199.0
6484 256078.0
6485 255852.0
6486 255653.0
6487 255452.0
6488 255260.0
6489 255056.0
6490 254888.0
6491 254720.0
6492 254538.0
6493 254375.0
6494 254336.0
6495 254110.0
6496 253951.0
6497 253867.0
6498 253794.0
6499 253722.0
6500 253701.0
6501 253586.0
6502 253393.0
6503 253250.0
6504 253102.0
6505 252934.0
6506 252862.0
6508 252746.0
6509 252595.0
6510 252419.0
6511 252307.0
6512 252204.0
6513 252053.0
6514 251878.0
6515 251706.0
6516 251635.0
6517 251512.0
6518 251333.0
6519 251160.0
6520 251006.0
6522 250972.0
6525 250772.0
6526 250712.0
6527 250620.0
6530 250619.0
6532 250607.0
6534 250358.0
6535 250209.0
6538 250198.0
6539 250103.0
6540 250054.0
6541 250019.0
6542 249830.0
6543 249638.0
6544 249556.0
6545 249344.0
6546 249165.0
6547 248987.0
6548 248805.0
6549 248684.0
6550 248637.0
6551 248621.0
6552 248515.0
6553 248498.0
6554 248454.0
6555 248271.0
6556 248121.0
6557 247961.0
6558 247756.0
6559 247574.0
6560 247398.0
6561 247391.0
6563 247334.0
6564 247284.0
6565 247175.0
6566 247028.0
6567 246808.0
6568 246638.0
6569 246539.0
6570 246415.0
6571 246246.0
6572 246097.0
6573 245935.0
6574 245813.0
6575 245725.0
6576 245631.0
6577 245553.0
6579 245508.0
6580 245395.0
6581 245184.0
6582 244993.0
6583 244804.0
6584 244626.0
6585 244450.0
6586 244256.0
6587 244066.0
6588 243875.0
6589 243686.0
6590 243514.0
6591 243345.0
6592 243170.0
6593 242994.0
6594 242818.0
6595 242756.0
6596 242651.0
6598 242618.0
6599 242446.0
6600 242315.0
6601 242186.0
6602 242059.0
6603 242006.0
6606 241946.0
6609 241673.0
6610 241586.0
6611 241488.0
6614 241345.0
6615 241298.0
6618 241276.0
6619 241073.0
6621 241051.0
6622 240914.0
6624 240878.0
6625 240764.0
6626 240756.0
6628 240618.0
6629 240469.0
6631 240438.0
6633 240425.0
6635 240251.0
6638 240198.0
6639 240132.0
6640 239958.0
6641 239876.0
6642 239845.0
6644 239752.0
6645 239691.0
6646 239509.0
6647 239297.0
6648 239230.0
6649 239168.0
6650 239161.0
6651 239103.0
6652 238983.0
6653 238877.0
6656 238693.0
6657 238575.0
6662 238388.0
6663 238374.0
6664 238373.0
6665 238333.0
6667 238121.0
6668 238062.0
6669 237915.0
6670 237881.0
6671 237871.0
6674 237671.0
6675 237625.0
6676 237620.0
6679 237419.0
6680 237281.0
6681 237105.0
6682 236903.0
6683 236710.0
6684 236516.0
6685 236323.0
6686 236155.0
6687 236136.0
6689 236080.0
6690 236031.0
6691 235864.0
6692 235778.0
6693 235737.0
6695 235705.0
6697 235603.0
6698 235388.0
6699 235359.0
6700 235358.0
6701 235252.0
6702 235083.0
6703 235001.0
6704 234808.0
6705 234729.0
6707 234660.0
6708 234484.0
6709 234431.0
6710 234421.0
6714 234350.0
6715 234214.0
6716 234158.0
6718 234007.0
6719 233952.0
6720 233810.0
6721 233794.0
6723 233677.0
6724 233651.0
6725 233471.0
6727 233422.0
6730 233239.0
6731 233089.0
6732 232981.0
6733 232905.0
6734 232855.0
6736 232719.0
6737 232559.0
6739 232506.0
6740 232370.0
6741 232291.0
6742 232176.0
6743 232164.0
6744 232099.0
6746 232026.0
6747 232024.0
6749 231821.0
6752 231653.0
6753 231527.0
6756 231387.0
6757 231225.0
6758 231039.0
6759 230876.0
6760 230682.0
6761 230480.0
6762 230299.0
6763 230109.0
6764 229917.0
6765 229726.0
6766 229544.0
6767 229343.0
6768 229140.0
6769 228938.0
6770 228737.0
6771 228536.0
6772 228336.0
6773 228141.0
6774 227950.0
6775 227750.0
6776 227554.0
6777 227354.0
6778 227155.0
6779 226962.0
6780 226770.0
6781 226579.0
6782 226385.0
6783 226190.0
6784 225995.0
6785 225815.0
6786 225659.0
6787 225530.0
6788 225419.0
6789 225252.0
6790 225187.0
6791 224932.0
6792 224770.0
6793 224582.0
6794 224448.0
6795 224387.0
6796 224352.0
6799 224265.0
6801 223990.0
6802 223899.0
6803 223854.0
6804 223774.0
6806 223712.0
6808 223696.0
6809 223687.0
6810 223489.0
6813 223359.0
6814 223272.0
6818 223255.0
6819 223107.0
6821 223036.0
6822 222987.0
6825 222790.0
6826 222740.0
6828 222652.0
6829 222592.0
6831 222501.0
6832 222392.0
6834 222381.0
6835 222281.0
6836 222256.0
6837 222055.0
6838 221909.0
6839 221809.0
6840 221737.0
6841 221650.0
6842 221587.0
6843 221387.0
6844 221342.0
6845 221287.0
6846 221245.0
6847 221036.0
6848 221033.0
6852 220785.0
6853 220663.0
6854 220622.0
6855 220600.0
6856 220576.0
6857 220451.0
6858 220266.0
6859 220226.0
6861 220095.0
6866 219905.0
6867 219852.0
6868 219672.0
6869 219524.0
6870 219410.0
6872 219378.0
6873 219376.0
6875 219195.0
6879 219116.0
6880 218949.0
6881 218872.0
6882 218838.0
6883 218775.0
6884 218691.0
6885 218499.0
6886 218399.0
6887 218271.0
6888 218169.0
6889 218065.0
6890 218043.0
6891 218011.0
6892 217978.0
6894 217745.0
6895 217594.0
6896 217468.0
6897 217439.0
6902 217381.0
6903 217258.0
6904 217227.0
6905 217080.0
6907 217013.0
6908 216875.0
6909 216866.0
6910 216804.0
6911 216769.0
6913 216532.0
6914 216419.0
6915 216392.0
6916 216338.0
6917 216318.0
6919 216311.0
6920 216202.0
6921 216179.0
6922 216140.0
6923 215902.0
6924 215721.0
6925 215655.0
6926 215553.0
6927 215500.0
6928 215277.0
6929 215166.0
6930 215163.0
6931 215116.0
6932 214953.0
6937 214790.0
6938 214767.0
6940 214716.0
6942 214689.0
6943 214633.0
6944 214575.0
6946 214401.0
6947 214381.0
6948 214259.0
6949 214112.0
6953 214102.0
6954 213944.0
6955 213885.0
6956 213676.0
6957 213524.0
6958 213430.0
6959 213210.0
6960 213015.0
6961 212830.0
6962 212644.0
6963 212455.0
6964 212264.0
6965 212075.0
6966 211905.0
6967 211719.0
6968 211552.0
6969 211359.0
6970 211166.0
6971 210974.0
6972 210787.0
6973 210638.0
6974 210536.0
6975 210369.0
6976 210176.0
6977 209991.0
6978 209799.0
6979 209611.0
6980 209420.0
6981 209228.0
6982 209048.0
6983 208875.0
6984 208691.0
6985 208500.0
6986 208308.0
6987 208118.0
6988 207929.0
6989 207744.0
6990 207552.0
6991 207362.0
6992 207288.0
6993 207161.0
6994 206981.0
6995 206826.0
6996 206630.0
6997 206451.0
6998 206266.0
6999 206099.0
7000 205919.0
7001 205734.0
7002 205547.0
7003 205372.0
7004 205181.0
7005 204996.0
7006 204815.0
7007 204637.0
7008 204455.0
7009 204272.0
7010 204088.0
7011 203906.0
7012 203722.0
7013 203538.0
7014 203352.0
7015 203196.0
7016 203015.0
7017 202863.0
7018 202666.0
7019 202480.0
7020 202301.0
7021 202118.0
7022 201937.0
7023 201753.0
7024 201566.0
7025 201382.0
7026 201192.0
7027 201003.0
7028 200817.0
7029 200633.0
7030 200445.0
7031 200257.0
7032 200083.0
7033 199894.0
7034 199708.0
7035 199520.0
7036 199338.0
7037 199152.0
7038 198971.0
7039 198861.0
7040 198748.0
7041 198582.0
7042 198445.0
7043 198366.0
7044 198329.0
7045 198215.0
7046 198151.0
7050 198052.0
7051 197876.0
7054 197836.0
7055 197782.0
7056 197730.0
7058 197723.0
7059 197650.0
7060 197570.0
7061 197503.0
7062 197449.0
7063 197422.0
7065 197398.0
7066 197312.0
7067 197231.0
7068 197152.0
7069 197111.0
7070 197073.0
7071 197012.0
7072 196913.0
7073 196836.0
7074 196766.0
7075 196762.0
7076 196737.0
7077 196661.0
7079 196659.0
7080 196639.0
7081 196610.0
7082 196520.0
7083 196473.0
7084 196398.0
7085 196394.0
7087 196299.0
7088 196206.0
7089 196115.0
7090 196032.0
7091 195942.0
7092 195850.0
7093 195762.0
7094 195670.0
7095 195579.0
7096 195493.0
7097 195412.0
7098 195322.0
7099 195238.0
7100 195150.0
7101 195081.0
7102 194989.0
7103 194917.0
7104 194855.0
7105 194780.0
7106 194692.0
7107 194612.0
7108 194524.0
7109 194435.0
7110 194354.0
7111 194269.0
7112 194186.0
7113 194096.0
7114 194007.0
7115 193917.0
7116 193827.0
7117 193745.0
7118 193656.0
7119 193566.0
7120 193475.0
7121 193385.0
7122 193303.0
7123 193212.0
7124 193124.0
7125 193031.0
7126 192938.0
7127 192846.0
7128 192754.0
7129 192662.0
7130 192570.0
7131 192478.0
7132 192387.0
7133 192320.0
7134 192300.0
7136 192229.0
7137 192203.0
7138 192112.0
7139 192020.0
7140 191931.0
7141 191857.0
7142 191779.0
7143 191690.0
7144 191599.0
7145 191509.0
7146 191421.0
7147 191332.0
7148 191242.0
7149 191155.0
7150 191066.0
7151 190977.0
7152 190890.0
7153 190801.0
7154 190712.0
7155 190653.0
7156 190598.0
7157 190539.0
7158 190480.0
7159 190467.0
7160 190466.0
7161 190383.0
7162 190351.0
7163 190281.0
7166 190245.0
7167 190150.0
7168 190089.0
7169 190051.0
7170 190027.0
7173 189950.0
7174 189866.0
7175 189841.0
7176 189836.0
7177 189771.0
7179 189759.0
7180 189673.0
7181 189617.0
7182 189575.0
7183 189484.0
7184 189433.0
7185 189396.0
7186 189344.0
7187 189337.0
7189 189253.0
7190 189249.0
7192 189149.0
7193 189070.0
7195 189061.0
7196 189057.0
7197 189041.0
7198 188970.0
7199 188890.0
7200 188819.0
