1 73.6733
16 54.2883
17 51.7202
19 50.1481
21 49.3271
23 48.9656
30 46.3856
33 40.9775
34 39.7866
36 39.6921
40 39.6125
43 37.7984
44 35.221
45 33.2344
46 32.2904
49 31.7132
50 31.1182
51 25.9436
52 25.049
53 25.0248
54 24.5807
57 24.5263
58 22.6849
59 20.4016
61 20.24
62 20.011
64 17.5395
65 15.6059
71 15.5795
74 15.0579
75 11.5839
76 11.1916
77 11.0988
80 10.0257
81 9.87745
89 8.58226
91 8.5721
94 7.86228
95 7.46288
98 7.16342
100 6.63547
101 6.05337
102 5.35457
103 5.05753
104 4.75839
105 4.53444
106 4.3041
109 3.78306
110 3.41088
111 3.29143
112 3.28867
113 3.06625
114 2.88243
115 2.7541
116 2.40954
117 2.38749
118 2.25343
121 2.01752
126 1.82187
127 1.81528
130 1.79607
133 1.77973
135 1.76718
136 1.37126
140 1.24549
141 1.20442
142 1.13991
144 1.11388
146 1.10246
147 1.02168
148 1.00047
151 0.968542
152 0.936897
153 0.886143
156 0.774422
158 0.763393
159 0.727217
160 0.724851
165 0.629594
166 0.587482
168 0.583922
172 0.544309
180 0.498151
181 0.487983
182 0.487661
183 0.471171
184 0.452519
185 0.432284
187 0.430586
192 0.403486
193 0.399357
194 0.39341
195 0.381414
196 0.368104
197 0.349225
198 0.325436
199 0.324166
200 0.323224
203 0.300215
206 0.290067
207 0.273992
208 0.265613
210 0.264817
211 0.261474
214 0.252935
216 0.247594
222 0.237433
223 0.228052
224 0.21895
225 0.216588
227 0.21068
228 0.205876
229 0.2004
231 0.197917
234 0.193329
237 0.190526
239 0.189625
240 0.189431
241 0.185393
242 0.182872
245 0.181575
247 0.178093
249 0.177275
253 0.176992
256 0.174968
257 0.174603
260 0.173074
261 0.171384
263 0.171321
265 0.170988
268 0.167856
269 0.167331
271 0.166767
275 0.16657
277 0.166451
285 0.166251
288 0.166045
289 0.165748
290 0.165619
291 0.165564
292 0.165338
294 0.165099
295 0.165087
298 0.164957
300 0.164888
301 0.164659
303 0.163876
304 0.163791
305 0.163647
306 0.162758
308 0.162723
309 0.162377
310 0.162362
311 0.161735
312 0.161658
313 0.161601
315 0.161568
316 0.161446
320 0.160705
321 0.160366
322 0.159755
325 0.159492
326 0.15937
327 0.158953
332 0.158889
334 0.158887
335 0.158691
337 0.158656
341 0.158163
342 0.157985
343 0.157692
344 0.157676
345 0.157633
346 0.157584
347 0.157576
349 0.157575
350 0.157138
352 0.157084
353 0.156836
354 0.156793
355 0.156589
357 0.156557
358 0.156005
359 0.155966
362 0.155964
364 0.155956
367 0.155511
368 0.15533
369 0.155239
371 0.154999
372 0.154758
373 0.15424
374 0.154071
375 0.153994
376 0.153986
377 0.153743
378 0.15365
380 0.153549
381 0.153343
383 0.1532
384 0.15307
386 0.152765
387 0.152538
388 0.152205
389 0.15188
390 0.151799
391 0.151626
394 0.151511
396 0.151477
397 0.150893
398 0.150769
402 0.150568
403 0.150336
406 0.150267
409 0.150205
411 0.149758
412 0.149684
413 0.149639
414 0.149495
415 0.149349
417 0.149206
419 0.149188
420 0.148751
421 0.148525
422 0.148253
423 0.148157
427 0.147934
429 0.147824
431 0.147803
433 0.147554
436 0.147301
437 0.1472
438 0.147181
439 0.147133
441 0.147131
443 0.14708
445 0.1466
446 0.146335
447 0.146273
449 0.146087
451 0.146061
455 0.145988
457 0.145984
458 0.145581
460 0.145487
461 0.145218
462 0.145117
464 0.145082
466 0.145049
468 0.145033
469 0.145032
472 0.144643
473 0.144406
474 0.144241
476 0.144212
479 0.144007
481 0.144006
482 0.144003
483 0.143844
485 0.143743
488 0.143491
498 0.14336
499 0.143207
500 0.143173
502 0.143104
503 0.143028
504 0.14285
505 0.142756
507 0.142688
509 0.142653
511 0.142528
512 0.142472
513 0.142288
514 0.142189
515 0.142011
516 0.141869
517 0.141723
518 0.141632
519 0.141588
522 0.141583
524 0.141491
525 0.141487
526 0.141451
527 0.141223
528 0.141031
529 0.140961
530 0.140871
535 0.140706
536 0.140627
537 0.140578
538 0.140472
539 0.140425
540 0.140403
541 0.140264
542 0.140095
545 0.139964
546 0.139823
547 0.139771
548 0.139764
549 0.139652
550 0.139645
553 0.139601
556 0.139366
557 0.139251
558 0.13917
559 0.139115
560 0.139105
564 0.138932
565 0.138749
567 0.138701
568 0.138614
569 0.138479
570 0.13845
571 0.13843
574 0.138249
575 0.138214
576 0.138136
579 0.137943
580 0.137736
581 0.137581
582 0.137469
583 0.137423
584 0.137198
585 0.136989
586 0.136903
588 0.136901
589 0.136847
591 0.136761
592 0.136716
593 0.136628
595 0.136518
598 0.13628
599 0.136126
600 0.136084
601 0.136079
602 0.13601
603 0.136009
608 0.135815
609 0.135703
610 0.135668
611 0.135646
612 0.135571
613 0.13535
614 0.135181
615 0.135156
617 0.135037
618 0.134914
619 0.134821
620 0.134716
621 0.134627
622 0.134621
623 0.134608
626 0.134377
627 0.134238
628 0.134133
629 0.134088
631 0.134083
632 0.134075
633 0.13399
636 0.133805
637 0.133712
638 0.133565
639 0.133455
640 0.133382
641 0.133323
642 0.133322
645 0.133301
648 0.133059
649 0.132928
650 0.132813
651 0.132792
652 0.132791
656 0.132776
657 0.132663
658 0.132634
660 0.132517
661 0.132419
664 0.132309
665 0.13214
667 0.132135
668 0.132063
669 0.132045
670 0.132044
671 0.131984
674 0.131822
676 0.131789
677 0.13163
678 0.13153
679 0.131407
681 0.131405
688 0.131213
689 0.131084
690 0.130999
691 0.13085
694 0.130695
695 0.130694
696 0.130682
697 0.130608
698 0.130579
700 0.130546
702 0.130464
703 0.130456
705 0.130222
706 0.130056
707 0.1299
708 0.129803
709 0.129746
713 0.129731
714 0.129729
718 0.129642
719 0.129419
720 0.129343
723 0.129196
724 0.129113
725 0.129022
727 0.128989
728 0.128978
729 0.128957
730 0.128945
731 0.128922
733 0.128742
734 0.128685
735 0.12847
736 0.128291
737 0.128257
738 0.128199
739 0.128196
740 0.12819
741 0.12803
742 0.127871
743 0.127684
744 0.127587
745 0.127556
747 0.127498
748 0.127492
749 0.127405
750 0.127244
751 0.127224
752 0.127173
755 0.127014
756 0.126877
757 0.126859
758 0.12681
759 0.126608
760 0.126509
761 0.126426
762 0.126409
763 0.126404
764 0.126315
765 0.126284
766 0.126279
767 0.126274
768 0.126247
769 0.126211
770 0.126021
772 0.12602
773 0.125791
774 0.125648
775 0.12555
776 0.125538
779 0.125519
783 0.125491
784 0.125443
786 0.125256
787 0.125247
789 0.125102
790 0.124926
791 0.124824
792 0.124756
793 0.124751
794 0.124746
795 0.12474
796 0.124704
798 0.124652
799 0.12464
800 0.124485
801 0.124289
802 0.124194
803 0.124108
805 0.124098
807 0.124097
809 0.124091
811 0.124032
813 0.123995
814 0.123818
815 0.123726
818 0.123555
819 0.123383
820 0.123246
821 0.123091
822 0.122915
823 0.122771
824 0.122617
825 0.122502
826 0.122354
827 0.122235
828 0.122144
829 0.122093
831 0.12194
832 0.121826
833 0.121636
834 0.121463
835 0.121294
836 0.121146
837 0.120992
838 0.120841
839 0.120747
840 0.120675
843 0.120674
845 0.120638
846 0.120539
847 0.120349
848 0.120243
849 0.1202
850 0.120176
851 0.120091
855 0.120077
856 0.120066
857 0.120025
858 0.120015
859 0.119963
860 0.119789
861 0.119727
863 0.119663
864 0.119565
865 0.119439
866 0.119342
867 0.119309
868 0.119304
869 0.119288
871 0.119269
872 0.119253
874 0.119156
875 0.119021
876 0.118935
877 0.118907
878 0.1189
880 0.118837
881 0.118702
882 0.118682
886 0.118664
887 0.118639
888 0.118555
890 0.1185
891 0.118336
892 0.11829
893 0.118289
894 0.118259
898 0.118252
899 0.118078
900 0.11791
901 0.11787
903 0.117744
904 0.117597
905 0.117553
908 0.117438
910 0.117436
911 0.117391
913 0.117212
914 0.117081
915 0.117048
917 0.116972
918 0.116851
919 0.116678
920 0.116577
923 0.116417
924 0.116251
925 0.116144
926 0.116067
927 0.11594
928 0.115863
931 0.115783
932 0.115635
933 0.115601
935 0.11556
937 0.115506
938 0.115465
939 0.115453
941 0.115433
942 0.115397
943 0.115124
944 0.115039
945 0.114883
946 0.114809
950 0.114784
952 0.114773
955 0.11473
956 0.114709
957 0.114532
958 0.114406
959 0.114336
960 0.114191
961 0.114067
962 0.11395
963 0.113856
964 0.113734
965 0.113611
966 0.113467
967 0.113342
968 0.113191
969 0.113043
970 0.112918
971 0.112829
972 0.112734
973 0.112577
974 0.112419
975 0.112314
976 0.112196
977 0.11199
978 0.111912
979 0.111898
980 0.111868
981 0.111811
982 0.111749
983 0.111609
984 0.111554
986 0.111484
987 0.111375
990 0.111186
991 0.111047
992 0.111028
993 0.110994
994 0.110893
995 0.110861
997 0.11071
998 0.110593
999 0.110517
1000 0.110486
1002 0.110384
1003 0.110301
1004 0.110244
1005 0.110086
1007 0.110067
1008 0.109955
1009 0.10988
1010 0.109836
1018 0.109805
1019 0.109621
1020 0.109506
1021 0.109418
1022 0.109398
1023 0.10938
1027 0.109343
1028 0.109243
1029 0.109242
1031 0.109194
1032 0.109166
1033 0.109147
1034 0.109122
1036 0.109019
1037 0.108855
1038 0.108791
1039 0.108769
1040 0.108768
1041 0.108748
1046 0.108638
1047 0.108606
1048 0.108597
1049 0.108436
1050 0.108354
1057 0.10829
1059 0.108126
1060 0.108071
1061 0.108057
1063 0.107925
1066 0.10778
1067 0.107768
1068 0.107763
1069 0.107737
1070 0.107732
1072 0.107714
1074 0.107713
1075 0.107655
1076 0.107593
1077 0.107484
1079 0.107467
1080 0.10745
1081 0.10729
1082 0.10728
1083 0.107279
1085 0.10723
1086 0.107136
1087 0.107083
1088 0.107073
1089 0.107005
1090 0.106988
1092 0.1068
1093 0.106782
1095 0.106616
1096 0.106508
1097 0.106403
1098 0.106328
1099 0.106289
1100 0.106285
1101 0.106277
1104 0.106254
1107 0.106058
1108 0.105932
1109 0.105927
1110 0.105911
1112 0.105882
1113 0.105754
1114 0.105716
1116 0.105702
1118 0.105588
1120 0.105514
1122 0.105509
1123 0.105452
1124 0.105435
1125 0.105297
1126 0.105264
1127 0.105237
1128 0.105209
1130 0.105066
1131 0.105052
1132 0.10502
1133 0.104847
1134 0.104785
1135 0.104728
1137 0.104658
1138 0.104529
1139 0.10443
1141 0.104393
1142 0.104296
1143 0.104169
1144 0.104093
1145 0.103941
1146 0.103789
1147 0.103627
1148 0.103465
1149 0.103304
1150 0.103138
1151 0.102973
1152 0.102808
1153 0.102642
1154 0.102475
1155 0.102313
1156 0.102148
1157 0.101981
1158 0.101821
1159 0.101661
1160 0.101496
1161 0.101333
1162 0.101206
1163 0.101113
1164 0.101045
1165 0.100997
1167 0.100829
1168 0.100677
1169 0.100602
1170 0.100534
1171 0.100505
1172 0.100504
1173 0.100459
1174 0.100456
1175 0.100454
1177 0.100446
1178 0.100436
1179 0.100217
1180 0.100093
1181 0.100047
1186 0.100043
1187 0.100031
1188 0.099936
1189 0.0999078
1190 0.0998512
1191 0.0998046
1192 0.0997068
1194 0.0996369
1195 0.0995397
1196 0.0994815
1198 0.0994276
1199 0.0994181
1200 0.0994165
1201 0.0993932
1204 0.0993835
1206 0.0993028
1207 0.0991321
1208 0.0991156
1211 0.0991069
1213 0.0991054
1214 0.0989901
1215 0.0989702
1216 0.0988953
1217 0.0988534
1219 0.0988144
1220 0.0988063
1221 0.0986685
1222 0.0986556
1223 0.0985938
1224 0.0984877
1225 0.098444
1227 0.0983337
1228 0.0981932
1229 0.0981173
1230 0.0980918
1231 0.0980846
1232 0.0980646
1233 0.0980459
1234 0.097961
1235 0.0977935
1236 0.0977492
1237 0.0976427
1238 0.0976006
1239 0.0975982
1240 0.0974967
1241 0.0974223
1242 0.0972318
1243 0.0970889
1244 0.0969415
1245 0.096845
1246 0.0967549
1247 0.0966194
1248 0.0965525
1249 0.0965113
1251 0.0964014
1252 0.0963168
1253 0.0961481
1254 0.0960454
1255 0.0959278
1256 0.0957994
1257 0.0957303
1258 0.0956998
1259 0.0956995
1260 0.0956088
1261 0.0955168
1266 0.0953664
1267 0.0952299
1268 0.0951152
1271 0.094988
1272 0.0949329
1273 0.0949127
1274 0.0949079
1275 0.0948856
1277 0.0948046
1278 0.0947694
1279 0.0947592
1280 0.0946905
1283 0.0945709
1284 0.0944492
1285 0.0944253
1286 0.094414
1287 0.094391
1289 0.0943491
1290 0.0943482
1291 0.0942602
1292 0.0941548
1293 0.0940946
1294 0.0939817
1297 0.0938187
1298 0.0937028
1299 0.093666
1301 0.0936278
1302 0.0936159
1303 0.0935709
1304 0.0935699
1305 0.0935163
1307 0.0934138
1308 0.0933138
1309 0.0932574
1310 0.093237
1311 0.0931788
1312 0.0931482
1313 0.0929594
1314 0.0929268
1315 0.0929017
1316 0.0928255
1317 0.0928062
1319 0.0927771
1320 0.0927472
1321 0.0927125
1322 0.0925693
1324 0.0925491
1326 0.0925429
1327 0.0923946
1328 0.092258
1329 0.0921344
1330 0.0920208
1331 0.0919145
1332 0.0918311
1333 0.0918011
1334 0.091636
1335 0.0916149
1336 0.0916035
1337 0.0915352
1338 0.0914257
1339 0.0913508
1340 0.0913293
1342 0.0912936
1345 0.0912168
1347 0.0912075
1348 0.0910225
1349 0.0909127
1350 0.0908206
1351 0.0907681
1355 0.0907429
1358 0.090671
1360 0.0906466
1361 0.0906211
1362 0.0905079
1365 0.0903928
1366 0.0903399
1368 0.0902693
1369 0.0902553
1370 0.0902491
1371 0.0902392
1375 0.0900774
1376 0.0900141
1377 0.0898212
1378 0.0897199
1380 0.0897181
1382 0.0897017
1383 0.0896505
1384 0.0896325
1387 0.089599
1388 0.0895644
1389 0.0894432
1390 0.0893192
1391 0.0892712
1392 0.0891655
1393 0.0890432
1394 0.0890164
1395 0.0890029
1396 0.0889957
1399 0.0889942
1402 0.088945
1403 0.0889102
1405 0.0889028
1406 0.0887234
1407 0.0886357
1408 0.0886255
1409 0.0886001
1412 0.0884731
1413 0.0883716
1414 0.0882563
1415 0.0881744
1416 0.0881334
1417 0.0881002
1418 0.0880974
1419 0.0879903
1420 0.0879019
1421 0.0877645
1422 0.0876156
1423 0.0874917
1424 0.0874115
1425 0.0872986
1426 0.087218
1427 0.0871414
1429 0.0871266
1432 0.0871196
1433 0.0870973
1434 0.0870141
1435 0.0869038
1438 0.0868721
1441 0.0867701
1443 0.0867461
1444 0.0867019
1446 0.0866835
1447 0.0866789
1450 0.086544
1451 0.0865231
1453 0.086495
1455 0.0864829
1456 0.0864667
1459 0.0864192
1460 0.0862611
1462 0.0862591
1463 0.0861968
1464 0.0861195
1466 0.0861139
1468 0.0860659
1469 0.0859694
1470 0.0859383
1472 0.0858959
1473 0.0858079
1474 0.0857581
1475 0.0857452
1479 0.0855964
1480 0.0855792
1488 0.085452
1489 0.0854158
1490 0.0853968
1491 0.085363
1493 0.0852699
1494 0.0851833
1495 0.0850935
1496 0.0850867
1498 0.0850003
1499 0.0849389
1500 0.0848942
1501 0.0848191
1502 0.0847252
1503 0.084594
1504 0.0844978
1505 0.0844366
1506 0.0843898
1507 0.0843239
1508 0.0842871
1509 0.0841147
1510 0.0839943
1511 0.0838951
1512 0.0837902
1513 0.0837586
1514 0.0837573
1515 0.0837451
1516 0.0836257
1518 0.0835473
1519 0.0835394
1520 0.0834639
1521 0.0834025
1522 0.0833171
1525 0.083281
1526 0.0832747
1527 0.0832581
1530 0.0831774
1532 0.0831739
1533 0.0831724
1536 0.0831246
1537 0.0830025
1538 0.0829691
1540 0.0829191
1541 0.0829115
1545 0.082766
1546 0.0827627
1547 0.0827383
1548 0.0827277
1549 0.0827107
1551 0.0826891
1552 0.0825862
1557 0.0825191
1558 0.0824789
1560 0.0824629
1562 0.0823838
1563 0.0822791
1564 0.0822583
1565 0.0822511
1567 0.0822414
1568 0.0821909
1569 0.0821908
1570 0.0821879
1571 0.0821474
1573 0.082135
1574 0.0820581
1575 0.0819861
1577 0.081956
1578 0.0819038
1579 0.0818815
1582 0.0818676
1586 0.0818553
1587 0.0818327
1590 0.0816949
1591 0.0816474
1595 0.0816153
1596 0.0815078
1597 0.0814584
1600 0.0814468
1604 0.0813162
1607 0.0812497
1608 0.0812376
1611 0.0812362
1613 0.0811464
1614 0.0811304
1615 0.0810612
1616 0.0810478
1617 0.0810465
1618 0.0810257
1619 0.0808454
1620 0.0807975
1621 0.080716
1622 0.0805578
1623 0.0804835
1624 0.0804547
1625 0.080453
1626 0.0804233
1628 0.0804164
1631 0.0802503
1632 0.0802401
1633 0.0802093
1634 0.0801085
1635 0.0800614
1638 0.0799523
1639 0.0799051
1640 0.0798949
1641 0.0798326
1642 0.0797578
1644 0.0797497
1645 0.0796508
1646 0.0796049
1648 0.0795388
1649 0.0794616
1650 0.0794437
1651 0.0794435
1652 0.0794048
1657 0.0793954
1659 0.0792598
1661 0.0792441
1662 0.0791949
1663 0.0791254
1664 0.0790901
1665 0.0790665
1667 0.079059
1669 0.0790322
1670 0.0788782
1671 0.0788758
1673 0.078762
1674 0.0787363
1675 0.0787091
1678 0.0786083
1679 0.0785794
1680 0.0784462
1681 0.0783617
1682 0.07827
1683 0.0782401
1684 0.0782381
1685 0.0781433
1686 0.0780217
1687 0.0779175
1688 0.0778216
1689 0.0776627
1690 0.0775315
1691 0.077439
1692 0.0773823
1693 0.0773433
1694 0.0773288
1695 0.0772377
1696 0.0771381
1697 0.0770717
1698 0.0770291
1700 0.0769119
1701 0.0768124
1702 0.0766779
1703 0.0765504
1704 0.0764694
1705 0.0763737
1706 0.0763142
1707 0.0762504
1708 0.0762278
1710 0.0760949
1711 0.0759959
1712 0.075921
1713 0.075875
1714 0.0758438
1715 0.0758365
1716 0.075756
1717 0.0756752
1718 0.0756223
1720 0.075609
1721 0.0756051
1722 0.0755817
1723 0.0754588
1724 0.0753536
1725 0.075247
1726 0.0751991
1727 0.0751852
1728 0.0751782
1729 0.0751514
1731 0.0750744
1732 0.075016
1734 0.0750083
1735 0.0749861
1736 0.0749567
1737 0.0748516
1738 0.0747987
1739 0.0747047
1740 0.074701
1741 0.0746737
1742 0.074574
1743 0.0745219
1744 0.0744985
1745 0.0744891
1746 0.0744426
1749 0.0743956
1752 0.0742704
1753 0.0742265
1755 0.0742236
1756 0.0741878
1761 0.0740494
1762 0.0740441
1763 0.0739492
1765 0.0739252
1766 0.0739005
1767 0.0738789
1768 0.0737837
1769 0.0737164
1770 0.0736198
1772 0.0736153
1773 0.0735802
1775 0.0734896
1776 0.0734684
1777 0.0734433
1778 0.0734296
1779 0.0733734
1781 0.0733592
1782 0.0732335
1783 0.0732096
1784 0.0732094
1788 0.0731652
1790 0.0731613
1791 0.0730376
1792 0.0729637
1793 0.072945
1794 0.0729436
1795 0.0729025
1796 0.0728858
1797 0.0727553
1798 0.0727039
1801 0.0726777
1802 0.0726719
1803 0.0725907
1805 0.0725823
1806 0.0725642
1807 0.0725591
1808 0.0725203
1810 0.0724734
1811 0.0724064
1812 0.0723595
1813 0.072335
1814 0.0723173
1815 0.0723139
1818 0.0722043
1820 0.0721964
1821 0.0721815
1822 0.0721783
1824 0.0721743
1825 0.072124
1830 0.0720083
1831 0.0719348
1832 0.0718445
1833 0.0718234
1834 0.0717646
1837 0.071726
1838 0.0716015
1839 0.0715355
1840 0.07144
1841 0.0713733
1842 0.0712727
1843 0.0711368
1844 0.0710238
1845 0.070922
1846 0.0708025
1847 0.0706813
1848 0.0705641
1849 0.0705136
1850 0.0705115
1851 0.0704996
1852 0.0704215
1853 0.0703389
1854 0.0702419
1855 0.0701441
1856 0.0700934
1857 0.0700797
1859 0.0699967
1862 0.0698784
1863 0.069797
1864 0.0696903
1865 0.0695936
1867 0.069593
1868 0.0695325
1870 0.0695281
1871 0.069456
1872 0.0694449
1874 0.0693833
1876 0.0693809
1877 0.0693351
1879 0.0692412
1880 0.0691691
1881 0.0691631
1883 0.0691495
1885 0.069138
1888 0.0691164
1889 0.0689876
1890 0.0689194
1891 0.0688924
1893 0.0688878
1895 0.0688821
1896 0.0687928
1897 0.0687459
1898 0.0687344
1901 0.0687318
1902 0.0686511
1903 0.0686232
1904 0.0685532
1907 0.068404
1908 0.0683451
1909 0.0683366
1911 0.0683311
1914 0.0683194
1917 0.0681821
1918 0.0681146
1919 0.0680655
1921 0.0679894
1922 0.0679106
1923 0.0678587
1924 0.067773
1925 0.0677666
1926 0.0676932
1927 0.0676465
1928 0.0676232
1929 0.0676169
1930 0.0676115
1931 0.0674832
1932 0.0674143
1933 0.0673833
1935 0.0673736
1937 0.0673535
1938 0.067321
1939 0.067177
1940 0.0671294
1941 0.0671187
1942 0.067117
1944 0.0671045
1946 0.0670792
1947 0.0670243
1948 0.0670218
1949 0.0670028
1950 0.066999
1952 0.0669711
1953 0.066962
1954 0.0669552
1957 0.0668217
1958 0.0667925
1960 0.0667636
1962 0.0667154
1963 0.0666599
1965 0.0666319
1966 0.0666254
1967 0.0666158
1969 0.066614
1970 0.0666009
1972 0.0665991
1973 0.0665253
1975 0.0665197
1976 0.0664676
1977 0.0663739
1979 0.0663674
1983 0.0663649
1984 0.0662613
1985 0.0661983
1986 0.0661799
1988 0.066115
1989 0.0660975
1991 0.0660155
1992 0.0659944
1994 0.0658932
1995 0.0658553
1996 0.0658502
1998 0.0657672
1999 0.0656661
2000 0.0656129
2001 0.0655945
2003 0.0655592
2004 0.0654926
2005 0.065412
2006 0.0652828
2007 0.0651696
2008 0.0650625
2009 0.0649461
2010 0.0648156
2011 0.0646845
2012 0.0645542
2013 0.0644258
2014 0.064307
2015 0.0641877
2016 0.0640784
2017 0.0639608
2018 0.0638537
2019 0.0637556
2020 0.0636614
2021 0.0635474
2022 0.0634731
2023 0.0634312
2024 0.0633911
2025 0.0633859
2027 0.0633711
2030 0.0633599
2031 0.0633037
2032 0.0631868
2033 0.0630938
2034 0.0630108
2035 0.0629339
2036 0.0628634
2037 0.0628616
2040 0.0628307
2041 0.0626912
2042 0.0626384
2044 0.06261
2046 0.0625411
2048 0.0625128
2049 0.0624878
2050 0.0624564
2051 0.062394
2053 0.0623888
2058 0.0622618
2059 0.06219
2060 0.0621787
2062 0.0620971
2063 0.0620959
2065 0.0620107
2066 0.0619361
2067 0.0619184
2068 0.0618512
2070 0.0618444
2071 0.0618395
2072 0.0617723
2073 0.0616992
2074 0.0616917
2077 0.0616204
2078 0.0615454
2079 0.0614929
2081 0.0614901
2087 0.0614503
2088 0.0613911
2089 0.0613624
2090 0.0613479
2095 0.0612958
2096 0.0612635
2099 0.0612626
2102 0.0612252
2106 0.0612207
2107 0.061159
2110 0.0611025
2111 0.0610377
2113 0.0609916
2115 0.060991
2121 0.0609426
2122 0.0608804
2127 0.060869
2128 0.0608185
2131 0.0607783
2132 0.0607532
2133 0.0607452
2134 0.0607168
2135 0.0606804
2136 0.0606355
2137 0.0606158
2139 0.0605991
2141 0.0605546
2142 0.0605173
2143 0.0604668
2144 0.060407
2145 0.0603471
2146 0.0602839
2147 0.0602224
2148 0.0601606
2149 0.0600969
2150 0.0600336
2151 0.0599755
2152 0.0599132
2153 0.059853
2154 0.0598314
2155 0.0597984
2156 0.0597407
2157 0.0597184
2158 0.0597122
2159 0.0597106
2160 0.0596945
2161 0.0596939
2162 0.0596615
2163 0.0596286
2164 0.0595789
2165 0.0595424
2166 0.0595212
2167 0.0594961
2169 0.0594815
2170 0.0594263
2171 0.0594062
2172 0.0594029
2174 0.0594009
2175 0.0593997
2176 0.059386
2177 0.0593811
2178 0.059367
2180 0.0593548
2181 0.0592996
2182 0.0592733
2183 0.0592376
2184 0.0591936
2185 0.0591578
2186 0.0591151
2187 0.0591047
2188 0.0590414
2189 0.0590013
2190 0.0589704
2191 0.0589541
2192 0.0589489
2194 0.058939
2196 0.0589323
2197 0.0589305
2199 0.0589011
2200 0.0588828
2201 0.0588751
2202 0.0588267
2204 0.0588249
2205 0.0588213
2206 0.0588196
2207 0.0587777
2208 0.058744
2209 0.0587082
2210 0.0586968
2212 0.0586912
2214 0.0586574
2215 0.0586165
2216 0.0585866
2217 0.0585696
2218 0.0584989
2219 0.0584472
2220 0.0584228
2221 0.0584212
2223 0.0584011
2225 0.0583959
2226 0.0583886
2227 0.0583823
2228 0.0583632
2229 0.0583592
2231 0.058341
2232 0.0582882
2233 0.0582725
2234 0.0582265
2235 0.0582077
2237 0.0581962
2238 0.0581687
2239 0.0581552
2241 0.0580915
2242 0.058052
2243 0.0580306
2245 0.0579735
2246 0.0579358
2247 0.0578937
2248 0.0578839
2249 0.0578658
2251 0.0578296
2252 0.0578294
2254 0.0577663
2255 0.0577309
2256 0.0577134
2257 0.0577024
2258 0.0576458
2259 0.0576157
2260 0.0575715
2261 0.0575312
2262 0.0574959
2263 0.0574576
2264 0.0574254
2265 0.0573858
2266 0.0573438
2267 0.0573061
2268 0.0572738
2271 0.0572656
2273 0.0572063
2274 0.0571711
2275 0.0571352
2276 0.0571346
2278 0.0570961
2279 0.0570759
2280 0.0570755
2282 0.0570309
2283 0.0569996
2284 0.0569628
2286 0.0569574
2287 0.0569051
2288 0.0568721
2289 0.0568415
2290 0.0568277
2291 0.0568197
2292 0.0567794
2293 0.0567403
2294 0.0566999
2295 0.0566692
2296 0.0566339
2297 0.0565889
2298 0.0565448
2299 0.0564981
2300 0.0564457
2301 0.0563935
2302 0.0563415
2303 0.0562894
2304 0.0562375
2305 0.0561848
2306 0.0561306
2307 0.0560763
2308 0.0560213
2309 0.0559691
2310 0.0559147
2311 0.0558588
2312 0.0558176
2313 0.0557625
2314 0.0557347
2315 0.05571
2316 0.055684
2317 0.0556746
2319 0.0556473
2320 0.0556385
2321 0.0556371
2322 0.0555759
2323 0.0555604
2324 0.0555101
2325 0.0554815
2326 0.0554118
2327 0.0553558
2328 0.0553184
2329 0.0553055
2332 0.0552673
2333 0.055223
2334 0.0552047
2335 0.0551946
2336 0.0551834
2337 0.0551773
2338 0.0551686
2339 0.0551569
2340 0.0551212
2341 0.0551196
2342 0.0550884
2343 0.0550266
2344 0.0549968
2345 0.0549552
2346 0.0549173
2347 0.0549086
2348 0.0549083
2349 0.0549007
2350 0.0548974
2351 0.0548921
2352 0.0548821
2354 0.0548624
2355 0.0548093
2356 0.0547781
2357 0.0547725
2358 0.0547683
2360 0.0547528
2361 0.0547131
2362 0.0546922
2364 0.0546693
2365 0.0546602
2367 0.0546576
2368 0.054647
2369 0.0546277
2370 0.0545719
2372 0.0545716
2373 0.0545285
2374 0.0544911
2375 0.0544814
2377 0.05448
2380 0.0544745
2381 0.0544392
2384 0.0543846
2385 0.054369
2386 0.0543633
2388 0.0543548
2389 0.0543375
2391 0.0543128
2392 0.0542851
2393 0.0542764
2394 0.0542733
2395 0.0542678
2396 0.0542636
2397 0.0542374
2400 0.0541865
2401 0.0541532
2402 0.0541374
2403 0.0541299
2404 0.0541269
2405 0.0541261
2406 0.0541242
2407 0.0541135
2409 0.0541042
2411 0.0541012
2414 0.0540367
2415 0.0539999
2416 0.0539834
2420 0.0539685
2421 0.0539682
2425 0.053945
2426 0.0539108
2427 0.0538608
2428 0.0538291
2429 0.0537845
2430 0.0537407
2431 0.0537263
2432 0.0536856
2433 0.0536734
2435 0.0536391
2436 0.0536154
2437 0.0536043
2439 0.0535632
2440 0.0535291
2441 0.0534784
2442 0.0534439
2443 0.0533894
2444 0.0533493
2445 0.0533167
2446 0.053314
2448 0.0533076
2449 0.0533015
2450 0.0533013
2452 0.0532834
2454 0.0532452
2455 0.0531821
2456 0.053127
2457 0.0531061
2458 0.0531058
2459 0.0530894
2460 0.0530618
2461 0.0530562
2464 0.053046
2465 0.0530341
2466 0.0529996
2467 0.0529447
2468 0.0528987
2469 0.0528536
2470 0.0528036
2471 0.0528002
2473 0.0527484
2474 0.0526927
2475 0.0526696
2476 0.0526591
2477 0.0526571
2478 0.0526361
2479 0.0526131
2480 0.0525937
2481 0.0525897
2483 0.0525732
2484 0.0525581
2485 0.0525373
2486 0.0525066
2487 0.0524645
2488 0.05243
2489 0.0523986
2490 0.0523708
2491 0.0523634
2492 0.0523549
2493 0.0523402
2497 0.0523307
2500 0.0522771
2501 0.0522467
2502 0.0522366
2504 0.0522241
2505 0.0522084
2507 0.0521641
2508 0.0521596
2509 0.0521516
2510 0.0521402
2512 0.052117
2513 0.052076
2514 0.0520366
2515 0.0520023
2516 0.051994
2517 0.051949
2518 0.0519016
2519 0.0518628
2520 0.0518198
2521 0.0517893
2522 0.0517773
2523 0.0517738
2524 0.0517628
2525 0.0517619
2526 0.0517263
2527 0.0516931
2528 0.0516538
2529 0.0516037
2530 0.0515628
2531 0.0515184
2532 0.0514791
2533 0.0514477
2534 0.0514192
2535 0.0513937
2536 0.0513814
2540 0.0513389
2541 0.0513316
2542 0.0512596
2543 0.0512041
2544 0.051154
2545 0.0511068
2546 0.0510619
2547 0.0510138
2548 0.0509653
2550 0.0509606
2551 0.0509331
2552 0.0509327
2554 0.0509245
2556 0.0509129
2557 0.0509049
2558 0.0508726
2559 0.0508198
2560 0.0507803
2561 0.0507412
2562 0.0507185
2564 0.0507081
2565 0.0506741
2566 0.0506721
2570 0.0506485
2571 0.0506148
2572 0.0505607
2573 0.0505117
2574 0.0504686
2575 0.0504312
2576 0.0504007
2577 0.0503725
2578 0.0503412
2579 0.0503031
2580 0.0502635
2581 0.0502271
2582 0.0502026
2583 0.0501836
2584 0.0501707
2586 0.0501207
2587 0.0500708
2588 0.0500212
2589 0.049972
2590 0.0499249
2591 0.0498761
2592 0.0498251
2593 0.049774
2594 0.0497227
2595 0.0496713
2596 0.04962
2597 0.049568
2598 0.0495166
2599 0.049467
2600 0.0494137
2601 0.0493612
2602 0.0493077
2603 0.0492553
2604 0.049206
2605 0.0491527
2606 0.0490986
2607 0.0490453
2608 0.0489916
2609 0.0489382
2610 0.0488849
2611 0.0488316
2612 0.0487783
2613 0.0487251
2614 0.048673
2615 0.0486202
2616 0.0485724
2617 0.0485173
2618 0.0484628
2619 0.0484085
2620 0.048355
2621 0.048307
2622 0.0482554
2623 0.0482187
2624 0.0481652
2625 0.0481126
2626 0.0480647
2627 0.0480133
2628 0.0479615
2629 0.0479155
2630 0.0478649
2631 0.047814
2632 0.0477706
2633 0.0477222
2634 0.0476757
2635 0.0476505
2636 0.0476208
2637 0.0476004
2638 0.047598
2640 0.0475666
2641 0.0475328
2642 0.0475157
2644 0.0474666
2645 0.0474263
2646 0.0473887
2647 0.0473581
2648 0.0473338
2649 0.047329
2650 0.047324
2651 0.0473148
2654 0.0473102
2655 0.047302
2656 0.0472487
2657 0.0472003
2658 0.0471686
2659 0.0471607
2662 0.0471466
2663 0.0471097
2664 0.0470998
2665 0.0470993
2666 0.0470839
2667 0.0470829
2669 0.0470791
2670 0.0470416
2671 0.0470244
2672 0.0469936
2674 0.0469801
2675 0.0469347
2676 0.0469033
2677 0.0468959
2679 0.046894
2681 0.046892
2682 0.0468876
2685 0.0468408
2686 0.0468277
2687 0.046806
2688 0.0467834
2690 0.0467749
2691 0.0467474
2693 0.0467462
2694 0.0467104
2695 0.046684
2696 0.0466747
2698 0.0466681
2699 0.0466636
2700 0.0466472
2703 0.0466051
2704 0.0465598
2705 0.0465424
2706 0.0465392
2707 0.0465313
2709 0.0465211
2710 0.0464793
2711 0.0464522
2712 0.0464242
2713 0.0464231
2716 0.0464214
2717 0.0463894
2718 0.0463312
2719 0.0462837
2720 0.0462408
2721 0.0462095
2722 0.0461703
2723 0.046131
2724 0.0460763
2725 0.0460248
2726 0.0459875
2727 0.0459338
2728 0.0458916
2729 0.0458535
2730 0.0458173
2731 0.0458145
2733 0.0457774
2734 0.0457483
2735 0.045734
2737 0.0457186
2738 0.0456789
2740 0.0456705
2741 0.0456204
2742 0.0455904
2743 0.0455687
2744 0.0455598
2746 0.0455472
2749 0.045516
2752 0.0454683
2753 0.0454587
2754 0.0454568
2755 0.0454331
2759 0.0454206
2760 0.0453876
2762 0.0453856
2763 0.0453524
2764 0.0453369
2765 0.045318
2766 0.0452888
2767 0.0452881
2768 0.0452838
2771 0.0452344
2772 0.0452116
2773 0.0452003
2777 0.0451939
2780 0.0451514
2781 0.0451343
2782 0.0451287
2783 0.0451228
2784 0.0451181
2785 0.0450943
2786 0.045062
2788 0.0450615
2789 0.0450207
2790 0.044988
2791 0.0449736
2792 0.0449556
2793 0.0449326
2794 0.0449265
2797 0.044915
2800 0.0448709
2801 0.0448562
2802 0.0448505
2803 0.0448493
2805 0.0448445
2807 0.0448365
2808 0.0447945
2809 0.044777
2810 0.0447673
2811 0.0447647
2812 0.0447516
2813 0.0447456
2816 0.0447089
2817 0.0446881
2818 0.0446742
2820 0.0446741
2821 0.0446631
2822 0.0446611
2823 0.0446425
2824 0.0446353
2825 0.044633
2827 0.0446095
2828 0.0445724
2829 0.0445393
2830 0.0445259
2833 0.0445204
2834 0.0445192
2835 0.0445183
2837 0.0444871
2838 0.044451
2839 0.0444236
2840 0.0444072
2841 0.0444002
2842 0.0443957
2845 0.0443408
2846 0.0443225
2847 0.0443075
2848 0.0443045
2850 0.0442973
2851 0.044291
2854 0.0442565
2855 0.044229
2856 0.0442155
2857 0.0441786
2858 0.0441498
2859 0.0441416
2860 0.0441363
2863 0.0441081
2864 0.0441072
2866 0.0440781
2867 0.0440695
2868 0.0440305
2869 0.0440089
2870 0.0440063
2872 0.0439632
2873 0.043915
2874 0.0438833
2875 0.0438749
2877 0.0438722
2879 0.0438398
2880 0.04382
2881 0.0437915
2882 0.0437896
2883 0.0437604
2884 0.0437085
2885 0.0436816
2886 0.0436494
2887 0.0436387
2891 0.0436341
2892 0.0436306
2893 0.0436277
2894 0.0436123
2896 0.0435932
2897 0.0435385
2898 0.0435216
2903 0.0435102
2905 0.0434683
2906 0.0434464
2907 0.0434301
2909 0.0434194
2910 0.0433986
2913 0.0433403
2914 0.0433029
2915 0.0432955
2917 0.0432895
2918 0.0432881
2919 0.0432814
2920 0.043276
2921 0.0432584
2922 0.0432581
2923 0.043251
2925 0.0432246
2926 0.04317
2927 0.0431359
2928 0.0431014
2929 0.0430766
2930 0.0430673
2931 0.0430672
2939 0.0430124
2940 0.0429651
2941 0.0429517
2944 0.0429423
2946 0.0429042
2947 0.0428679
2948 0.0428565
2949 0.0428355
2950 0.0428313
2951 0.0428096
2952 0.0428021
2953 0.04279
2954 0.0427817
2955 0.0427442
2956 0.0427116
2957 0.0426928
2959 0.0426874
2960 0.0426517
2961 0.0426402
2962 0.0426198
2963 0.0426077
2965 0.0425801
2966 0.042572
2967 0.0425546
2968 0.0425135
2969 0.0424838
2970 0.0424452
2971 0.0424338
2972 0.0424283
2973 0.0423992
2974 0.0423835
2977 0.0423649
2978 0.0423221
2979 0.0422911
2980 0.0422819
2981 0.0422742
2982 0.0422445
2983 0.0422104
2984 0.0421735
2985 0.0421345
2986 0.0420902
2987 0.042056
2988 0.0420326
2989 0.0420012
2990 0.0419628
2991 0.0419316
2992 0.0418957
2993 0.0418492
2994 0.041806
2995 0.0417627
2996 0.0417226
2997 0.0416807
2998 0.0416361
2999 0.0415894
3000 0.0415437
3001 0.0414981
3002 0.041451
3003 0.0414037
3004 0.0413565
3005 0.0413097
3006 0.0412627
3007 0.0412159
3008 0.0411901
3010 0.0411846
3012 0.041176
3013 0.0411327
3014 0.0411142
3015 0.0411104
3016 0.0411073
3017 0.0411068
3019 0.0410701
3020 0.0410544
3023 0.0410018
3024 0.0409845
3025 0.0409829
3026 0.0409404
3028 0.0409367
3029 0.0409126
3030 0.040878
3031 0.0408389
3032 0.0408078
3033 0.0407716
3034 0.0407364
3035 0.0407282
3037 0.0406852
3038 0.0406465
3039 0.0406041
3040 0.040563
3041 0.0405405
3042 0.0405135
3043 0.0405085
3044 0.0404963
3045 0.0404575
3046 0.040425
3047 0.040406
3048 0.0403886
3049 0.0403757
3050 0.0403723
3051 0.0403528
3053 0.0403341
3054 0.0403006
3055 0.0402858
3056 0.0402838
3057 0.040272
3059 0.0402704
3060 0.0402694
3063 0.0402589
3065 0.0402209
3066 0.0401763
3067 0.0401488
3068 0.0401458
3069 0.0401408
3070 0.0401147
3072 0.0401002
3073 0.0400926
3075 0.0400537
3076 0.0400282
3077 0.0400141
3078 0.0400097
3079 0.0400047
3080 0.0399935
3081 0.0399483
3082 0.0399248
3083 0.0399056
3085 0.0398851
3086 0.0398774
3087 0.0398763
3088 0.0398696
3091 0.0398695
3092 0.0398143
3093 0.0397976
3094 0.0397514
3095 0.0397249
3096 0.0396892
3097 0.0396795
3098 0.0396758
3101 0.0396534
3103 0.0396193
3105 0.0396132
3106 0.0395804
3107 0.0395562
3108 0.039544
3110 0.0395273
3111 0.0394926
3112 0.0394767
3114 0.0394761
3115 0.0394633
3116 0.0394525
3117 0.039447
3123 0.0393835
3124 0.0393498
3125 0.0393439
3126 0.0393304
3127 0.0393073
3128 0.0392857
3131 0.0392764
3134 0.0392697
3136 0.0392173
3137 0.039184
3138 0.039144
3139 0.0391383
3141 0.0390841
3142 0.0390429
3143 0.0390136
3144 0.0390012
3145 0.0390011
3146 0.0389767
3147 0.0389634
3149 0.0389264
3152 0.0388873
3153 0.0388622
3154 0.0388553
3155 0.0388541
3156 0.0388428
3158 0.0388424
3159 0.0388397
3160 0.0388392
3163 0.0387896
3164 0.0387668
3165 0.0387375
3168 0.0387028
3170 0.0387023
3171 0.0386939
3173 0.0386651
3174 0.0386406
3175 0.0386284
3177 0.0386049
3180 0.0385703
3181 0.0385431
3183 0.0385428
3184 0.0385381
3186 0.0385316
3189 0.0385258
3192 0.0384855
3193 0.0384579
3194 0.0384569
3196 0.038414
3197 0.0383896
3198 0.0383637
3199 0.0383492
3201 0.038347
3202 0.0383466
3204 0.0383455
3205 0.0383367
3207 0.0383169
3208 0.0382718
3209 0.0382413
3210 0.038208
3211 0.0381875
3213 0.0381852
3214 0.0381579
3218 0.0381569
3221 0.0381196
3222 0.0380967
3223 0.0380768
3225 0.0380639
3226 0.0380495
3228 0.0380166
3229 0.0380093
3231 0.0380026
3232 0.0380025
3235 0.0380016
3236 0.0379705
3237 0.0379273
3238 0.0378976
3239 0.0378838
3240 0.0378833
3241 0.0378683
3242 0.0378272
3243 0.0377879
3244 0.0377652
3245 0.037741
3247 0.0377385
3248 0.0377326
3249 0.0377304
3250 0.0376913
3251 0.0376598
3252 0.0376473
3256 0.0376407
3257 0.0376049
3258 0.0375868
3259 0.0375682
3261 0.037568
3262 0.0375671
3265 0.0375267
3266 0.0375073
3269 0.0374979
3270 0.037496
3271 0.0374768
3274 0.0374609
3276 0.0374585
3277 0.0374133
3278 0.0373821
3279 0.0373711
3284 0.0373362
3287 0.0372957
3288 0.0372812
3289 0.0372803
3290 0.0372534
3293 0.0372526
3295 0.0372273
3296 0.0372262
3297 0.0372047
3298 0.0371697
3299 0.0371585
3300 0.0371569
3301 0.0371417
3304 0.0370941
3305 0.0370556
3306 0.0370451
3307 0.0370435
3308 0.0370297
3310 0.0370287
3311 0.0370255
3314 0.0369816
3315 0.0369494
3316 0.0369446
3318 0.0369197
3319 0.0368763
3320 0.0368721
3323 0.0368712
3324 0.0368528
3325 0.0368407
3327 0.0368019
3328 0.0367775
3329 0.0367735
3330 0.0367703
3333 0.0367221
3334 0.0367057
3335 0.0366987
3338 0.0366984
3339 0.0366907
3340 0.0366897
3342 0.0366796
3343 0.0366469
3344 0.0366306
3345 0.036625
3346 0.0366249
3347 0.0366188
3349 0.0366158
3351 0.0366153
3354 0.0365633
3355 0.0365333
3356 0.0365249
3357 0.0365202
3358 0.0365156
3359 0.0365063
3360 0.0364952
3362 0.0364898
3363 0.0364867
3366 0.036485
3367 0.0364349
3368 0.0363954
3369 0.0363749
3371 0.0363712
3372 0.0363642
3373 0.0363556
3374 0.0363136
3375 0.0362906
3376 0.0362757
3377 0.0362692
3378 0.0362653
3379 0.0362539
3381 0.0362129
3382 0.0361762
3383 0.03617
3384 0.0361366
3385 0.0360861
3386 0.0360619
3387 0.0360363
3388 0.0360056
3389 0.0359701
3394 0.0359659
3395 0.0359552
3396 0.0359399
3397 0.0359312
3398 0.0359304
3399 0.0358826
3400 0.0358484
3401 0.0358339
3402 0.0358135
3403 0.035788
3404 0.0357653
3405 0.0357512
3407 0.035725
3409 0.0357115
3410 0.0357114
3411 0.0357011
3412 0.0356977
3413 0.0356679
3414 0.035644
3415 0.0356317
3418 0.0355873
3419 0.035551
3420 0.0355291
3422 0.0355289
3425 0.0355205
3427 0.0354743
3428 0.0354383
3431 0.0354179
3432 0.0353709
3433 0.0353282
3434 0.0353115
3435 0.0352618
3436 0.0352176
3437 0.0351759
3438 0.0351395
3439 0.0351088
3440 0.035099
3441 0.035096
3442 0.0350796
3443 0.0350778
3444 0.0350411
3445 0.0350199
3446 0.0349793
3447 0.0349538
3448 0.0349169
3449 0.0348703
3450 0.0348296
3451 0.0347931
3452 0.0347727
3453 0.0347708
3454 0.034769
3455 0.0347449
3456 0.0347412
3458 0.0347398
3459 0.0347359
3460 0.034735
3462 0.0346734
3463 0.0346447
3464 0.0346389
3465 0.0346249
3468 0.0346035
3469 0.034602
3470 0.034577
3471 0.0345403
3472 0.0345272
3473 0.0345249
3475 0.0344969
3476 0.0344764
3477 0.0344396
3478 0.0344335
3479 0.0344301
3480 0.0343917
3481 0.0343638
3482 0.0343507
3484 0.0343159
3485 0.0342765
3486 0.0342384
3487 0.0341987
3488 0.0341576
3489 0.0341163
3490 0.0340746
3491 0.0340334
3492 0.0339926
3493 0.0339512
3494 0.0339101
3495 0.033869
3496 0.033829
3497 0.033789
3498 0.033749
3499 0.0337161
3500 0.0336816
3501 0.0336614
3503 0.0336546
3504 0.0336132
3505 0.0335769
3506 0.0335408
3507 0.0335026
3508 0.0334723
3509 0.0334636
3510 0.0334591
3511 0.0334191
3512 0.0333982
3513 0.0333683
3514 0.0333435
3515 0.0333215
3516 0.0332891
3517 0.0332817
3518 0.0332694
3519 0.0332548
3520 0.0332376
3521 0.0331957
3522 0.0331621
3523 0.0331454
3524 0.0331382
3525 0.0331371
3526 0.033113
3529 0.0330738
3530 0.0330469
3531 0.0330298
3532 0.0330181
3534 0.0329852
3535 0.0329537
3536 0.0329264
3537 0.0329112
3538 0.0329038
3539 0.0329018
3542 0.0328623
3543 0.0328483
3545 0.0328472
3547 0.0328437
3548 0.0328355
3549 0.0328318
3551 0.0327936
3552 0.0327912
3554 0.0327617
3555 0.0327304
3556 0.032706
3557 0.0326882
3560 0.0326489
3561 0.0326465
3562 0.0326408
3563 0.0326329
3565 0.0326048
3566 0.0325887
3567 0.0325834
3568 0.0325748
3569 0.0325696
3571 0.0325651
3572 0.0325299
3573 0.0324901
3574 0.0324776
3575 0.0324742
3577 0.0324625
3578 0.032448
3581 0.0324212
3582 0.0323996
3584 0.0323974
3585 0.0323716
3586 0.0323593
3587 0.0323297
3588 0.0323002
3589 0.0322834
3591 0.0322715
3593 0.0322602
3594 0.0322424
3596 0.0322416
3597 0.0322122
3598 0.0321961
3601 0.0321808
3603 0.0321797
3604 0.0321392
3605 0.0321126
3606 0.0320947
3607 0.0320843
3610 0.0320776
3613 0.0320426
3614 0.0320223
3615 0.0320217
3616 0.0320214
3617 0.032005
3619 0.032001
3622 0.0319601
3623 0.0319502
3625 0.0319404
3626 0.0319357
3627 0.0319252
3628 0.0318985
3632 0.0318826
3633 0.0318435
3634 0.0318351
3635 0.0318338
3636 0.0318132
3637 0.0317823
3638 0.0317481
3639 0.0317232
3640 0.0317004
3641 0.0316647
3642 0.0316366
3643 0.0316173
3644 0.0315908
3645 0.0315742
3646 0.031537
3647 0.0315055
3648 0.0314773
3649 0.0314677
3650 0.0314646
3652 0.0314546
3653 0.0314109
3654 0.0313846
3655 0.0313794
3656 0.0313765
3659 0.0313758
3660 0.031375
3661 0.0313464
3662 0.0313325
3663 0.031331
3664 0.0313241
3665 0.0313003
3666 0.0312967
3667 0.0312903
3668 0.0312338
3669 0.0312063
3670 0.0311804
3671 0.0311766
3672 0.0311743
3673 0.0311696
3675 0.0311565
3677 0.0311549
3680 0.0311093
3681 0.0310772
3683 0.0310734
3684 0.0310654
3685 0.0310282
3686 0.0309992
3687 0.0309708
3688 0.0309391
3689 0.0309235
3690 0.0308994
3691 0.030894
3693 0.0308646
3694 0.0308386
3695 0.0307973
3696 0.0307706
3697 0.0307589
3698 0.0307563
3699 0.0307311
3700 0.0306969
3701 0.0306619
3702 0.030622
3703 0.0305814
3704 0.0305415
3705 0.0305016
3706 0.0304613
3707 0.0304251
3708 0.0303893
3709 0.0303618
3710 0.0303326
3711 0.0302971
3712 0.0302575
3713 0.0302166
3714 0.0301775
3715 0.0301357
3716 0.0300939
3717 0.0300598
3718 0.0300245
3719 0.0299895
3720 0.0299506
3721 0.0299087
3722 0.029866
3723 0.0298234
3724 0.0297814
3725 0.02974
3726 0.0296979
3727 0.0296602
3728 0.0296145
3729 0.0295688
3730 0.0295235
3731 0.0294786
3732 0.029435
3733 0.0293923
3734 0.0293489
3735 0.0293061
3736 0.0292672
3737 0.029233
3738 0.029206
3739 0.0291675
3740 0.0291281
3741 0.0290885
3742 0.0290521
3743 0.0290168
3744 0.0289882
3745 0.0289531
3746 0.0289332
3747 0.0289144
3749 0.0289074
3750 0.0288994
3752 0.0288646
3753 0.0288287
3754 0.0288058
3755 0.0287957
3757 0.0287672
3758 0.0287335
3759 0.0287105
3760 0.0286999
3761 0.0286943
3762 0.0286878
3763 0.0286491
3764 0.0286362
3765 0.0286308
3766 0.028595
3767 0.0285656
3770 0.0285631
3771 0.0285603
3772 0.0285295
3773 0.0285109
3776 0.0285017
3777 0.0285015
3778 0.0284823
3779 0.0284608
3782 0.0284295
3783 0.0284157
3784 0.0284134
3785 0.0284128
3787 0.0284116
3793 0.0283897
3794 0.0283589
3795 0.0283424
3797 0.0283357
3798 0.0283116
3799 0.0282883
3801 0.0282804
3802 0.02828
3803 0.0282772
3805 0.0282768
3806 0.0282728
3808 0.0282451
3809 0.0282105
3810 0.0281982
3811 0.0281955
3812 0.028192
3813 0.0281899
3819 0.028181
3820 0.0281333
3821 0.028103
3822 0.0280919
3825 0.0280679
3826 0.0280598
3830 0.0280447
3831 0.0280437
3832 0.0280146
3833 0.0279855
3838 0.0279442
3839 0.0279288
3840 0.0279245
3842 0.0279018
3843 0.02789
3845 0.0278763
3847 0.0278625
3848 0.0278242
3849 0.0278211
3850 0.0278205
3852 0.0278201
3853 0.0278197
3857 0.0277839
3858 0.0277594
3861 0.0277327
3862 0.0277181
3863 0.0276922
3865 0.0276855
3866 0.0276574
3867 0.0276549
3869 0.0276537
3870 0.0276532
3871 0.0276153
3872 0.0275799
3873 0.0275435
3874 0.0275078
3875 0.0274828
3876 0.0274576
3877 0.0274147
3878 0.0274098
3880 0.0273694
3881 0.0273487
3882 0.0273411
3883 0.02734
3886 0.0273299
3887 0.027326
3890 0.0273119
3891 0.0272745
3892 0.0272671
3893 0.0272602
3894 0.0272398
3895 0.0272147
3896 0.0271993
3899 0.0271898
3900 0.0271862
3903 0.0271542
3904 0.0271202
3905 0.0270899
3906 0.0270558
3907 0.0270269
3908 0.0270089
3909 0.0269893
3910 0.0269744
3911 0.0269532
3912 0.0269337
3913 0.026933
3915 0.0269023
3916 0.0268828
3917 0.0268661
3918 0.026862
3919 0.0268245
3920 0.0267892
3921 0.0267617
3922 0.0267428
3923 0.0267245
3924 0.0267011
3926 0.0267001
3927 0.0266859
3928 0.0266645
3929 0.0266639
3930 0.0266634
3931 0.0266629
3933 0.0266625
3934 0.0266624
3937 0.0266291
3938 0.0266105
3939 0.0265892
3940 0.0265755
3941 0.026571
3943 0.0265472
3946 0.0265177
3947 0.0265085
3948 0.0265045
3949 0.0264843
3950 0.0264839
3951 0.0264808
3952 0.0264669
3953 0.0264621
3954 0.0264619
3955 0.0264345
3956 0.0264246
3957 0.0263724
3958 0.0263424
3959 0.0263287
3961 0.0263264
3967 0.0263236
3968 0.0263178
3970 0.0262734
3971 0.0262616
3974 0.0262342
3975 0.0262191
3976 0.0262157
3977 0.0262059
3979 0.0261782
3980 0.0261768
3981 0.026176
3982 0.0261397
3983 0.0260956
3984 0.0260654
3985 0.0260526
3987 0.0260168
3988 0.0259958
3989 0.025995
3990 0.0259931
3992 0.0259919
3997 0.0259512
3998 0.0259407
4000 0.0259279
4002 0.0258986
4003 0.0258913
4004 0.0258592
4005 0.0258417
4006 0.0258337
4007 0.0258214
4008 0.0258213
4009 0.0258141
4010 0.025813
4011 0.0257959
4012 0.0257569
4013 0.0257271
4014 0.0257038
4015 0.0256694
4016 0.0256536
4018 0.0256519
4019 0.025622
4020 0.0255861
4021 0.0255637
4022 0.0255392
4023 0.0255262
4024 0.0255177
4026 0.0254794
4027 0.0254532
4028 0.0254317
4032 0.0254293
4033 0.0253938
4034 0.0253676
4035 0.0253644
4036 0.0253641
4037 0.0253602
4039 0.0253294
4040 0.0253268
4042 0.0252931
4043 0.0252611
4044 0.0252456
4045 0.0252373
4046 0.0252311
4047 0.0252137
4048 0.025213
4051 0.0252114
4052 0.0251963
4053 0.0251705
4054 0.0251362
4055 0.025119
4056 0.0250839
4057 0.0250742
4059 0.0250685
4062 0.0250509
4063 0.0250444
4064 0.0250404
4065 0.0250336
4067 0.0250046
4069 0.0249981
4070 0.0249882
4071 0.0249543
4072 0.0249428
4073 0.0249426
4074 0.0249237
4075 0.0249113
4076 0.0249069
4077 0.0249065
4078 0.0249045
4082 0.024853
4083 0.024837
4084 0.0248206
4086 0.0248159
4089 0.0248143
4090 0.0248081
4092 0.0247796
4093 0.0247404
4094 0.0247303
4095 0.0247284
4096 0.02471
4098 0.0247098
4099 0.0246746
4100 0.0246547
4101 0.0246369
4102 0.0246358
4106 0.0246136
4107 0.024574
4108 0.0245659
4111 0.0245647
4112 0.0245242
4113 0.0245008
4114 0.024481
4115 0.024473
4117 0.0244705
4118 0.0244689
4120 0.0244611
4121 0.0244231
4122 0.0244161
4124 0.0244106
4125 0.0244092
4127 0.0244047
4130 0.0243713
4131 0.0243694
4132 0.0243634
4133 0.0243562
4134 0.024354
4135 0.0243305
4136 0.0243235
4137 0.0242831
4138 0.0242809
4139 0.0242632
4140 0.0242436
4141 0.0242427
4142 0.0242241
4143 0.024213
4144 0.0241836
4145 0.0241685
4146 0.0241338
4147 0.0240995
4148 0.024068
4149 0.024056
4152 0.024054
4153 0.0240454
4154 0.0240307
4155 0.0239859
4156 0.0239608
4157 0.0239466
4160 0.0239382
4161 0.0239143
4162 0.0239045
4163 0.0239017
4164 0.0238963
4165 0.0238862
4167 0.0238835
4168 0.0238814
4170 0.0238606
4171 0.023828
4172 0.0238225
4175 0.0238218
4179 0.0238166
4180 0.0237881
4181 0.0237756
4182 0.0237663
4183 0.0237626
4185 0.0237616
4186 0.0237369
4188 0.0237239
4189 0.0237066
4190 0.023705
4192 0.0237034
4193 0.0236976
4195 0.0236782
4196 0.0236525
4197 0.0236479
4199 0.0236357
4200 0.0236316
4201 0.0236251
4203 0.0236184
4204 0.0235824
4205 0.0235759
4206 0.0235753
4208 0.0235728
4210 0.0235696
4211 0.0235393
4212 0.0235275
4213 0.0235269
4216 0.0235191
4217 0.0235161
4218 0.0235056
4220 0.0235004
4221 0.0234572
4222 0.0234522
4224 0.0234197
4225 0.0233963
4226 0.0233835
4228 0.0233797
4231 0.0233698
4232 0.0233581
4234 0.0233566
4235 0.0233326
4236 0.0233127
4238 0.0233097
4241 0.0232822
4242 0.0232723
4243 0.0232719
4244 0.0232674
4245 0.0232673
4246 0.0232619
4250 0.0232393
4251 0.0232299
4252 0.0232189
4253 0.023187
4254 0.0231842
4258 0.0231616
4260 0.0231585
4261 0.0231398
4265 0.0231027
4266 0.0230825
4267 0.0230628
4268 0.023059
4272 0.0230211
4273 0.0229931
4274 0.0229568
4275 0.0229249
4276 0.0228999
4277 0.0228815
4278 0.0228716
4279 0.0228691
4280 0.0228388
4281 0.0228169
4282 0.0227878
4283 0.0227537
4284 0.022725
4285 0.0227098
4286 0.0226945
4287 0.0226648
4288 0.0226424
4289 0.0226276
4290 0.0226207
4292 0.0226192
4293 0.0226143
4294 0.0226016
4296 0.0226005
4297 0.0225509
4298 0.0225282
4300 0.0225277
4301 0.0225076
4302 0.0224848
4306 0.0224813
4307 0.0224762
4308 0.0224752
4311 0.0224409
4312 0.0224092
4313 0.0223809
4314 0.0223525
4315 0.0223185
4316 0.0222943
4317 0.022269
4318 0.0222446
4319 0.0222391
4320 0.0222314
4322 0.0222026
4323 0.0221607
4324 0.0221456
4325 0.0221298
4326 0.0221188
4327 0.0221186
4329 0.0221183
4331 0.0221031
4332 0.0221003
4336 0.0220699
4338 0.0220694
4339 0.0220511
4340 0.0220323
4341 0.0220284
4343 0.0220243
4346 0.0220236
4347 0.0220221
4348 0.0220198
4350 0.0220182
4351 0.0219816
4352 0.0219762
4353 0.0219713
4355 0.0219693
4356 0.0219355
4357 0.0219345
4361 0.0219289
4362 0.0219277
4365 0.02189
4366 0.0218766
4368 0.0218757
4369 0.0218647
4370 0.0218241
4371 0.0217943
4372 0.0217746
4373 0.0217681
4375 0.0217657
4376 0.0217631
4377 0.0217587
4379 0.0217257
4380 0.0216897
4381 0.0216542
4382 0.0216215
4383 0.0216009
4384 0.0215718
4385 0.0215549
4386 0.021515
4387 0.0214997
4388 0.0214823
4390 0.021482
4391 0.0214807
4393 0.0214716
4394 0.0214648
4395 0.0214452
4396 0.0214324
4399 0.0214305
4400 0.0214098
4403 0.0213804
4404 0.0213708
4406 0.0213644
4407 0.0213631
4408 0.0213557
4413 0.021324
4415 0.0213225
4416 0.0212877
4417 0.0212696
4418 0.0212558
4420 0.0212547
4421 0.0212319
4422 0.0212308
4423 0.02123
4425 0.0212241
4426 0.0212104
4427 0.0212093
4428 0.0211839
4429 0.0211729
4432 0.0211416
4433 0.0211321
4435 0.0211106
4438 0.0211103
4439 0.0211102
4442 0.0210952
4443 0.0210892
4445 0.0210412
4446 0.0210053
4447 0.0209733
4448 0.0209393
4449 0.0209053
4450 0.020871
4451 0.0208428
4452 0.0208089
4453 0.0207857
4454 0.0207755
4455 0.0207713
4456 0.0207648
4458 0.0207636
4459 0.020752
4460 0.0207489
4461 0.0207363
4462 0.0207356
4463 0.0207218
4464 0.020718
4468 0.0206783
4469 0.0206572
4470 0.0206484
4472 0.020635
4473 0.0206319
4477 0.0206054
4478 0.0205706
4479 0.0205685
4481 0.0205634
4486 0.0205565
4487 0.0205207
4488 0.0205049
4490 0.0204997
4491 0.0204902
4494 0.0204612
4495 0.0204591
4496 0.0204586
4501 0.0204305
4502 0.020418
4503 0.0203833
4505 0.0203818
4507 0.0203799
4508 0.0203505
4509 0.0203194
4510 0.020315
4511 0.0203142
4512 0.0203058
4513 0.0203045
4514 0.0203005
4516 0.0202603
4517 0.020245
4519 0.0202413
4520 0.0202143
4521 0.0202009
4523 0.0201981
4524 0.0201919
4526 0.0201546
4527 0.0201355
4528 0.0201188
4529 0.0200981
4530 0.0200807
4531 0.0200726
4532 0.0200718
4535 0.0200617
4536 0.020059
4537 0.0200526
4538 0.0200523
4539 0.0200302
4540 0.0200225
4543 0.0200133
4546 0.0199887
4547 0.0199786
4549 0.0199568
4550 0.0199441
4552 0.0199408
4553 0.0199336
4554 0.0199288
4555 0.019892
4556 0.0198645
4557 0.0198608
4558 0.0198538
4559 0.0198278
4560 0.019813
4561 0.0198044
4562 0.0198033
4563 0.0197912
4564 0.0197566
4565 0.0197526
4569 0.0197213
4570 0.0196931
4571 0.0196895
4573 0.0196888
4574 0.0196861
4576 0.0196813
4577 0.0196712
4578 0.0196358
4579 0.0196339
4581 0.0196227
4583 0.0196208
4584 0.0196066
4585 0.0196005
4586 0.0195891
4588 0.0195876
4589 0.0195872
4591 0.0195851
4592 0.0195814
4593 0.0195359
4594 0.0195143
4595 0.0194894
4596 0.0194792
4598 0.019478
4603 0.0194404
4604 0.019414
4605 0.019393
4606 0.0193744
4607 0.0193467
4608 0.019322
4609 0.0193132
4610 0.0193101
4611 0.0192859
4612 0.0192704
4613 0.0192602
4614 0.0192254
4615 0.0192139
4618 0.0191957
4620 0.019156
4621 0.0191317
4622 0.0191278
4624 0.0190938
4625 0.0190758
4626 0.0190734
4627 0.0190708
4628 0.019068
4629 0.0190654
4632 0.019041
4633 0.0190306
4634 0.0190221
4635 0.018991
4636 0.0189839
4637 0.0189811
4638 0.0189553
4639 0.0189308
4640 0.018898
4641 0.0188712
4642 0.0188462
4643 0.018828
4644 0.0188021
4645 0.0187778
4646 0.0187447
4647 0.0187126
4648 0.0186909
4649 0.018658
4650 0.0186273
4651 0.0186005
4652 0.0185761
4653 0.0185515
4654 0.0185343
4656 0.0185335
4657 0.0185081
4658 0.0184872
4659 0.0184776
4661 0.0184559
4662 0.0184454
4663 0.0184296
4666 0.0183983
4667 0.0183734
4668 0.0183612
4669 0.0183564
4671 0.0183389
4672 0.0183134
4673 0.0183098
4674 0.0183075
4675 0.0183014
4677 0.0182853
4678 0.0182788
4679 0.0182679
4681 0.0182665
4683 0.0182456
4684 0.0182267
4685 0.0182236
4689 0.0182221
4690 0.0182218
4692 0.0182048
4693 0.0181903
4694 0.0181746
4696 0.0181659
4697 0.0181513
4698 0.0181345
4700 0.018133
4701 0.0181034
4702 0.0180946
4703 0.0180942
4704 0.0180782
4705 0.0180726
4706 0.0180701
4710 0.0180506
4711 0.0180213
4712 0.0180165
4713 0.018016
4715 0.0180153
4720 0.0180048
4722 0.0179956
4723 0.0179849
4725 0.017979
4726 0.0179772
4728 0.0179717
4729 0.0179687
4730 0.0179685
4731 0.0179672
4733 0.0179627
4734 0.0179619
4736 0.0179474
4737 0.0179379
4738 0.0179272
4739 0.0179136
4740 0.0179009
4741 0.0178891
4742 0.0178785
4743 0.0178711
4744 0.0178696
4746 0.0178672
4750 0.0178646
4751 0.0178616
4752 0.0178493
4753 0.0178336
4754 0.0178194
4755 0.0178099
4756 0.0177988
4757 0.0177876
4758 0.0177789
4759 0.0177652
4760 0.0177518
4761 0.0177391
4762 0.0177297
4763 0.0177247
4764 0.0177197
4765 0.0177128
4766 0.0177122
4768 0.0177108
4769 0.0177104
4770 0.017697
4771 0.0176836
4772 0.0176705
4773 0.01766
4774 0.0176477
4775 0.0176381
4776 0.0176361
4778 0.0176309
4779 0.0176263
4780 0.0176259
4781 0.0176179
4782 0.0176049
4783 0.0175954
4784 0.0175893
4785 0.0175854
4787 0.0175767
4789 0.0175724
4791 0.0175713
4792 0.0175688
4794 0.0175601
4795 0.017548
4796 0.0175411
4797 0.0175402
4799 0.0175386
4801 0.0175236
4802 0.0175165
4803 0.0175056
4804 0.0174956
4805 0.0174896
4806 0.0174883
4807 0.0174875
4808 0.0174842
4809 0.0174837
4810 0.0174771
4811 0.0174626
4812 0.0174491
4813 0.017436
4814 0.017429
4815 0.0174248
4816 0.0174109
4817 0.0173996
4818 0.0173859
4819 0.017374
4820 0.0173626
4821 0.0173529
4822 0.0173495
4823 0.0173494
4824 0.0173452
4825 0.0173449
4826 0.0173356
4827 0.0173265
4828 0.0173179
4829 0.0173094
4832 0.017294
4833 0.017286
4834 0.0172814
4838 0.0172808
4839 0.0172779
4841 0.0172747
4842 0.0172608
4845 0.017246
4846 0.0172328
4847 0.0172196
4848 0.0172084
4849 0.0171966
4850 0.0171852
4851 0.0171783
4852 0.0171687
4853 0.0171573
4854 0.0171467
4855 0.017137
4856 0.0171283
4857 0.0171229
4858 0.0171112
4859 0.0170995
4860 0.0170888
4861 0.0170803
4864 0.0170704
4867 0.0170678
4869 0.0170583
4870 0.0170421
4871 0.0170335
4872 0.0170241
4875 0.017014
4876 0.0170137
4878 0.0170077
4879 0.0170067
4880 0.0170032
4881 0.0170021
4882 0.0169998
4883 0.016998
4884 0.0169851
4885 0.0169727
4886 0.0169615
4887 0.0169518
4888 0.0169411
4889 0.0169309
4890 0.0169233
4891 0.016917
4893 0.0169166
4894 0.0169005
4895 0.0168918
4896 0.0168871
4897 0.0168851
4898 0.0168849
4899 0.0168788
4901 0.0168787
4902 0.0168759
4904 0.0168744
4905 0.016873
4906 0.0168581
4907 0.016845
4908 0.0168343
4909 0.0168279
4910 0.0168263
4912 0.0168256
4913 0.0168253
4914 0.0168097
4915 0.0168087
4916 0.0168073
4917 0.0168063
4918 0.0168061
4919 0.0167911
4920 0.0167793
4921 0.0167716
4922 0.0167704
4923 0.0167684
4924 0.0167625
4925 0.016748
4926 0.0167447
4927 0.0167435
4928 0.0167364
4929 0.0167249
4930 0.016713
4931 0.0167072
4932 0.0167035
4933 0.0167013
4934 0.0166888
4935 0.0166757
4936 0.0166632
4937 0.0166506
4938 0.016638
4939 0.0166255
4940 0.0166137
4941 0.0166045
4942 0.0165952
4943 0.0165882
4944 0.0165798
4945 0.0165776
4947 0.0165653
4948 0.0165532
4949 0.0165424
4950 0.0165317
4951 0.0165212
4952 0.0165103
4953 0.0165044
4956 0.0164917
4957 0.0164813
4958 0.0164731
4959 0.0164696
4960 0.016469
4961 0.0164587
4962 0.0164522
4963 0.0164476
4964 0.0164416
4965 0.0164378
4968 0.0164253
4969 0.0164135
4970 0.0164024
4971 0.0163947
4972 0.0163919
4974 0.0163849
4975 0.0163795
4976 0.0163787
4978 0.0163652
4979 0.0163539
4981 0.0163528
4982 0.0163385
4983 0.0163262
4984 0.0163176
4985 0.016309
4986 0.0163024
4987 0.0162991
4988 0.016299
4989 0.016298
4991 0.0162835
4992 0.016272
4993 0.0162612
4994 0.0162526
4995 0.0162405
4996 0.0162296
4997 0.0162243
4998 0.0162184
4999 0.0162132
5000 0.0162101
5002 0.0162049
5003 0.0161999
5004 0.0161861
5005 0.0161764
5006 0.0161677
5007 0.0161588
5008 0.0161483
5009 0.0161426
5010 0.0161284
5011 0.0161282
5013 0.0161209
5014 0.0161168
5015 0.0161163
5016 0.0161037
5017 0.016091
5018 0.0160778
5019 0.0160659
5020 0.0160548
5021 0.0160493
5022 0.0160445
5023 0.0160389
5024 0.0160364
5025 0.0160327
5026 0.0160206
5027 0.0160124
5028 0.0160071
5029 0.0160065
5030 0.0159936
5031 0.0159839
5032 0.0159777
5033 0.0159721
5040 0.0159583
5041 0.01595
5042 0.0159439
5043 0.0159363
5044 0.0159334
5046 0.015932
5047 0.0159177
5048 0.015917
5050 0.0159094
5051 0.0159054
5052 0.015905
5053 0.0158928
5054 0.0158838
5055 0.015879
5056 0.0158786
5057 0.0158719
5058 0.0158609
5059 0.0158569
5060 0.0158553
5061 0.0158428
5062 0.0158388
5063 0.0158352
5064 0.0158351
5065 0.01583
5066 0.0158239
5067 0.0158235
5068 0.0158166
5070 0.0158139
5071 0.0157988
5072 0.0157929
5073 0.0157891
5074 0.0157887
5075 0.0157799
5076 0.0157752
5077 0.0157742
5079 0.0157737
5081 0.0157594
5082 0.0157527
5083 0.0157438
5084 0.015732
5085 0.0157271
5086 0.0157248
5088 0.0157235
5090 0.0157081
5091 0.0156946
5092 0.0156861
5093 0.0156816
5095 0.0156732
5096 0.0156668
5097 0.015657
5098 0.0156502
5099 0.0156485
5101 0.0156358
5102 0.0156211
5103 0.0156069
5104 0.0155933
5105 0.0155877
5106 0.015577
5107 0.015565
5108 0.0155516
5109 0.0155384
5110 0.0155255
5111 0.0155126
5112 0.0155008
5113 0.0154878
5114 0.0154753
5115 0.0154627
5116 0.0154506
5117 0.0154369
5118 0.0154234
5119 0.01541
5120 0.0153965
5121 0.015383
5122 0.0153698
5123 0.0153565
5124 0.0153434
5125 0.0153301
5126 0.0153171
5127 0.0153039
5128 0.0152912
5129 0.0152779
5130 0.0152647
5131 0.0152521
5132 0.0152392
5133 0.0152263
5134 0.0152136
5135 0.0152006
5136 0.0151878
5137 0.0151748
5138 0.0151619
5139 0.0151489
5140 0.0151364
5141 0.0151237
5142 0.0151146
5143 0.0151056
5144 0.0151021
5146 0.0150956
5147 0.0150846
5148 0.0150772
5149 0.0150714
5150 0.0150581
5151 0.0150464
5152 0.0150324
5153 0.0150192
5154 0.0150064
5155 0.0149932
5156 0.0149805
5157 0.0149676
5158 0.0149559
5159 0.0149452
5160 0.0149343
5161 0.0149234
5162 0.0149109
5163 0.0148986
5164 0.0148856
5165 0.0148732
5166 0.0148611
5167 0.0148532
5168 0.0148456
5169 0.014842
5170 0.0148402
5172 0.0148376
5173 0.0148215
5174 0.0148073
5175 0.0147943
5176 0.0147823
5177 0.0147742
5178 0.0147656
5179 0.0147578
5180 0.0147571
5181 0.014757
5182 0.0147502
5183 0.0147456
5186 0.0147414
5187 0.0147286
5188 0.0147184
5189 0.0147109
5190 0.0147079
5191 0.0147054
5192 0.014702
5193 0.0146998
5194 0.0146957
5195 0.01469
5196 0.0146864
5197 0.0146824
5198 0.014671
5199 0.0146687
5201 0.0146561
5202 0.014651
5207 0.0146399
5208 0.0146345
5209 0.0146315
5210 0.0146308
5211 0.0146197
5212 0.0146136
5213 0.0146103
5214 0.0145974
5215 0.014586
5216 0.0145759
5217 0.0145656
5218 0.0145586
5219 0.0145568
5220 0.0145437
5221 0.0145356
5222 0.0145296
5223 0.0145249
5224 0.0145248
5225 0.0145162
5226 0.0145135
5228 0.0145132
5229 0.0145092
5230 0.0145081
5231 0.0145043
5232 0.0144903
5233 0.0144793
5234 0.0144695
5235 0.0144599
5236 0.0144478
5237 0.0144383
5238 0.0144321
5239 0.0144302
5241 0.0144266
5242 0.0144167
5243 0.0144074
5244 0.0144032
5245 0.0144029
5246 0.014392
5247 0.0143874
5248 0.0143805
5249 0.0143693
5250 0.0143621
5251 0.0143614
5252 0.0143587
5253 0.0143495
5256 0.0143373
5257 0.014328
5258 0.0143244
5259 0.0143243
5260 0.0143167
5261 0.0143112
5262 0.0143017
5263 0.0143014
5264 0.014297
5265 0.014288
5266 0.0142777
5267 0.01427
5268 0.0142626
5269 0.0142546
5270 0.0142513
5271 0.0142503
5273 0.0142458
5274 0.0142418
5275 0.0142363
5276 0.0142277
5277 0.0142167
5278 0.0142078
5279 0.014199
5280 0.0141953
5281 0.0141921
5282 0.0141909
5286 0.0141857
5287 0.0141799
5288 0.0141654
5289 0.0141589
5290 0.0141487
5291 0.0141428
5292 0.014141
5294 0.0141317
5295 0.0141232
5296 0.0141174
5301 0.0141052
5302 0.0140985
5303 0.0140885
5304 0.0140848
5305 0.0140741
5306 0.0140646
5307 0.0140622
5308 0.0140508
5309 0.0140426
5310 0.0140339
5311 0.0140293
5313 0.0140264
5314 0.0140262
5315 0.0140161
5316 0.0140127
5317 0.0140025
5318 0.0139987
5319 0.0139892
5320 0.0139772
5321 0.0139687
5322 0.0139597
5323 0.0139518
5324 0.0139493
5326 0.0139455
5327 0.0139442
5328 0.0139386
5329 0.0139365
5330 0.0139325
5331 0.01392
5332 0.0139104
5333 0.0139007
5334 0.0138956
5335 0.0138907
5337 0.0138885
5338 0.013879
5339 0.0138712
5340 0.0138629
5341 0.0138587
5342 0.0138537
5343 0.0138511
5345 0.0138413
5346 0.0138333
5347 0.0138266
5348 0.01382
5349 0.0138178
5350 0.0138149
5351 0.0138094
5352 0.0137962
5353 0.0137876
5354 0.0137814
5355 0.0137797
5357 0.0137754
5358 0.0137716
5360 0.0137691
5361 0.0137599
5362 0.0137515
5363 0.0137453
5365 0.0137364
5366 0.0137341
5368 0.0137319
5369 0.0137267
5370 0.0137254
5371 0.0137206
5372 0.013711
5373 0.013705
5374 0.0136968
5375 0.0136901
5376 0.0136879
5378 0.0136863
5379 0.0136778
5380 0.0136666
5382 0.0136658
5383 0.0136545
5384 0.0136475
5385 0.0136404
5386 0.0136389
5387 0.0136379
5389 0.0136343
5390 0.0136269
5393 0.0136181
5394 0.0136091
5395 0.0136038
5396 0.0135951
5397 0.0135899
5398 0.0135897
5399 0.013587
5401 0.0135822
5402 0.0135686
5403 0.0135594
5404 0.0135544
5405 0.0135514
5406 0.013551
5407 0.0135446
5409 0.0135427
5411 0.0135374
5412 0.013532
5414 0.0135248
5415 0.013515
5416 0.0135078
5417 0.0135067
5421 0.0135032
5422 0.0134894
5423 0.0134822
5424 0.0134716
5425 0.0134677
5426 0.013466
5427 0.0134656
5428 0.0134603
5431 0.0134523
5432 0.0134471
5433 0.0134448
5435 0.013444
5436 0.0134331
5437 0.0134245
5438 0.0134136
5439 0.0134079
5440 0.0134051
5441 0.0134044
5442 0.0134013
5443 0.0133916
5444 0.0133794
5445 0.0133702
5446 0.0133629
5447 0.0133571
5448 0.0133549
5449 0.0133526
5450 0.0133431
5451 0.0133331
5452 0.0133307
5454 0.0133283
5456 0.0133189
5457 0.0133066
5458 0.0132959
5459 0.0132887
5460 0.0132865
5462 0.0132781
5463 0.0132706
5464 0.0132591
5465 0.0132498
5466 0.0132447
5467 0.0132356
5468 0.0132286
5469 0.0132221
5470 0.0132133
5471 0.0132066
5472 0.0131958
5473 0.0131888
5474 0.013176
5475 0.013164
5476 0.0131522
5477 0.0131408
5478 0.01313
5479 0.0131202
5480 0.0131109
5481 0.013101
5482 0.0130927
5483 0.0130884
5484 0.0130875
5485 0.0130869
5486 0.0130755
5487 0.0130631
5488 0.0130509
5489 0.0130386
5490 0.0130271
5491 0.0130157
5492 0.0130029
5493 0.0129902
5494 0.0129777
5495 0.0129651
5496 0.0129526
5497 0.0129403
5498 0.0129278
5499 0.0129179
5500 0.0129063
5501 0.0128959
5502 0.0128856
5503 0.0128759
5504 0.0128689
5505 0.0128619
5506 0.0128588
5508 0.0128476
5509 0.012836
5510 0.0128246
5511 0.0128127
5512 0.0128011
5513 0.0127902
5514 0.0127789
5515 0.0127664
5516 0.0127539
5517 0.0127414
5518 0.012729
5519 0.0127193
5520 0.0127095
5521 0.012701
5522 0.0126942
5523 0.0126909
5525 0.0126895
5526 0.0126875
5527 0.0126802
5528 0.0126672
5529 0.0126547
5530 0.0126426
5531 0.0126332
5532 0.0126266
5533 0.0126202
5534 0.012608
5535 0.0125957
5536 0.0125847
5537 0.0125753
5538 0.0125649
5539 0.0125562
5540 0.0125512
5542 0.0125486
5543 0.0125457
5545 0.0125328
5546 0.0125206
5547 0.0125081
5548 0.0124958
5549 0.0124835
5550 0.0124712
5551 0.012459
5552 0.0124467
5553 0.0124348
5554 0.0124225
5555 0.0124103
5556 0.0123981
5557 0.0123861
5558 0.0123738
5559 0.0123617
5560 0.0123495
5561 0.0123374
5562 0.0123252
5563 0.0123131
5564 0.0123013
5565 0.0122891
5566 0.012277
5567 0.0122651
5568 0.012253
5569 0.0122419
5570 0.0122312
5571 0.0122199
5572 0.0122078
5573 0.012196
5574 0.0121839
5575 0.0121717
5576 0.0121597
5577 0.0121476
5578 0.0121358
5579 0.0121242
5580 0.0121127
5581 0.0121012
5582 0.0120914
5583 0.0120802
5584 0.0120701
5585 0.0120609
5586 0.0120515
5587 0.0120463
5588 0.0120431
5590 0.0120412
5592 0.0120284
5593 0.0120166
5594 0.0120054
5595 0.0119979
5596 0.011993
5597 0.0119886
5599 0.0119871
5600 0.0119845
5602 0.0119841
5603 0.0119839
5604 0.0119705
5605 0.0119627
5606 0.0119546
5607 0.0119486
5609 0.0119476
5610 0.0119469
5612 0.0119388
5615 0.0119372
5616 0.011928
5617 0.0119189
5618 0.0119155
5621 0.0119124
5622 0.011901
5623 0.011893
5624 0.0118905
5626 0.0118855
5627 0.011884
5629 0.0118794
5630 0.0118788
5632 0.0118725
5633 0.0118657
5635 0.0118647
5636 0.0118499
5637 0.0118388
5638 0.0118313
5639 0.0118291
5640 0.0118289
5641 0.0118282
5642 0.0118277
5646 0.0118265
5647 0.0118163
5648 0.0118088
5649 0.0118009
5650 0.0117959
5651 0.0117935
5652 0.0117808
5653 0.011778
5654 0.0117779
5655 0.0117677
5658 0.0117629
5659 0.0117627
5660 0.0117529
5661 0.0117438
5662 0.0117347
5663 0.0117318
5666 0.0117262
5668 0.0117261
5669 0.0117129
5670 0.0117073
5671 0.0117052
5673 0.0117033
5675 0.0117002
5678 0.0116889
5679 0.0116812
5680 0.0116705
5681 0.011664
5682 0.0116545
5683 0.0116467
5684 0.011643
5686 0.0116429
5691 0.0116306
5692 0.0116235
5693 0.0116164
5694 0.0116144
5696 0.0116121
5697 0.0116042
5700 0.0115941
5701 0.0115872
5702 0.0115824
5703 0.0115823
5704 0.0115732
5705 0.0115692
5707 0.0115682
5708 0.0115588
5709 0.0115517
5710 0.0115507
5712 0.0115466
5713 0.0115367
5714 0.0115291
5715 0.0115244
5716 0.0115201
5717 0.0115169
5719 0.0115131
5720 0.0115006
5721 0.011491
5722 0.0114861
5723 0.0114815
5724 0.0114797
5726 0.0114764
5727 0.0114748
5728 0.0114701
5731 0.011469
5733 0.0114556
5734 0.0114443
5735 0.0114343
5736 0.0114305
5739 0.0114287
5741 0.0114213
5742 0.01142
5743 0.0114187
5744 0.0114087
5745 0.0114011
5746 0.0113931
5747 0.0113866
5748 0.0113807
5749 0.0113734
5751 0.01137
5752 0.0113608
5753 0.0113592
5754 0.011359
5755 0.0113529
5756 0.0113498
5757 0.0113496
5758 0.0113442
5759 0.011344
5763 0.0113309
5764 0.0113231
5765 0.0113162
5766 0.0113072
5767 0.0113018
5769 0.0113014
5771 0.0113008
5772 0.0113004
5773 0.0112998
5774 0.0112939
5776 0.0112937
5777 0.0112805
5778 0.0112733
5779 0.0112678
5782 0.0112604
5783 0.0112511
5784 0.0112432
5785 0.011236
5786 0.0112319
5787 0.0112219
5788 0.0112127
5789 0.011208
5790 0.0112028
5791 0.0111921
5792 0.0111829
5793 0.0111742
5794 0.0111667
5795 0.0111644
5796 0.0111629
5797 0.0111528
5798 0.0111434
5799 0.0111376
5800 0.0111318
5801 0.011125
5802 0.0111187
5803 0.0111145
5804 0.0111043
5805 0.0111009
5806 0.0110883
5807 0.0110775
5808 0.0110708
5809 0.0110653
5810 0.0110625
5811 0.0110607
5812 0.01106
5813 0.0110595
5814 0.011057
5816 0.0110538
5817 0.0110472
5818 0.011037
5819 0.0110277
5820 0.0110178
5821 0.0110111
5822 0.0110107
5824 0.0110061
5825 0.0109942
5826 0.0109888
5827 0.0109863
5831 0.010977
5832 0.0109688
5833 0.0109629
5834 0.0109612
5835 0.0109536
5836 0.0109463
5838 0.0109357
5839 0.0109293
5840 0.0109236
5841 0.0109209
5842 0.0109208
5843 0.0109165
5844 0.0109153
5845 0.0109144
5846 0.0109092
5849 0.0108976
5850 0.0108889
5851 0.0108818
5852 0.010878
5853 0.0108756
5854 0.0108753
5855 0.0108749
5857 0.0108668
5858 0.010864
5859 0.010863
5860 0.0108603
5861 0.0108583
5863 0.0108573
5864 0.0108439
5865 0.010834
5866 0.0108302
5869 0.0108265
5872 0.0108176
5873 0.0108082
5874 0.0108052
5875 0.0108046
5876 0.0108024
5877 0.0108009
5878 0.0107923
5879 0.010786
5880 0.0107859
5881 0.010784
5882 0.0107765
5884 0.0107734
5885 0.0107636
5886 0.0107565
5888 0.0107564
5889 0.0107553
5890 0.0107549
5891 0.0107548
5892 0.0107503
5893 0.0107465
5894 0.0107399
5895 0.0107298
5896 0.0107261
5897 0.0107188
5898 0.0107107
5899 0.0107092
5901 0.0106975
5902 0.0106918
5905 0.0106908
5907 0.0106831
5908 0.0106725
5909 0.010665
5910 0.0106614
5911 0.0106576
5913 0.0106565
5914 0.0106447
5915 0.0106413
5917 0.0106383
5918 0.0106382
5919 0.0106364
5921 0.0106333
5924 0.0106234
5926 0.0106231
5927 0.010611
5928 0.0106045
5929 0.0106011
5931 0.0106002
5932 0.0106001
5933 0.0105941
5937 0.0105864
5938 0.0105863
5939 0.0105827
5940 0.0105712
5941 0.0105619
5942 0.0105519
5943 0.0105465
5944 0.0105395
5945 0.0105292
5946 0.0105199
5947 0.0105163
5949 0.0105158
5950 0.0105113
5952 0.0105034
5953 0.0104974
5954 0.0104972
5955 0.0104882
5956 0.0104864
5958 0.0104818
5959 0.0104781
5960 0.010469
5962 0.0104688
5963 0.0104635
5964 0.010454
5965 0.0104457
5966 0.0104397
5967 0.0104356
5968 0.0104321
5969 0.0104244
5971 0.0104235
5972 0.0104193
5973 0.0104094
5974 0.0104023
5975 0.010401
5977 0.0103963
5978 0.0103951
5979 0.0103942
5982 0.0103814
5983 0.0103759
5984 0.0103707
5985 0.0103694
5986 0.0103687
5987 0.0103634
5988 0.010355
5989 0.0103456
5990 0.0103381
5991 0.0103267
5992 0.0103154
5993 0.0103041
5994 0.0102929
5995 0.0102818
5996 0.0102718
5997 0.0102606
5998 0.0102494
5999 0.0102384
6000 0.010228
6001 0.010217
6002 0.010206
6003 0.0101957
6004 0.0101851
6005 0.0101745
6006 0.010164
6007 0.0101537
6008 0.0101467
6009 0.0101414
6010 0.0101326
6011 0.0101239
6012 0.0101149
6013 0.010105
6014 0.0100935
6015 0.0100821
6016 0.010071
6017 0.0100599
6018 0.0100486
6019 0.0100374
6020 0.0100269
6021 0.0100158
6022 0.0100049
6023 0.00999381
6024 0.00998272
6025 0.00997194
6026 0.00996083
6027 0.00994995
6028 0.00993882
6029 0.00992792
6030 0.00991676
6031 0.0099058
6032 0.00989531
6033 0.00988398
6034 0.00987269
6035 0.00986143
6036 0.00985021
6037 0.00983909
6038 0.00982802
6039 0.00981707
6040 0.00980586
6041 0.00979475
6042 0.00978385
6043 0.00977314
6044 0.00976236
6045 0.00975132
6046 0.00974091
6047 0.00972993
6048 0.00971879
6049 0.00970794
6050 0.00969709
6051 0.00968727
6052 0.00967744
6053 0.00966808
6054 0.00965837
6055 0.00964739
6056 0.00963703
6057 0.00962612
6058 0.00961667
6059 0.00961055
6060 0.00960785
6062 0.00960702
6063 0.00960688
6064 0.00959467
6065 0.00958304
6066 0.00957163
6067 0.00956099
6068 0.00954987
6069 0.00953884
6070 0.00952823
6071 0.00951732
6072 0.00950664
6073 0.00949587
6074 0.00948502
6075 0.00947547
6076 0.00946615
6077 0.00945723
6078 0.00944694
6079 0.00943632
6080 0.00942557
6081 0.0094151
6082 0.00940438
6083 0.00939455
6084 0.00938501
6085 0.00937548
6086 0.00936922
6087 0.00936619
6089 0.00936579
6091 0.00935516
6092 0.00934488
6093 0.00933536
6094 0.00932612
6095 0.00931772
6096 0.00930855
6097 0.0092979
6098 0.00928705
6099 0.00927754
6100 0.00926668
6101 0.00925571
6102 0.00924518
6103 0.00923424
6104 0.00922344
6105 0.00921281
6106 0.00920202
6107 0.00919117
6108 0.0091804
6109 0.00916969
6110 0.00915922
6111 0.0091484
6112 0.00913768
6113 0.00912697
6114 0.00911667
6115 0.00910592
6116 0.00909518
6117 0.00908468
6118 0.00907421
6119 0.00906349
6120 0.00905291
6121 0.00904239
6122 0.00903196
6123 0.00902127
6124 0.00901081
6125 0.00900023
6126 0.00898972
6127 0.00897949
6128 0.00896887
6129 0.00895885
6130 0.00894829
6131 0.00893771
6132 0.00892734
6133 0.00891765
6134 0.00890708
6135 0.00889651
6136 0.00888833
6137 0.00888201
6138 0.00887426
6139 0.00886632
6140 0.00886286
6143 0.00886087
6145 0.00885203
6146 0.00884149
6147 0.00883366
6148 0.0088241
6149 0.0088174
6150 0.00881413
6151 0.00881362
6152 0.00881217
6153 0.00880454
6154 0.00880327
6156 0.00879562
6157 0.00879168
6158 0.00878239
6159 0.0087774
6160 0.00877031
6161 0.00876713
6162 0.00875965
6163 0.00875858
6165 0.00875788
6167 0.00875549
6168 0.0087433
6169 0.00874029
6170 0.00873559
6171 0.00872532
6172 0.00872053
6175 0.00871446
6176 0.00870878
6177 0.00870071
6178 0.00869643
6179 0.00869405
6181 0.00868994
6182 0.00868853
6183 0.00868845
6184 0.00867873
6185 0.00866992
6186 0.00866239
6187 0.00865697
6188 0.00865487
6190 0.00864775
6191 0.00864149
6192 0.00863664
6193 0.00863218
6194 0.00863002
6195 0.00862983
6196 0.00862909
6197 0.0086275
6198 0.00861831
6199 0.00861465
6201 0.00861256
6202 0.00860276
6203 0.00859548
6204 0.00859004
6205 0.00858484
6206 0.00858116
6207 0.00858021
6211 0.008569
6212 0.00856095
6213 0.00855591
6214 0.00855124
6215 0.00854755
6217 0.00854692
6218 0.00854492
6219 0.00854392
6220 0.00854274
6222 0.00854116
6223 0.00853105
6224 0.00852253
6225 0.00852098
6229 0.00851126
6230 0.00851112
6231 0.00850981
6232 0.00850495
6233 0.00850044
6235 0.00849869
6236 0.00849762
6237 0.00849019
6238 0.00848681
6239 0.00847854
6242 0.00846877
6243 0.0084611
6244 0.0084591
6245 0.00845892
6246 0.00845628
6247 0.00845613
6248 0.00845515
6249 0.00845402
6252 0.0084428
6253 0.0084384
6254 0.00843467
6255 0.00843032
6256 0.00843022
6257 0.00842587
6258 0.0084168
6259 0.00840848
6260 0.00840452
6261 0.00839803
6262 0.00839632
6263 0.00839621
6264 0.00839456
6265 0.00839417
6266 0.00839047
6268 0.00838549
6270 0.00838324
6271 0.00837286
6272 0.00836645
6273 0.00836422
6274 0.00836414
6276 0.00836372
6277 0.00835835
6278 0.00835829
6280 0.00835538
6281 0.00834727
6282 0.00834602
6283 0.00834439
6284 0.00833751
6285 0.00833681
6287 0.00832782
6288 0.00832445
6289 0.00832426
6290 0.00831657
6291 0.00830939
6292 0.00830768
6294 0.00830273
6295 0.00829584
6296 0.00829216
6297 0.00828309
6298 0.00827537
6300 0.00827524
6301 0.00827282
6303 0.00826139
6304 0.00825243
6305 0.0082437
6306 0.00823545
6307 0.00822601
6308 0.00822009
6309 0.00821825
6310 0.00821787
6311 0.00821578
6312 0.00821494
6315 0.00820626
6316 0.00819794
6317 0.00819219
6318 0.00819032
6320 0.00818504
6321 0.00818439
6325 0.00817707
6327 0.00817081
6328 0.00816183
6329 0.00815612
6332 0.00815525
6333 0.00815227
6334 0.00814381
6335 0.00813793
6336 0.00813206
6337 0.00812653
6338 0.00812277
6339 0.00812111
6340 0.00812102
6341 0.00811478
6344 0.00810444
6345 0.00810004
6346 0.00809777
6347 0.00809762
6348 0.00809329
6349 0.00809291
6357 0.00808036
6358 0.00807477
6359 0.00807362
6362 0.00807166
6363 0.00806467
6364 0.00805965
6365 0.00805753
6366 0.00805576
6367 0.00805376
6369 0.00805324
6370 0.00805236
6371 0.00804384
6372 0.00803762
6373 0.00802727
6374 0.0080214
6375 0.00801523
6376 0.0080051
6377 0.00799513
6378 0.00798501
6379 0.00797506
6380 0.00796568
6381 0.00795587
6382 0.00794594
6383 0.00793638
6384 0.00792669
6385 0.00791865
6386 0.00790985
6387 0.00790147
6388 0.00789201
6389 0.00788305
6390 0.00787388
6391 0.00786666
6392 0.00786165
6393 0.00785701
6394 0.00785599
6395 0.00785556
6396 0.0078479
6397 0.00783963
6398 0.00783004
6399 0.00782112
6400 0.00781149
6401 0.00780179
6402 0.00779355
6403 0.00778673
6404 0.00777886
6405 0.00776976
6406 0.00775924
6407 0.00774903
6408 0.00773967
6409 0.00773011
6410 0.00772023
6411 0.00771053
6412 0.00770148
6413 0.00769563
6414 0.00769207
6415 0.00769095
6416 0.00769006
6417 0.00767986
6418 0.00767281
6419 0.00766411
6420 0.0076568
6421 0.00765184
6422 0.0076476
6423 0.0076462
6424 0.00764507
6425 0.00763794
6427 0.00763673
6429 0.00763603
6430 0.00762576
6431 0.00762147
6432 0.00761757
6434 0.00761685
6435 0.00761465
6436 0.00761149
6437 0.00760313
6438 0.00760094
6440 0.00759765
6441 0.00759599
6443 0.00759176
6446 0.00758224
6447 0.00757448
6448 0.007571
6449 0.00756964
6450 0.00756903
6451 0.00756527
6452 0.00755948
6453 0.00755606
6454 0.00755574
6456 0.00755395
6457 0.00755377
6459 0.00755278
6460 0.00754064
6461 0.00753666
6462 0.0075358
6463 0.00753491
6466 0.00752984
6467 0.00752059
6468 0.00751449
6469 0.00750912
6470 0.00750613
6471 0.00750566
6472 0.00750446
6473 0.00750393
6474 0.00749485
6475 0.00748578
6476 0.00747873
6477 0.00747233
6478 0.00746967
6479 0.00746068
6480 0.00745354
6481 0.00744642
6482 0.00743852
6483 0.00743013
6484 0.00742534
6485 0.00742112
6486 0.00741964
6488 0.007418
6489 0.00741573
6490 0.00740736
6491 0.00740276
6492 0.00739458
6493 0.0073845
6494 0.00737882
6495 0.00737578
6496 0.00736873
6497 0.00736408
6498 0.00736315
6500 0.00736176
6502 0.00735604
6503 0.00735335
6504 0.00734848
6505 0.0073415
6506 0.00733183
6507 0.00732554
6509 0.00732539
6510 0.00731651
6511 0.00731095
6512 0.00730619
6513 0.00730527
6514 0.00730502
6515 0.00730097
6516 0.0072965
6517 0.00729029
6518 0.00728517
6519 0.00727649
6520 0.00726788
6521 0.00725931
6522 0.00725104
6523 0.00724432
6524 0.00723673
6525 0.00723176
6526 0.0072234
6527 0.00722076
6529 0.00721969
6530 0.00721908
6531 0.00721878
6533 0.00721658
6535 0.00720762
6536 0.00720129
6539 0.00719119
6540 0.00718361
6542 0.00718354
6543 0.00718173
6544 0.00718104
6547 0.00718062
6549 0.0071718
6550 0.00716794
6551 0.00716038
6552 0.00715069
6553 0.00714115
6554 0.00713217
6555 0.00712309
6556 0.00711562
6557 0.00710619
6558 0.00709701
6559 0.00708824
6560 0.00708079
6561 0.00707151
6562 0.00706253
6563 0.00705325
6564 0.00704403
6565 0.00703512
6566 0.00702605
6567 0.00701713
6568 0.00700973
6569 0.00700319
6570 0.00700076
6571 0.00699742
6572 0.0069971
6573 0.0069948
6575 0.0069917
6576 0.00698522
6577 0.00697985
6578 0.00697492
6579 0.00696935
6580 0.00696818
6581 0.00696486
6582 0.00695202
6583 0.00694821
6584 0.00693849
6585 0.00693432
6586 0.00693245
6587 0.00693185
6588 0.00692977
6589 0.00692607
6591 0.00692536
6592 0.00692167
6593 0.00691764
6594 0.00690947
6595 0.0069035
6596 0.00690281
6597 0.00690225
6598 0.00689311
6599 0.0068846
6600 0.00687729
6601 0.00687064
6602 0.00686518
6603 0.00686347
6604 0.00686231
6607 0.00685705
6608 0.00685031
6609 0.00684897
6612 0.00684787
6613 0.00684763
6616 0.00684463
6617 0.00683387
6618 0.00683027
6619 0.00682937
6621 0.00682393
6622 0.00681565
6623 0.00680987
6625 0.00680952
6626 0.00680735
6627 0.00680577
6628 0.00680433
6629 0.00680348
6630 0.00679382
6631 0.00678644
6632 0.00678105
6633 0.0067764
6634 0.0067728
6635 0.00676706
6636 0.00676506
6637 0.0067588
6638 0.00675006
6639 0.00674577
6640 0.00674461
6641 0.00674445
6642 0.00674074
6643 0.00673501
6644 0.00672938
6645 0.00672733
6646 0.00672729
6647 0.00672561
6648 0.00672516
6651 0.00671452
6652 0.00670965
6653 0.00670635
6654 0.00670513
6655 0.00670511
6656 0.00670495
6658 0.00670488
6659 0.00670461
6660 0.00669378
6661 0.00669056
6664 0.00668891
6665 0.00667991
6666 0.00667281
6667 0.00667057
6668 0.00666886
6669 0.00666854
6670 0.00666497
6674 0.00665571
6675 0.00665187
6676 0.0066481
6677 0.00664518
6678 0.00664502
6679 0.00663729
6680 0.00663473
6681 0.00662466
6682 0.00661823
6683 0.00661346
6684 0.00661154
6685 0.00661139
6686 0.0066044
6687 0.00659652
6688 0.00659141
6689 0.00658905
6690 0.00658498
6691 0.00658194
6692 0.0065795
6693 0.00657274
6694 0.00656309
6695 0.00655411
6696 0.00654505
6697 0.00653596
6698 0.0065266
6699 0.00651752
6700 0.00650825
6701 0.00649908
6702 0.00649004
6703 0.00648105
6704 0.00647217
6705 0.00646376
6706 0.00645509
6707 0.00644747
6708 0.0064395
6709 0.00643344
6710 0.00642813
6711 0.0064265
6713 0.00642012
6714 0.00641263
6715 0.00641033
6716 0.0064097
6717 0.00640147
6718 0.00639452
6719 0.00638479
6720 0.00637638
6721 0.00636837
6722 0.00635943
6723 0.00635089
6724 0.00634263
6725 0.00633474
6726 0.00632775
6727 0.00632241
6728 0.00631755
6729 0.00631698
6733 0.00630752
6734 0.00629888
6735 0.00629121
6736 0.00628323
6737 0.00627553
6738 0.00626921
6739 0.00626269
6740 0.00625956
6741 0.00625615
6743 0.00625469
6744 0.00625261
6745 0.00625258
6746 0.00624553
6747 0.0062423
6748 0.00624067
6749 0.00624029
6752 0.00623943
6754 0.00622918
6755 0.00622637
6756 0.00622618
6757 0.00622431
6761 0.00621731
6762 0.00621521
6765 0.00621504
6766 0.00621047
6767 0.00620632
6768 0.00620257
6769 0.00620181
6770 0.0061996
6771 0.00618966
6772 0.00618766
6774 0.00617863
6775 0.0061722
6776 0.00616578
6777 0.00616191
6778 0.00615685
6779 0.00615674
6782 0.00615579
6783 0.00615519
6787 0.0061435
6788 0.00613864
6789 0.00613848
6791 0.00613582
6792 0.00612843
6793 0.00612457
6795 0.00612096
6796 0.00611841
6797 0.00611797
6798 0.00611672
6800 0.00611656
6801 0.00610787
6802 0.00610089
6803 0.00609559
6805 0.0060953
6806 0.00608753
6807 0.00608465
6808 0.00608351
6810 0.00608149
6813 0.00608139
6814 0.00607935
6815 0.00607843
6817 0.00606438
6818 0.00605579
6819 0.00605087
6820 0.0060482
6821 0.0060441
6822 0.00604066
6824 0.00603761
6825 0.0060368
6826 0.00603412
6827 0.0060315
6831 0.00602301
6832 0.00602091
6837 0.00601215
6838 0.00600758
6839 0.00600541
6840 0.00600523
6841 0.00600249
6843 0.00600052
6845 0.00599376
6846 0.00598984
6847 0.00598344
6849 0.0059832
6850 0.0059799
6851 0.0059796
6852 0.00597318
6853 0.00596736
6854 0.00596503
6855 0.00596204
6856 0.00595833
6857 0.00595818
6860 0.00595287
6861 0.00594383
6862 0.00593627
6863 0.00593116
6864 0.00592679
6865 0.00592002
6866 0.00591189
6867 0.0059033
6868 0.00589457
6869 0.00588654
6870 0.00587795
6871 0.00586952
6872 0.00586085
6873 0.00585212
6874 0.00584391
6875 0.00583515
6876 0.0058266
6877 0.00581797
6878 0.00580938
6879 0.00580095
6880 0.00579278
6881 0.00578457
6882 0.00577649
6883 0.00576797
6884 0.00575961
6885 0.0057523
6886 0.00574507
6887 0.0057378
6888 0.0057301
6889 0.0057223
6890 0.00571454
6891 0.00570745
6892 0.00569908
6893 0.00569035
6894 0.00568177
6895 0.00567332
6896 0.00566474
6897 0.00565668
6898 0.00564889
6899 0.00564063
6900 0.00563222
6901 0.00562368
6902 0.0056152
6903 0.00560686
6904 0.00559843
6905 0.00558987
6906 0.00558175
6907 0.00557429
6908 0.00556629
6909 0.00555804
6910 0.00555051
6911 0.00554251
6912 0.00553445
6913 0.00552588
6914 0.00551748
6915 0.00550927
6916 0.00550163
6917 0.00549326
6918 0.00548545
6919 0.00547929
6920 0.00547514
6921 0.00547442
6923 0.00546807
6924 0.00546325
6925 0.00545515
6926 0.00544797
6927 0.00544022
6928 0.00543268
6929 0.00542557
6930 0.00541793
6931 0.00541003
6932 0.00540293
6933 0.00539559
6934 0.005388
6935 0.00538139
6936 0.00537462
6937 0.00537064
6938 0.00536688
6939 0.0053629
6940 0.00536058
6941 0.00535981
6942 0.00535226
6943 0.0053437
6944 0.0053352
6945 0.00532675
6946 0.00531827
6947 0.00530982
6948 0.00530181
6949 0.00529338
6950 0.00528489
6951 0.00527643
6952 0.00526799
6953 0.00525959
6954 0.00525123
6955 0.0052431
6956 0.00523475
6957 0.00522677
6958 0.00521842
6959 0.00521005
6960 0.00520217
6961 0.00519416
6962 0.0051861
6963 0.00517831
6964 0.00517064
6965 0.00516292
6966 0.0051549
6967 0.00514832
6968 0.00514167
6969 0.00513481
6970 0.00512745
6971 0.00512156
6972 0.00511584
6973 0.00510748
6974 0.0050993
6975 0.0050917
6976 0.00508528
6977 0.00507768
6978 0.00507231
6979 0.0050661
6980 0.00505933
6981 0.00505179
6982 0.00504421
6983 0.00503618
6984 0.0050287
6985 0.0050207
6986 0.0050125
6987 0.00500435
6988 0.00499657
6989 0.00498889
6990 0.00498193
6991 0.00497505
6992 0.00496778
6993 0.00496017
6994 0.00495202
6995 0.00494397
6996 0.00493597
6997 0.00492782
6998 0.00491986
6999 0.00491242
7000 0.00490454
7001 0.00489698
7002 0.00488982
7003 0.00488224
7004 0.00487504
7005 0.00486858
7006 0.00486312
7007 0.0048598
7008 0.00485449
7009 0.00484961
7010 0.00484329
7011 0.00483607
7012 0.00482719
7013 0.00481882
7014 0.00481087
7015 0.00480323
7016 0.00479541
7017 0.00478869
7018 0.00478322
7019 0.0047794
7020 0.00477265
7021 0.00476485
7022 0.00475722
7023 0.0047493
7024 0.00474136
7025 0.00473336
7026 0.00472592
7027 0.00471821
7028 0.00471074
7029 0.00470517
7030 0.0047018
7031 0.00469808
7032 0.0046897
7033 0.00468202
7034 0.00467498
7035 0.00466999
7036 0.00466809
7039 0.00466799
7040 0.00466362
7041 0.00465886
7042 0.00465128
7043 0.0046443
7044 0.00463879
7045 0.00463532
7046 0.00463325
7047 0.00462483
7048 0.00461755
7049 0.00461071
7050 0.00460697
7051 0.00460606
7055 0.00460447
7056 0.00460363
7057 0.00459843
7058 0.00459061
7059 0.00458323
7060 0.00457571
7061 0.00456842
7062 0.0045607
7063 0.00455301
7064 0.00454561
7065 0.00453818
7066 0.00453075
7067 0.00452437
7068 0.00451957
7069 0.00451198
7070 0.00450461
7071 0.00449686
7072 0.00448915
7073 0.00448167
7074 0.00447403
7075 0.00446639
7076 0.00445911
7077 0.00445152
7078 0.00444401
7079 0.00443828
7080 0.00443378
7081 0.00442714
7082 0.00442076
7083 0.00441366
7084 0.00440604
7085 0.00439843
7086 0.00439182
7087 0.00438585
7088 0.00438198
7089 0.00437739
7090 0.00437517
7091 0.00437487
7092 0.00436782
7093 0.00436131
7094 0.00435828
7096 0.00435811
7097 0.00435294
7098 0.00434686
7099 0.00434227
7100 0.00433732
7103 0.00433163
7104 0.0043287
7106 0.00432797
7109 0.00432587
7113 0.00431963
7114 0.00431639
7115 0.00431469
7116 0.00431238
7118 0.00430874
7119 0.00430206
7120 0.00429979
7121 0.00429976
7122 0.00429969
7123 0.0042992
7124 0.00429905
7128 0.00429773
7129 0.0042929
7131 0.00429282
7132 0.00428529
7133 0.00428052
7134 0.00427669
7136 0.00427625
7137 0.00427184
7138 0.00426877
7140 0.00426762
7143 0.00426747
7144 0.00426348
7145 0.00426098
7148 0.00425186
7149 0.00424534
7150 0.00424168
7151 0.0042344
7152 0.00422767
7153 0.0042203
7154 0.00421317
7155 0.00420704
7156 0.0042003
7157 0.00419436
7158 0.00418713
7159 0.00418056
7160 0.00417553
7161 0.00417315
7162 0.00416698
7163 0.00416447
7164 0.00416112
7166 0.00415372
7167 0.00414654
7168 0.00413992
7169 0.00413543
7170 0.00413191
7173 0.00412619
7174 0.00412274
7175 0.00412121
7176 0.00412114
7179 0.00411912
7180 0.00411859
7181 0.0041156
7182 0.0041154
7184 0.00410617
7185 0.00410475
7186 0.00410387
7187 0.00409852
7188 0.00409376
7189 0.00408872
7190 0.00408231
7191 0.00407906
7192 0.00407522
7193 0.00407345
7194 0.00407063
7197 0.00407057
7198 0.00406552
7199 0.00406105
7202 0.00405228
7203 0.00404958
7204 0.00404729
7210 0.00404706
7211 0.00404196
7215 0.00403434
7218 0.0040315
7219 0.00402861
7220 0.0040283
7221 0.00402495
7222 0.00402394
7224 0.00402194
7225 0.00402097
7226 0.00402078
7229 0.00401082
7230 0.00400547
7231 0.00400534
7234 0.00400509
7236 0.004005
7241 0.0040018
7242 0.00399506
7245 0.0039912
7246 0.00398944
7248 0.00398903
7249 0.00398869
7250 0.00398817
7253 0.00398813
7256 0.00397781
7257 0.00397105
7258 0.00396826
7259 0.00396678
7260 0.00396634
7263 0.00396313
7264 0.0039619
7265 0.00395937
7267 0.00395648
7269 0.00395429
7272 0.00394808
7273 0.00394114
7274 0.00393431
7275 0.00392755
7276 0.00392121
7277 0.00391465
7278 0.00390869
7279 0.00390273
7280 0.00389824
7281 0.00388968
7282 0.00388491
7283 0.00388111
7284 0.00387927
7285 0.00387925
7286 0.00387535
7287 0.00387308
7288 0.0038727
7290 0.00387219
7292 0.00387075
7294 0.00386947
7295 0.00386326
7296 0.0038613
7298 0.00386127
7301 0.00385729
7302 0.00385263
7304 0.00384903
7305 0.00384832
7306 0.00384826
7307 0.00384659
7308 0.00384508
7309 0.00384135
7310 0.00383801
7311 0.00383735
7313 0.00382994
7314 0.00382504
7315 0.00381918
7316 0.00381431
7317 0.0038113
7318 0.00380811
7319 0.00380527
7320 0.00380494
7321 0.00380347
7322 0.00380149
7323 0.00379829
7324 0.00379502
7325 0.00379264
7326 0.00378759
7327 0.00378528
7328 0.00378382
7331 0.00378023
7332 0.00377542
7333 0.00376979
7336 0.00376812
7338 0.00376598
7339 0.00376452
7341 0.00376008
7342 0.00375743
7345 0.003751
7346 0.0037451
7347 0.00374013
7348 0.00373899
7349 0.00373857
7350 0.00373438
7351 0.00373335
7353 0.003731
7354 0.00372835
7355 0.00372114
7356 0.00371633
7357 0.00371418
7358 0.00371265
7360 0.00370557
7361 0.00369995
7362 0.00369823
7365 0.00369434
7366 0.00369226
7367 0.00369223
7369 0.00369022
7372 0.00368752
7373 0.00368009
7374 0.00367621
7375 0.00367584
7376 0.00367407
7377 0.00367005
7378 0.00366654
7379 0.00366448
7381 0.00366168
7382 0.00366157
7383 0.00365959
7384 0.00365871
7385 0.00365854
7386 0.0036535
7388 0.00365211
7389 0.00364745
7390 0.00364577
7391 0.00364574
7393 0.00364506
7394 0.003645
7395 0.00364489
7398 0.00364262
7400 0.00363569
7401 0.00363349
7404 0.00363275
7405 0.00363247
7406 0.00362995
7407 0.00362951
7408 0.00362616
7409 0.00362612
7410 0.00362387
7411 0.00362384
7412 0.00362167
7415 0.00361687
7416 0.00361125
7417 0.0036068
7418 0.0036024
7419 0.00359734
7420 0.00359685
7421 0.0035968
7422 0.00359641
7423 0.00359597
7424 0.00359548
7425 0.00359467
7428 0.00359334
7429 0.00358439
7430 0.00358168
7432 0.00358073
7433 0.00357767
7434 0.00357572
7435 0.00357304
7436 0.00357283
7438 0.00356618
7439 0.00356354
7440 0.00356331
7441 0.00356234
7444 0.00356158
7445 0.00355504
7446 0.00355255
7447 0.00354971
7448 0.00354663
7450 0.00354505
7451 0.00354259
7452 0.00353798
7453 0.00353515
7454 0.00353442
7457 0.00353433
7458 0.003534
7462 0.0035242
7463 0.00352086
7464 0.00352018
7465 0.00351933
7467 0.00351911
7468 0.00351884
7470 0.00351678
7472 0.00351617
7474 0.00350835
7475 0.00350235
7476 0.00349898
7478 0.00349845
7479 0.00349712
7481 0.00349483
7482 0.00349341
7484 0.00349286
7486 0.00349151
7487 0.0034902
7488 0.00348989
7490 0.00348002
7491 0.0034767
7492 0.00347564
7498 0.00347347
7499 0.00346594
7500 0.00345977
7501 0.00345425
7502 0.00344804
7503 0.00344186
7504 0.00343644
7505 0.00343035
7506 0.00342543
7507 0.00342125
7508 0.00341483
7509 0.00340837
7510 0.00340186
7511 0.00339575
7512 0.00338926
7513 0.00338288
7514 0.00337658
7515 0.0033704
7516 0.00336422
7517 0.00335833
7518 0.00335233
7519 0.003346
7520 0.0033417
7521 0.0033396
7522 0.00333777
7524 0.00333498
7525 0.0033299
7526 0.00332404
7527 0.00331961
7528 0.00331787
7529 0.00331541
7532 0.00331114
7536 0.0033107
7537 0.00330662
7538 0.0033021
7540 0.00330155
7541 0.00330148
7543 0.00329956
7545 0.00329933
7547 0.00329486
7548 0.00329121
7549 0.00328448
7550 0.00327905
7551 0.00327574
7552 0.00327542
7554 0.00327
7555 0.0032635
7556 0.00325889
7557 0.00325237
7558 0.00324797
7559 0.00324492
7560 0.00324359
7562 0.00324138
7563 0.00324038
7564 0.00323612
7565 0.00323274
7568 0.00322688
7569 0.00322529
7570 0.0032192
7571 0.00321625
7572 0.00321486
7573 0.00321456
7574 0.00321391
7575 0.00321197
7576 0.00320897
7577 0.00320482
7578 0.00320162
7579 0.00319834
7580 0.0031978
7581 0.00319524
7583 0.00319319
7584 0.00319232
7585 0.00319079
7586 0.00318758
7587 0.00318713
7588 0.00318706
7589 0.00318679
7592 0.00318603
7595 0.00318082
7596 0.003177
7597 0.00317618
7598 0.00317521
7600 0.00317467
7601 0.00317211
7602 0.00317158
7604 0.00316811
7605 0.00316204
7606 0.00316085
7607 0.00316056
7608 0.00315758
7609 0.00315752
7610 0.00315644
7611 0.00315481
7612 0.0031485
7615 0.0031444
7618 0.00314064
7619 0.00313788
7620 0.00313183
7621 0.00313026
7622 0.00313001
7623 0.00312887
7625 0.00312497
7626 0.00311898
7627 0.00311627
7628 0.00311314
7631 0.00311294
7633 0.00310575
7634 0.00310333
7635 0.00309948
7636 0.00309606
7637 0.00309029
7638 0.00308457
7639 0.00308048
7640 0.00307786
7641 0.00307753
7643 0.00307437
7644 0.00306881
7645 0.00306392
7646 0.00305931
7647 0.00305288
7648 0.0030485
7649 0.00304663
7650 0.00304297
7651 0.00303823
7652 0.00303691
7653 0.00303639
7654 0.00303547
7655 0.00303501
7656 0.00303413
7657 0.00303313
7658 0.0030298
7659 0.00302924
7660 0.00302822
7661 0.00302232
7662 0.00301882
7663 0.00301565
7666 0.00301184
7667 0.00301025
7669 0.00300833
7671 0.0030079
7672 0.00300719
7673 0.00300613
7674 0.00300399
7676 0.00300227
7677 0.00299802
7678 0.00299652
7679 0.0029959
7680 0.00299565
7682 0.00299564
7687 0.00299209
7689 0.00298939
7690 0.00298855
7692 0.00298486
7693 0.00298211
7694 0.00297717
7696 0.00297645
7697 0.00297323
7698 0.00297127
7699 0.00297047
7700 0.00297042
7701 0.00296817
7703 0.00296423
7704 0.00296006
7705 0.00295898
7706 0.00295879
7708 0.0029581
7709 0.00295439
7711 0.00295423
7713 0.00295416
7716 0.00295066
7719 0.00294564
7720 0.00294495
7722 0.00294271
7725 0.00294264
7728 0.00294257
7730 0.0029397
7731 0.00293536
7733 0.00293501
7734 0.00293126
7735 0.0029298
7738 0.00292901
7740 0.00292479
7741 0.0029215
7743 0.00292139
7744 0.00291956
7745 0.00291713
7746 0.0029127
7747 0.00291262
7749 0.00291173
7750 0.00291168
7751 0.00291048
7753 0.00290936
7755 0.00290791
7756 0.0029018
7758 0.00290159
7759 0.00290056
7760 0.00289644
7761 0.00289308
7762 0.00288917
7764 0.00288875
7765 0.00288792
7766 0.00288763
7768 0.00288728
7769 0.00288212
7770 0.00287672
7771 0.00287463
7772 0.0028715
7773 0.00286905
7774 0.00286302
7775 0.00285704
7776 0.00285342
7777 0.00285254
7779 0.00285207
7780 0.00285203
7783 0.00284652
7784 0.00284304
7785 0.00284185
7787 0.00284033
7788 0.00283875
7790 0.00283811
7791 0.00283309
7792 0.0028329
7793 0.00283271
7794 0.00283037
7797 0.00283027
7800 0.00282527
7801 0.00282379
7802 0.00282295
7804 0.00282287
7805 0.00282041
7806 0.00281698
7809 0.00281438
7810 0.00280864
7811 0.00280479
7812 0.00280319
7813 0.00280095
7814 0.0027977
7815 0.00279724
7817 0.00279719
7820 0.00279267
7821 0.00279102
7822 0.00279055
7823 0.0027895
7824 0.00278917
7825 0.00278699
7826 0.00278231
7829 0.00277725
7830 0.00277541
7834 0.00277469
7836 0.0027721
7837 0.00276967
7838 0.00276922
7839 0.00276618
7840 0.00276409
7841 0.00276379
7843 0.00276114
7844 0.00275505
7847 0.00275283
7849 0.002751
7851 0.00275076
7854 0.00274554
7855 0.00274484
7857 0.0027406
7858 0.00273758
7859 0.00273585
7860 0.00273577
7862 0.00273557
7863 0.00273211
7864 0.00273083
7866 0.00272938
7867 0.00272383
7868 0.00272132
7869 0.00272124
7877 0.00272025
7878 0.00271497
7879 0.00271352
7880 0.00271346
7883 0.00270924
7884 0.00270897
7885 0.00270895
7886 0.00270869
7887 0.00270859
7891 0.00270833
7894 0.00270387
7895 0.00270318
7896 0.00270193
7897 0.00270168
7899 0.00269911
7900 0.00269209
7901 0.0026898
7903 0.00268962
7904 0.00268896
7905 0.00268895
7907 0.00268683
7908 0.00268526
7909 0.0026819
7910 0.00267917
7911 0.00267546
7913 0.00267503
7914 0.00267125
7915 0.00266807
7916 0.00266405
7920 0.00266281
7921 0.00265881
7922 0.00265451
7923 0.00265078
7924 0.00264733
7926 0.00264706
7927 0.00264489
7928 0.00264005
7929 0.00263687
7935 0.00263656
7936 0.00263593
7937 0.00263301
7938 0.00262801
7939 0.00262529
7940 0.00262418
7941 0.00262302
7942 0.00262068
7943 0.00261591
7944 0.00261289
7945 0.00260988
7946 0.00260941
7948 0.00260853
7949 0.00260846
7950 0.00260833
7951 0.00260705
7952 0.00260428
7953 0.00259874
7954 0.00259803
7956 0.00259438
7957 0.00259196
7958 0.0025888
7959 0.00258722
7961 0.00258477
7962 0.00258262
7964 0.00258144
7965 0.00258106
7966 0.00257884
7968 0.00257812
7969 0.00257608
7972 0.00257009
7973 0.00256892
7974 0.00256887
7976 0.0025687
7978 0.00256852
7980 0.00256769
7981 0.00256285
7982 0.0025605
7984 0.00256033
7985 0.00255846
7986 0.0025542
7987 0.00254959
7990 0.00254761
7991 0.00254758
7992 0.00254665
7993 0.00254635
7994 0.00254337
7995 0.00253932
8000 0.00253564
8001 0.00253219
8004 0.0025321
8005 0.00253157
8008 0.00252587
8009 0.00252161
8010 0.0025194
8011 0.00251742
8012 0.00251738
8013 0.00251726
8014 0.0025163
8015 0.00251485
8016 0.00251466
8018 0.00251224
8019 0.00250796
8020 0.00250292
8021 0.00250108
8022 0.00249963
8026 0.00249949
8027 0.00249473
8028 0.00249447
8029 0.00249254
8030 0.00249198
8031 0.00249181
8032 0.0024893
8035 0.00248686
8036 0.00248398
8038 0.00248286
8040 0.0024825
8043 0.00248198
8044 0.00247594
8045 0.00247374
8046 0.00247341
8048 0.00247193
8051 0.00246779
8052 0.002466
8053 0.00246593
8054 0.0024657
8055 0.00246462
8057 0.0024605
8062 0.00245693
8064 0.0024565
8065 0.00245302
8066 0.00245233
8072 0.00244598
8073 0.00244487
8074 0.00244446
8076 0.0024444
