1 2323370.0
8 1607500.0
9 1091180.0
10 862271.0
11 696302.0
12 549741.0
13 415701.0
14 292766.0
15 183789.0
16 103553.0
17 65354.4
18 40903.8
19 39373.8
20 18042.7
21 8406.4
22 7035.01
23 1624.69
24 660.375
25 658.8
26 416.32
29 346.103
32 192.425
33 184.097
35 67.1219
40 49.4805
41 20.332
42 14.1979
43 8.54999
45 7.82679
46 4.82929
52 3.69723
56 3.65709
57 3.64978
58 3.51928
59 2.87421
60 2.4448
66 2.22441
67 1.79545
68 1.751
69 1.73802
70 1.73274
73 1.70265
74 1.15759
76 1.0823
78 1.05911
80 0.953383
81 0.907215
82 0.888786
84 0.85587
85 0.843965
86 0.843809
89 0.763202
92 0.736579
93 0.725568
94 0.687389
96 0.680322
97 0.639929
98 0.62446
101 0.608583
102 0.589788
105 0.583728
106 0.568707
108 0.567889
111 0.54922
112 0.541549
113 0.536676
114 0.531667
115 0.5121
117 0.507583
118 0.494551
119 0.486065
120 0.484111
122 0.466043
123 0.453097
124 0.445121
125 0.433589
126 0.428857
127 0.426343
129 0.425544
130 0.418322
132 0.414063
134 0.4061
135 0.394564
138 0.392214
140 0.390983
141 0.387202
142 0.377403
143 0.371853
144 0.368852
145 0.36763
146 0.364622
148 0.359115
149 0.349015
152 0.342282
154 0.340711
155 0.338167
156 0.334693
157 0.333692
158 0.329362
159 0.325336
162 0.313142
163 0.304647
164 0.295181
165 0.286448
166 0.285311
169 0.284628
170 0.277661
172 0.277614
173 0.274447
174 0.273907
178 0.26974
179 0.267
180 0.262848
181 0.259157
182 0.255775
183 0.252015
184 0.248546
185 0.245258
186 0.242519
187 0.242029
188 0.241094
189 0.237668
190 0.233928
191 0.230186
192 0.226514
193 0.222909
194 0.219281
195 0.215932
196 0.212975
197 0.209751
198 0.207551
199 0.205467
200 0.202377
201 0.199465
202 0.197274
204 0.196436
205 0.193757
206 0.193597
208 0.192859
211 0.189231
212 0.186571
213 0.184697
214 0.183139
215 0.18287
216 0.180213
217 0.177028
218 0.174141
219 0.172712
220 0.169225
221 0.167337
222 0.166202
224 0.165803
225 0.162969
226 0.160104
227 0.157825
228 0.155916
229 0.154563
230 0.15349
231 0.152105
232 0.150456
233 0.147888
234 0.145779
235 0.145761
236 0.1448
237 0.140844
238 0.139906
239 0.139548
240 0.138805
241 0.13802
242 0.136191
244 0.135799
245 0.132794
246 0.130236
247 0.128473
248 0.127014
249 0.126191
252 0.123683
255 0.122729
257 0.121685
258 0.119478
259 0.118334
260 0.117895
261 0.115008
262 0.114056
263 0.112696
264 0.110958
265 0.109972
268 0.107233
269 0.105053
270 0.103434
271 0.101008
272 0.0987121
273 0.0964272
274 0.0942959
275 0.0921534
276 0.0900857
277 0.0880114
278 0.0858997
279 0.0841339
280 0.0822346
281 0.0804278
282 0.0786918
283 0.0768965
284 0.075371
285 0.0736556
286 0.07312
287 0.0723634
289 0.0704002
290 0.0698181
292 0.0688048
295 0.0667325
296 0.0659463
297 0.0642696
298 0.0627389
299 0.0614726
300 0.0611575
301 0.0606424
302 0.0592795
303 0.057357
304 0.0560279
305 0.0546769
306 0.0541187
308 0.053971
309 0.0529951
310 0.0515378
311 0.051416
313 0.0496781
314 0.04929
317 0.0480378
318 0.0470281
321 0.0460394
322 0.0453008
325 0.0442523
326 0.0435998
329 0.0426011
330 0.0423688
331 0.0420129
332 0.0409486
333 0.0405577
334 0.0395925
337 0.0385423
339 0.0382697
340 0.0377988
341 0.0364386
342 0.0354029
344 0.0352821
345 0.0343452
346 0.0335129
347 0.0333407
348 0.0332505
349 0.0329472
350 0.0328728
351 0.0322075
352 0.0306493
353 0.0293546
354 0.0285582
355 0.0280451
356 0.0280163
358 0.0273862
360 0.0268471
362 0.0268013
363 0.0267362
364 0.026343
366 0.0262946
367 0.0259131
368 0.0258714
370 0.0253373
371 0.024853
372 0.024425
373 0.0240536
374 0.0237258
375 0.023515
376 0.0234298
377 0.0233854
378 0.0230097
379 0.0226719
381 0.0225706
382 0.0224132
383 0.0223875
387 0.0221899
388 0.0221197
390 0.0220528
391 0.0218696
392 0.0217332
393 0.0216863
394 0.021515
395 0.021414
396 0.0212537
397 0.0210761
398 0.0209257
399 0.0207947
400 0.0207246
401 0.0205866
403 0.0205568
404 0.0203928
405 0.0203644
406 0.0203572
409 0.0201912
410 0.0201717
412 0.0199969
413 0.0199093
414 0.0198557
417 0.0196884
418 0.019599
419 0.0195328
422 0.0194716
424 0.0194067
425 0.0193093
426 0.0191532
427 0.0190195
428 0.0189178
431 0.0187804
432 0.018755
436 0.0186719
437 0.0186514
438 0.0186497
439 0.0185919
440 0.0185752
442 0.0185641
443 0.0184882
444 0.0184511
445 0.0184326
447 0.0183631
448 0.0183127
450 0.018311
451 0.0182396
452 0.0181778
453 0.0181246
454 0.018062
455 0.018045
457 0.0179805
458 0.0179126
459 0.017855
460 0.0178141
461 0.0177474
462 0.01772
463 0.0177055
464 0.0176998
465 0.0176257
466 0.017557
467 0.0174985
468 0.0174364
469 0.01738
470 0.0173185
471 0.0172807
472 0.0172732
474 0.017199
475 0.0171326
476 0.0170788
477 0.0170365
478 0.0169924
479 0.0169449
480 0.0168939
481 0.0168306
482 0.0167705
483 0.0167116
484 0.0166553
485 0.0165983
486 0.0165456
487 0.016493
488 0.0164479
489 0.0164096
490 0.0163593
491 0.0163307
492 0.0162847
493 0.01624
494 0.0161997
495 0.0161961
497 0.0161274
498 0.0160903
499 0.016063
500 0.0160509
501 0.0160401
502 0.016009
503 0.0159815
504 0.015934
505 0.0158932
506 0.0158901
509 0.0158843
510 0.0158261
511 0.0157851
512 0.0157488
513 0.0157388
514 0.0156972
515 0.0156761
516 0.0156243
517 0.0155839
518 0.0155414
519 0.0155111
520 0.0154731
521 0.0154552
522 0.0154444
523 0.0154351
524 0.0153878
525 0.0153423
526 0.0152995
527 0.0152618
528 0.0152422
529 0.015202
530 0.0151626
531 0.0151431
532 0.0151187
533 0.0151084
536 0.0150705
537 0.0150279
540 0.0149905
541 0.014976
542 0.014972
544 0.0149488
545 0.0148985
546 0.0148667
547 0.0148353
548 0.0148076
549 0.0147802
550 0.0147515
551 0.0147129
552 0.0146804
553 0.0146475
554 0.0146212
555 0.0146047
556 0.0145758
557 0.0145347
558 0.0145198
559 0.0145176
560 0.0145
561 0.0144844
562 0.0144558
564 0.0144532
565 0.014424
566 0.0144047
569 0.0143701
570 0.0143429
571 0.014323
572 0.0143114
575 0.0143035
576 0.0142745
577 0.0142667
579 0.0142542
580 0.0142308
582 0.0142294
584 0.0142129
586 0.0142113
587 0.0142078
588 0.0141889
589 0.0141718
590 0.0141562
591 0.01414
592 0.0141247
593 0.0141088
594 0.0140931
595 0.0140791
596 0.0140714
597 0.0140655
598 0.0140582
599 0.0140567
600 0.0140474
601 0.0140276
602 0.0140144
603 0.0140051
604 0.0139946
605 0.0139814
606 0.01397
607 0.0139563
608 0.0139436
609 0.0139336
610 0.0139159
611 0.0139032
612 0.0138935
613 0.0138842
614 0.0138772
617 0.0138622
618 0.0138508
619 0.0138445
620 0.0138368
621 0.0138309
622 0.0138176
623 0.0138039
624 0.0137901
625 0.0137773
626 0.0137668
629 0.0137531
630 0.013741
631 0.0137292
632 0.0137176
633 0.0137137
634 0.0137118
636 0.0136944
637 0.013681
638 0.013672
639 0.0136655
640 0.0136644
644 0.0136481
645 0.013645
646 0.013635
647 0.0136309
648 0.0136281
649 0.0136249
652 0.0136075
653 0.0135981
654 0.0135916
658 0.0135911
659 0.0135767
660 0.0135704
661 0.0135586
662 0.0135507
665 0.0135407
666 0.0135281
667 0.0135177
668 0.0135094
669 0.0135021
670 0.0134941
671 0.0134922
672 0.0134786
673 0.0134655
674 0.0134546
675 0.0134453
677 0.0134447
678 0.0134378
679 0.0134286
680 0.0134245
683 0.0134103
684 0.0134019
685 0.013394
686 0.0133873
687 0.0133736
688 0.0133613
689 0.013349
690 0.0133374
691 0.0133272
692 0.0133162
693 0.0133043
694 0.0132927
695 0.0132859
696 0.0132788
697 0.0132662
698 0.0132552
699 0.0132493
701 0.0132464
702 0.0132387
703 0.0132322
704 0.0132288
707 0.0132193
708 0.0132123
709 0.0132074
711 0.0132061
712 0.0132037
714 0.013203
715 0.013189
716 0.0131857
717 0.0131793
718 0.0131727
719 0.0131633
720 0.0131588
721 0.0131544
722 0.0131406
723 0.0131288
724 0.0131181
725 0.0131123
726 0.0131111
728 0.0131008
729 0.0130907
730 0.0130821
731 0.0130766
732 0.0130649
733 0.013054
734 0.013048
735 0.0130444
736 0.013036
737 0.0130305
739 0.013027
740 0.013018
743 0.0130108
744 0.0130054
745 0.0130027
746 0.0130017
748 0.0129975
749 0.0129884
750 0.0129846
753 0.0129775
755 0.0129768
756 0.0129683
759 0.0129579
760 0.0129523
761 0.0129488
762 0.0129475
764 0.0129369
765 0.0129329
766 0.0129223
767 0.0129181
769 0.0129146
770 0.0129067
771 0.0128989
772 0.0128972
774 0.0128848
775 0.012879
776 0.0128759
777 0.0128728
780 0.0128622
781 0.0128528
782 0.0128492
783 0.0128459
784 0.0128377
785 0.0128324
787 0.0128301
788 0.0128207
792 0.0128167
793 0.0128163
795 0.0128123
796 0.0128093
799 0.0128053
800 0.012802
801 0.0127997
802 0.0127955
803 0.0127916
804 0.0127882
805 0.0127852
806 0.0127814
807 0.0127772
808 0.0127731
809 0.012769
810 0.012765
811 0.0127611
812 0.0127571
813 0.0127529
814 0.0127489
815 0.0127447
816 0.0127405
817 0.0127364
818 0.0127325
819 0.0127284
820 0.0127242
821 0.01272
822 0.0127162
823 0.0127123
824 0.0127081
825 0.0127039
826 0.0126998
827 0.0126958
828 0.0126917
829 0.0126876
830 0.0126851
831 0.0126828
832 0.0126788
833 0.0126746
834 0.0126705
835 0.0126665
836 0.0126625
837 0.0126583
838 0.0126541
839 0.01265
840 0.012646
841 0.0126418
842 0.0126377
843 0.0126336
844 0.0126296
845 0.0126255
846 0.0126215
847 0.0126175
848 0.0126136
849 0.0126096
850 0.0126056
851 0.0126016
852 0.0125975
853 0.0125934
854 0.01259
855 0.0125865
856 0.0125827
857 0.0125787
858 0.0125753
859 0.0125721
860 0.012568
861 0.012564
862 0.0125599
863 0.0125562
864 0.0125523
865 0.0125483
866 0.0125443
867 0.0125403
868 0.0125364
869 0.0125338
870 0.012531
871 0.0125274
872 0.0125235
873 0.0125199
874 0.012516
875 0.0125122
876 0.0125096
877 0.0125064
878 0.0125027
879 0.0124991
880 0.0124955
881 0.0124917
882 0.0124893
883 0.0124885
884 0.012488
885 0.0124844
886 0.0124812
887 0.0124793
888 0.0124757
889 0.0124717
890 0.0124681
891 0.0124647
892 0.0124616
893 0.0124592
894 0.0124577
895 0.0124573
896 0.0124572
897 0.0124525
898 0.0124482
899 0.0124446
900 0.0124412
901 0.0124373
902 0.0124336
903 0.0124316
904 0.0124289
905 0.0124267
906 0.0124236
907 0.0124196
908 0.0124159
909 0.0124128
910 0.0124091
911 0.0124059
912 0.0124026
913 0.0124001
914 0.0123978
917 0.0123937
918 0.0123899
919 0.0123864
920 0.0123831
921 0.0123806
922 0.0123773
923 0.0123743
924 0.0123705
925 0.0123665
926 0.0123626
927 0.0123602
928 0.0123567
929 0.012353
930 0.0123499
931 0.0123462
932 0.0123423
933 0.0123385
934 0.0123349
935 0.0123311
936 0.0123274
937 0.012324
938 0.0123205
939 0.0123174
940 0.0123163
941 0.0123158
943 0.0123108
944 0.0123071
945 0.0123039
946 0.0123005
947 0.012298
950 0.0122972
951 0.0122928
952 0.0122893
953 0.0122859
954 0.0122825
955 0.0122799
956 0.012279
957 0.0122774
959 0.0122742
960 0.0122701
961 0.0122665
962 0.0122633
963 0.012261
964 0.0122579
965 0.0122547
966 0.0122527
967 0.0122489
968 0.0122457
969 0.0122418
970 0.0122384
971 0.0122353
972 0.0122326
974 0.012232
975 0.0122288
976 0.0122255
977 0.0122229
978 0.0122205
979 0.0122186
980 0.0122168
981 0.0122128
982 0.0122101
983 0.0122068
984 0.012204
985 0.0122039
987 0.012203
988 0.0121984
989 0.0121947
990 0.0121912
991 0.0121881
992 0.012186
993 0.0121844
994 0.0121821
995 0.012179
996 0.0121779
997 0.0121734
998 0.0121693
999 0.0121656
1000 0.012162
1001 0.0121584
1002 0.0121552
1003 0.0121516
1004 0.0121481
1005 0.0121444
1006 0.0121405
1007 0.0121366
1008 0.0121328
1009 0.012129
1010 0.0121252
1011 0.0121216
1012 0.0121177
1013 0.012114
1014 0.0121103
1015 0.0121065
1016 0.0121027
1017 0.012099
1018 0.0120952
1019 0.0120914
1020 0.0120876
1021 0.0120839
1022 0.0120801
1023 0.0120764
1024 0.0120726
1025 0.0120689
1026 0.0120651
1027 0.0120613
1028 0.0120578
1029 0.0120543
1030 0.0120504
1031 0.0120466
1032 0.0120429
1033 0.0120398
1034 0.0120368
1035 0.012033
1036 0.0120292
1037 0.0120259
1038 0.0120221
1039 0.0120183
1040 0.0120145
1041 0.0120108
1042 0.012007
1043 0.0120034
1044 0.0119996
1045 0.0119959
1046 0.0119922
1047 0.0119887
1048 0.0119849
1049 0.0119812
1050 0.0119777
1051 0.0119749
1052 0.011971
1053 0.0119673
1054 0.0119635
1055 0.0119598
1056 0.0119562
1057 0.011953
1058 0.0119492
1059 0.0119454
1060 0.0119417
1061 0.011938
1062 0.0119344
1063 0.0119307
1064 0.011927
1065 0.0119233
1066 0.0119196
1067 0.0119159
1068 0.0119123
1069 0.0119087
1070 0.0119052
1071 0.0119015
1072 0.0118979
1073 0.0118943
1074 0.0118906
1075 0.0118869
1076 0.0118833
1077 0.0118797
1078 0.0118762
1079 0.0118725
1080 0.0118689
1081 0.0118653
1082 0.0118618
1083 0.0118583
1084 0.0118546
1085 0.011851
1086 0.0118475
1087 0.011844
1088 0.0118405
1089 0.0118368
1090 0.0118333
1091 0.0118297
1092 0.0118264
1093 0.0118229
1094 0.0118193
1095 0.0118157
1096 0.0118122
1097 0.0118088
1098 0.0118052
1099 0.0118017
1100 0.0117981
1101 0.0117946
1102 0.0117915
1103 0.0117884
1104 0.0117858
1105 0.0117834
1106 0.0117798
1107 0.0117764
1108 0.011773
1109 0.0117695
1110 0.0117662
1111 0.0117627
1112 0.011759
1113 0.0117553
1114 0.0117516
1115 0.0117479
1116 0.0117442
1117 0.0117406
1118 0.0117377
1119 0.0117355
1120 0.0117339
1121 0.0117311
1122 0.0117281
1123 0.0117244
1124 0.011721
1125 0.0117185
1126 0.0117155
1127 0.0117137
1128 0.0117129
1130 0.0117089
1131 0.0117053
1132 0.0117018
1133 0.0116983
1134 0.0116949
1135 0.0116913
1136 0.0116878
1137 0.011685
1138 0.0116834
1139 0.0116807
1140 0.0116771
1141 0.0116734
1142 0.0116698
1143 0.0116665
1144 0.0116629
1145 0.0116593
1146 0.0116558
1147 0.0116524
1148 0.0116491
1149 0.0116464
1150 0.0116439
1151 0.0116415
1153 0.0116408
1154 0.0116373
1155 0.0116341
1156 0.0116314
1157 0.0116292
1158 0.0116264
1159 0.011624
1160 0.0116224
1161 0.011622
1162 0.0116186
1163 0.0116156
1164 0.0116134
1165 0.0116105
1166 0.0116069
1167 0.0116046
1168 0.0116037
1170 0.0116001
1171 0.0115968
1172 0.0115948
1173 0.0115945
1175 0.0115906
1176 0.0115872
1177 0.0115847
1178 0.0115814
1179 0.0115802
1180 0.0115786
1181 0.0115753
1182 0.0115739
1183 0.0115702
1184 0.0115684
1185 0.0115643
1186 0.0115609
1187 0.0115581
1188 0.0115553
1189 0.0115521
1190 0.011549
1191 0.011546
1192 0.0115432
1193 0.0115397
1194 0.0115364
1195 0.0115339
1196 0.0115314
1197 0.0115289
1198 0.011527
1200 0.0115261
1201 0.0115227
1202 0.0115208
1203 0.0115197
1204 0.0115177
1205 0.0115167
1207 0.0115148
1208 0.011511
1209 0.0115083
1212 0.0115054
1213 0.0115025
1214 0.0115012
1215 0.011498
1216 0.0114948
1217 0.0114916
1218 0.0114888
1219 0.0114862
1220 0.0114838
1221 0.0114808
1222 0.0114786
1223 0.0114749
1224 0.0114715
1225 0.0114687
1226 0.0114657
1227 0.0114629
1228 0.0114613
1229 0.0114591
1230 0.0114555
1231 0.0114521
1232 0.0114492
1233 0.0114455
1234 0.0114424
1235 0.0114401
1236 0.0114374
1237 0.0114363
1238 0.0114347
1240 0.0114338
1241 0.0114299
1242 0.0114267
1243 0.0114241
1244 0.0114228
1246 0.0114218
1247 0.0114203
1248 0.0114169
1249 0.0114137
1250 0.0114105
1251 0.0114075
1252 0.0114059
1253 0.0114042
1254 0.0114017
1255 0.0113985
1256 0.0113953
1257 0.0113925
1258 0.0113907
1259 0.0113885
1260 0.0113869
1262 0.0113861
1263 0.0113827
1264 0.0113798
1265 0.0113769
1268 0.0113741
1269 0.0113731
1270 0.0113724
1271 0.01137
1272 0.011368
1273 0.0113675
1275 0.0113669
1276 0.011363
1277 0.0113597
1278 0.0113574
1279 0.0113566
1280 0.011356
1283 0.0113547
1284 0.0113509
1285 0.0113479
1286 0.0113447
1287 0.0113422
1288 0.0113398
1291 0.0113385
1292 0.0113381
1293 0.0113349
1294 0.0113329
1295 0.0113298
1296 0.0113269
1297 0.0113255
1298 0.0113234
1299 0.0113222
1300 0.0113192
1301 0.0113165
1304 0.011313
1305 0.0113114
1306 0.0113104
1307 0.0113099
1309 0.0113062
1310 0.0113043
1311 0.0113009
1312 0.011299
1313 0.0112982
1314 0.011295
1315 0.011292
1316 0.0112907
1317 0.0112888
1318 0.0112849
1319 0.0112813
1320 0.0112781
1321 0.0112748
1322 0.0112715
1323 0.0112682
1324 0.0112661
1325 0.0112631
1326 0.0112611
1327 0.0112582
1328 0.0112548
1329 0.0112514
1330 0.011248
1331 0.0112446
1332 0.0112413
1333 0.0112384
1334 0.011235
1335 0.0112316
1336 0.0112283
1337 0.0112251
1338 0.0112219
1339 0.0112187
1340 0.0112155
1341 0.0112131
1342 0.0112106
1343 0.0112089
1344 0.0112059
1345 0.0112031
1346 0.0112003
1347 0.0111986
1348 0.011195
1349 0.0111918
1350 0.0111888
1351 0.011186
1352 0.0111832
1353 0.0111818
1354 0.0111807
1355 0.0111782
1356 0.0111758
1357 0.0111727
1358 0.0111699
1359 0.0111671
1360 0.0111635
1361 0.0111604
1362 0.0111576
1363 0.0111545
1364 0.0111515
1365 0.0111486
1366 0.0111465
1367 0.011143
1368 0.0111397
1369 0.0111364
1370 0.0111333
1371 0.0111313
1372 0.0111282
1373 0.0111262
1374 0.0111247
1375 0.0111228
1376 0.0111202
1379 0.0111166
1380 0.0111147
1381 0.0111143
1382 0.0111141
1383 0.0111126
1386 0.0111088
1387 0.0111057
1388 0.0111027
1389 0.0111004
1390 0.0110975
1391 0.0110949
1392 0.0110936
1393 0.0110914
1395 0.0110909
1396 0.011087
1397 0.0110843
1398 0.0110828
1401 0.0110809
1402 0.0110805
1403 0.0110799
1404 0.0110763
1405 0.0110732
1406 0.0110701
1407 0.0110689
1408 0.0110671
1411 0.0110636
1412 0.0110602
1413 0.0110574
1414 0.0110541
1415 0.011051
1416 0.0110477
1417 0.0110448
1418 0.0110413
1419 0.0110381
1420 0.0110348
1421 0.0110315
1422 0.0110285
1423 0.0110254
1424 0.011022
1425 0.0110187
1426 0.0110154
1427 0.0110121
1428 0.0110088
1429 0.0110055
1430 0.0110027
1431 0.0110003
1432 0.010998
1433 0.010995
1434 0.0109917
1435 0.0109883
1436 0.0109851
1437 0.0109818
1438 0.0109785
1439 0.0109751
1440 0.0109718
1441 0.0109684
1442 0.0109653
1443 0.0109622
1444 0.010959
1445 0.0109557
1446 0.0109524
1447 0.010949
1448 0.010946
1449 0.0109427
1450 0.0109394
1451 0.0109361
1452 0.0109328
1453 0.0109294
1454 0.0109262
1455 0.0109229
1456 0.0109195
1457 0.0109165
1458 0.0109132
1459 0.01091
1460 0.0109067
1461 0.0109034
1462 0.0109006
1463 0.0108984
1464 0.0108967
1465 0.0108934
1466 0.0108902
1467 0.0108869
1468 0.0108836
1469 0.0108805
1470 0.0108772
1471 0.010874
1472 0.0108713
1473 0.010869
1474 0.0108657
1475 0.0108624
1476 0.0108591
1477 0.0108559
1478 0.0108531
1479 0.0108499
1480 0.0108467
1481 0.0108437
1482 0.0108404
1483 0.0108372
1484 0.0108339
1485 0.0108307
1486 0.0108275
1487 0.0108242
1488 0.0108213
1489 0.0108181
1490 0.0108149
1491 0.0108119
1492 0.0108091
1493 0.0108058
1494 0.0108028
1495 0.0107998
1496 0.010797
1497 0.0107952
1498 0.0107924
1499 0.0107892
1500 0.0107859
1501 0.0107827
1502 0.0107795
1503 0.0107763
1504 0.0107732
1505 0.01077
1506 0.0107668
1507 0.0107637
1508 0.0107605
1509 0.0107573
1510 0.0107542
1511 0.0107511
1512 0.010748
1513 0.0107447
1514 0.0107417
1515 0.0107385
1516 0.0107353
1517 0.0107321
1518 0.0107288
1519 0.0107256
1522 0.0107245
1523 0.0107229
1524 0.01072
1525 0.0107168
1526 0.0107137
1527 0.0107109
1528 0.0107083
1529 0.0107055
1530 0.0107026
1531 0.0106996
1532 0.0106967
1533 0.0106937
1534 0.0106907
1535 0.0106878
1536 0.0106849
1537 0.0106823
1538 0.0106795
1539 0.0106771
1540 0.0106748
1541 0.0106741
1542 0.0106713
1543 0.0106683
1544 0.010666
1545 0.0106651
1547 0.0106643
1548 0.010662
1549 0.0106595
1550 0.0106575
1551 0.0106569
1552 0.0106539
1554 0.0106534
1555 0.0106501
1556 0.0106475
1557 0.0106462
1558 0.0106434
1559 0.0106421
1560 0.0106411
1561 0.0106384
1562 0.0106352
1563 0.0106324
1564 0.0106296
1565 0.0106274
1566 0.0106254
1568 0.0106253
1569 0.010622
1570 0.0106195
1571 0.0106169
1572 0.0106157
1573 0.010614
1574 0.0106109
1575 0.0106081
1576 0.0106053
1577 0.0106033
1578 0.0106007
1579 0.0105981
1580 0.0105948
1581 0.0105917
1582 0.0105886
1583 0.0105857
1584 0.0105831
1585 0.0105804
1586 0.0105784
1588 0.0105783
1589 0.0105753
1590 0.0105737
1591 0.0105717
1592 0.0105692
1593 0.0105675
1594 0.0105661
1596 0.0105654
1597 0.0105619
1598 0.0105597
1599 0.0105568
1600 0.0105559
1601 0.0105557
1602 0.0105548
1603 0.0105519
1604 0.0105487
1605 0.0105472
1606 0.010544
1607 0.0105412
1608 0.0105396
1609 0.010539
1610 0.0105362
1611 0.010535
1612 0.0105316
1613 0.0105284
1614 0.0105254
1615 0.0105226
1616 0.0105201
1617 0.0105172
1618 0.0105151
1619 0.0105122
1620 0.010509
1621 0.0105058
1622 0.0105026
1623 0.0104996
1624 0.0104966
1625 0.0104942
1626 0.0104932
1627 0.0104924
1629 0.010489
1630 0.0104858
1631 0.010483
1632 0.0104799
1633 0.010477
1634 0.0104747
1635 0.0104722
1636 0.0104694
1637 0.0104662
1638 0.0104631
1639 0.0104605
1640 0.0104584
1641 0.0104554
1642 0.0104528
1643 0.0104497
1644 0.0104467
1645 0.0104438
1646 0.010441
1647 0.010438
1648 0.010435
1649 0.0104321
1650 0.0104291
1651 0.0104261
1652 0.0104232
1653 0.0104208
1654 0.0104184
1655 0.010415
1656 0.0104121
1657 0.0104095
1658 0.010408
1659 0.0104068
1662 0.0104036
1663 0.0104007
1664 0.010398
1665 0.0103961
1666 0.0103939
1667 0.0103919
1668 0.0103905
1670 0.0103898
1671 0.010387
1672 0.0103841
1673 0.0103814
1674 0.0103796
1675 0.0103788
1676 0.0103764
1677 0.010374
1678 0.0103722
1679 0.0103692
1680 0.0103666
1681 0.0103658
1682 0.0103636
1685 0.0103607
1686 0.0103582
1687 0.0103561
1690 0.0103537
1691 0.0103536
1692 0.0103525
1693 0.0103494
1694 0.0103476
1695 0.0103475
1696 0.0103466
1697 0.0103437
1698 0.0103412
1699 0.0103406
1700 0.0103405
1701 0.0103372
1702 0.0103343
1703 0.0103318
1704 0.0103293
1705 0.0103265
1706 0.0103252
1707 0.0103222
1708 0.0103194
1709 0.0103166
1710 0.0103142
1711 0.0103114
1712 0.0103086
1713 0.0103065
1714 0.0103041
1715 0.0103024
1716 0.0103011
1718 0.0103
1719 0.0102967
1720 0.0102954
1721 0.0102939
1723 0.0102926
1724 0.0102906
1725 0.0102888
1726 0.0102861
1727 0.0102845
1728 0.0102833
1729 0.0102817
1730 0.0102782
1731 0.0102756
1732 0.0102735
1733 0.0102711
1734 0.0102689
1735 0.0102662
1736 0.0102633
1737 0.0102606
1738 0.010258
1739 0.0102553
1740 0.0102529
1741 0.010251
1742 0.0102484
1743 0.0102462
1744 0.0102431
1745 0.0102404
1746 0.010238
1747 0.0102359
1749 0.0102354
1750 0.0102334
1751 0.0102309
1752 0.0102288
1753 0.0102268
1754 0.0102257
1755 0.0102241
1757 0.0102227
1758 0.0102198
1759 0.0102182
1760 0.0102176
1763 0.0102149
1764 0.0102122
1765 0.0102099
1766 0.0102096
1767 0.0102084
1768 0.0102053
1769 0.0102039
1770 0.0102015
1771 0.0101992
1772 0.0101976
1773 0.0101944
1774 0.010193
1775 0.0101901
1776 0.0101871
1777 0.0101841
1778 0.0101811
1779 0.0101781
1780 0.0101752
1781 0.0101732
1782 0.0101716
1783 0.0101696
1784 0.0101686
1785 0.0101658
1786 0.0101624
1787 0.0101595
1788 0.010157
1789 0.0101541
1790 0.0101513
1791 0.0101485
1792 0.0101456
1793 0.0101429
1794 0.0101411
1795 0.0101402
1797 0.0101374
1798 0.0101347
1799 0.0101321
1800 0.0101299
1801 0.0101278
1802 0.0101254
1803 0.0101239
1804 0.0101223
1805 0.0101196
1806 0.0101172
1807 0.0101147
1808 0.0101131
1809 0.0101114
1810 0.0101085
1811 0.010106
1812 0.0101031
1813 0.0101005
1814 0.0100983
1815 0.0100961
1816 0.0100941
1817 0.0100919
1818 0.0100896
1819 0.0100866
1820 0.0100837
1821 0.0100809
1822 0.010078
1823 0.0100752
1824 0.0100723
1825 0.0100696
1826 0.0100668
1827 0.0100641
1828 0.0100612
1829 0.0100583
1830 0.0100555
1831 0.0100527
1832 0.0100498
1833 0.0100471
1834 0.0100444
1835 0.0100415
1836 0.0100386
1837 0.0100358
1838 0.0100331
1839 0.0100306
1840 0.0100277
1841 0.0100248
1842 0.0100221
1843 0.0100196
1844 0.0100177
1845 0.0100158
1846 0.0100147
1847 0.010013
1848 0.0100107
1849 0.0100091
1850 0.0100071
1852 0.0100067
1853 0.0100034
1854 0.0100019
1855 0.0100006
1858 0.00999823
1859 0.00999682
1860 0.00999406
1861 0.00999217
1862 0.00999171
1863 0.00998869
1864 0.00998833
1865 0.00998817
1866 0.00998507
1867 0.00998211
1868 0.00997935
1869 0.00997746
1871 0.00997712
1872 0.00997627
1873 0.00997404
1874 0.00997146
1875 0.00996918
1876 0.00996807
1877 0.00996613
1878 0.00996396
1879 0.00996335
1880 0.00996311
1881 0.009962
1882 0.00995845
1883 0.00995562
1884 0.00995451
1885 0.00995227
1886 0.00995052
1887 0.00994897
1888 0.00994866
1889 0.00994744
1892 0.00994422
1893 0.00994248
1895 0.00994224
1896 0.00994051
1897 0.00993862
1898 0.00993717
1899 0.00993649
1900 0.00993401
1901 0.0099327
1902 0.00992951
1903 0.00992757
1904 0.00992551
1905 0.00992441
1906 0.00992278
1907 0.00992192
1909 0.00991885
1910 0.00991596
1911 0.00991311
1912 0.00991035
1913 0.00990788
1914 0.00990538
1915 0.00990323
1916 0.00990037
1917 0.00989841
1918 0.00989755
1919 0.00989496
1920 0.00989224
1921 0.00988959
1922 0.00988678
1923 0.00988398
1924 0.00988119
1925 0.0098784
1926 0.00987566
1927 0.0098729
1928 0.00987012
1929 0.00986737
1930 0.00986463
1931 0.00986186
1932 0.00985916
1933 0.0098564
1934 0.00985364
1935 0.00985111
1936 0.00984836
1937 0.00984562
1938 0.00984372
1939 0.00984248
1940 0.00983919
1941 0.00983696
1942 0.00983503
1943 0.00983415
1944 0.00983343
1945 0.00983309
1947 0.0098303
1948 0.00982734
1949 0.00982468
1950 0.00982233
1951 0.00982109
1952 0.00981949
1953 0.00981703
1954 0.0098156
1955 0.00981266
1956 0.00980974
1957 0.00980686
1958 0.00980401
1959 0.00980116
1960 0.00979831
1961 0.00979547
1962 0.00979279
1963 0.00978995
1964 0.00978714
1965 0.00978458
1966 0.00978166
1967 0.00977888
1968 0.00977638
1969 0.00977355
1970 0.00977071
1971 0.00976788
1972 0.00976505
1973 0.00976223
1974 0.00975948
1975 0.00975685
1976 0.00975399
1977 0.00975124
1978 0.00974843
1979 0.00974566
1980 0.00974286
1981 0.0097401
1982 0.00973757
1983 0.00973492
1984 0.00973211
1985 0.00972933
1986 0.00972672
1987 0.00972395
1988 0.00972116
1989 0.00971838
1990 0.00971602
1991 0.00971403
1992 0.00971136
1993 0.00970864
1994 0.00970591
1995 0.00970321
1996 0.00970053
1997 0.00969789
1998 0.00969519
1999 0.00969259
2000 0.00968987
2001 0.00968765
2002 0.00968537
2003 0.00968449
2004 0.00968275
2005 0.0096794
2006 0.0096768
2007 0.00967503
2008 0.00967299
2009 0.00967182
2012 0.00966921
2013 0.00966687
2014 0.00966598
2015 0.0096646
2016 0.00966401
2017 0.00966328
2018 0.0096603
2019 0.00965786
2020 0.0096553
2021 0.00965317
2022 0.00965083
2023 0.0096486
2024 0.00964623
2025 0.00964374
2026 0.00964133
2027 0.00963859
2028 0.00963597
2029 0.0096334
2030 0.00963065
2031 0.00962792
2032 0.00962529
2033 0.00962264
2034 0.00962028
2035 0.00961758
2036 0.00961528
2037 0.00961324
2038 0.00961098
2039 0.00960847
2040 0.00960615
2041 0.00960474
2042 0.0096018
2043 0.00959936
2044 0.00959693
2045 0.00959518
2046 0.0095936
2047 0.00959258
2048 0.00958953
2049 0.0095873
2050 0.00958513
2051 0.00958329
2052 0.00958264
2053 0.00958202
2055 0.0095815
2056 0.00957887
2057 0.00957719
2058 0.00957659
2059 0.00957349
2060 0.00957329
2061 0.00957323
2062 0.00957092
2063 0.0095685
2064 0.00956595
2065 0.00956377
2066 0.00956174
2067 0.00956089
2068 0.00955989
2069 0.00955712
2070 0.00955418
2071 0.00955172
2072 0.00954998
2073 0.00954887
2075 0.00954868
2077 0.0095477
2078 0.0095453
2079 0.00954464
2080 0.00954429
2082 0.00954098
2083 0.00953943
2084 0.00953741
2085 0.0095352
2086 0.0095341
2089 0.00953142
2090 0.00952876
2091 0.00952634
2092 0.00952442
2093 0.00952266
2094 0.00952072
2095 0.00951937
2096 0.00951614
2097 0.00951351
2098 0.00951103
2099 0.0095088
2100 0.00950728
2101 0.00950604
2104 0.00950331
2105 0.00950215
2106 0.00950145
2109 0.00949953
2110 0.00949705
2111 0.00949471
2112 0.00949256
2113 0.00949249
2115 0.00949218
2117 0.00948876
2118 0.00948617
2119 0.00948436
2120 0.0094829
2121 0.00948234
2122 0.00948145
2123 0.009479
2124 0.00947694
2125 0.0094743
2126 0.00947177
2127 0.00946949
2128 0.00946721
2129 0.00946559
2130 0.00946449
2131 0.00946159
2132 0.00945917
2133 0.00945703
2134 0.00945496
2135 0.00945402
2136 0.00945327
2138 0.00945289
2139 0.00944951
2140 0.00944731
2141 0.00944608
2142 0.00944466
2146 0.00944416
2147 0.00944137
2148 0.00944012
2149 0.00943758
2150 0.00943515
2151 0.00943361
2152 0.00943213
2153 0.00943105
2154 0.00942839
2155 0.00942575
2156 0.00942313
2157 0.00942053
2158 0.00941789
2159 0.00941526
2160 0.00941264
2161 0.00941006
2162 0.00940745
2163 0.00940515
2164 0.00940259
2165 0.00940007
2166 0.00939747
2167 0.00939495
2168 0.00939234
2169 0.00938981
2170 0.0093872
2171 0.0093846
2172 0.00938203
2173 0.00937947
2174 0.00937688
2175 0.00937456
2176 0.0093721
2177 0.0093696
2178 0.00936701
2179 0.00936448
2180 0.00936194
2181 0.00935942
2182 0.00935698
2183 0.00935435
2184 0.00935176
2185 0.00934922
2186 0.00934722
2187 0.00934466
2188 0.00934209
2189 0.00933961
2190 0.00933709
2191 0.00933455
2192 0.00933196
2193 0.00932939
2194 0.00932682
2195 0.00932425
2196 0.00932168
2197 0.00931912
2198 0.00931663
2199 0.00931407
2200 0.00931156
2201 0.00930897
2202 0.00930639
2203 0.00930411
2204 0.00930181
2205 0.00929934
2206 0.00929676
2207 0.00929422
2208 0.00929169
2209 0.00928913
2210 0.00928658
2211 0.00928411
2212 0.00928166
2213 0.00927913
2214 0.0092766
2215 0.00927421
2216 0.00927171
2217 0.00926944
2218 0.00926686
2219 0.00926436
2220 0.00926194
2221 0.00925941
2222 0.00925688
2223 0.00925447
2224 0.00925193
2225 0.00924961
2226 0.00924713
2227 0.0092446
2228 0.00924206
2229 0.00923953
2230 0.00923737
2231 0.0092349
2232 0.00923241
2233 0.00922984
2234 0.0092273
2235 0.00922488
2236 0.00922234
2237 0.00921979
2238 0.00921726
2239 0.00921493
2240 0.00921276
2241 0.00921042
2242 0.00920795
2243 0.00920541
2244 0.00920288
2245 0.00920035
2246 0.00919782
2247 0.00919532
2248 0.00919279
2249 0.00919028
2250 0.00918779
2251 0.00918528
2252 0.00918276
2253 0.00918024
2254 0.00917778
2255 0.00917528
2256 0.00917278
2257 0.00917032
2258 0.00916781
2259 0.00916533
2260 0.00916289
2261 0.00916039
2262 0.00915795
2263 0.00915546
2264 0.00915297
2265 0.00915069
2266 0.00914817
2267 0.00914568
2268 0.0091432
2269 0.00914087
2270 0.00913838
2271 0.00913588
2272 0.0091334
2273 0.00913092
2274 0.00912843
2275 0.009126
2276 0.00912352
2277 0.00912107
2278 0.00911861
2279 0.00911615
2280 0.00911381
2281 0.00911134
2282 0.00910898
2283 0.00910657
2284 0.0091041
2285 0.00910166
2286 0.00909924
2287 0.00909695
2288 0.00909446
2289 0.00909207
2290 0.00908993
2291 0.00908747
2292 0.00908503
2293 0.00908258
2294 0.00908013
2295 0.00907774
2296 0.00907533
2297 0.00907299
2298 0.00907073
2299 0.00906837
2300 0.00906592
2301 0.0090635
2302 0.00906106
2303 0.00905864
2304 0.00905637
2305 0.00905414
2306 0.0090517
2307 0.00904927
2308 0.00904686
2309 0.00904443
2310 0.00904207
2311 0.00903981
2312 0.00903751
2313 0.00903516
2314 0.00903272
2315 0.00903063
2316 0.00902846
2317 0.00902599
2318 0.00902368
2319 0.00902132
2320 0.0090189
2321 0.00901664
2322 0.00901438
2323 0.00901194
2324 0.00900962
2325 0.00900728
2326 0.0090051
2327 0.00900275
2328 0.0090004
2329 0.00899803
2330 0.00899564
2331 0.00899404
2332 0.00899216
2333 0.00899047
2334 0.00898805
2335 0.00898566
2336 0.00898328
2337 0.00898093
2338 0.00897859
2339 0.00897619
2340 0.00897381
2341 0.00897171
2342 0.00896941
2343 0.00896706
2344 0.00896477
2345 0.00896281
2346 0.00896088
2347 0.00895932
2348 0.00895674
2349 0.00895441
2350 0.00895212
2351 0.00894982
2352 0.00894752
2353 0.00894553
2354 0.00894321
2355 0.00894104
2356 0.00894049
2357 0.00893942
2358 0.00893697
2359 0.00893446
2360 0.00893218
2361 0.00893055
2362 0.00892888
2363 0.00892738
2364 0.00892501
2365 0.00892286
2366 0.00892049
2367 0.00891814
2368 0.00891585
2369 0.00891367
2370 0.00891148
2371 0.0089091
2372 0.00890672
2373 0.00890436
2374 0.008902
2375 0.00889966
2376 0.00889753
2377 0.00889524
2378 0.00889299
2379 0.0088916
2380 0.00888981
2381 0.00888738
2382 0.00888509
2383 0.00888285
2384 0.00888062
2385 0.00887828
2386 0.00887605
2387 0.00887388
2388 0.00887212
2389 0.00887052
2390 0.00886856
2391 0.00886659
2392 0.00886436
2393 0.00886231
2394 0.00886116
2395 0.00885867
2396 0.00885655
2397 0.00885471
2398 0.00885303
2399 0.00885169
2402 0.00884933
2403 0.00884822
2404 0.00884713
2407 0.00884507
2408 0.00884429
2409 0.00884391
2410 0.00884214
2411 0.00884107
2412 0.00883963
2414 0.00883939
2415 0.00883697
2416 0.00883682
2417 0.00883666
2418 0.00883467
2419 0.00883331
2422 0.0088315
2423 0.00883022
2424 0.00882832
2425 0.00882703
2426 0.00882657
2427 0.00882456
2429 0.00882436
2430 0.00882211
2431 0.00882041
2432 0.00881971
2435 0.0088173
2436 0.00881512
2437 0.00881333
2438 0.00881176
2439 0.00880958
2440 0.00880775
2441 0.00880534
2442 0.00880312
2443 0.00880114
2444 0.00879883
2445 0.0087965
2446 0.00879422
2447 0.0087919
2448 0.00878959
2449 0.00878728
2450 0.00878499
2451 0.00878277
2452 0.00878048
2453 0.0087782
2454 0.00877591
2455 0.00877363
2456 0.00877142
2457 0.00876914
2458 0.00876692
2459 0.00876471
2460 0.00876244
2461 0.00876016
2462 0.00875819
2463 0.00875643
2464 0.00875491
2465 0.00875279
2466 0.00875045
2467 0.00874818
2468 0.00874597
2469 0.0087438
2470 0.00874174
2471 0.00873954
2472 0.00873739
2473 0.00873522
2474 0.00873319
2475 0.00873144
2476 0.00873041
2477 0.00872822
2478 0.00872605
2479 0.00872384
2480 0.0087217
2481 0.00871982
2482 0.00871762
2483 0.00871555
2484 0.00871355
2485 0.0087115
2486 0.00870956
2487 0.00870777
2488 0.00870571
2489 0.00870363
2490 0.00870156
2491 0.00869949
2492 0.008698
2493 0.00869571
2494 0.00869336
2495 0.00869114
2496 0.00868937
2497 0.00868824
2498 0.00868766
2499 0.00868679
2500 0.0086865
2501 0.00868571
2502 0.00868319
2503 0.00868082
2504 0.00867873
2505 0.00867654
2506 0.00867435
2507 0.00867274
2508 0.00867083
2509 0.00866882
2510 0.00866696
2511 0.00866628
2512 0.00866478
2513 0.00866227
2514 0.00866015
2515 0.00865808
2516 0.00865615
2517 0.00865448
2518 0.00865229
2519 0.00865015
2520 0.00864803
2521 0.00864657
2522 0.00864523
2523 0.00864334
2524 0.00864095
2525 0.00863906
2526 0.00863695
2527 0.00863487
2528 0.00863276
2529 0.00863065
2530 0.00862862
2531 0.00862663
2532 0.00862461
2533 0.00862242
2534 0.0086202
2535 0.008618
2536 0.00861584
2537 0.00861366
2538 0.00861159
2539 0.00860945
2540 0.00860732
2541 0.00860526
2542 0.00860359
2543 0.00860162
2544 0.00859942
2545 0.00859719
2546 0.008595
2547 0.00859282
2548 0.00859068
2549 0.00858851
2550 0.00858633
2551 0.00858444
2552 0.00858244
2553 0.00858042
2554 0.00857847
2555 0.00857623
2556 0.00857405
2557 0.00857209
2558 0.00857001
2559 0.00856791
2560 0.00856572
2561 0.00856358
2562 0.00856157
2563 0.00855959
2564 0.00855746
2565 0.00855527
2566 0.00855311
2567 0.00855105
2568 0.00854892
2569 0.00854685
2570 0.00854491
2571 0.00854279
2572 0.00854066
2573 0.00853858
2574 0.0085365
2575 0.00853478
2576 0.00853311
2577 0.00853097
2578 0.00852882
2579 0.00852667
2580 0.00852452
2581 0.00852238
2582 0.00852039
2583 0.00851829
2584 0.0085162
2585 0.00851441
2586 0.00851239
2587 0.00851038
2588 0.00850836
2589 0.00850645
2590 0.0085044
2591 0.00850256
2592 0.00850057
2593 0.0084985
2594 0.00849644
2595 0.00849434
2596 0.00849225
2597 0.00849017
2598 0.00848813
2599 0.00848605
2600 0.00848396
2601 0.00848188
2602 0.00848026
2603 0.00847856
2604 0.00847745
2605 0.00847528
2606 0.00847347
2607 0.0084715
2608 0.00846942
2609 0.00846738
2610 0.00846536
2611 0.00846346
2612 0.00846139
2613 0.00845933
2614 0.00845817
2615 0.00845651
2616 0.00845456
2617 0.00845252
2618 0.00845068
2619 0.00844886
2620 0.00844778
2621 0.008447
2624 0.00844484
2625 0.00844429
2626 0.00844427
2628 0.00844251
2630 0.00844225
2631 0.00843983
2632 0.00843824
2633 0.00843702
2634 0.00843619
2635 0.00843488
2636 0.00843268
2637 0.00843053
2638 0.00842841
2639 0.00842633
2640 0.00842435
2641 0.00842251
2642 0.00842105
2643 0.00842038
2646 0.00841821
2647 0.00841624
2648 0.00841428
2649 0.00841279
2650 0.0084114
2653 0.00840962
2654 0.00840902
2655 0.00840815
2658 0.00840583
2659 0.0084052
2660 0.00840491
2661 0.00840395
2662 0.00840223
2664 0.00840194
2665 0.00839982
2666 0.00839797
2667 0.00839586
2668 0.0083938
2669 0.00839181
2670 0.00838977
2671 0.00838784
2672 0.00838591
2673 0.00838386
2674 0.00838185
2675 0.00837984
2676 0.00837796
2677 0.008376
2678 0.00837428
2679 0.0083728
2680 0.00837266
2681 0.00837238
2682 0.00837031
2683 0.00836829
2684 0.00836629
2685 0.00836429
2686 0.00836229
2687 0.0083603
2688 0.00835831
2689 0.00835633
2690 0.00835435
2691 0.00835241
2692 0.00835047
2693 0.0083486
2694 0.00834676
2695 0.00834512
2696 0.00834319
2697 0.00834189
2698 0.00834106
2699 0.00833934
2700 0.0083374
2701 0.00833682
2702 0.00833536
2703 0.00833309
2704 0.00833144
2705 0.00832994
2706 0.00832937
2707 0.00832799
2708 0.00832606
2709 0.00832431
2710 0.00832247
2711 0.00832072
2712 0.00831964
2715 0.00831739
2716 0.00831687
2718 0.00831664
2721 0.00831489
2722 0.00831356
2723 0.00831285
2726 0.00831075
2727 0.00830981
2728 0.00830889
2731 0.00830821
2732 0.00830811
2733 0.008306
2734 0.00830571
2735 0.00830489
2736 0.00830303
2737 0.00830133
2738 0.00829991
2739 0.00829913
2740 0.0082973
2741 0.00829521
2742 0.00829323
2743 0.00829122
2744 0.00828924
2745 0.00828777
2746 0.00828613
2747 0.00828502
2748 0.00828483
2750 0.00828254
2751 0.00828075
2752 0.00827948
2754 0.00827946
2755 0.00827855
2756 0.00827847
2757 0.00827779
2758 0.00827602
2759 0.00827512
2760 0.00827307
2761 0.00827274
2762 0.0082725
2763 0.0082713
2764 0.00827045
2765 0.00826822
2766 0.00826737
2767 0.0082655
2768 0.0082636
2769 0.00826173
2770 0.00825995
2771 0.00825837
2773 0.008258
2774 0.00825724
2775 0.00825709
2776 0.00825687
2777 0.00825595
2780 0.00825412
2781 0.00825302
2784 0.00825277
2786 0.00825053
2787 0.00824876
2788 0.00824789
2789 0.00824661
2790 0.00824489
2791 0.00824318
2792 0.00824127
2793 0.00823932
2794 0.00823739
2795 0.00823563
2796 0.00823371
2797 0.00823186
2798 0.00822997
2799 0.00822817
2800 0.0082264
2801 0.00822464
2802 0.00822288
2803 0.0082221
2804 0.00821986
2805 0.00821804
2806 0.0082169
2807 0.00821593
2808 0.00821571
2809 0.00821515
2810 0.00821495
2811 0.00821448
2812 0.00821256
2813 0.00821114
2814 0.00820946
2815 0.00820863
2816 0.00820835
2818 0.00820807
2819 0.00820702
2820 0.008205
2821 0.0082036
2822 0.00820284
2824 0.00820269
2825 0.00820259
2826 0.00820174
2827 0.0081999
2828 0.00819928
2829 0.00819906
2830 0.00819889
2831 0.00819715
2832 0.00819538
2833 0.00819467
2834 0.00819356
2835 0.00819287
2838 0.00819245
2840 0.00819047
2842 0.00818868
2845 0.0081885
2847 0.00818709
2848 0.00818502
2849 0.00818318
2850 0.00818124
2851 0.00817932
2852 0.00817747
2853 0.00817654
2854 0.00817646
2855 0.00817637
2856 0.00817528
2857 0.00817322
2858 0.00817136
2859 0.00816962
2860 0.00816823
2862 0.00816816
2863 0.00816691
2864 0.00816607
2866 0.00816599
2868 0.00816428
2869 0.00816388
2870 0.00816368
