1 2537760000.0
7 2401890000.0
8 2268690000.0
9 2145730000.0
10 2021900000.0
11 1909270000.0
12 1801430000.0
13 1706000000.0
14 1616090000.0
15 1541240000.0
16 1436390000.0
17 1337290000.0
18 1240840000.0
19 1174780000.0
20 1088080000.0
21 1014040000.0
22 955110000.0
23 873625000.0
24 797228000.0
25 737707000.0
26 678544000.0
27 610333000.0
28 558491000.0
29 501925000.0
30 443834000.0
31 399027000.0
32 355344000.0
33 314321000.0
34 269413000.0
35 233654000.0
36 195384000.0
37 164201000.0
38 136272000.0
39 112135000.0
40 87068300.0
41 69821900.0
42 50910600.0
43 36497500.0
44 25046200.0
45 16437900.0
46 8435850.0
47 4772250.0
48 1697320.0
49 651653.0
57 318199.0
58 218482.0
59 118789.0
60 50684.0
61 41737.4
65 33721.3
69 19517.9
70 10671.3
73 8855.11
74 7757.52
75 6136.0
76 5033.71
80 4974.8
81 1071.55
82 800.222
83 612.476
89 600.645
90 329.849
92 257.65
96 159.36
97 62.5007
102 33.9723
105 16.4439
106 12.6038
108 2.90274
112 1.67053
116 0.645485
118 0.521533
119 0.27626
121 0.230589
123 0.0974377
125 0.0398225
126 0.026221
128 0.016997
131 0.00826676
