1 1031.65
3 1030.05
5 876.771
6 707.331
7 527.364
14 525.661
15 494.953
16 483.485
19 467.724
20 461.087
21 443.451
22 429.024
23 415.372
25 413.146
26 411.793
28 405.11
29 396.095
30 390.91
31 388.067
32 380.046
33 373.857
34 367.209
35 360.693
36 354.298
37 347.529
38 342.994
39 337.302
40 330.925
41 325.148
44 319.609
45 316.66
47 314.294
48 308.345
49 302.873
50 297.757
51 296.285
52 289.025
53 283.746
54 280.012
55 275.162
56 272.901
57 265.399
58 260.293
59 257.713
61 252.272
62 247.941
63 242.351
64 237.264
65 232.385
66 226.944
67 221.63
68 216.663
69 214.718
70 210.141
71 205.169
72 200.28
73 195.856
74 191.477
75 188.716
76 184.042
77 180.211
78 180.094
79 177.853
80 172.787
81 170.143
82 166.204
84 161.945
85 159.105
86 155.447
87 153.372
88 148.581
89 144.892
90 141.316
91 137.473
92 134.218
93 130.134
94 126.623
95 123.425
97 120.292
98 118.47
99 116.879
101 112.684
102 109.657
103 106.963
104 103.569
105 100.545
106 98.6884
107 94.9921
108 91.8812
109 89.6887
111 86.5816
112 84.6371
113 84.0703
114 80.3154
115 77.5644
116 74.6396
117 71.7601
118 69.0742
119 66.4883
120 64.8463
121 62.0106
122 59.3537
123 56.8726
124 54.9213
125 52.918
126 50.5356
127 48.3527
128 46.6433
129 46.4641
130 45.1286
131 42.7574
132 41.6065
133 39.7433
135 37.7204
136 36.1413
137 34.3417
138 32.8255
140 32.2742
141 30.8212
142 30.1969
144 29.3257
145 27.5586
146 26.173
147 24.781
148 23.4075
149 21.8798
150 20.4481
151 19.162
152 17.9592
153 16.705
154 15.4646
155 14.361
156 13.4877
157 12.718
158 11.6462
159 10.6968
160 9.99202
161 9.2057
162 8.58639
163 7.84885
164 7.55338
165 6.68914
166 6.02165
167 5.4238
168 4.82324
169 4.44243
170 3.89055
171 3.41031
172 2.96189
173 2.85593
174 2.4086
175 2.01842
176 1.70731
177 1.44072
178 1.4387
179 1.35948
180 1.05371
181 0.835787
182 0.744715
183 0.571816
184 0.482157
185 0.341056
186 0.260112
187 0.22053
189 0.147116
191 0.0996238
193 0.0891192
194 0.0515579
195 0.03199
196 0.0263164
198 0.0252566
200 0.022132
201 0.00791004
202 0.00245487
203 0.00198536
208 0.00194731
211 0.00184016
212 0.00160481
213 0.00142242
215 0.00139682
218 0.00135902
219 0.00134213
222 0.0012234
223 0.00120248
225 0.00115709
226 0.00108167
227 0.00101603
228 0.000983423
229 0.000945653
230 0.000890316
231 0.000850013
232 0.000821735
234 0.000809308
236 0.000779021
237 0.000771191
238 0.000759281
239 0.000741489
240 0.000725989
241 0.000713974
242 0.000710437
244 0.000697143
245 0.000686806
246 0.000682259
248 0.000679428
250 0.000677174
251 0.000671044
252 0.000667238
253 0.000665135
255 0.000662087
257 0.000659267
259 0.000655957
260 0.00065318
262 0.000652849
264 0.00065226
265 0.000652127
268 0.000650035
269 0.000649353
270 0.000649115
271 0.000648441
272 0.000647205
273 0.000646248
274 0.000645085
275 0.000644052
276 0.000643425
277 0.000642465
278 0.00064166
279 0.000641014
281 0.000640399
283 0.00063976
284 0.000639757
285 0.00063948
286 0.000638703
287 0.00063805
289 0.000638014
290 0.000637675
291 0.000636942
292 0.000636198
293 0.000635476
294 0.000634838
296 0.000634747
297 0.000634576
299 0.000634121
300 0.000633989
301 0.000633634
302 0.000633315
303 0.000633029
304 0.00063291
305 0.000632534
306 0.00063229
307 0.000631977
308 0.000631664
309 0.000631364
310 0.000631068
311 0.000630828
312 0.000630542
313 0.000630253
314 0.000629976
315 0.000629687
316 0.000629411
317 0.000629149
318 0.000628904
319 0.00062862
320 0.000628352
321 0.000628087
322 0.000627839
323 0.000627612
324 0.000627406
325 0.000627279
326 0.000626903
327 0.000626799
328 0.000626535
329 0.000626281
330 0.000626075
331 0.000625813
332 0.000625591
333 0.000625347
334 0.000625246
335 0.000624963
336 0.000624882
337 0.000624588
338 0.000624408
340 0.000624326
341 0.000624181
342 0.000623967
343 0.000623828
345 0.000623738
346 0.000623513
347 0.000623404
349 0.000623317
350 0.000623045
351 0.000622934
352 0.000622787
354 0.000622545
356 0.000622318
357 0.000622067
358 0.000621852
359 0.000621609
360 0.000621366
361 0.00062114
362 0.000620964
363 0.00062078
364 0.000620538
365 0.000620287
366 0.000620043
367 0.000619809
368 0.000619586
369 0.000619376
370 0.000619176
371 0.00061895
372 0.000618726
373 0.000618505
374 0.000618296
375 0.00061814
376 0.000618004
377 0.000617784
378 0.000617565
379 0.000617348
380 0.000617134
381 0.000616923
382 0.00061674
383 0.000616523
384 0.000616403
385 0.000616175
386 0.000616071
387 0.000615897
388 0.000615672
389 0.000615446
390 0.000615224
391 0.000615003
392 0.000614779
393 0.000614609
394 0.000614364
395 0.000614185
396 0.000613936
397 0.000613759
398 0.000613507
399 0.000613325
400 0.000613075
401 0.000612896
402 0.000612643
403 0.000612462
404 0.000612212
405 0.000612036
406 0.000611784
407 0.0006116
408 0.000611354
409 0.000611173
410 0.000611063
411 0.0006108
412 0.000610551
413 0.000610314
414 0.000610105
415 0.000609839
416 0.00060963
419 0.000609412
421 0.000609374
424 0.000609269
425 0.000609165
426 0.000609061
427 0.000608958
428 0.000608858
429 0.000608765
430 0.000608664
431 0.000608561
432 0.000608458
433 0.000608356
434 0.000608262
435 0.000608167
436 0.00060807
437 0.00060797
438 0.000607895
439 0.000607808
440 0.000607759
441 0.000607636
442 0.000607539
443 0.000607471
445 0.000607371
446 0.000607298
447 0.000607192
448 0.000607089
449 0.000606987
450 0.000606887
451 0.000606794
452 0.000606694
453 0.000606598
454 0.000606503
455 0.000606411
456 0.000606316
457 0.00060623
458 0.000606125
459 0.000606026
460 0.000605924
461 0.000605822
462 0.000605726
463 0.000605623
464 0.000605523
465 0.00060542
466 0.000605317
467 0.000605218
468 0.000605114
469 0.00060501
470 0.000604907
471 0.000604803
472 0.000604704
473 0.00060461
474 0.000604502
475 0.000604396
476 0.000604292
477 0.000604187
478 0.000604083
479 0.000603978
480 0.000603874
481 0.000603771
482 0.000603669
483 0.00060356
484 0.000603453
485 0.000603345
486 0.000603237
487 0.000603129
488 0.000603021
489 0.000602913
490 0.000602804
491 0.000602695
492 0.000602586
493 0.000602479
494 0.000602371
495 0.000602258
496 0.000602167
497 0.00060206
498 0.000601946
499 0.000601832
500 0.000601718
501 0.000601605
502 0.00060149
503 0.000601388
504 0.000601272
505 0.000601157
506 0.000601042
507 0.000600927
508 0.000600812
509 0.000600697
510 0.000600582
511 0.000600467
512 0.000600352
513 0.000600237
514 0.000600123
515 0.000600002
516 0.000599887
517 0.000599808
518 0.000599689
519 0.00059957
520 0.000599452
521 0.000599336
522 0.000599221
523 0.000599102
524 0.000598984
525 0.000598867
526 0.00059875
527 0.000598631
528 0.000598515
529 0.000598397
530 0.00059828
531 0.000598165
532 0.000598047
533 0.000597929
534 0.000597812
535 0.000597699
536 0.000597581
537 0.000597465
538 0.000597352
539 0.000597239
540 0.000597123
541 0.000597007
542 0.000596892
543 0.000596806
544 0.000596708
545 0.000596587
546 0.000596471
547 0.000596357
548 0.000596247
549 0.000596138
550 0.000596029
551 0.000595921
552 0.000595817
553 0.000595708
554 0.000595608
555 0.0005955
556 0.000595397
557 0.000595289
558 0.000595183
559 0.000595082
560 0.000594976
561 0.000594877
562 0.000594771
563 0.000594668
564 0.000594576
565 0.000594471
566 0.000594406
567 0.000594372
568 0.000594257
569 0.000594145
570 0.000594037
571 0.000593929
572 0.000593823
573 0.000593717
574 0.00059361
575 0.000593504
576 0.000593403
577 0.000593301
578 0.000593239
579 0.000593134
580 0.000593029
581 0.000592924
582 0.000592819
583 0.000592715
584 0.000592616
585 0.000592516
586 0.000592418
587 0.000592323
588 0.000592237
589 0.000592133
590 0.000592033
591 0.00059193
592 0.000591829
593 0.000591729
594 0.000591628
595 0.000591527
596 0.000591429
597 0.000591329
598 0.000591231
599 0.000591135
600 0.000591052
601 0.000590947
602 0.000590851
603 0.00059077
604 0.000590741
605 0.000590622
606 0.000590523
607 0.000590427
608 0.000590331
609 0.000590232
610 0.000590132
611 0.000590033
612 0.000589936
613 0.000589838
614 0.00058974
615 0.000589643
616 0.000589545
617 0.000589448
618 0.00058935
619 0.000589253
620 0.000589166
621 0.000589071
622 0.000588974
623 0.000588877
624 0.000588781
625 0.00058869
626 0.000588595
627 0.000588506
628 0.000588412
629 0.000588319
630 0.000588236
631 0.000588148
632 0.000588054
633 0.000587965
634 0.000587888
635 0.000587828
636 0.000587731
637 0.000587637
638 0.000587543
639 0.000587451
640 0.000587359
641 0.000587268
642 0.000587185
643 0.000587094
644 0.000587002
645 0.00058691
646 0.00058682
647 0.000586736
648 0.000586648
649 0.000586559
650 0.000586471
651 0.000586401
652 0.000586324
653 0.000586231
654 0.000586148
655 0.000586061
656 0.000585973
657 0.000585886
658 0.000585802
659 0.000585715
660 0.000585629
661 0.000585542
662 0.000585456
663 0.00058537
664 0.000585285
665 0.000585201
666 0.000585119
667 0.000585033
668 0.00058495
669 0.000584864
670 0.00058478
671 0.000584694
672 0.000584608
673 0.000584523
674 0.00058444
675 0.000584357
676 0.000584271
677 0.000584184
678 0.000584099
679 0.000584013
680 0.000583927
681 0.00058384
682 0.000583771
683 0.000583687
684 0.0005836
685 0.000583515
686 0.000583436
687 0.000583349
688 0.000583261
689 0.000583173
690 0.000583085
691 0.000582996
692 0.000582909
693 0.00058282
694 0.000582733
695 0.000582644
696 0.000582556
697 0.000582467
698 0.000582379
699 0.000582289
700 0.000582207
701 0.000582131
702 0.000582045
703 0.000581957
704 0.000581871
705 0.000581801
706 0.000581739
707 0.000581629
708 0.000581542
709 0.000581453
710 0.000581366
711 0.000581291
712 0.000581237
713 0.000581136
714 0.000581047
715 0.000580961
716 0.000580927
717 0.000580823
718 0.000580725
719 0.00058064
720 0.000580558
721 0.000580541
722 0.000580421
723 0.000580326
724 0.000580261
725 0.000580175
726 0.000580144
727 0.000580025
728 0.000579938
729 0.000579865
730 0.000579773
731 0.000579695
733 0.000579663
734 0.000579576
735 0.000579532
737 0.000579482
738 0.00057938
739 0.000579302
740 0.000579222
741 0.000579124
742 0.000579023
743 0.000578923
744 0.000578827
745 0.000578729
746 0.00057863
747 0.00057854
748 0.000578469
749 0.000578356
750 0.000578258
751 0.000578158
752 0.000578064
753 0.000577968
754 0.000577879
755 0.000577777
756 0.000577678
757 0.000577577
758 0.000577478
759 0.000577388
760 0.000577298
761 0.000577197
762 0.000577097
763 0.000576997
764 0.000576898
765 0.000576804
766 0.000576705
767 0.000576605
768 0.000576506
769 0.000576413
770 0.000576314
771 0.000576216
772 0.000576128
773 0.00057603
774 0.000575934
775 0.000575849
776 0.000575754
777 0.000575661
778 0.000575559
779 0.000575472
780 0.000575404
781 0.000575318
782 0.000575218
783 0.000575117
784 0.000575017
785 0.000574917
786 0.000574818
787 0.000574719
788 0.00057462
789 0.000574521
790 0.000574422
791 0.000574323
792 0.000574224
793 0.000574126
794 0.000574027
795 0.000573928
796 0.000573829
797 0.00057373
798 0.000573651
799 0.000573551
800 0.000573452
801 0.000573358
802 0.00057327
803 0.000573238
804 0.000573121
805 0.000573021
806 0.000572925
807 0.000572827
808 0.000572726
809 0.000572626
810 0.000572525
811 0.000572427
812 0.000572325
813 0.000572228
814 0.000572126
815 0.000572032
816 0.000571929
817 0.000571826
818 0.000571723
819 0.00057162
820 0.000571516
821 0.000571413
822 0.000571309
823 0.000571205
824 0.000571101
825 0.000570996
826 0.000570892
827 0.000570787
828 0.000570682
829 0.000570577
830 0.000570471
831 0.000570367
832 0.00057026
833 0.000570166
834 0.000570073
835 0.000569963
836 0.000569853
837 0.000569743
838 0.000569633
839 0.000569522
840 0.000569412
841 0.000569301
842 0.000569193
843 0.000569081
844 0.000568972
845 0.000568861
846 0.000568752
847 0.000568639
848 0.000568527
849 0.000568416
850 0.000568304
851 0.000568194
852 0.000568081
853 0.000567975
854 0.000567862
855 0.000567748
856 0.000567636
857 0.000567524
858 0.000567423
859 0.000567304
860 0.000567195
861 0.000567098
862 0.000566983
863 0.000566868
864 0.000566754
865 0.00056664
866 0.000566527
867 0.000566419
868 0.000566305
869 0.000566191
870 0.000566078
871 0.000565966
872 0.000565853
873 0.00056574
874 0.00056563
875 0.000565518
876 0.000565418
877 0.000565308
878 0.000565206
879 0.000565108
880 0.000564993
881 0.000564881
882 0.000564769
883 0.00056466
884 0.00056455
885 0.000564439
886 0.000564329
887 0.000564228
888 0.000564119
889 0.000564009
890 0.000563902
891 0.000563797
892 0.000563694
893 0.000563585
894 0.000563476
895 0.000563367
896 0.000563259
897 0.000563154
898 0.000563046
899 0.000562939
900 0.000562837
901 0.000562736
902 0.00056263
903 0.000562524
904 0.00056242
905 0.000562323
906 0.000562218
907 0.000562113
908 0.000562008
909 0.000561906
910 0.000561844
911 0.000561747
912 0.000561649
913 0.000561569
914 0.000561468
915 0.000561374
916 0.00056128
917 0.000561224
918 0.00056111
919 0.000561013
920 0.000560936
921 0.000560834
922 0.000560735
923 0.000560641
924 0.000560598
925 0.000560482
926 0.000560386
927 0.000560327
928 0.00056023
929 0.000560154
930 0.000560045
931 0.000559953
932 0.000559864
933 0.000559767
934 0.000559675
935 0.000559637
936 0.000559522
937 0.000559422
938 0.000559327
939 0.00055924
940 0.00055914
941 0.000559042
942 0.000558943
943 0.000558845
944 0.000558747
945 0.000558652
946 0.000558554
947 0.000558457
948 0.000558365
949 0.00055827
950 0.000558175
951 0.000558079
952 0.000557986
953 0.000557892
954 0.000557802
955 0.000557705
956 0.000557613
957 0.000557518
958 0.000557425
959 0.000557347
960 0.00055726
961 0.000557167
962 0.000557077
963 0.000557004
964 0.000556935
965 0.000556836
966 0.000556746
967 0.000556654
968 0.000556565
969 0.000556484
970 0.000556396
971 0.000556306
972 0.000556218
973 0.000556143
974 0.000556083
975 0.000555978
976 0.000555894
977 0.000555811
978 0.000555756
979 0.000555663
980 0.000555581
981 0.000555526
983 0.00055544
984 0.000555395
985 0.000555314
986 0.000555291
987 0.000555183
988 0.000555097
989 0.000555029
990 0.00055495
991 0.000554918
992 0.000554816
993 0.000554739
994 0.000554674
995 0.000554588
996 0.000554504
997 0.000554422
998 0.000554352
999 0.000554283
1000 0.000554228
1001 0.000554159
1002 0.000554139
1003 0.000554029
1004 0.000553962
1005 0.000553913
1006 0.000553833
1007 0.000553763
1008 0.000553724
1009 0.000553661
1010 0.000553584
1011 0.00055353
1014 0.000553441
1015 0.000553409
1016 0.000553316
1017 0.000553235
1018 0.000553155
1019 0.000553072
1020 0.000552988
1021 0.000552904
1022 0.00055282
1023 0.000552736
1024 0.000552657
1025 0.000552572
1026 0.000552488
1027 0.000552404
1028 0.000552319
1029 0.000552238
1030 0.000552166
1031 0.000552077
1032 0.000551994
1033 0.000551909
1034 0.000551824
1035 0.00055174
1036 0.000551705
1037 0.00055162
1038 0.000551525
1039 0.000551442
1040 0.000551366
1041 0.000551281
1042 0.0005512
1043 0.00055114
1044 0.000551043
1045 0.000550959
1046 0.00055092
1048 0.000550831
1049 0.000550782
1050 0.000550697
1051 0.000550687
1053 0.000550582
1054 0.000550506
1055 0.000550488
1057 0.00055039
1058 0.000550334
1059 0.000550245
1060 0.000550153
1061 0.00055006
1062 0.000549967
1063 0.000549875
1064 0.000549782
1065 0.00054969
1066 0.000549598
1067 0.000549504
1068 0.000549481
1069 0.000549384
1070 0.000549286
1071 0.000549192
1072 0.000549124
1073 0.000549029
1074 0.000548935
1075 0.00054884
1076 0.000548746
1077 0.000548653
1078 0.000548561
1079 0.00054847
1080 0.000548405
1081 0.000548294
1082 0.000548203
1083 0.000548108
1084 0.000548015
1085 0.000547926
1086 0.000547835
1087 0.000547733
1088 0.000547635
1089 0.000547537
1090 0.000547444
1091 0.000547355
1092 0.000547265
1093 0.000547166
1094 0.000547068
1095 0.00054697
1096 0.000546873
1097 0.000546779
1098 0.000546684
1099 0.000546589
1100 0.000546495
1101 0.0005464
1102 0.000546352
1103 0.00054628
1105 0.000546253
1106 0.000546158
1107 0.000546126
1109 0.000546079
1110 0.000545977
1111 0.000545891
1112 0.000545799
1113 0.000545699
1114 0.0005456
1115 0.000545503
1116 0.000545419
1117 0.000545317
1118 0.00054522
1119 0.000545122
1120 0.00054503
1121 0.000544935
1122 0.000544876
1123 0.000544767
1124 0.00054467
1125 0.000544575
1126 0.000544486
1127 0.000544401
1128 0.000544303
1129 0.000544204
1130 0.000544106
1131 0.000544009
1132 0.000543912
1133 0.000543819
1134 0.000543722
1135 0.000543626
1136 0.000543534
1137 0.000543439
1138 0.000543342
1139 0.000543246
1140 0.00054315
1141 0.000543054
1142 0.000542958
1143 0.000542862
1144 0.000542769
1145 0.000542672
1146 0.000542577
1147 0.000542482
1148 0.000542386
1149 0.000542291
1150 0.000542197
1151 0.000542103
1152 0.000542007
1153 0.000541912
1154 0.000541818
1155 0.000541721
1156 0.000541625
1157 0.000541528
1158 0.000541432
1159 0.000541337
1160 0.00054124
1161 0.000541144
1162 0.000541046
1163 0.000540958
1164 0.000540861
1165 0.000540762
1166 0.000540663
1167 0.000540564
1168 0.000540465
1169 0.000540367
1170 0.00054027
1171 0.00054017
1172 0.000540077
1173 0.000539977
1174 0.000539875
1175 0.000539774
1176 0.000539672
1177 0.00053957
1178 0.000539468
1179 0.000539365
1180 0.000539266
1181 0.000539162
1182 0.000539062
1183 0.000538959
1184 0.000538861
1185 0.000538754
1186 0.000538653
1187 0.00053855
1188 0.000538446
1189 0.000538348
1190 0.00053824
1191 0.000538139
1192 0.000538035
1193 0.000537932
1194 0.000537825
1195 0.000537757
1196 0.000537675
1197 0.000537565
1198 0.000537455
1199 0.000537345
1200 0.000537236
1201 0.000537126
1202 0.000537017
1203 0.000536908
1204 0.000536799
1205 0.000536691
1206 0.000536593
1207 0.000536481
1208 0.000536377
1209 0.000536269
1210 0.000536158
1211 0.000536047
1212 0.000535937
1213 0.000535827
1214 0.000535716
1215 0.000535606
1216 0.000535496
1217 0.000535385
1218 0.000535276
1219 0.000535165
1220 0.000535056
1221 0.000534946
1222 0.000534836
1223 0.000534727
1224 0.000534617
1225 0.000534509
1226 0.000534399
1227 0.000534289
1228 0.000534181
1229 0.000534074
1230 0.000533964
1231 0.000533856
1232 0.00053376
1233 0.000533664
1234 0.000533555
1235 0.000533447
1236 0.000533339
1237 0.000533232
1238 0.000533127
1239 0.000533031
1240 0.00053297
1241 0.000532853
1242 0.000532745
1243 0.000532641
1244 0.000532535
1245 0.000532429
1246 0.000532327
1247 0.000532222
1248 0.000532119
1249 0.000532015
1250 0.000531912
1251 0.000531807
1252 0.000531704
1253 0.000531601
1254 0.000531499
1255 0.000531399
1256 0.000531296
1257 0.000531193
1258 0.000531091
1259 0.000530993
1260 0.000530893
1261 0.000530792
1262 0.000530691
1263 0.000530592
1264 0.000530492
1265 0.000530392
1266 0.000530292
1267 0.000530209
1268 0.000530105
1269 0.000530006
1270 0.000529922
1271 0.000529824
1272 0.000529725
1273 0.000529626
1274 0.000529528
1275 0.000529436
1276 0.000529342
1277 0.000529304
1278 0.000529188
1279 0.000529092
1280 0.000528998
1281 0.000528907
1282 0.000528833
1283 0.000528736
1284 0.000528638
1285 0.000528541
1286 0.000528444
1287 0.000528348
1288 0.000528253
1289 0.000528186
1290 0.000528098
1291 0.000528001
1292 0.000527905
1293 0.000527809
1294 0.000527713
1295 0.000527618
1296 0.000527524
1297 0.00052743
1298 0.000527337
1299 0.000527243
1300 0.00052715
1301 0.000527083
1302 0.000526993
1303 0.000526901
1304 0.000526814
1305 0.000526786
1307 0.000526688
1308 0.000526619
1309 0.000526595
1311 0.000526501
1312 0.000526458
1313 0.000526363
1314 0.000526338
1315 0.000526239
1316 0.000526145
1317 0.000526054
1318 0.000525963
1319 0.000525873
1320 0.000525792
1321 0.000525702
1322 0.000525613
1323 0.000525527
1324 0.000525442
1325 0.000525388
1326 0.00052529
1327 0.000525203
1328 0.000525117
1329 0.000525031
1330 0.000524947
1331 0.00052486
1332 0.000524773
1333 0.000524687
1334 0.000524608
1335 0.000524548
1336 0.000524452
1337 0.00052437
1338 0.000524286
1339 0.000524204
1340 0.000524125
1341 0.000524067
1342 0.000523983
1343 0.000523901
1344 0.00052382
1345 0.000523753
1346 0.000523687
1347 0.000523612
1348 0.000523538
1349 0.000523505
1350 0.000523415
1351 0.000523342
1352 0.000523281
1353 0.000523203
1354 0.000523137
1355 0.00052311
1356 0.000523005
1357 0.000522932
1358 0.000522857
1359 0.000522782
1360 0.000522715
1361 0.000522629
1362 0.000522556
1363 0.000522475
1364 0.000522392
1365 0.00052231
1366 0.000522232
1367 0.00052215
1368 0.000522068
1369 0.000521986
1370 0.000521904
1371 0.000521822
1372 0.00052174
1373 0.000521658
1374 0.000521575
1375 0.00052156
1377 0.000521473
1378 0.000521388
1379 0.000521307
1380 0.000521241
1381 0.000521157
1382 0.000521073
1383 0.00052099
1384 0.000520906
1385 0.000520828
1386 0.000520741
1387 0.00052066
1388 0.000520574
1389 0.000520488
1390 0.000520403
1391 0.000520316
1392 0.000520235
1393 0.000520152
1394 0.000520068
1395 0.000519984
1396 0.000519911
1397 0.000519829
1398 0.000519755
1399 0.00051968
1400 0.000519659
1401 0.000519547
1402 0.000519466
1403 0.000519413
1404 0.000519331
1405 0.000519273
1407 0.000519236
1408 0.000519154
1409 0.000519078
1411 0.000519008
1412 0.000518951
1413 0.000518904
1415 0.000518803
1416 0.000518754
1417 0.000518684
1419 0.000518592
1420 0.000518563
1421 0.000518535
1422 0.000518426
1423 0.000518332
1424 0.000518239
1425 0.000518147
1426 0.000518053
1427 0.000517958
1428 0.000517866
1429 0.000517773
1430 0.000517678
1431 0.000517584
1432 0.000517489
1433 0.000517394
1434 0.0005173
1435 0.000517208
1436 0.000517112
1437 0.000517015
1438 0.000516917
1439 0.00051682
1440 0.000516724
1441 0.000516628
1442 0.000516531
1443 0.000516436
1444 0.000516339
1445 0.000516242
1446 0.000516145
1447 0.000516048
1448 0.000515951
1449 0.000515854
1450 0.000515757
1451 0.00051566
1452 0.000515563
1453 0.000515467
1454 0.000515369
1455 0.000515276
1456 0.000515183
1457 0.000515085
1458 0.000514989
1459 0.000514892
1460 0.000514795
1461 0.000514699
1462 0.000514605
1463 0.000514509
1464 0.000514413
1465 0.000514324
1466 0.000514227
1467 0.000514132
1468 0.000514047
1469 0.000513952
1470 0.000513859
1471 0.000513765
1472 0.000513671
1473 0.000513579
1474 0.000513485
1475 0.000513391
1476 0.000513298
1477 0.000513206
1478 0.000513112
1479 0.000513018
1480 0.000512925
1481 0.00051285
1482 0.000512758
1483 0.000512662
1484 0.000512569
1485 0.000512478
1486 0.000512392
1487 0.000512297
1488 0.000512205
1489 0.000512112
1490 0.000512019
1491 0.000511926
1492 0.000511834
1493 0.000511768
1494 0.000511692
1495 0.000511593
1496 0.000511502
1497 0.000511411
1498 0.000511325
1499 0.000511236
1500 0.000511154
1501 0.000511059
1502 0.000510968
1503 0.000510877
1504 0.000510808
1505 0.000510712
1506 0.000510619
1507 0.000510528
1508 0.00051044
1509 0.000510352
1510 0.000510287
1511 0.000510181
1512 0.000510093
1513 0.000510028
1515 0.000509939
1516 0.000509887
1517 0.000509841
1518 0.000509732
1519 0.000509637
1520 0.000509548
1521 0.000509457
1522 0.000509377
1523 0.000509283
1524 0.000509189
1525 0.000509096
1526 0.000509017
1527 0.00050892
1528 0.000508826
1529 0.000508733
1530 0.000508651
1531 0.000508612
1532 0.000508492
1533 0.000508391
1534 0.000508295
1535 0.000508211
1536 0.000508143
1537 0.000508035
1538 0.000507935
1539 0.000507834
1540 0.000507737
1541 0.000507642
1542 0.000507548
1543 0.000507442
1544 0.000507339
1545 0.000507235
1546 0.000507133
1547 0.000507028
1548 0.000506924
1549 0.00050682
1550 0.000506715
1551 0.000506621
1552 0.000506517
1553 0.000506409
1554 0.000506304
1555 0.000506197
1556 0.000506093
1557 0.000505986
1558 0.000505882
1559 0.000505775
1560 0.000505669
1561 0.000505562
1562 0.00050546
1563 0.000505357
1564 0.000505251
1565 0.000505145
1566 0.00050504
1567 0.000504935
1568 0.000504828
1569 0.00050472
1570 0.000504616
1571 0.00050451
1572 0.000504404
1573 0.000504297
1574 0.000504192
1575 0.000504086
1576 0.00050398
1577 0.000503873
1578 0.000503768
1579 0.000503663
1580 0.000503559
1581 0.000503453
1582 0.000503347
1583 0.000503242
1584 0.000503138
1585 0.000503037
1586 0.000502933
1587 0.000502829
1588 0.000502726
1589 0.000502624
1590 0.000502524
1591 0.000502419
1592 0.000502316
1593 0.000502213
1594 0.000502112
1595 0.00050201
1596 0.000501909
1597 0.000501808
1598 0.000501711
1599 0.00050161
1600 0.000501509
1601 0.000501411
1602 0.00050131
1603 0.000501213
1604 0.000501114
1605 0.000501014
1606 0.000500915
1607 0.000500847
1608 0.000500742
1609 0.000500644
1610 0.000500545
1611 0.000500449
1612 0.000500382
1613 0.000500292
1614 0.000500194
1615 0.000500097
1616 0.0005
1617 0.000499904
1618 0.000499814
1619 0.000499717
1620 0.000499624
1621 0.00049953
1622 0.000499439
1623 0.000499347
1624 0.000499251
1625 0.000499155
1626 0.00049906
1627 0.000498968
1628 0.000498874
1629 0.000498781
1630 0.000498686
1631 0.000498592
1632 0.000498499
1633 0.000498405
1634 0.000498311
1635 0.000498218
1636 0.000498127
1637 0.000498034
1638 0.000497942
1639 0.00049785
1640 0.000497759
1641 0.000497669
1642 0.000497578
1643 0.000497486
1644 0.000497394
1645 0.000497303
1646 0.000497215
1647 0.000497129
1648 0.000497037
1649 0.000496946
1650 0.000496855
1651 0.000496765
1652 0.000496695
1653 0.000496604
1654 0.000496517
1655 0.000496439
1656 0.000496349
1657 0.000496262
1658 0.000496177
1659 0.000496093
1660 0.000496009
1661 0.000495933
1662 0.000495858
1663 0.00049577
1664 0.000495689
1665 0.000495601
1666 0.000495515
1667 0.000495429
1668 0.000495349
1669 0.000495264
1670 0.000495177
1671 0.000495091
1672 0.000495006
1673 0.000494946
1674 0.000494883
1675 0.000494791
1676 0.000494704
1677 0.000494622
1678 0.000494545
1679 0.000494461
1680 0.000494377
1681 0.000494293
1682 0.00049421
1683 0.000494129
1684 0.000494048
1685 0.000493965
1686 0.000493883
1687 0.000493801
1688 0.000493721
1689 0.00049364
1690 0.000493559
1691 0.000493479
1692 0.000493398
1693 0.000493316
1694 0.000493236
1695 0.000493156
1696 0.000493077
1697 0.000492996
1698 0.000492915
1699 0.000492834
1700 0.000492754
1701 0.000492675
1702 0.000492596
1703 0.000492516
1704 0.000492436
1705 0.000492355
1706 0.000492274
1707 0.000492194
1708 0.000492113
1709 0.000492033
1710 0.000491952
1711 0.000491871
1712 0.000491791
1713 0.000491709
1714 0.00049163
1715 0.000491548
1716 0.000491469
1717 0.000491387
1718 0.000491319
1719 0.000491237
1720 0.000491155
1721 0.000491073
1722 0.00049099
1723 0.00049091
1724 0.000490827
1725 0.000490754
1726 0.000490672
1727 0.000490588
1728 0.000490504
1729 0.000490419
1730 0.000490333
1731 0.000490248
1732 0.000490163
1733 0.000490077
1734 0.000490014
1735 0.000489953
1736 0.000489862
1737 0.000489778
1738 0.000489699
1739 0.000489652
1740 0.000489643
1741 0.0004896
1742 0.000489501
1743 0.000489413
1744 0.00048934
1745 0.000489255
1746 0.000489169
1747 0.000489088
1748 0.000489007
1749 0.000488957
1750 0.000488849
1751 0.000488769
1752 0.000488719
1754 0.00048863
1755 0.000488577
1756 0.000488478
1757 0.000488392
1758 0.000488308
1759 0.000488218
1760 0.00048813
1761 0.000488061
1762 0.000487966
1763 0.00048789
1764 0.000487817
1765 0.00048772
1766 0.00048763
1767 0.000487535
1768 0.000487441
1769 0.000487347
1770 0.000487253
1771 0.000487159
1772 0.000487065
1773 0.00048697
1774 0.000486876
1775 0.000486784
1776 0.000486688
1777 0.000486592
1778 0.000486499
1779 0.000486405
1780 0.000486311
1781 0.000486216
1782 0.000486122
1783 0.000486027
1784 0.000485933
1785 0.00048584
1786 0.000485745
1787 0.00048565
1788 0.000485556
1789 0.000485462
1790 0.000485368
1791 0.000485276
1792 0.000485182
1793 0.000485088
1794 0.000484997
1795 0.000484903
1796 0.00048481
1797 0.000484724
1798 0.000484634
1799 0.000484541
1800 0.000484448
1801 0.000484356
1802 0.000484265
1803 0.000484172
1804 0.00048408
1805 0.000483989
1806 0.000483904
1807 0.000483827
1808 0.000483732
1809 0.000483641
1810 0.00048355
1811 0.000483459
1812 0.000483369
1813 0.000483279
1814 0.000483189
1815 0.000483104
1816 0.000483013
1817 0.000482923
1818 0.000482845
1819 0.000482752
1820 0.000482662
1821 0.000482572
1822 0.000482484
1823 0.000482395
1824 0.000482305
1825 0.000482221
1826 0.000482131
1827 0.000482042
1828 0.000481959
1829 0.000481868
1830 0.000481779
1831 0.00048169
1832 0.000481605
1833 0.000481515
1834 0.000481426
1835 0.000481399
1836 0.00048132
1837 0.000481221
1838 0.000481128
1839 0.00048104
1840 0.000480976
1841 0.000480884
1842 0.000480793
1843 0.000480702
1844 0.00048061
1845 0.000480519
1846 0.000480427
1847 0.000480335
1848 0.000480242
1849 0.00048015
1850 0.000480057
1851 0.000479965
1852 0.000479872
1853 0.000479779
1854 0.000479686
1855 0.000479592
1856 0.0004795
1857 0.000479406
1858 0.000479316
1859 0.000479221
1860 0.000479155
1861 0.000479053
1862 0.000478955
1863 0.000478859
1864 0.000478762
1865 0.000478664
1866 0.000478567
1867 0.000478469
1868 0.000478373
1869 0.000478275
1870 0.000478177
1871 0.000478078
1872 0.000477985
1873 0.000477885
1874 0.000477787
1875 0.000477689
1876 0.00047759
1877 0.000477493
1878 0.000477394
1879 0.000477296
1880 0.000477197
1881 0.0004771
1882 0.000477001
1883 0.000476902
1884 0.000476804
1885 0.000476705
1886 0.000476607
1887 0.000476508
1888 0.00047641
1889 0.000476312
1890 0.000476214
1891 0.000476115
1892 0.000476017
1893 0.000475919
1894 0.00047583
1895 0.000475726
1896 0.000475631
1897 0.000475526
1898 0.000475422
1899 0.000475319
1900 0.000475221
1901 0.000475118
1902 0.000475014
1903 0.000474911
1904 0.000474808
1905 0.000474704
1906 0.000474604
1907 0.000474502
1908 0.0004744
1909 0.000474298
1910 0.000474196
1911 0.000474094
1912 0.000473994
1913 0.000473893
1914 0.000473794
1915 0.000473693
1916 0.000473601
1917 0.000473499
1918 0.000473397
1919 0.000473296
1920 0.000473196
1921 0.000473099
1922 0.000473011
1923 0.000472909
1924 0.000472808
1925 0.000472709
1926 0.000472609
1927 0.00047251
1928 0.000472435
1929 0.000472335
1930 0.000472239
1931 0.000472154
1932 0.000472055
1933 0.000471957
1934 0.00047186
1935 0.000471764
1936 0.00047171
1937 0.000471602
1938 0.000471508
1939 0.000471413
1940 0.000471326
1941 0.000471246
1942 0.000471203
1943 0.000471091
1944 0.000471
1945 0.000470911
1946 0.000470824
1947 0.000470741
1948 0.000470645
1949 0.000470554
1950 0.00047046
1951 0.000470366
1952 0.000470278
1953 0.000470187
1954 0.000470105
1955 0.000470013
1956 0.000469927
1957 0.000469857
1958 0.00046976
1959 0.000469669
1960 0.00046958
1961 0.000469493
1962 0.000469403
1963 0.000469313
1964 0.000469222
1965 0.000469136
1966 0.000469052
1967 0.000468967
1968 0.00046888
1969 0.000468799
1970 0.000468707
1971 0.000468624
1972 0.000468553
1974 0.000468473
1975 0.000468423
1976 0.000468401
1978 0.00046829
1979 0.000468221
1980 0.000468162
1981 0.000468077
1982 0.000467997
1983 0.000467932
1984 0.000467838
1985 0.00046777
1986 0.000467713
1988 0.000467626
1989 0.000467598
1990 0.000467513
1991 0.000467466
1992 0.000467366
1993 0.000467277
1994 0.000467191
1995 0.000467115
1996 0.000467029
1997 0.000466943
1998 0.000466859
1999 0.000466773
2000 0.000466689
2001 0.000466677
2002 0.000466668
2003 0.000466568
2004 0.000466487
2005 0.000466434
2006 0.000466352
2007 0.0004663
2008 0.000466205
2009 0.000466129
2010 0.000466065
2011 0.000465982
2012 0.000465902
2013 0.000465832
2014 0.000465767
2015 0.000465691
2016 0.000465612
2017 0.00046554
2019 0.000465529
2020 0.000465461
2021 0.00046545
2023 0.000465398
2024 0.00046531
2025 0.000465235
2026 0.000465187
2028 0.000465109
2029 0.000465077
2030 0.000465003
2031 0.000464996
2033 0.000464893
2034 0.000464828
2035 0.000464821
2037 0.000464735
2038 0.000464666
2039 0.000464587
2040 0.00046451
2041 0.000464444
2042 0.000464375
2043 0.000464334
2044 0.000464256
2045 0.000464186
2046 0.000464133
2047 0.00046405
2048 0.000463977
2049 0.000463911
2050 0.000463906
2051 0.000463868
2052 0.000463787
2053 0.00046374
2054 0.00046366
2055 0.00046363
2056 0.000463548
2057 0.000463477
2058 0.000463404
2059 0.000463328
2060 0.000463252
2061 0.000463175
2062 0.0004631
2063 0.000463023
2064 0.000462948
2065 0.000462873
2066 0.000462801
2067 0.000462719
2068 0.000462647
2069 0.000462575
2070 0.000462496
2071 0.000462416
2072 0.000462337
2073 0.000462258
2074 0.000462181
2075 0.000462102
2076 0.000462022
2077 0.000461949
2078 0.000461865
2079 0.000461784
2080 0.000461706
2081 0.000461653
2082 0.000461568
2083 0.000461487
2084 0.000461407
2085 0.000461326
2086 0.000461247
2087 0.000461168
2088 0.000461092
2089 0.00046105
2090 0.000460946
2091 0.00046087
2092 0.000460792
2093 0.000460712
2094 0.00046064
2095 0.000460552
2096 0.000460477
2097 0.000460413
2099 0.000460334
2100 0.000460299
2101 0.000460272
2103 0.000460165
2104 0.000460133
2105 0.000460062
2106 0.000459974
2107 0.000459887
2108 0.000459801
2109 0.000459715
2110 0.000459631
2111 0.000459543
2112 0.000459456
2113 0.000459368
2114 0.000459276
2115 0.000459181
2116 0.000459088
2117 0.000459023
2118 0.000458929
2119 0.000458839
2120 0.000458748
2121 0.000458656
2122 0.000458565
2123 0.000458473
2124 0.000458381
2125 0.000458289
2126 0.000458197
2127 0.000458104
2128 0.000458013
2129 0.00045792
2130 0.000457831
2131 0.000457738
2132 0.000457651
2133 0.000457562
2134 0.000457469
2135 0.000457377
2136 0.000457284
2137 0.000457193
2138 0.000457101
2139 0.000457009
2140 0.000456917
2141 0.000456829
2142 0.000456735
2143 0.000456644
2144 0.000456552
2145 0.000456496
2146 0.000456401
2147 0.000456311
2148 0.000456219
2149 0.000456128
2150 0.000456042
2151 0.000455952
2152 0.000455864
2153 0.000455774
2154 0.000455686
2155 0.000455597
2156 0.000455509
2157 0.000455419
2158 0.000455329
2159 0.00045524
2160 0.000455157
2161 0.00045508
2162 0.00045499
2163 0.0004549
2164 0.000454811
2165 0.000454722
2166 0.000454634
2167 0.000454556
2168 0.000454469
2169 0.000454384
2170 0.000454304
2171 0.000454225
2172 0.000454187
2173 0.000454083
2174 0.000454001
2175 0.000453916
2176 0.000453841
2177 0.000453772
2178 0.000453735
2179 0.000453629
2180 0.000453551
2181 0.000453473
2182 0.000453393
2183 0.000453322
2184 0.000453232
2185 0.000453156
2186 0.000453094
2187 0.000453078
2188 0.000452977
2189 0.000452889
2190 0.000452806
2191 0.000452719
2192 0.000452632
2193 0.000452545
2194 0.000452458
2195 0.00045237
2196 0.000452285
2197 0.000452197
2198 0.00045211
2199 0.000452022
2200 0.000451935
2201 0.000451847
2202 0.000451758
2203 0.000451673
2204 0.000451586
2205 0.000451497
2206 0.000451411
2207 0.000451321
2208 0.000451233
2209 0.000451144
2210 0.000451056
2211 0.000450966
2212 0.000450877
2213 0.000450788
2214 0.000450698
2215 0.000450621
2216 0.000450528
2217 0.000450439
2218 0.000450349
2219 0.000450259
2220 0.000450169
2221 0.000450079
2222 0.000449989
2223 0.000449899
2224 0.000449809
2225 0.00044972
2227 0.0004497
2228 0.000449622
2229 0.000449613
2230 0.000449501
2231 0.000449433
2232 0.000449349
2233 0.000449256
2234 0.000449166
2235 0.000449089
2236 0.000449024
2237 0.000448929
2238 0.000448843
2239 0.000448766
2240 0.00044876
2241 0.000448726
2242 0.000448605
2243 0.000448508
2244 0.000448444
2245 0.000448357
2246 0.000448329
2247 0.000448209
2248 0.000448121
2249 0.000448049
2250 0.000447956
2251 0.000447875
2252 0.00044787
2253 0.000447833
2254 0.000447709
2255 0.000447619
2256 0.000447599
2257 0.000447506
2258 0.000447441
2259 0.000447329
2260 0.000447233
2261 0.000447136
2262 0.000447043
2263 0.000446958
2264 0.000446875
2265 0.000446771
2266 0.000446673
2267 0.000446574
2268 0.000446478
2269 0.000446385
2270 0.00044629
2271 0.000446192
2272 0.000446096
2273 0.00044602
2274 0.000445915
2275 0.000445818
2276 0.000445744
2278 0.000445652
2279 0.000445583
2280 0.000445553
2282 0.000445436
2283 0.000445348
2284 0.000445323
2285 0.000445226
2286 0.000445134
2287 0.000445052
2288 0.000445009
2289 0.000444897
2290 0.000444799
2291 0.000444706
2292 0.000444616
2293 0.000444528
2294 0.000444431
2295 0.000444333
2296 0.000444237
2297 0.000444141
2298 0.000444045
2299 0.00044395
2300 0.000443869
2301 0.000443778
2302 0.00044368
2303 0.000443585
2304 0.000443492
2305 0.000443399
2306 0.00044331
2307 0.000443216
2308 0.000443125
2309 0.000443036
2310 0.000442951
2311 0.000442857
2312 0.000442766
2313 0.000442673
2314 0.000442581
2315 0.000442491
2316 0.000442399
2317 0.000442308
2318 0.000442221
2319 0.000442129
2320 0.000442039
2321 0.000441957
2322 0.000441866
2323 0.000441776
2324 0.000441695
2325 0.000441605
2326 0.000441516
2327 0.00044143
2328 0.000441345
2329 0.000441258
2330 0.000441184
2331 0.000441108
2332 0.000441016
2333 0.000440926
2334 0.000440837
2335 0.000440749
2336 0.000440661
2337 0.000440577
2338 0.000440488
2339 0.0004404
2340 0.000440312
2341 0.000440225
2342 0.000440143
2343 0.000440058
2344 0.000439972
2345 0.000439886
2346 0.000439804
2347 0.000439729
2348 0.000439669
2349 0.000439581
2350 0.000439495
2351 0.000439409
2352 0.000439325
2353 0.000439241
2354 0.000439164
2355 0.000439092
2356 0.00043901
2357 0.00043893
2358 0.00043885
2359 0.000438772
2360 0.000438699
2361 0.000438661
2362 0.000438565
2363 0.000438485
2364 0.000438406
2365 0.000438374
2366 0.000438302
2367 0.000438212
2368 0.000438138
2369 0.000438072
2370 0.00043799
2371 0.000437908
2372 0.000437827
2373 0.000437746
2374 0.000437667
2375 0.000437597
2376 0.000437527
2377 0.000437446
2378 0.000437367
2379 0.000437288
2380 0.000437212
2381 0.000437133
2382 0.000437062
2383 0.000436982
2384 0.000436908
2385 0.000436839
2386 0.00043682
2387 0.000436724
2388 0.000436651
2389 0.000436607
2390 0.000436538
2391 0.000436503
2392 0.000436407
2393 0.00043635
2394 0.000436308
2395 0.000436227
2396 0.00043615
2397 0.000436075
2398 0.000436001
2399 0.000435937
2400 0.00043592
2401 0.000435818
2402 0.000435749
2403 0.000435678
2404 0.000435616
2405 0.000435566
2407 0.000435528
2408 0.000435457
2409 0.00043545
2411 0.000435356
2412 0.000435281
2413 0.000435236
2415 0.000435164
2416 0.000435122
2417 0.000435086
2418 0.000434999
2419 0.00043493
2420 0.00043487
2421 0.000434846
2423 0.000434758
2424 0.000434742
2425 0.000434683
2426 0.000434598
2427 0.000434519
2428 0.000434441
2429 0.000434363
2430 0.000434285
2431 0.000434208
2432 0.000434129
2433 0.000434051
2434 0.000433972
2435 0.000433898
2436 0.000433821
2437 0.000433741
2438 0.00043366
2439 0.000433581
2440 0.0004335
2441 0.000433422
2442 0.000433343
2443 0.000433262
2444 0.000433182
2445 0.000433102
2446 0.000433021
2447 0.000432948
2448 0.000432866
2449 0.000432784
2450 0.000432701
2451 0.00043262
2452 0.000432538
2453 0.000432457
2454 0.000432375
2455 0.000432295
2456 0.000432212
2457 0.000432139
2458 0.000432055
2459 0.000431977
2460 0.000431894
2461 0.000431813
2462 0.000431731
2463 0.000431648
2464 0.000431571
2465 0.000431487
2466 0.000431409
2467 0.000431326
2468 0.000431244
2469 0.000431162
2470 0.00043108
2471 0.000430998
2472 0.000430916
2473 0.000430833
2474 0.000430769
2475 0.000430691
2476 0.000430602
2477 0.000430511
2478 0.000430423
2479 0.00043034
2480 0.000430247
2481 0.000430156
2482 0.000430069
2483 0.000429982
2484 0.000429894
2485 0.000429817
2486 0.000429744
2487 0.000429651
2488 0.00042956
2489 0.00042947
2490 0.00042938
2491 0.00042929
2492 0.000429201
2493 0.000429147
2494 0.000429102
2495 0.000429015
2496 0.00042893
2497 0.000428847
2498 0.00042877
2499 0.000428753
2501 0.000428648
2502 0.000428594
2504 0.000428556
2505 0.000428467
2506 0.000428382
2507 0.000428295
2508 0.000428209
2509 0.000428131
2510 0.000428053
2511 0.000428038
2512 0.000427927
2513 0.000427841
2514 0.000427759
2515 0.000427738
2516 0.0004277
2517 0.000427593
2518 0.00042751
2519 0.000427428
2520 0.000427354
2521 0.000427319
2522 0.000427215
2523 0.000427135
2524 0.000427053
2525 0.000426972
2526 0.000426898
2527 0.000426816
2528 0.000426741
2529 0.000426667
2530 0.000426606
2531 0.000426516
2532 0.000426436
2533 0.000426352
2534 0.00042627
2535 0.000426222
2536 0.000426139
2537 0.000426052
2538 0.000425975
2539 0.000425919
2541 0.000425846
2542 0.00042581
2543 0.0004258
2545 0.00042569
2546 0.000425647
2547 0.000425582
2548 0.000425503
2549 0.000425429
2550 0.000425371
2551 0.000425303
2552 0.000425232
2553 0.000425168
2555 0.000425104
2556 0.000425045
2557 0.000425027
2558 0.000424927
2559 0.000424849
2560 0.000424791
2561 0.000424709
2562 0.000424631
2563 0.000424567
2564 0.00042448
2565 0.000424406
2566 0.000424332
2567 0.00042432
2568 0.000424227
2569 0.000424137
2570 0.00042406
2571 0.000424002
2573 0.000423922
2574 0.000423888
2575 0.000423811
2576 0.00042378
2577 0.000423674
2578 0.000423589
2579 0.000423508
2580 0.000423435
2581 0.000423393
2582 0.000423296
2583 0.000423216
2584 0.000423132
2585 0.000423052
2586 0.000422971
2587 0.000422895
2588 0.000422812
2589 0.000422732
2590 0.000422645
2591 0.000422561
2592 0.000422474
2593 0.000422387
2594 0.0004223
2595 0.000422213
2596 0.000422126
2597 0.000422038
2598 0.000421955
2599 0.00042186
2600 0.000421763
2601 0.000421673
2602 0.000421602
2603 0.000421508
2604 0.000421417
2605 0.000421327
2606 0.000421246
2607 0.000421162
2608 0.000421075
2609 0.000420988
2610 0.00042093
2611 0.000420841
2612 0.000420752
2613 0.000420667
2614 0.000420581
2615 0.000420504
2616 0.000420405
2617 0.000420313
2618 0.000420218
2619 0.000420124
2620 0.000420039
2621 0.000419942
2622 0.000419853
2623 0.000419758
2624 0.000419664
2625 0.000419568
2626 0.000419473
2627 0.000419377
2628 0.000419282
2629 0.000419186
2630 0.00041909
2631 0.000418994
2632 0.000418899
2633 0.000418804
2634 0.000418708
2635 0.000418613
2636 0.000418517
2637 0.000418423
2638 0.000418329
2639 0.000418233
2640 0.000418137
2641 0.000418042
2642 0.000417949
2643 0.000417853
2644 0.000417758
2645 0.000417664
2646 0.000417596
2647 0.000417501
2648 0.000417408
2649 0.000417314
2650 0.000417221
2651 0.000417168
2652 0.000417081
2653 0.00041698
2654 0.00041689
2655 0.000416804
2656 0.000416711
2657 0.00041662
2658 0.000416537
2659 0.000416455
2660 0.000416366
2661 0.000416278
2662 0.000416211
2663 0.000416121
2664 0.000416053
2665 0.000415969
2666 0.000415924
2667 0.000415821
2668 0.000415747
2669 0.000415668
2670 0.000415577
2671 0.000415486
2672 0.000415396
2673 0.000415307
2674 0.000415231
2675 0.00041514
2676 0.000415078
2677 0.000415
2679 0.000414921
2680 0.00041489
2681 0.000414847
2683 0.000414749
2684 0.000414708
2685 0.000414635
2686 0.000414544
2687 0.000414454
2688 0.000414366
2689 0.000414278
2690 0.000414191
2691 0.000414105
2692 0.00041402
2693 0.000414014
2694 0.000414011
2695 0.000413903
2696 0.000413813
2697 0.000413739
2698 0.000413665
2700 0.000413588
2701 0.000413557
2702 0.000413525
2704 0.00041342
2705 0.000413391
2706 0.000413328
2707 0.00041324
2708 0.000413155
2709 0.00041307
2710 0.000412986
2711 0.000412905
2712 0.000412821
2713 0.000412741
2714 0.000412665
2715 0.00041263
2716 0.000412527
2717 0.000412447
2718 0.00041237
2719 0.000412297
2720 0.000412234
2721 0.000412147
2722 0.000412072
2723 0.000411988
2724 0.000411904
2725 0.000411822
2726 0.000411741
2727 0.000411661
2728 0.000411579
2729 0.000411497
2730 0.000411416
2731 0.000411335
2732 0.000411255
2733 0.000411195
2734 0.000411111
2735 0.000411033
2736 0.000410953
2737 0.000410874
2738 0.000410813
2739 0.000410739
2740 0.000410657
2741 0.000410583
2742 0.000410513
2743 0.000410434
2744 0.000410355
2745 0.000410277
2746 0.0004102
2747 0.000410123
2748 0.000410046
2749 0.000409986
2750 0.000409902
2751 0.00040983
2752 0.000409785
2753 0.000409707
2754 0.00040963
2755 0.000409554
2756 0.000409479
2757 0.000409408
2758 0.000409333
2759 0.00040926
2760 0.000409195
2761 0.000409127
2762 0.000409086
2763 0.000409001
2764 0.000408931
2765 0.00040886
2766 0.000408821
2767 0.00040875
2768 0.000408674
2769 0.00040861
2770 0.000408568
2772 0.000408501
2773 0.000408488
2775 0.000408442
2776 0.000408365
2777 0.000408331
2778 0.000408271
2779 0.000408265
2781 0.000408184
2782 0.000408141
2785 0.000408061
2786 0.000407991
2787 0.00040798
2788 0.000407893
2789 0.000407821
2790 0.000407771
2791 0.0004077
2792 0.000407648
2793 0.000407562
2794 0.000407495
2795 0.000407439
2796 0.000407364
2797 0.00040729
2798 0.000407219
2799 0.000407176
2800 0.000407091
2801 0.000407017
2802 0.000406947
2803 0.000406883
2804 0.000406812
2805 0.000406736
2806 0.00040666
2807 0.000406583
2808 0.000406517
2809 0.000406436
2810 0.00040636
2811 0.000406283
2812 0.000406206
2813 0.000406129
2814 0.000406052
2815 0.000405973
2816 0.000405904
2817 0.000405842
2818 0.00040576
2819 0.00040568
2820 0.0004056
2821 0.000405521
2822 0.00040544
2823 0.000405367
2824 0.000405283
2825 0.000405204
2826 0.000405121
2827 0.000405043
2828 0.000404965
2829 0.000404881
2830 0.000404797
2831 0.000404714
2832 0.000404631
2833 0.000404547
2834 0.000404466
2835 0.000404382
2836 0.000404301
2837 0.000404217
2838 0.000404133
2839 0.000404049
2840 0.000403965
2841 0.000403881
2842 0.000403797
2843 0.000403712
2844 0.000403627
2845 0.000403542
2846 0.000403458
2847 0.000403374
2848 0.000403288
2849 0.000403209
2850 0.000403121
2851 0.000403033
2852 0.000402945
2853 0.000402858
2854 0.000402776
2855 0.000402691
2856 0.000402605
2857 0.000402516
2858 0.000402429
2859 0.000402341
2860 0.000402253
2861 0.000402165
2862 0.000402077
2863 0.000401989
2864 0.000401901
2865 0.000401815
2866 0.000401728
2867 0.00040164
2868 0.000401554
2869 0.000401467
2870 0.00040138
2871 0.000401294
2872 0.00040121
2873 0.000401123
2874 0.000401038
2875 0.000400958
2876 0.000400871
2877 0.000400787
2878 0.000400708
2879 0.000400623
2880 0.000400568
2881 0.000400483
2882 0.000400399
2883 0.000400317
2884 0.00040024
2885 0.000400157
2886 0.000400079
2887 0.000400018
2888 0.000400015
2889 0.000399963
2890 0.000399869
2891 0.000399821
2892 0.000399752
2894 0.000399669
2895 0.00039964
2896 0.000399587
2898 0.000399495
2899 0.000399412
2900 0.000399331
2901 0.000399251
2902 0.000399173
2903 0.000399094
2904 0.000399015
2905 0.000398935
2906 0.000398855
2907 0.000398803
2908 0.000398742
2909 0.000398649
2910 0.000398577
2911 0.000398497
2912 0.000398417
2913 0.000398346
2914 0.000398269
2915 0.000398196
2916 0.000398121
2917 0.000398059
2918 0.000397974
2919 0.000397896
2920 0.000397833
2921 0.000397749
2922 0.000397668
2923 0.000397588
2924 0.000397508
2925 0.000397432
2926 0.000397355
2927 0.000397275
2928 0.000397195
2929 0.000397115
2930 0.000397035
2931 0.000396956
2932 0.000396884
2933 0.0003968
2934 0.000396717
2935 0.000396634
2936 0.000396552
2937 0.00039647
2938 0.000396387
2939 0.000396306
2940 0.000396223
2941 0.000396148
2942 0.000396067
2943 0.000395985
2944 0.000395906
2945 0.000395827
2946 0.000395745
2947 0.000395663
2948 0.000395584
2949 0.000395555
2950 0.000395452
2951 0.000395372
2952 0.00039529
2953 0.000395223
2954 0.00039515
2955 0.000395136
2956 0.000395029
2957 0.000394942
2958 0.000394861
2959 0.000394802
2960 0.000394723
2961 0.000394636
2962 0.000394553
2963 0.000394501
2964 0.000394442
2965 0.000394342
2966 0.00039426
2967 0.000394186
2968 0.000394097
2969 0.000394012
2970 0.000393929
2971 0.000393868
2972 0.000393781
2973 0.000393699
2974 0.000393658
2976 0.000393613
2977 0.000393525
2978 0.000393479
2979 0.000393411
2980 0.000393332
2981 0.000393246
2982 0.000393158
2983 0.00039307
2984 0.000393008
2985 0.000392914
2986 0.000392823
2987 0.000392735
2988 0.000392647
2989 0.000392597
2990 0.000392497
2991 0.000392405
2992 0.00039232
2993 0.000392231
2994 0.000392145
2995 0.000392064
2996 0.000392012
2997 0.000391913
2998 0.000391826
2999 0.00039174
3000 0.000391703
3001 0.000391604
3002 0.000391515
3003 0.000391435
3004 0.000391356
3005 0.000391317
3006 0.000391208
3007 0.000391123
3008 0.000391063
3009 0.000390976
3010 0.000390904
3012 0.000390877
3013 0.000390798
3014 0.00039077
3016 0.000390718
3017 0.000390622
3018 0.000390559
3019 0.000390472
3020 0.000390393
3021 0.000390303
3022 0.000390212
3023 0.000390121
3024 0.000390031
3025 0.000389943
3026 0.000389854
3027 0.000389763
3028 0.000389672
3029 0.000389583
3030 0.000389495
3031 0.000389407
3032 0.000389318
3033 0.000389229
3034 0.000389141
3035 0.000389068
3036 0.000388978
3037 0.000388889
3038 0.000388801
3039 0.000388713
3040 0.000388626
3041 0.000388542
3042 0.000388456
3043 0.000388369
3044 0.000388283
3045 0.000388211
3046 0.000388139
3047 0.00038805
3048 0.000387967
3049 0.000387886
3050 0.000387821
3051 0.000387812
3052 0.000387763
3053 0.000387672
3054 0.000387631
3055 0.000387546
3056 0.000387541
3058 0.000387454
3059 0.000387398
3062 0.000387311
3063 0.000387261
3064 0.000387194
3065 0.000387119
3066 0.000387039
3067 0.000386989
3068 0.000386901
3069 0.000386831
3070 0.000386764
3071 0.000386681
3072 0.0003866
3073 0.00038652
3074 0.000386445
3075 0.000386367
3076 0.00038629
3077 0.000386239
3078 0.000386156
3079 0.000386089
3080 0.000386072
3082 0.000385978
3083 0.000385932
3084 0.000385863
3085 0.00038578
3086 0.000385697
3087 0.000385614
3088 0.000385533
3089 0.000385452
3090 0.000385372
3091 0.000385292
3092 0.000385215
3093 0.000385137
3094 0.000385056
3095 0.000384978
3096 0.000384899
3097 0.00038482
3098 0.000384742
3099 0.000384664
3100 0.000384588
3101 0.000384515
3102 0.000384437
3103 0.00038436
3104 0.000384287
3105 0.000384214
3106 0.000384159
3107 0.000384073
3108 0.000384003
3109 0.000383933
3110 0.000383856
3111 0.00038378
3112 0.000383704
3113 0.000383631
3114 0.000383561
3115 0.000383491
3116 0.000383417
3117 0.000383346
3118 0.000383313
3119 0.000383237
3120 0.000383165
3121 0.000383109
3122 0.000383045
3123 0.000383019
3124 0.000382927
3125 0.000382861
3126 0.000382789
3127 0.000382724
3128 0.00038267
3129 0.000382607
3130 0.000382533
3131 0.000382462
3132 0.000382393
3133 0.000382351
3134 0.000382278
3135 0.000382207
3136 0.000382145
3137 0.000382081
3138 0.000382043
3139 0.000381957
3140 0.000381896
3141 0.000381823
3142 0.00038175
3143 0.000381679
3144 0.000381635
3145 0.000381566
3146 0.000381486
3147 0.000381421
3148 0.000381361
3149 0.000381287
3150 0.000381214
3151 0.000381141
3152 0.000381068
3153 0.000380995
3154 0.000380922
3155 0.000380849
3156 0.000380776
3157 0.000380703
3158 0.000380629
3159 0.000380559
3160 0.000380485
3161 0.000380413
3162 0.000380339
3163 0.000380268
3164 0.000380194
3165 0.000380122
3166 0.000380048
3167 0.000379974
3168 0.0003799
3169 0.000379826
3170 0.000379752
3171 0.000379677
3172 0.000379604
3173 0.000379529
3174 0.000379456
3175 0.000379381
3176 0.000379307
3177 0.000379232
3178 0.000379157
3179 0.000379082
3180 0.000379007
3181 0.000378931
3182 0.000378857
3183 0.000378781
3184 0.000378708
3185 0.000378632
3186 0.00037856
3187 0.000378484
3188 0.000378413
3189 0.000378336
3190 0.000378301
3192 0.000378226
3193 0.000378201
3196 0.000378104
3197 0.000378023
3198 0.000377969
3199 0.000377893
3200 0.000377851
