1 5839040.0
7 5835910.0
8 5832790.0
9 5829670.0
10 5826540.0
11 5823420.0
12 5820300.0
13 5817180.0
14 5814050.0
15 5810930.0
16 5807810.0
17 5804700.0
18 5801580.0
19 5798480.0
20 5795360.0
21 5792240.0
22 5789120.0
23 5786000.0
24 5782880.0
25 5779760.0
26 5776630.0
27 5773530.0
28 5770400.0
29 5767290.0
30 5764170.0
31 5761050.0
32 5757930.0
33 5754820.0
34 5751690.0
35 5748920.0
36 5745850.0
37 5742730.0
38 5740190.0
39 5737080.0
40 5733960.0
41 5730850.0
42 5727720.0
43 5724620.0
44 5721510.0
45 5718390.0
46 5715300.0
47 5712190.0
48 5709060.0
49 5705950.0
50 5702830.0
51 5699710.0
52 5696590.0
53 5693470.0
54 5690340.0
55 5687810.0
56 5684730.0
57 5681610.0
58 5678490.0
59 5675370.0
60 5672250.0
61 5669130.0
62 5666010.0
63 5662880.0
64 5659790.0
65 5656780.0
66 5653670.0
67 5650550.0
68 5647440.0
69 5644310.0
70 5641200.0
71 5638080.0
72 5634990.0
73 5631890.0
74 5628770.0
75 5625650.0
76 5622520.0
77 5619430.0
78 5616350.0
79 5613220.0
80 5610110.0
81 5606990.0
82 5603880.0
83 5600760.0
84 5597680.0
85 5594560.0
86 5591470.0
87 5588340.0
88 5585300.0
89 5582200.0
90 5579080.0
91 5575950.0
92 5572840.0
93 5569720.0
94 5566610.0
95 5563480.0
96 5560370.0
97 5557240.0
98 5554180.0
99 5551050.0
100 5547940.0
101 5544810.0
102 5541890.0
103 5538870.0
104 5535770.0
105 5532650.0
106 5529530.0
107 5526400.0
108 5523390.0
109 5520310.0
110 5517180.0
111 5514070.0
112 5510940.0
113 5507830.0
114 5504700.0
115 5501590.0
116 5498470.0
117 5495350.0
118 5492220.0
119 5489110.0
120 5485990.0
121 5482910.0
122 5479790.0
123 5476670.0
124 5473550.0
125 5470430.0
126 5467310.0
127 5464190.0
128 5461070.0
129 5457950.0
130 5454830.0
131 5451710.0
132 5448590.0
133 5445460.0
134 5442350.0
135 5439220.0
136 5436110.0
137 5432990.0
138 5429870.0
139 5426750.0
140 5423640.0
141 5420520.0
142 5417450.0
143 5414320.0
144 5411290.0
145 5408170.0
146 5405520.0
147 5402620.0
148 5399620.0
149 5396500.0
150 5393370.0
151 5390250.0
152 5387120.0
153 5384000.0
154 5380880.0
155 5377760.0
156 5374630.0
157 5371510.0
158 5368390.0
159 5365270.0
160 5362150.0
161 5359030.0
162 5355910.0
163 5352800.0
164 5349680.0
165 5346560.0
166 5343440.0
167 5340310.0
168 5337210.0
169 5334090.0
170 5330970.0
171 5327840.0
172 5324830.0
173 5321820.0
174 5318730.0
175 5315600.0
176 5312490.0
177 5309360.0
178 5306280.0
179 5303180.0
180 5300050.0
181 5296960.0
182 5293830.0
183 5290740.0
184 5287610.0
185 5284510.0
186 5281380.0
187 5278310.0
188 5275190.0
189 5272070.0
190 5268950.0
191 5265840.0
192 5262710.0
193 5259650.0
194 5256520.0
195 5253490.0
196 5250370.0
197 5247280.0
198 5244150.0
199 5241050.0
200 5237920.0
201 5235030.0
202 5231960.0
203 5228840.0
204 5225720.0
205 5222600.0
206 5219480.0
207 5216360.0
208 5213240.0
209 5210110.0
210 5207010.0
211 5203880.0
212 5200790.0
213 5197660.0
214 5194560.0
215 5191440.0
216 5188380.0
217 5185420.0
218 5182350.0
219 5179230.0
220 5176120.0
221 5173000.0
222 5169890.0
223 5166760.0
224 5163690.0
225 5160570.0
226 5157470.0
227 5154340.0
228 5151250.0
229 5148120.0
230 5145030.0
231 5141900.0
232 5138790.0
233 5135670.0
234 5132560.0
235 5129430.0
236 5126970.0
237 5125290.0
238 5122180.0
239 5119060.0
240 5115950.0
241 5112820.0
242 5109710.0
243 5106580.0
244 5103470.0
245 5100350.0
246 5097240.0
247 5094110.0
248 5090990.0
249 5087870.0
250 5084780.0
251 5081670.0
252 5078540.0
253 5075430.0
254 5072330.0
255 5069210.0
256 5066120.0
257 5063010.0
258 5059880.0
259 5056760.0
260 5053640.0
261 5050560.0
262 5047440.0
263 5044340.0
264 5041210.0
265 5038100.0
266 5034970.0
267 5031970.0
268 5028860.0
269 5025730.0
270 5022610.0
271 5019490.0
272 5016370.0
273 5013240.0
274 5010180.0
275 5007200.0
276 5004130.0
277 5001010.0
278 4997900.0
279 4994770.0
280 4991660.0
281 4988530.0
282 4985440.0
283 4982320.0
284 4979240.0
285 4976120.0
286 4973130.0
287 4970010.0
288 4966890.0
289 4963760.0
290 4960640.0
291 4957520.0
292 4954400.0
293 4951280.0
294 4948470.0
295 4945430.0
296 4942310.0
297 4939180.0
298 4936060.0
299 4932940.0
300 4929830.0
301 4926700.0
302 4923590.0
303 4920470.0
304 4917350.0
305 4914250.0
306 4911140.0
307 4908010.0
308 4904890.0
309 4901760.0
310 4898660.0
311 4895530.0
312 4892460.0
313 4889340.0
314 4886220.0
315 4883090.0
316 4879970.0
317 4876850.0
318 4873730.0
319 4870610.0
320 4867560.0
321 4864440.0
322 4861320.0
323 4858260.0
324 4855150.0
325 4852020.0
326 4848960.0
327 4845850.0
328 4842730.0
329 4839630.0
330 4836510.0
331 4833510.0
332 4830420.0
333 4827300.0
334 4824190.0
335 4821070.0
336 4817980.0
337 4814850.0
338 4811740.0
339 4808610.0
340 4805530.0
341 4802410.0
342 4799290.0
343 4796160.0
344 4793160.0
345 4790300.0
346 4787180.0
347 4784050.0
348 4780940.0
349 4777810.0
350 4774730.0
351 4771600.0
352 4768480.0
353 4765350.0
354 4762290.0
355 4759190.0
356 4756060.0
357 4752980.0
358 4749870.0
359 4746740.0
360 4743760.0
361 4740640.0
362 4737520.0
363 4734400.0
364 4731270.0
365 4728160.0
366 4725040.0
367 4721910.0
368 4718790.0
369 4715660.0
370 4712560.0
371 4709440.0
372 4706310.0
373 4703200.0
374 4700080.0
375 4696950.0
376 4693900.0
377 4690770.0
378 4687640.0
379 4684520.0
380 4681390.0
381 4678340.0
382 4675210.0
383 4672090.0
384 4668960.0
385 4665920.0
386 4662860.0
387 4659730.0
388 4656640.0
389 4653510.0
390 4650390.0
391 4647270.0
392 4644320.0
393 4641270.0
394 4638160.0
395 4635030.0
396 4631910.0
397 4628780.0
398 4626260.0
399 4623230.0
400 4620260.0
401 4617140.0
402 4614010.0
403 4610890.0
404 4607760.0
405 4604640.0
406 4601510.0
407 4598400.0
408 4595270.0
409 4592150.0
410 4589020.0
411 4585910.0
412 4582780.0
413 4579660.0
414 4576530.0
415 4573410.0
416 4570280.0
417 4567170.0
418 4564080.0
419 4560950.0
420 4557870.0
421 4554750.0
422 4551620.0
423 4548540.0
424 4545470.0
425 4542390.0
426 4539260.0
427 4536130.0
428 4533010.0
429 4529880.0
430 4526760.0
431 4523630.0
432 4520510.0
433 4517380.0
434 4514260.0
435 4511130.0
436 4508010.0
437 4504880.0
438 4501790.0
439 4498690.0
440 4495560.0
441 4492430.0
442 4489310.0
443 4486180.0
444 4483060.0
445 4479930.0
446 4476810.0
447 4473680.0
448 4470560.0
449 4467430.0
450 4464300.0
451 4461180.0
452 4458050.0
453 4454930.0
454 4451800.0
455 4448680.0
456 4445550.0
457 4442430.0
458 4439300.0
459 4436180.0
460 4433050.0
461 4429930.0
462 4426800.0
463 4423670.0
464 4420550.0
465 4417420.0
466 4414300.0
467 4411170.0
468 4408050.0
469 4404920.0
470 4401800.0
471 4398670.0
472 4395550.0
473 4392420.0
474 4389300.0
475 4386170.0
476 4383040.0
477 4379920.0
478 4376790.0
479 4373670.0
480 4370540.0
481 4367420.0
482 4364290.0
483 4361170.0
484 4358040.0
485 4354910.0
486 4351790.0
487 4348660.0
488 4345540.0
489 4342410.0
490 4339280.0
491 4336160.0
492 4333040.0
493 4329910.0
494 4326790.0
495 4323660.0
496 4320580.0
497 4317470.0
498 4314350.0
499 4311310.0
500 4308240.0
501 4305110.0
502 4301980.0
503 4298850.0
504 4295730.0
505 4292610.0
506 4289480.0
507 4286440.0
508 4283320.0
509 4280190.0
510 4277060.0
511 4273940.0
512 4270810.0
513 4267690.0
514 4264560.0
515 4261430.0
516 4258300.0
517 4255180.0
518 4252060.0
519 4248930.0
520 4245820.0
521 4242690.0
522 4239600.0
523 4236470.0
524 4233340.0
525 4230210.0
526 4227090.0
527 4223970.0
528 4220840.0
529 4217710.0
530 4214590.0
531 4211460.0
532 4208340.0
533 4205210.0
534 4202080.0
535 4198960.0
536 4195840.0
537 4192710.0
538 4189580.0
539 4186460.0
540 4183340.0
541 4180210.0
542 4177080.0
543 4173950.0
544 4170830.0
545 4167710.0
546 4164590.0
547 4161470.0
548 4158340.0
549 4155220.0
550 4152110.0
551 4148980.0
552 4145860.0
553 4142730.0
554 4139610.0
555 4136480.0
556 4133350.0
557 4130220.0
558 4127090.0
559 4123960.0
560 4120840.0
561 4117780.0
562 4114680.0
563 4111550.0
564 4108430.0
565 4105300.0
566 4102170.0
567 4099040.0
568 4095910.0
569 4092780.0
570 4089650.0
571 4086520.0
572 4083390.0
573 4080260.0
574 4077140.0
575 4074070.0
576 4070940.0
577 4067820.0
578 4064690.0
579 4061560.0
580 4058430.0
581 4055300.0
582 4052170.0
583 4049040.0
584 4045910.0
585 4042780.0
586 4039650.0
587 4036520.0
588 4033390.0
589 4030260.0
590 4027130.0
591 4024000.0
592 4020870.0
593 4017740.0
594 4014610.0
595 4011480.0
596 4008350.0
597 4005220.0
598 4002090.0
599 3998960.0
600 3995830.0
601 3992700.0
602 3989560.0
603 3986590.0
604 3983460.0
605 3980330.0
606 3977200.0
607 3974070.0
608 3970940.0
609 3967810.0
610 3964680.0
611 3961550.0
612 3958410.0
613 3955390.0
614 3952260.0
615 3949130.0
616 3946000.0
617 3942870.0
618 3939740.0
619 3936610.0
620 3933480.0
621 3930340.0
622 3927740.0
623 3924810.0
624 3921760.0
625 3918630.0
626 3915490.0
627 3912400.0
628 3909260.0
629 3906260.0
630 3903130.0
631 3900000.0
632 3896860.0
633 3893820.0
634 3890690.0
635 3887560.0
636 3884420.0
637 3882230.0
638 3880000.0
639 3876870.0
640 3873730.0
641 3870600.0
642 3867470.0
643 3864340.0
644 3861200.0
645 3858130.0
646 3855010.0
647 3851880.0
648 3848750.0
649 3845620.0
650 3842500.0
651 3839360.0
652 3836780.0
653 3833650.0
654 3830520.0
655 3827390.0
656 3824260.0
657 3821140.0
658 3818010.0
659 3814970.0
660 3811840.0
661 3808760.0
662 3805620.0
663 3802500.0
664 3799380.0
665 3796250.0
666 3793120.0
667 3789990.0
668 3786860.0
669 3783730.0
670 3780680.0
671 3777670.0
672 3774550.0
673 3771420.0
674 3768290.0
675 3765150.0
676 3762030.0
677 3758900.0
678 3755770.0
679 3752630.0
680 3749560.0
681 3746470.0
682 3743340.0
683 3740210.0
684 3737080.0
685 3734240.0
686 3731150.0
687 3728020.0
688 3724890.0
689 3721750.0
690 3718620.0
691 3715490.0
692 3712360.0
693 3709220.0
694 3706140.0
695 3703010.0
696 3699880.0
697 3696750.0
698 3693610.0
699 3690480.0
700 3687340.0
701 3684230.0
702 3681140.0
703 3678010.0
704 3674880.0
705 3671750.0
706 3668630.0
707 3665490.0
708 3662450.0
709 3659350.0
710 3656210.0
711 3653100.0
712 3649960.0
713 3646980.0
714 3643930.0
715 3640790.0
716 3637710.0
717 3634570.0
718 3631500.0
719 3628360.0
720 3625240.0
721 3622100.0
722 3619170.0
723 3616030.0
724 3612890.0
725 3609760.0
726 3606620.0
727 3603540.0
728 3600420.0
729 3597290.0
730 3594160.0
731 3591020.0
732 3587880.0
733 3584750.0
734 3581620.0
735 3578480.0
736 3575340.0
737 3572210.0
738 3569070.0
739 3565940.0
740 3562810.0
741 3559670.0
742 3556540.0
743 3553410.0
744 3550280.0
745 3547140.0
746 3544020.0
747 3540880.0
748 3537760.0
749 3534620.0
750 3531500.0
751 3528360.0
752 3525260.0
753 3522140.0
754 3519000.0
755 3515880.0
756 3512740.0
757 3509600.0
758 3506470.0
759 3503340.0
760 3500200.0
761 3497060.0
762 3493930.0
763 3490790.0
764 3487660.0
765 3484520.0
766 3481390.0
767 3478250.0
768 3475120.0
769 3471980.0
770 3468850.0
771 3465710.0
772 3462580.0
773 3459440.0
774 3456310.0
775 3453170.0
776 3450040.0
777 3446900.0
778 3443770.0
779 3440630.0
780 3437490.0
781 3434360.0
782 3431220.0
783 3428090.0
784 3424950.0
785 3421820.0
786 3418680.0
787 3415550.0
788 3412410.0
789 3409270.0
790 3406140.0
791 3403000.0
792 3399870.0
793 3396730.0
794 3393600.0
795 3390460.0
796 3387330.0
797 3384190.0
798 3381050.0
799 3377920.0
800 3374780.0
801 3371650.0
802 3368510.0
803 3365380.0
804 3362240.0
805 3359100.0
806 3355970.0
807 3352830.0
808 3349700.0
809 3346560.0
810 3343430.0
811 3340290.0
812 3337160.0
813 3334020.0
814 3330880.0
815 3327750.0
816 3324610.0
817 3321480.0
818 3318340.0
819 3315200.0
820 3312070.0
821 3308930.0
822 3305800.0
823 3302660.0
824 3299520.0
825 3296380.0
826 3293250.0
827 3290120.0
828 3286980.0
829 3283850.0
830 3280710.0
831 3277570.0
832 3274430.0
833 3271290.0
834 3268150.0
835 3265010.0
836 3261870.0
837 3258730.0
838 3255590.0
839 3252450.0
840 3249310.0
841 3246170.0
842 3243030.0
843 3239890.0
844 3236750.0
845 3233610.0
846 3230470.0
847 3227330.0
848 3224190.0
849 3221050.0
850 3217910.0
851 3214770.0
852 3211630.0
853 3208480.0
854 3205890.0
855 3202780.0
856 3199640.0
857 3196500.0
858 3193360.0
859 3190220.0
860 3187080.0
861 3183940.0
862 3180800.0
863 3177660.0
864 3174510.0
865 3171460.0
866 3168320.0
867 3165180.0
868 3162030.0
869 3158990.0
870 3155850.0
871 3152710.0
872 3149570.0
873 3146430.0
874 3143280.0
875 3140250.0
876 3137110.0
877 3133970.0
878 3130820.0
879 3127790.0
880 3124640.0
881 3121590.0
882 3118450.0
883 3115300.0
884 3112700.0
885 3109920.0
886 3107350.0
887 3104220.0
888 3101070.0
889 3097940.0
890 3094800.0
891 3091650.0
892 3088530.0
893 3085390.0
894 3082250.0
895 3079130.0
896 3075990.0
897 3072850.0
898 3069700.0
899 3066570.0
900 3063430.0
901 3060300.0
902 3057150.0
903 3054010.0
904 3050870.0
905 3047750.0
906 3044600.0
907 3041670.0
908 3038550.0
909 3035400.0
910 3032280.0
911 3029140.0
912 3026030.0
913 3022880.0
914 3019970.0
915 3016860.0
916 3013710.0
917 3010610.0
918 3007460.0
919 3004350.0
920 3001210.0
921 2998110.0
922 2994970.0
923 2991950.0
924 2988810.0
925 2985670.0
926 2982520.0
927 2979800.0
928 2977210.0
929 2974070.0
930 2970920.0
931 2967780.0
932 2964630.0
933 2961490.0
934 2958350.0
935 2955210.0
936 2952060.0
937 2948920.0
938 2945800.0
939 2942650.0
940 2939520.0
941 2936380.0
942 2933260.0
943 2930120.0
944 2926970.0
945 2923830.0
946 2920690.0
947 2917550.0
948 2914410.0
949 2911260.0
950 2908190.0
951 2905070.0
952 2901930.0
953 2898800.0
954 2895660.0
955 2892520.0
956 2889370.0
957 2886290.0
958 2883160.0
959 2880020.0
960 2876900.0
961 2873800.0
962 2870660.0
963 2867570.0
964 2864430.0
965 2861340.0
966 2858190.0
967 2855060.0
968 2851920.0
969 2848780.0
970 2845630.0
971 2842540.0
972 2839400.0
973 2836260.0
974 2833110.0
975 2829990.0
976 2826840.0
977 2823700.0
978 2820560.0
979 2817430.0
980 2814290.0
981 2811190.0
982 2808040.0
983 2804900.0
984 2801760.0
985 2798630.0
986 2795480.0
987 2792360.0
988 2789210.0
989 2786100.0
990 2782960.0
991 2779840.0
992 2776690.0
993 2773560.0
994 2770410.0
995 2767460.0
996 2764430.0
997 2761350.0
998 2758200.0
999 2755060.0
1000 2751910.0
1001 2748780.0
1002 2745630.0
1003 2742510.0
1004 2739360.0
1005 2736240.0
1006 2733090.0
1007 2729940.0
1008 2726800.0
1009 2723650.0
1010 2720510.0
1011 2717360.0
1012 2714220.0
1013 2711070.0
1014 2707930.0
1015 2704780.0
1016 2701640.0
1017 2698490.0
1018 2695360.0
1019 2692210.0
1020 2689060.0
1021 2685920.0
1022 2682770.0
1023 2679630.0
1024 2676480.0
1025 2673340.0
1026 2670190.0
1027 2667050.0
1028 2663900.0
1029 2660750.0
1030 2657610.0
1031 2654460.0
1032 2651320.0
1033 2648170.0
1034 2645030.0
1035 2641880.0
1036 2638740.0
1037 2635590.0
1038 2632440.0
1039 2629300.0
1040 2626150.0
1041 2623010.0
1042 2619860.0
1043 2616710.0
1044 2613570.0
1045 2610420.0
1046 2607280.0
1047 2604130.0
1048 2600990.0
1049 2597840.0
1050 2594690.0
1051 2591550.0
1052 2588400.0
1053 2585260.0
1054 2582110.0
1055 2578970.0
1056 2575820.0
1057 2572670.0
1058 2569530.0
1059 2566380.0
1060 2563240.0
1061 2560090.0
1062 2556940.0
1063 2553800.0
1064 2550650.0
1065 2547510.0
1066 2544360.0
1067 2541210.0
1068 2538070.0
1069 2534920.0
1070 2531780.0
1071 2528630.0
1072 2525480.0
1073 2522340.0
1074 2519190.0
1075 2516050.0
1076 2512900.0
1077 2509750.0
1078 2506610.0
1079 2503460.0
1080 2500320.0
1081 2497170.0
1082 2494020.0
1083 2490880.0
1084 2487730.0
1085 2484590.0
1086 2481440.0
1087 2478290.0
1088 2475140.0
1089 2472000.0
1090 2468850.0
1091 2465710.0
1092 2462560.0
1093 2459410.0
1094 2456270.0
1095 2453120.0
1096 2449980.0
1097 2446830.0
1098 2443680.0
1099 2440540.0
1100 2437390.0
1101 2434250.0
1102 2431100.0
1103 2427950.0
1104 2424800.0
1105 2421660.0
1106 2418510.0
1107 2415370.0
1108 2412220.0
1109 2409070.0
1110 2405930.0
1111 2402780.0
1112 2399640.0
1113 2396490.0
1114 2393340.0
1115 2390190.0
1116 2387050.0
1117 2383900.0
1118 2380760.0
1119 2377610.0
1120 2374460.0
1121 2371310.0
1122 2368170.0
1123 2365030.0
1124 2361880.0
1125 2358750.0
1126 2355600.0
1127 2352460.0
1128 2349310.0
1129 2346160.0
1130 2343010.0
1131 2339870.0
1132 2336740.0
1133 2333590.0
1134 2330450.0
1135 2327300.0
1136 2324160.0
1137 2321010.0
1138 2317870.0
1139 2314720.0
1140 2311580.0
1141 2308430.0
1142 2305280.0
1143 2302140.0
1144 2299010.0
1145 2295860.0
1146 2292730.0
1147 2289580.0
1148 2286430.0
1149 2283280.0
1150 2280130.0
1151 2276990.0
1152 2273880.0
1153 2270740.0
1154 2267590.0
1155 2264450.0
1156 2261300.0
1157 2258150.0
1158 2255000.0
1159 2251850.0
1160 2248700.0
1161 2245550.0
1162 2242410.0
1163 2239300.0
1164 2236150.0
1165 2233000.0
1166 2229850.0
1167 2226700.0
1168 2223550.0
1169 2220400.0
1170 2217250.0
1171 2214100.0
1172 2210950.0
1173 2207800.0
1174 2204650.0
1175 2201500.0
1176 2198350.0
1177 2195210.0
1178 2192210.0
1179 2189080.0
1180 2185930.0
1181 2182780.0
1182 2179630.0
1183 2176480.0
1184 2173330.0
1185 2170180.0
1186 2167030.0
1187 2163880.0
1188 2160730.0
1189 2157580.0
1190 2154430.0
1191 2151280.0
1192 2148130.0
1193 2144980.0
1194 2141830.0
1195 2138680.0
1196 2135530.0
1197 2132390.0
1198 2129320.0
1199 2126170.0
1200 2123020.0
1201 2119870.0
1202 2116720.0
1203 2113570.0
1204 2110420.0
1205 2107270.0
1206 2104120.0
1207 2100970.0
1208 2097820.0
1209 2094670.0
1210 2091520.0
1211 2088370.0
1212 2085220.0
1213 2082070.0
1214 2078920.0
1215 2075770.0
1216 2072620.0
1217 2069470.0
1218 2066320.0
1219 2063170.0
1220 2060020.0
1221 2056870.0
1222 2053720.0
1223 2050570.0
1224 2047420.0
1225 2044270.0
1226 2041120.0
1227 2037970.0
1228 2034820.0
1229 2031670.0
1230 2028520.0
1231 2025370.0
1232 2022220.0
1233 2019070.0
1234 2015920.0
1235 2012770.0
1236 2009620.0
1237 2006470.0
1238 2003320.0
1239 2000170.0
1240 1997020.0
1241 1993870.0
1242 1990720.0
1243 1987570.0
1244 1984420.0
1245 1981280.0
1246 1978670.0
1247 1975560.0
1248 1972410.0
1249 1969270.0
1250 1966120.0
1251 1962980.0
1252 1959830.0
1253 1956680.0
1254 1953530.0
1255 1950380.0
1256 1947230.0
1257 1944080.0
1258 1940930.0
1259 1937780.0
1260 1934630.0
1261 1931480.0
1262 1928330.0
1263 1925180.0
1264 1922030.0
1265 1918880.0
1266 1915730.0
1267 1912580.0
1268 1909430.0
1269 1906280.0
1270 1903130.0
1271 1899980.0
1272 1896830.0
1273 1893680.0
1274 1890530.0
1275 1887380.0
1276 1884230.0
1277 1881080.0
1278 1877930.0
1279 1874780.0
1280 1871630.0
1281 1868480.0
1282 1865330.0
1283 1862180.0
1284 1859030.0
1285 1855870.0
1286 1852850.0
1287 1849700.0
1288 1846550.0
1289 1843400.0
1290 1840250.0
1291 1837100.0
1292 1833950.0
1293 1830800.0
1294 1827650.0
1295 1824500.0
1296 1821350.0
1297 1818200.0
1298 1815050.0
1299 1811900.0
1300 1808750.0
1301 1805600.0
1302 1802450.0
1303 1799300.0
1304 1796150.0
1305 1793000.0
1306 1789850.0
1307 1786700.0
1308 1783550.0
1309 1780400.0
1310 1777250.0
1311 1774100.0
1312 1770950.0
1313 1767800.0
1314 1764650.0
1315 1761500.0
1316 1758350.0
1317 1755200.0
1318 1752050.0
1319 1748900.0
1320 1745750.0
1321 1742600.0
1322 1739450.0
1323 1736300.0
1324 1733150.0
1325 1730000.0
1326 1726850.0
1327 1723710.0
1328 1720940.0
1329 1717890.0
1330 1714740.0
1331 1711590.0
1332 1708440.0
1333 1705290.0
1334 1702140.0
1335 1698990.0
1336 1695840.0
1337 1692690.0
1338 1689540.0
1339 1686390.0
1340 1683240.0
1341 1680090.0
1342 1676940.0
1343 1673790.0
1344 1670640.0
1345 1667490.0
1346 1664340.0
1347 1661190.0
1348 1658040.0
1349 1654890.0
1350 1651740.0
1351 1648590.0
1352 1645440.0
1353 1642290.0
1354 1639140.0
1355 1635990.0
1356 1632850.0
1357 1629870.0
1358 1626720.0
1359 1623570.0
1360 1620420.0
1361 1617270.0
1362 1614130.0
1363 1611100.0
1364 1607950.0
1365 1604810.0
1366 1601780.0
1367 1598630.0
1368 1595480.0
1369 1592340.0
1370 1589290.0
1371 1586140.0
1372 1582990.0
1373 1579850.0
1374 1576810.0
1375 1573660.0
1376 1570520.0
1377 1567370.0
1378 1564220.0
1379 1561070.0
1380 1557920.0
1381 1554770.0
1382 1551620.0
1383 1548470.0
1384 1545330.0
1385 1542270.0
1386 1539120.0
1387 1535970.0
1388 1532830.0
1389 1529740.0
1390 1526590.0
1391 1523440.0
1392 1520300.0
1393 1517230.0
1394 1514080.0
1395 1510930.0
1396 1507790.0
1397 1504710.0
1398 1501560.0
1399 1498420.0
1400 1495270.0
1401 1492120.0
1402 1488970.0
1403 1485820.0
1404 1482680.0
1405 1479600.0
1406 1476450.0
1407 1473300.0
1408 1470160.0
1409 1467080.0
1410 1463930.0
1411 1460780.0
1412 1457640.0
1413 1454530.0
1414 1451380.0
1415 1448240.0
1416 1445160.0
1417 1442010.0
1418 1438870.0
1419 1435720.0
1420 1432570.0
1421 1429430.0
1422 1426340.0
1423 1423190.0
1424 1420040.0
1425 1416890.0
1426 1413750.0
1427 1410660.0
1428 1407510.0
1429 1404360.0
1430 1401220.0
1431 1398120.0
1432 1394980.0
1433 1391890.0
1434 1388740.0
1435 1385590.0
1436 1382450.0
1437 1379400.0
1438 1376250.0
1439 1373110.0
1440 1370000.0
1441 1366860.0
1442 1363790.0
1443 1360650.0
1444 1357580.0
1445 1354430.0
1446 1351280.0
1447 1348140.0
1448 1345030.0
1449 1341890.0
1450 1338830.0
1451 1335680.0
1452 1332530.0
1453 1329390.0
1454 1326280.0
1455 1323130.0
1456 1319990.0
1457 1316870.0
1458 1313720.0
1459 1310570.0
1460 1307430.0
1461 1304320.0
1462 1301170.0
1463 1298030.0
1464 1294910.0
1465 1291770.0
1466 1288660.0
1467 1285520.0
1468 1282380.0
1469 1279240.0
1470 1276290.0
1471 1273360.0
1472 1270220.0
1473 1267260.0
1474 1264110.0
1475 1260970.0
1476 1257840.0
1477 1254690.0
1478 1251550.0
1479 1248420.0
1480 1245280.0
1481 1242150.0
1482 1239010.0
1483 1235880.0
1484 1232730.0
1485 1229590.0
1486 1226460.0
1487 1223320.0
1488 1220190.0
1489 1217050.0
1490 1213910.0
1491 1210770.0
1492 1207620.0
1493 1204480.0
1494 1201360.0
1495 1198220.0
1496 1195080.0
1497 1191950.0
1498 1188800.0
1499 1185660.0
1500 1182530.0
1501 1179390.0
1502 1176250.0
1503 1173110.0
1504 1169980.0
1505 1166840.0
1506 1163700.0
1507 1160560.0
1508 1157430.0
1509 1154290.0
1510 1151150.0
1511 1148020.0
1512 1144880.0
1513 1141740.0
1514 1138620.0
1515 1135480.0
1516 1132370.0
1517 1129240.0
1518 1126100.0
1519 1122990.0
1520 1119920.0
1521 1116770.0
1522 1113630.0
1523 1110540.0
1524 1107420.0
1525 1104280.0
1526 1101200.0
1527 1098070.0
1528 1094930.0
1529 1091850.0
1530 1088760.0
1531 1085610.0
1532 1082470.0
1533 1079430.0
1534 1076310.0
1535 1073170.0
1536 1070030.0
1537 1066910.0
1538 1063770.0
1539 1060630.0
1540 1057500.0
1541 1054360.0
1542 1051240.0
1543 1048110.0
1544 1044970.0
1545 1041830.0
1546 1038800.0
1547 1035680.0
1548 1032540.0
1549 1029410.0
1550 1026280.0
1551 1023140.0
1552 1020020.0
1553 1016880.0
1554 1013770.0
1555 1010630.0
1556 1007490.0
1557 1004360.0
1558 1001230.0
1559 998129.0
1560 994995.0
1561 991858.0
1562 988734.0
1563 985604.0
1564 982470.0
1565 979344.0
1566 976211.0
1567 973081.0
1568 969956.0
1569 966821.0
1570 963694.0
1571 960567.0
1572 957432.0
1573 954317.0
1574 951187.0
1575 948052.0
1576 944956.0
1577 941826.0
1578 938690.0
1579 935616.0
1580 932485.0
1581 929350.0
1582 926227.0
1583 923098.0
1584 919968.0
1585 916840.0
1586 913709.0
1587 910590.0
1588 907460.0
1589 904328.0
1590 901230.0
1591 898097.0
1592 894967.0
1593 891854.0
1594 888723.0
1595 885593.0
1596 882481.0
1597 879352.0
1598 876220.0
1599 873099.0
1600 869978.0
1601 866846.0
1602 863720.0
1603 860625.0
1604 857493.0
1605 854363.0
1606 851248.0
1607 848139.0
1608 845005.0
1609 841906.0
1610 838792.0
1611 835657.0
1612 832600.0
1613 829480.0
1614 826345.0
1615 823283.0
1616 820159.0
1617 817026.0
1618 813908.0
1619 810781.0
1620 807653.0
1621 804529.0
1622 801402.0
1623 798278.0
1624 795149.0
1625 792026.0
1626 788905.0
1627 785774.0
1628 782650.0
1629 779559.0
1630 776426.0
1631 774382.0
1635 773312.0
1636 770871.0
1637 769487.0
1638 768625.0
1639 766618.0
1640 764483.0
1641 762252.0
1642 760238.0
1643 758756.0
1646 756180.0
1647 753043.0
1648 750477.0
1649 748717.0
1650 747147.0
1651 745364.0
1652 743829.0
1653 743115.0
1654 741389.0
1655 739865.0
1656 738371.0
1657 737045.0
1658 734165.0
1659 733054.0
1660 732865.0
1661 729729.0
1662 726594.0
1663 723459.0
1664 720323.0
1665 717188.0
1666 714170.0
1667 711985.0
1668 710826.0
1669 710557.0
1671 710118.0
1672 709168.0
1673 706033.0
1674 702898.0
1675 700366.0
1677 699763.0
1678 698501.0
1679 696473.0
1680 694214.0
1681 692016.0
1682 690520.0
1683 687910.0
1684 684776.0
1685 682301.0
1686 681001.0
1687 678398.0
1688 675462.0
1689 672883.0
1690 670386.0
1691 667882.0
1692 665555.0
1693 664393.0
1694 662538.0
1695 659404.0
1696 656412.0
1697 654462.0
1698 653202.0
1699 650784.0
1700 649588.0
1701 648863.0
1702 647526.0
1703 644537.0
1704 642796.0
1705 640965.0
1706 638411.0
1709 635637.0
1710 633066.0
1711 630659.0
1712 628567.0
1713 626524.0
1714 623905.0
1715 622007.0
1716 620299.0
1717 618964.0
1720 616112.0
1721 614525.0
1722 612737.0
1723 611615.0
1724 611204.0
1725 610922.0
1726 609455.0
1727 606500.0
1728 604299.0
1729 602916.0
1730 602195.0
1732 601254.0
1733 598138.0
1734 595725.0
1737 594184.0
1739 593172.0
1740 591003.0
1741 590766.0
1743 588585.0
1744 586178.0
1745 583046.0
1746 581027.0
1747 580367.0
1748 579404.0
1749 578668.0
1750 577494.0
1751 575516.0
1752 575430.0
1754 574937.0
1756 571805.0
1757 568674.0
1758 565543.0
1759 563364.0
1760 562520.0
1761 560826.0
1762 559652.0
1763 556573.0
1764 554369.0
1765 551875.0
1766 549289.0
1767 546688.0
1768 544083.0
1769 541477.0
1770 538868.0
1771 536259.0
1772 533649.0
1773 531039.0
1774 528429.0
1775 525819.0
1776 523209.0
1777 520598.0
1778 517987.0
1779 515377.0
1780 512765.0
1781 510154.0
1782 507614.0
1783 505025.0
1784 503365.0
1785 501002.0
1786 498072.0
1787 495448.0
1788 493531.0
1789 491382.0
1790 488966.0
1791 488367.0
1792 487074.0
1793 484249.0
1794 483494.0
1795 482161.0
1796 481236.0
1797 479099.0
1798 476831.0
1799 475155.0
1800 472225.0
1801 470260.0
1802 468741.0
1803 465929.0
1804 464009.0
1805 461638.0
1806 459317.0
1807 457124.0
1808 454901.0
1809 452523.0
1810 450320.0
1811 448873.0
1812 447790.0
1813 446695.0
1815 445621.0
1816 443858.0
1818 443628.0
1819 442603.0
1822 441469.0
1823 439351.0
1824 437771.0
1825 436522.0
1826 435372.0
1827 433967.0
1829 433267.0
1830 430647.0
1831 428206.0
1832 426295.0
1833 424459.0
1834 423724.0
1835 421427.0
1836 419605.0
1837 417330.0
1838 416283.0
1839 415187.0
1841 414039.0
1842 412633.0
1843 410081.0
1844 408408.0
1845 407126.0
1846 405917.0
1848 405564.0
1849 403010.0
1850 401622.0
1851 399512.0
1852 397858.0
1855 394903.0
1858 393638.0
1861 391424.0
1862 389447.0
1863 387943.0
1864 385865.0
1865 384405.0
1866 383219.0
1867 381346.0
1868 381228.0
1870 378434.0
1871 376573.0
1873 376461.0
1874 374191.0
1875 373296.0
1876 372288.0
1877 370636.0
1878 369412.0
1880 369037.0
1881 366444.0
1882 364738.0
1887 362406.0
1888 362041.0
1889 361451.0
1891 358833.0
1893 356795.0
1896 355872.0
1897 354029.0
1899 353808.0
1900 351690.0
1901 350515.0
1902 349484.0
1903 346897.0
1904 345940.0
1905 345258.0
1906 344009.0
1907 342016.0
1909 341900.0
1910 339097.0
1911 338289.0
1912 335478.0
1915 335460.0
1916 334571.0
1917 333478.0
1918 332614.0
1919 329930.0
1920 328046.0
1921 327004.0
1922 325836.0
1923 324722.0
1924 322239.0
1925 320162.0
1926 318248.0
1927 316061.0
1928 313985.0
1929 311812.0
1930 309654.0
1931 307519.0
1932 305440.0
1933 303314.0
1934 301080.0
1935 298844.0
1936 296609.0
1937 294374.0
1938 292139.0
1939 289904.0
1940 287669.0
1941 285434.0
1942 283199.0
1943 280965.0
1944 278730.0
1945 276496.0
1946 274262.0
1947 272027.0
1948 269795.0
1949 267562.0
1950 265363.0
1951 264427.0
1952 262197.0
1953 260073.0
1954 257779.0
1955 255516.0
1956 253221.0
1957 250928.0
1958 248634.0
1959 246341.0
1960 244047.0
1961 241754.0
1962 239460.0
1963 237167.0
1964 234873.0
1965 232580.0
1966 230287.0
1967 227993.0
1968 225701.0
1969 223408.0
1970 221115.0
1971 218821.0
1972 216533.0
1973 215875.0
1974 215055.0
1975 213974.0
1978 211226.0
1979 209048.0
1982 208360.0
1984 205240.0
1985 202961.0
1988 201690.0
1990 201257.0
1991 200366.0
1994 198970.0
1995 197492.0
1997 197021.0
1999 195546.0
2002 194812.0
2003 194133.0
2006 193865.0
2008 193667.0
2009 192503.0
2011 191738.0
2012 190818.0
2015 190022.0
2018 189478.0
2020 189209.0
2021 188683.0
2023 187736.0
2025 187542.0
2026 187348.0
2029 187101.0
2030 187062.0
2031 186697.0
2032 186286.0
2033 185987.0
2034 185681.0
2036 185453.0
2038 185381.0
2039 185227.0
2041 185128.0
2042 184844.0
2046 184804.0
2047 184772.0
2050 184713.0
2051 184578.0
2052 184511.0
2053 184419.0
2054 184373.0
2057 184204.0
2060 184100.0
2061 184061.0
2063 183999.0
2066 183854.0
2067 183840.0
2072 183757.0
2073 183706.0
2076 183658.0
2077 183638.0
2079 183612.0
2080 183564.0
2082 183560.0
2085 183527.0
2086 183514.0
2089 183500.0
2090 183461.0
2091 183443.0
2092 183413.0
2093 183396.0
2094 183373.0
2095 183350.0
2096 183347.0
2097 183340.0
2098 183314.0
2101 183277.0
2103 183267.0
2104 183263.0
2109 183255.0
2110 183243.0
2112 183233.0
2113 183228.0
2115 183216.0
2118 183211.0
2120 183207.0
2121 183191.0
2122 183189.0
2124 183181.0
2126 183172.0
2127 183159.0
2129 183154.0
2130 183150.0
2134 183146.0
2135 183143.0
2137 183142.0
2138 183137.0
2139 183129.0
2140 183127.0
2145 183116.0
2146 183113.0
2147 183107.0
2150 183100.0
2151 183097.0
2154 183092.0
2155 183088.0
2156 183084.0
2157 183079.0
2158 183074.0
2160 183071.0
2161 183064.0
2163 183061.0
2164 183056.0
2166 183053.0
2167 183048.0
2169 183047.0
2172 183045.0
2173 183043.0
2177 183042.0
2178 183041.0
2179 183040.0
2182 183039.0
2183 183036.0
2184 183035.0
2185 183033.0
2189 183031.0
