1 11340500.0
14 11335600.0
15 11330800.0
16 11326000.0
17 11321200.0
18 11316500.0
19 11311700.0
20 11306900.0
21 11302100.0
22 11297700.0
23 11292900.0
24 11288000.0
25 11283500.0
26 11278600.0
27 11273800.0
28 11269000.0
29 11264200.0
30 11259300.0
31 11254500.0
32 11249700.0
33 11245100.0
34 11240200.0
35 11235400.0
36 11230600.0
37 11225800.0
38 11220900.0
39 11217100.0
40 11212200.0
41 11208300.0
42 11203400.0
43 11199200.0
44 11194300.0
45 11189600.0
46 11184700.0
47 11180100.0
48 11175300.0
49 11171300.0
50 11166400.0
51 11161700.0
52 11156900.0
53 11152300.0
54 11147400.0
55 11142600.0
56 11137800.0
57 11133000.0
58 11128100.0
59 11123900.0
60 11119100.0
61 11116700.0
62 11115800.0
64 11114300.0
66 11112400.0
67 11110700.0
68 11108600.0
69 11106100.0
70 11103000.0
71 11099000.0
72 11094100.0
73 11089300.0
74 11084400.0
75 11079600.0
76 11074800.0
77 11070000.0
78 11065100.0
79 11060400.0
80 11055500.0
81 11050800.0
82 11045900.0
83 11041200.0
84 11036300.0
85 11031500.0
86 11026700.0
87 11022600.0
88 11019000.0
89 11016000.0
90 11013200.0
91 11011000.0
92 11009800.0
94 11009000.0
96 11008000.0
98 11003100.0
99 10998300.0
100 10993400.0
101 10988600.0
102 10983700.0
103 10979000.0
104 10974100.0
105 10969300.0
106 10964500.0
107 10959700.0
108 10954800.0
109 10950200.0
110 10945300.0
111 10940600.0
112 10935800.0
113 10931100.0
114 10926200.0
115 10922200.0
116 10919300.0
117 10917200.0
118 10915500.0
119 10914100.0
120 10914000.0
121 10912800.0
122 10912700.0
123 10908200.0
124 10903600.0
125 10898700.0
126 10894100.0
127 10889200.0
128 10884500.0
129 10879600.0
130 10874900.0
131 10870100.0
132 10865300.0
133 10860500.0
134 10855700.0
135 10850800.0
136 10846100.0
137 10841200.0
138 10836500.0
139 10831700.0
140 10827300.0
141 10822600.0
142 10817700.0
143 10812900.0
144 10808100.0
145 10803300.0
146 10798500.0
147 10793700.0
148 10788800.0
149 10784300.0
150 10780100.0
151 10775200.0
152 10770400.0
153 10765600.0
154 10760900.0
155 10756000.0
156 10751300.0
157 10746400.0
158 10742300.0
159 10738400.0
160 10735000.0
161 10732900.0
162 10731900.0
164 10731400.0
166 10729000.0
167 10724300.0
168 10719500.0
169 10714800.0
170 10709900.0
171 10705100.0
172 10700300.0
173 10695700.0
174 10691100.0
175 10686200.0
176 10681500.0
177 10677000.0
178 10672100.0
179 10667300.0
180 10662400.0
181 10657700.0
182 10652800.0
183 10648300.0
184 10643400.0
185 10638600.0
186 10633800.0
187 10629800.0
188 10625500.0
189 10620700.0
190 10615900.0
191 10611100.0
192 10606200.0
193 10601400.0
194 10596600.0
195 10592100.0
196 10587400.0
197 10582500.0
198 10577800.0
199 10572900.0
200 10568500.0
201 10563700.0
202 10558900.0
203 10554500.0
204 10550400.0
205 10546600.0
206 10543200.0
207 10541200.0
208 10540300.0
210 10535600.0
211 10530900.0
212 10526100.0
213 10521200.0
214 10516400.0
215 10511500.0
216 10506700.0
217 10501900.0
218 10497300.0
219 10492500.0
220 10487700.0
221 10482900.0
222 10478000.0
223 10473200.0
224 10468400.0
225 10463700.0
226 10458900.0
227 10454000.0
228 10449400.0
229 10444500.0
230 10440000.0
231 10435100.0
232 10430300.0
233 10425400.0
234 10421300.0
235 10417100.0
236 10412500.0
237 10407600.0
238 10402800.0
239 10397900.0
240 10393400.0
241 10388700.0
242 10383900.0
243 10379100.0
244 10374200.0
245 10369400.0
246 10364600.0
247 10360000.0
248 10355100.0
249 10350400.0
250 10345500.0
251 10340700.0
252 10335900.0
253 10332300.0
254 10329800.0
255 10327400.0
256 10324200.0
257 10320200.0
258 10317100.0
259 10315300.0
260 10314400.0
262 10309600.0
263 10304800.0
264 10300000.0
265 10295100.0
266 10290400.0
267 10285700.0
268 10280900.0
269 10276100.0
270 10271800.0
271 10267000.0
272 10262100.0
273 10257300.0
274 10252500.0
275 10247600.0
276 10242800.0
277 10238000.0
278 10233200.0
279 10228400.0
280 10224100.0
281 10220500.0
282 10218400.0
283 10217200.0
285 10215200.0
286 10212600.0
287 10210800.0
288 10206700.0
289 10202600.0
290 10197700.0
291 10193000.0
292 10188100.0
293 10183300.0
294 10178400.0
295 10173600.0
296 10168800.0
297 10164000.0
298 10159200.0
299 10154300.0
300 10149500.0
301 10144700.0
302 10139800.0
303 10135000.0
304 10130200.0
305 10125300.0
306 10120500.0
307 10115700.0
308 10110800.0
309 10106000.0
310 10101200.0
311 10096400.0
312 10091500.0
313 10087600.0
314 10084800.0
315 10082100.0
316 10079000.0
317 10077000.0
318 10076000.0
320 10074300.0
321 10073500.0
323 10070500.0
324 10065700.0
325 10060800.0
326 10055900.0
327 10051100.0
328 10046200.0
329 10041400.0
330 10036500.0
331 10031700.0
332 10026800.0
333 10022200.0
334 10017400.0
335 10012600.0
336 10008200.0
337 10003500.0
338 9998590.0
339 9993770.0
340 9988910.0
341 9984050.0
342 9979190.0
343 9974330.0
344 9969470.0
345 9964600.0
346 9959750.0
347 9954890.0
348 9950030.0
349 9945170.0
350 9940310.0
351 9935460.0
352 9930600.0
353 9925740.0
354 9920880.0
355 9916030.0
356 9911170.0
357 9906310.0
358 9901450.0
359 9896590.0
360 9891730.0
361 9886870.0
362 9882010.0
363 9877160.0
364 9872300.0
365 9867440.0
366 9862580.0
367 9857730.0
368 9852870.0
369 9848010.0
370 9843150.0
371 9838290.0
372 9833430.0
373 9828570.0
374 9823710.0
375 9818850.0
376 9813990.0
377 9809130.0
378 9804270.0
379 9799410.0
380 9794550.0
381 9789690.0
382 9784830.0
383 9779970.0
384 9775110.0
385 9770250.0
386 9765390.0
387 9760530.0
388 9755670.0
389 9750830.0
390 9745960.0
391 9741160.0
392 9736300.0
393 9731440.0
394 9726570.0
395 9721710.0
396 9716850.0
397 9711990.0
398 9707130.0
399 9702270.0
400 9697410.0
401 9692550.0
402 9687680.0
403 9682900.0
404 9678040.0
405 9673180.0
406 9668320.0
407 9663450.0
408 9658600.0
409 9653730.0
410 9648880.0
411 9644010.0
412 9639190.0
413 9634320.0
414 9629480.0
415 9624610.0
416 9619780.0
417 9614910.0
418 9610060.0
419 9605190.0
420 9600590.0
421 9595730.0
422 9590870.0
423 9586000.0
424 9581220.0
425 9576360.0
426 9571500.0
427 9566630.0
428 9562520.0
429 9559320.0
430 9557680.0
431 9556470.0
432 9556450.0
433 9555680.0
435 9554850.0
437 9551280.0
438 9546410.0
439 9541540.0
440 9536660.0
441 9531790.0
442 9526920.0
443 9522050.0
444 9517180.0
445 9512310.0
446 9507430.0
447 9502560.0
448 9497690.0
449 9492820.0
450 9487950.0
451 9483070.0
452 9478210.0
453 9473340.0
454 9468470.0
455 9463590.0
456 9458770.0
457 9453900.0
458 9449030.0
459 9444320.0
460 9439440.0
461 9434670.0
462 9429820.0
463 9424940.0
464 9420090.0
465 9415210.0
466 9410420.0
467 9405580.0
468 9400710.0
469 9395840.0
470 9390960.0
471 9386130.0
472 9381480.0
473 9376630.0
474 9371750.0
475 9366890.0
476 9362020.0
477 9357150.0
478 9352280.0
479 9347410.0
480 9342540.0
481 9337670.0
482 9332790.0
483 9327930.0
484 9323060.0
485 9318190.0
486 9313320.0
487 9308480.0
488 9303610.0
489 9298740.0
490 9293860.0
491 9289700.0
492 9285650.0
493 9281130.0
494 9277440.0
495 9273650.0
496 9269290.0
497 9265190.0
498 9261780.0
499 9259630.0
500 9254930.0
501 9250090.0
502 9245210.0
503 9240340.0
504 9235460.0
505 9230600.0
506 9225730.0
507 9220850.0
508 9215980.0
509 9211110.0
510 9206240.0
511 9201370.0
512 9196530.0
513 9191660.0
514 9186790.0
515 9181910.0
516 9177050.0
517 9172170.0
518 9167300.0
519 9162420.0
520 9157570.0
521 9152690.0
522 9147820.0
523 9142940.0
524 9138150.0
525 9133290.0
526 9128410.0
527 9123540.0
528 9118660.0
529 9113790.0
530 9108920.0
531 9104080.0
532 9099200.0
533 9094330.0
534 9089450.0
535 9084580.0
536 9079700.0
537 9074870.0
538 9070020.0
539 9065140.0
540 9060290.0
541 9055410.0
542 9050540.0
543 9045670.0
544 9040860.0
545 9036010.0
546 9031130.0
547 9026260.0
548 9021380.0
549 9016550.0
550 9011720.0
551 9006860.0
552 9001980.0
553 8997110.0
554 8992230.0
555 8987370.0
556 8982490.0
557 8977610.0
558 8972730.0
559 8967860.0
560 8962980.0
561 8958110.0
562 8953230.0
563 8948360.0
564 8943480.0
565 8938610.0
566 8933730.0
567 8928860.0
568 8923980.0
569 8919110.0
570 8914230.0
571 8909350.0
572 8904470.0
573 8899600.0
574 8894730.0
575 8889850.0
576 8885000.0
577 8880120.0
578 8875250.0
579 8870370.0
580 8865500.0
581 8860620.0
582 8855750.0
583 8850870.0
584 8846000.0
585 8841120.0
586 8836250.0
587 8831370.0
588 8826500.0
589 8821620.0
590 8816740.0
591 8811870.0
592 8807010.0
593 8802130.0
594 8797250.0
595 8792370.0
596 8787490.0
597 8782610.0
598 8777730.0
599 8772850.0
600 8767970.0
601 8763090.0
602 8758210.0
603 8753340.0
604 8748660.0
605 8743810.0
606 8738930.0
607 8734050.0
608 8729170.0
609 8724290.0
610 8719410.0
611 8714530.0
612 8709650.0
613 8704770.0
614 8699890.0
615 8695010.0
616 8690130.0
617 8685250.0
618 8680370.0
619 8675490.0
620 8670610.0
621 8665730.0
622 8660850.0
623 8655970.0
624 8651080.0
625 8646490.0
626 8641680.0
627 8636800.0
628 8631920.0
629 8627040.0
630 8622160.0
631 8617280.0
632 8612400.0
633 8607520.0
634 8602630.0
635 8598550.0
636 8593710.0
637 8588820.0
638 8584030.0
639 8579140.0
640 8574300.0
641 8569420.0
642 8564540.0
643 8559650.0
644 8554820.0
645 8549940.0
646 8545060.0
647 8540180.0
648 8535300.0
649 8530410.0
650 8525620.0
651 8520740.0
652 8515860.0
653 8510970.0
654 8506180.0
655 8501300.0
656 8496420.0
657 8491540.0
658 8486650.0
659 8482380.0
660 8477580.0
661 8472700.0
662 8467820.0
663 8462930.0
664 8458100.0
665 8453220.0
666 8448340.0
667 8443460.0
668 8438570.0
669 8434080.0
670 8429330.0
671 8424440.0
672 8419630.0
673 8414740.0
674 8409960.0
675 8405080.0
676 8400190.0
677 8395420.0
678 8390540.0
679 8385650.0
680 8381680.0
681 8377460.0
682 8373510.0
683 8369790.0
684 8365740.0
685 8361680.0
686 8358280.0
687 8354450.0
688 8350730.0
689 8345850.0
690 8340960.0
691 8336080.0
692 8331190.0
693 8326310.0
694 8321420.0
695 8316540.0
696 8311650.0
697 8306770.0
698 8301880.0
699 8297000.0
700 8292110.0
701 8287230.0
702 8282350.0
703 8277470.0
704 8272580.0
705 8267700.0
706 8262810.0
707 8257930.0
708 8253040.0
709 8248160.0
710 8243280.0
711 8238410.0
712 8233530.0
713 8228870.0
714 8224020.0
715 8219130.0
716 8214250.0
717 8209360.0
718 8204510.0
719 8199620.0
720 8194750.0
721 8189860.0
722 8185020.0
723 8180130.0
724 8175250.0
725 8170360.0
726 8165490.0
727 8160600.0
728 8155740.0
729 8150850.0
730 8145970.0
731 8141090.0
732 8136340.0
733 8131480.0
734 8126590.0
735 8121800.0
736 8116920.0
737 8112160.0
738 8107270.0
739 8102410.0
740 8097520.0
741 8092650.0
742 8087760.0
743 8082880.0
744 8077990.0
745 8073120.0
746 8068230.0
747 8063340.0
748 8058460.0
749 8053570.0
750 8048690.0
751 8043800.0
752 8038920.0
753 8034030.0
754 8029150.0
755 8024260.0
756 8019380.0
757 8014490.0
758 8009610.0
759 8004720.0
760 7999830.0
761 7994950.0
762 7990060.0
763 7985180.0
764 7980290.0
765 7975410.0
766 7970520.0
767 7965640.0
768 7960750.0
769 7955860.0
770 7950980.0
771 7946090.0
772 7941210.0
773 7936320.0
774 7931440.0
775 7926550.0
776 7921670.0
777 7916780.0
778 7911890.0
779 7907010.0
780 7902120.0
781 7897240.0
782 7892350.0
783 7887470.0
784 7882580.0
785 7877690.0
786 7872810.0
787 7867920.0
788 7863040.0
789 7858150.0
790 7853260.0
791 7848380.0
792 7843500.0
793 7838610.0
794 7833730.0
795 7828840.0
796 7823960.0
797 7819070.0
798 7814190.0
799 7809310.0
800 7804450.0
801 7799570.0
802 7794710.0
803 7789820.0
804 7784950.0
805 7780060.0
806 7775180.0
807 7770290.0
808 7765400.0
809 7760510.0
810 7755620.0
811 7750740.0
812 7745860.0
813 7740970.0
814 7736100.0
815 7731210.0
816 7726320.0
817 7721440.0
818 7716550.0
819 7711660.0
820 7706770.0
821 7701880.0
822 7697000.0
823 7692120.0
824 7687230.0
825 7682340.0
826 7677450.0
827 7672560.0
828 7667670.0
829 7662780.0
830 7657890.0
831 7653010.0
832 7648130.0
833 7643240.0
834 7638350.0
835 7633460.0
836 7628570.0
837 7623690.0
838 7618810.0
839 7613920.0
840 7609030.0
841 7604140.0
842 7599250.0
843 7594360.0
844 7589470.0
845 7584580.0
846 7579690.0
847 7574800.0
848 7569910.0
849 7565020.0
850 7560130.0
851 7555240.0
852 7550350.0
853 7545460.0
854 7540570.0
855 7535680.0
856 7530790.0
857 7525900.0
858 7521010.0
859 7516120.0
860 7511230.0
861 7506340.0
862 7501450.0
863 7496560.0
864 7491670.0
865 7486780.0
866 7481890.0
867 7477000.0
868 7472110.0
869 7467220.0
870 7462330.0
871 7457430.0
872 7452610.0
873 7447710.0
874 7442920.0
875 7438030.0
876 7433140.0
877 7428250.0
878 7423360.0
879 7418470.0
880 7413580.0
881 7408690.0
882 7403800.0
883 7398910.0
884 7394010.0
885 7389190.0
886 7384300.0
887 7379410.0
888 7374520.0
889 7369620.0
890 7364800.0
891 7359910.0
892 7355020.0
893 7350130.0
894 7345240.0
895 7340340.0
896 7335530.0
897 7330640.0
898 7325750.0
899 7320860.0
900 7315960.0
901 7311160.0
902 7306260.0
903 7301420.0
904 7296520.0
905 7291660.0
906 7286770.0
907 7281870.0
908 7277160.0
909 7272340.0
910 7267450.0
911 7262560.0
912 7257660.0
913 7254930.0
914 7250780.0
915 7246860.0
916 7242830.0
917 7239050.0
918 7235280.0
919 7231400.0
920 7227600.0
921 7223990.0
922 7220250.0
923 7215350.0
924 7210460.0
925 7205560.0
926 7200670.0
927 7195770.0
928 7190880.0
929 7185990.0
930 7181090.0
931 7176200.0
932 7171310.0
933 7166410.0
934 7161530.0
935 7156640.0
936 7151740.0
937 7146870.0
938 7142020.0
939 7137120.0
940 7132240.0
941 7127340.0
942 7122450.0
943 7117560.0
944 7112670.0
945 7107780.0
946 7102890.0
947 7097990.0
948 7093490.0
949 7088610.0
950 7083710.0
951 7078820.0
952 7073920.0
953 7069030.0
954 7064140.0
955 7059240.0
956 7054360.0
957 7049470.0
958 7044580.0
959 7039680.0
960 7034860.0
961 7029980.0
962 7025080.0
963 7020190.0
964 7015300.0
965 7010420.0
966 7005540.0
967 7000640.0
968 6995750.0
969 6990860.0
970 6985980.0
971 6981080.0
972 6976200.0
973 6971310.0
974 6966420.0
975 6961520.0
976 6956720.0
977 6951880.0
978 6946980.0
979 6942100.0
980 6937200.0
981 6932350.0
982 6927470.0
983 6922570.0
984 6917680.0
985 6912790.0
986 6907920.0
987 6903030.0
988 6898140.0
989 6893270.0
990 6888410.0
991 6883510.0
992 6878630.0
993 6873730.0
994 6868850.0
995 6863950.0
996 6859060.0
997 6854160.0
998 6849270.0
999 6844370.0
1000 6839530.0
1001 6834650.0
1002 6829750.0
1003 6824860.0
1004 6819970.0
1005 6815150.0
1006 6810260.0
1007 6805370.0
1008 6800480.0
1009 6795580.0
1010 6790690.0
1011 6785790.0
1012 6780990.0
1013 6776090.0
1014 6771200.0
1015 6766300.0
1016 6761480.0
1017 6757180.0
1018 6752340.0
1019 6747440.0
1020 6742550.0
1021 6737650.0
1022 6732770.0
1023 6727870.0
1024 6722980.0
1025 6718080.0
1026 6713440.0
1027 6708640.0
1028 6703770.0
1029 6698870.0
1030 6694100.0
1031 6689230.0
1032 6684330.0
1033 6679460.0
1034 6674560.0
1035 6669740.0
1036 6664870.0
1037 6659970.0
1038 6655070.0
1039 6650180.0
1040 6645280.0
1041 6640390.0
1042 6635490.0
1043 6630600.0
1044 6625700.0
1045 6620800.0
1046 6615910.0
1047 6611010.0
1048 6606120.0
1049 6601220.0
1050 6596330.0
1051 6591430.0
1052 6586530.0
1053 6581640.0
1054 6576740.0
1055 6571850.0
1056 6566950.0
1057 6562060.0
1058 6557160.0
1059 6552270.0
1060 6547370.0
1061 6542480.0
1062 6537580.0
1063 6532690.0
1064 6527790.0
1065 6522890.0
1066 6518000.0
1067 6513100.0
1068 6508210.0
1069 6503310.0
1070 6498420.0
1071 6493520.0
1072 6488630.0
1073 6483730.0
1074 6478840.0
1075 6473940.0
1076 6469040.0
1077 6464150.0
1078 6459250.0
1079 6454360.0
1080 6449460.0
1081 6444570.0
1082 6439670.0
1083 6434780.0
1084 6429880.0
1085 6424990.0
1086 6420090.0
1087 6415200.0
1088 6410300.0
1089 6405400.0
1090 6400510.0
1091 6395610.0
1092 6390720.0
1093 6385820.0
1094 6380930.0
1095 6376030.0
1096 6371140.0
1097 6366240.0
1098 6361350.0
1099 6356450.0
1100 6351550.0
1101 6346660.0
1102 6341770.0
1103 6336870.0
1104 6331970.0
1105 6327080.0
1106 6322180.0
1107 6317290.0
1108 6312390.0
1109 6307490.0
1110 6302600.0
1111 6297700.0
1112 6292810.0
1113 6287910.0
1114 6283020.0
1115 6278120.0
1116 6273230.0
1117 6268330.0
1118 6263440.0
1119 6258540.0
1120 6253640.0
1121 6248750.0
1122 6243860.0
1123 6238960.0
1124 6234060.0
1125 6229170.0
1126 6224270.0
1127 6219380.0
1128 6214480.0
1129 6209590.0
1130 6204690.0
1131 6199790.0
1132 6194900.0
1133 6190010.0
1134 6185110.0
1135 6180220.0
1136 6175320.0
1137 6170460.0
1138 6165560.0
1139 6160680.0
1140 6155780.0
1141 6150890.0
1142 6145990.0
1143 6141190.0
1144 6136300.0
1145 6131400.0
1146 6126500.0
1147 6121610.0
1148 6116720.0
1149 6111820.0
1150 6106920.0
1151 6102020.0
1152 6097130.0
1153 6092280.0
1154 6087390.0
1155 6082490.0
1156 6077670.0
1157 6072800.0
1158 6067900.0
1159 6063020.0
1160 6058120.0
1161 6053230.0
1162 6048330.0
1163 6043430.0
1164 6038530.0
1165 6033640.0
1166 6028750.0
1167 6023850.0
1168 6019160.0
1169 6014480.0
1170 6009580.0
1171 6004690.0
1172 5999790.0
1173 5994900.0
1174 5990000.0
1175 5985110.0
1176 5980210.0
1177 5975310.0
1178 5970420.0
1179 5965520.0
1180 5960630.0
1181 5955730.0
1182 5950840.0
1183 5945940.0
1184 5941050.0
1185 5936150.0
1186 5931250.0
1187 5926360.0
1188 5921470.0
1189 5916570.0
1190 5911680.0
1191 5906780.0
1192 5901890.0
1193 5896990.0
1194 5892090.0
1195 5887200.0
1196 5882310.0
1197 5877410.0
1198 5872520.0
1199 5867630.0
1200 5862750.0
1201 5857850.0
1202 5853000.0
1203 5848100.0
1204 5843240.0
1205 5838340.0
1206 5833460.0
1207 5828560.0
1208 5823660.0
1209 5818770.0
1210 5813880.0
1211 5808980.0
1212 5804090.0
1213 5799190.0
1214 5794330.0
1215 5789440.0
1216 5784750.0
1217 5779850.0
1218 5774960.0
1219 5770060.0
1220 5765160.0
1221 5760270.0
1222 5755370.0
1223 5750480.0
1224 5745580.0
1225 5740690.0
1226 5735800.0
1227 5730900.0
1228 5726000.0
1229 5721110.0
1230 5716210.0
1231 5711320.0
1232 5706420.0
1233 5701530.0
1234 5696640.0
1235 5691740.0
1236 5686840.0
1237 5681950.0
1238 5677050.0
1239 5672160.0
1240 5667260.0
1241 5662370.0
1242 5657480.0
1243 5652580.0
1244 5647680.0
1245 5642790.0
1246 5637900.0
1247 5633000.0
1248 5628110.0
1249 5623210.0
1250 5618310.0
1251 5613420.0
1252 5608530.0
1253 5603630.0
1254 5598730.0
1255 5593840.0
1256 5588950.0
1257 5584050.0
1258 5579150.0
1259 5574260.0
1260 5569370.0
1261 5564470.0
1262 5559580.0
1263 5554680.0
1264 5549790.0
1265 5544890.0
1266 5540000.0
1267 5535100.0
1268 5530210.0
1269 5525320.0
1270 5520420.0
1271 5515530.0
1272 5510640.0
1273 5505740.0
1274 5500850.0
1275 5495950.0
1276 5491060.0
1277 5486170.0
1278 5481270.0
1279 5476380.0
1280 5471490.0
1281 5466600.0
1282 5461710.0
1283 5456840.0
1284 5451950.0
1285 5447060.0
1286 5442160.0
1287 5437270.0
1288 5432580.0
1289 5427690.0
1290 5422800.0
1291 5417910.0
1292 5413020.0
1293 5408130.0
1294 5403240.0
1295 5398370.0
1296 5393480.0
1297 5388600.0
1298 5383710.0
1299 5378830.0
1300 5373940.0
1301 5369040.0
1302 5364150.0
1303 5359270.0
1304 5354380.0
1305 5349510.0
1306 5344610.0
1307 5339720.0
1308 5334830.0
1309 5329940.0
1310 5325050.0
1311 5320160.0
1312 5315290.0
1313 5310430.0
1314 5305540.0
1315 5300650.0
1316 5295770.0
1317 5290870.0
1318 5285980.0
1319 5281090.0
1320 5276210.0
1321 5271320.0
1322 5266440.0
1323 5261550.0
1324 5256680.0
1325 5251790.0
1326 5246910.0
1327 5242020.0
1328 5237140.0
1329 5232250.0
1330 5227390.0
1331 5222490.0
1332 5217600.0
1333 5212770.0
1334 5207880.0
1335 5202990.0
1336 5198110.0
1337 5193220.0
1338 5188390.0
1339 5183520.0
1340 5178630.0
1341 5173750.0
1342 5168860.0
1343 5163970.0
1344 5159090.0
1345 5154220.0
1346 5149390.0
1347 5144530.0
1348 5139640.0
1349 5134760.0
1350 5129880.0
1351 5124990.0
1352 5120100.0
1353 5115240.0
1354 5110390.0
1355 5105520.0
1356 5100630.0
1357 5095790.0
1358 5090910.0
1359 5086020.0
1360 5081150.0
1361 5076270.0
1362 5071440.0
1363 5066580.0
1364 5061730.0
1365 5056890.0
1366 5052000.0
1367 5047150.0
1368 5042270.0
1369 5037410.0
1370 5032550.0
1371 5027720.0
1372 5022880.0
1373 5018000.0
1374 5013130.0
1375 5008290.0
1376 5003670.0
1377 4998800.0
1378 4993990.0
1379 4989120.0
1380 4984330.0
1381 4979440.0
1382 4974590.0
1383 4969770.0
1384 4964930.0
1385 4960050.0
1386 4955370.0
1387 4950720.0
1388 4945880.0
1389 4940990.0
1390 4936110.0
1391 4931230.0
1392 4926410.0
1393 4921530.0
1394 4916660.0
1395 4911810.0
1396 4906930.0
1397 4902130.0
1398 4897260.0
1399 4892400.0
1400 4887590.0
1401 4883220.0
1402 4878370.0
1403 4873530.0
1404 4868670.0
1405 4863810.0
1406 4858940.0
1407 4854060.0
1408 4849220.0
1409 4844360.0
1410 4839580.0
1411 4834700.0
1412 4829830.0
1413 4824960.0
1414 4820100.0
1415 4815270.0
1416 4810480.0
1417 4805610.0
1418 4800760.0
1419 4795900.0
1420 4791010.0
1421 4786160.0
1422 4781290.0
1423 4776450.0
1424 4771570.0
1425 4766740.0
1426 4761920.0
1427 4757070.0
1428 4752240.0
1429 4747360.0
1430 4742530.0
1431 4737700.0
1432 4732820.0
1433 4728020.0
1434 4723160.0
1435 4718280.0
1436 4713440.0
1437 4708590.0
1438 4703730.0
1439 4698860.0
1440 4693990.0
1441 4689120.0
1442 4684320.0
1443 4679470.0
1444 4674630.0
1445 4669820.0
1446 4664950.0
1447 4660210.0
1448 4655340.0
1449 4650480.0
1450 4645610.0
1451 4640730.0
1452 4635890.0
1453 4631030.0
1454 4626180.0
1455 4621340.0
1456 4616510.0
1457 4611690.0
1458 4606810.0
1459 4601950.0
1460 4597070.0
1461 4592260.0
1462 4587380.0
1463 4582520.0
1464 4577670.0
1465 4572820.0
1466 4568030.0
1467 4563180.0
1468 4558320.0
1469 4553440.0
1470 4548600.0
1471 4543760.0
1472 4538890.0
1473 4534200.0
1474 4529380.0
1475 4524520.0
1476 4519670.0
1477 4514790.0
1478 4509930.0
1479 4505060.0
1480 4500220.0
1481 4495390.0
1482 4490620.0
1483 4485810.0
1484 4481100.0
1485 4476520.0
1486 4471650.0
1487 4466790.0
1488 4461910.0
1489 4457030.0
1490 4452230.0
1491 4447450.0
1492 4442570.0
1493 4437700.0
1494 4432830.0
1495 4427960.0
1496 4423290.0
1497 4418450.0
1498 4413660.0
1499 4408890.0
1500 4404020.0
1501 4399280.0
1502 4394490.0
1503 4389610.0
1504 4384740.0
1505 4379860.0
1506 4375020.0
1507 4370150.0
1508 4365310.0
1509 4360450.0
1510 4355720.0
1511 4350870.0
1512 4346070.0
1513 4341260.0
1514 4336410.0
1515 4331520.0
1516 4326650.0
1517 4321770.0
1518 4316930.0
1519 4312080.0
1520 4307210.0
1521 4302350.0
1522 4297770.0
1523 4292940.0
1524 4288110.0
1525 4283240.0
1526 4278380.0
1527 4273500.0
1528 4268660.0
1529 4263830.0
1530 4259030.0
1531 4254240.0
1532 4249370.0
1533 4244500.0
1534 4239630.0
1535 4234750.0
1536 4229940.0
1537 4225330.0
1538 4220520.0
1539 4215640.0
1540 4210760.0
1541 4205890.0
1542 4201010.0
1543 4196140.0
1544 4191310.0
1545 4186460.0
1546 4181590.0
1547 4176770.0
1548 4171890.0
1549 4167080.0
1550 4162210.0
1551 4157350.0
1552 4152490.0
1553 4147610.0
1554 4142740.0
1555 4137870.0
1556 4133050.0
1557 4128240.0
1558 4123370.0
1559 4118530.0
1560 4113650.0
1561 4108760.0
1562 4103880.0
1563 4099010.0
1564 4094170.0
1565 4089320.0
1566 4084460.0
1567 4079600.0
1568 4074740.0
1569 4070010.0
1570 4065200.0
1571 4062400.0
1572 4059250.0
1573 4056760.0
1574 4054580.0
1575 4054310.0
1576 4053920.0
1577 4052040.0
1578 4047850.0
1579 4043890.0
1580 4040670.0
1581 4037930.0
1582 4035090.0
1583 4033140.0
1584 4031750.0
1586 4030700.0
1588 4027540.0
1589 4023560.0
1590 4019250.0
1591 4014900.0
1592 4010950.0
1593 4007790.0
1594 4005280.0
1595 4000830.0
1596 3997580.0
1597 3993620.0
1598 3990440.0
1599 3986940.0
1600 3984330.0
1601 3982590.0
1602 3980420.0
1603 3979030.0
1604 3977120.0
1605 3973550.0
1606 3971600.0
1607 3968740.0
1608 3965350.0
1609 3961170.0
1610 3956830.0
1611 3952470.0
1612 3948440.0
1613 3945190.0
1614 3942950.0
1615 3938590.0
1616 3936020.0
1617 3932950.0
1618 3929130.0
1619 3926320.0
1620 3923320.0
1621 3921260.0
1622 3920950.0
1624 3919730.0
1625 3918230.0
1627 3914000.0
1628 3909110.0
1629 3904220.0
1630 3899340.0
1631 3894450.0
1632 3889560.0
1633 3885310.0
1634 3883980.0
1635 3882910.0
1637 3881250.0
1638 3880860.0
1641 3880010.0
1642 3878390.0
1643 3878380.0
1644 3877240.0
1645 3875420.0
1646 3871010.0
1647 3867000.0
1648 3863350.0
1649 3860040.0
1650 3857280.0
1651 3854520.0
1652 3852320.0
1653 3849130.0
1654 3845960.0
1655 3844840.0
1656 3841900.0
1657 3840010.0
1658 3835120.0
1659 3830230.0
1660 3825350.0
1661 3820460.0
1662 3816100.0
1663 3812520.0
1664 3809820.0
1665 3809030.0
1666 3809020.0
1667 3808680.0
1668 3808530.0
1669 3807830.0
1671 3806180.0
1672 3804020.0
1673 3800030.0
1674 3795190.0
1675 3790300.0
1676 3785420.0
1677 3780530.0
1678 3775780.0
1679 3772110.0
1680 3768050.0
1681 3765100.0
1682 3762440.0
1683 3761570.0
1684 3761280.0
1685 3760760.0
1687 3760570.0
1689 3760510.0
1691 3756020.0
1692 3751460.0
1693 3746840.0
1694 3742200.0
1695 3737560.0
1696 3733000.0
1697 3728490.0
1698 3724140.0
1699 3719860.0
1700 3716060.0
1701 3711430.0
1702 3707220.0
1703 3702860.0
1704 3698380.0
1705 3693910.0
1706 3689400.0
1707 3684980.0
1708 3680530.0
1709 3676160.0
1710 3671690.0
1711 3667340.0
1712 3662880.0
1713 3658570.0
1714 3654180.0
1715 3649900.0
1716 3645180.0
1717 3640450.0
1718 3635800.0
1719 3631540.0
1720 3628800.0
1721 3624940.0
1722 3620670.0
1723 3616010.0
1724 3611320.0
1725 3606640.0
1726 3602000.0
1727 3597350.0
1728 3592720.0
1729 3588370.0
1730 3583810.0
1731 3579320.0
1732 3574710.0
1733 3570090.0
1734 3565450.0
1735 3560810.0
1736 3556170.0
1737 3551530.0
1738 3546900.0
1739 3542280.0
1740 3537760.0
1741 3533090.0
1742 3528540.0
1743 3523870.0
1744 3519380.0
1745 3514730.0
1746 3510170.0
1747 3505500.0
1748 3500990.0
1749 3496330.0
1750 3491760.0
1751 3487100.0
1752 3482550.0
1753 3477890.0
1754 3473300.0
1755 3468640.0
1756 3464140.0
1757 3459480.0
1758 3454860.0
1759 3450220.0
1760 3445610.0
1761 3440960.0
1762 3436370.0
1763 3431720.0
1764 3427100.0
1765 3422460.0
1766 3417910.0
1767 3413300.0
1768 3408740.0
1769 3404160.0
1770 3399480.0
1771 3395000.0
1772 3390320.0
1773 3385630.0
1774 3381130.0
1775 3377460.0
1776 3374530.0
1777 3370980.0
1778 3367480.0
1779 3364260.0
1780 3360560.0
1781 3358570.0
1782 3357430.0
1784 3356550.0
1786 3355180.0
1788 3354000.0
1790 3350940.0
1791 3346780.0
1792 3343480.0
1793 3339670.0
1794 3336690.0
1795 3335290.0
1796 3333860.0
1797 3331950.0
1798 3330660.0
1800 3326520.0
1801 3323910.0
1802 3321600.0
1803 3320460.0
1804 3320400.0
1805 3315980.0
1806 3311930.0
1807 3308810.0
1808 3305980.0
1809 3302420.0
1810 3299340.0
1813 3296380.0
1814 3292690.0
1815 3289430.0
1816 3287630.0
1817 3286910.0
1818 3286140.0
1819 3282410.0
1820 3278700.0
1821 3275460.0
1822 3273110.0
1823 3269920.0
1824 3267550.0
1825 3264820.0
1826 3261710.0
1827 3260140.0
1828 3258060.0
1829 3254660.0
1830 3251770.0
1831 3248870.0
1832 3244940.0
1833 3241420.0
1834 3238580.0
1835 3236640.0
1836 3233270.0
1837 3230220.0
1838 3228590.0
1839 3225160.0
1840 3224190.0
1841 3223790.0
1842 3220630.0
1843 3217740.0
1844 3215060.0
1845 3211240.0
1846 3208680.0
1847 3206250.0
1848 3204770.0
1849 3201380.0
1850 3197580.0
1851 3196610.0
1852 3192810.0
1853 3188740.0
1854 3184820.0
1855 3182150.0
1856 3179040.0
1857 3178200.0
1859 3175350.0
1860 3172270.0
1861 3168550.0
1862 3166290.0
1863 3164920.0
1864 3160450.0
1865 3155720.0
1866 3151720.0
1867 3150380.0
1869 3149930.0
1870 3148690.0
1874 3147800.0
1877 3147670.0
1878 3143720.0
1879 3140160.0
1880 3137120.0
1881 3134310.0
1882 3131560.0
1883 3129830.0
1884 3127230.0
1885 3123300.0
1886 3118760.0
1887 3114680.0
1888 3111440.0
1889 3110490.0
1891 3110030.0
1894 3109700.0
1895 3108480.0
1896 3108370.0
1897 3107140.0
1899 3103020.0
1900 3099230.0
1901 3095370.0
1902 3092210.0
1903 3090030.0
1904 3089930.0
1906 3087240.0
1907 3085890.0
1908 3083980.0
1909 3083880.0
1911 3083040.0
1913 3080340.0
1914 3075460.0
1915 3070570.0
1916 3066120.0
1917 3062320.0
1918 3061120.0
1919 3059590.0
1920 3059150.0
1921 3056730.0
1922 3055880.0
1923 3055530.0
1926 3053070.0
1927 3049800.0
1928 3047560.0
1929 3043530.0
1930 3039640.0
1931 3035970.0
1934 3033130.0
1935 3030340.0
1936 3028850.0
1937 3026130.0
1938 3024310.0
1939 3021650.0
1940 3020110.0
1941 3019750.0
1942 3015650.0
1943 3011660.0
1944 3007850.0
1945 3006230.0
1946 3003350.0
1947 3001340.0
1948 2999770.0
1949 2996610.0
1950 2995590.0
1951 2995380.0
1952 2992780.0
1953 2989610.0
1954 2987940.0
1955 2986800.0
1956 2985660.0
1957 2981470.0
1958 2977600.0
1959 2974340.0
1960 2973140.0
1961 2969090.0
1962 2966830.0
1963 2965760.0
1964 2962480.0
1965 2961330.0
1967 2957250.0
1968 2953070.0
1969 2949610.0
1970 2947810.0
1971 2945970.0
1972 2941740.0
1973 2937380.0
1974 2933470.0
1975 2929450.0
1976 2925330.0
1977 2922850.0
1978 2919890.0
1979 2917080.0
1980 2915210.0
1981 2910860.0
1982 2906770.0
1983 2903070.0
1984 2899340.0
1985 2897210.0
1986 2894700.0
1987 2892210.0
1988 2888880.0
1989 2885020.0
1990 2883830.0
1991 2881710.0
1992 2878970.0
1993 2877600.0
1994 2873370.0
1995 2869330.0
1996 2865330.0
1997 2861150.0
1998 2856750.0
1999 2852360.0
2000 2847960.0
2001 2843570.0
2002 2839180.0
2003 2835020.0
2004 2834020.0
2005 2833410.0
2008 2833140.0
2011 2833080.0
2012 2831980.0
2014 2829850.0
2015 2826110.0
2016 2823290.0
2019 2821060.0
2020 2817760.0
2021 2815670.0
2022 2815290.0
2024 2813630.0
2026 2811330.0
2027 2810270.0
2028 2808920.0
2029 2805310.0
2030 2803050.0
2031 2800730.0
2032 2799690.0
2033 2798650.0
2034 2796910.0
2035 2793250.0
2036 2790300.0
2037 2787490.0
2040 2783440.0
2041 2779440.0
2042 2775660.0
2043 2771910.0
2044 2768790.0
2045 2767270.0
2046 2764870.0
2047 2763460.0
2048 2762650.0
2049 2758980.0
2050 2756150.0
2051 2752840.0
2052 2749520.0
2053 2745110.0
2054 2740800.0
2055 2737590.0
2056 2735980.0
2057 2735310.0
2061 2734450.0
2062 2733380.0
2063 2732000.0
2064 2731170.0
2066 2727670.0
2067 2723670.0
2068 2719800.0
2069 2716430.0
2070 2714650.0
2071 2711170.0
2072 2708400.0
2073 2707870.0
2075 2704950.0
2076 2702550.0
2077 2702130.0
2078 2702030.0
2079 2698480.0
2080 2695780.0
2081 2692020.0
2082 2689360.0
2083 2685710.0
2084 2683370.0
2085 2681580.0
2086 2679580.0
2087 2676740.0
2088 2675730.0
2089 2675580.0
2090 2672760.0
2091 2670840.0
2092 2667900.0
2093 2666120.0
2094 2661940.0
2095 2659660.0
2096 2656000.0
2099 2655170.0
2101 2653310.0
2102 2651790.0
2104 2651120.0
2105 2651100.0
2106 2650070.0
2107 2648810.0
2108 2644520.0
2109 2640440.0
2110 2636940.0
2111 2633350.0
2112 2630530.0
2113 2626910.0
2114 2624380.0
2115 2621710.0
2116 2618990.0
2117 2616720.0
2118 2615470.0
2120 2613840.0
2121 2610720.0
2122 2608890.0
2123 2607840.0
2124 2604530.0
2125 2601690.0
2126 2600800.0
2127 2597760.0
2128 2596310.0
2129 2593510.0
2130 2590660.0
2132 2589860.0
2133 2585680.0
2134 2582050.0
2135 2578980.0
2136 2577200.0
2137 2575020.0
2140 2572940.0
2141 2571700.0
2142 2571650.0
2143 2570530.0
2144 2569720.0
2145 2568450.0
2146 2565220.0
2147 2562720.0
2148 2560250.0
2149 2560060.0
2151 2556080.0
2152 2553080.0
2153 2551710.0
2154 2550580.0
2158 2547460.0
2159 2545550.0
2160 2543290.0
2161 2542530.0
2162 2541760.0
2163 2538480.0
2164 2534350.0
2165 2531630.0
2166 2529480.0
2169 2526380.0
2170 2525700.0
2171 2525480.0
2172 2523440.0
2173 2521370.0
2175 2521170.0
2176 2518910.0
2177 2516580.0
2178 2516130.0
2180 2514360.0
2181 2513150.0
2182 2510810.0
2183 2507870.0
2186 2505960.0
2187 2501960.0
2188 2501450.0
2189 2500510.0
2190 2497050.0
2191 2495660.0
2192 2493030.0
2193 2491640.0
2195 2490360.0
2196 2488520.0
2197 2485490.0
2198 2485050.0
2200 2483770.0
2202 2482080.0
2203 2479130.0
2205 2478880.0
2206 2476030.0
2207 2474210.0
2208 2471960.0
2210 2471620.0
2211 2467930.0
2212 2466280.0
2213 2465820.0
2215 2465070.0
2217 2462050.0
2218 2461740.0
2220 2460020.0
2221 2457860.0
2222 2456580.0
2223 2456130.0
2224 2455010.0
2225 2451410.0
2226 2448270.0
2227 2446310.0
2228 2443780.0
2229 2440570.0
2230 2437550.0
2231 2436340.0
2232 2435670.0
2233 2434470.0
2234 2432260.0
2235 2432000.0
2236 2431100.0
2237 2430320.0
2238 2429840.0
2239 2426780.0
2240 2425230.0
2241 2424310.0
2242 2420490.0
2243 2417430.0
2244 2414300.0
2246 2413620.0
2247 2410510.0
2248 2408840.0
2249 2407900.0
2251 2406260.0
2252 2404260.0
2253 2404190.0
2255 2401130.0
2256 2399520.0
2257 2397040.0
2258 2396370.0
2259 2395590.0
2260 2392460.0
2261 2390840.0
2262 2387500.0
2265 2386100.0
2266 2385090.0
2267 2383710.0
2268 2380800.0
2269 2380470.0
2270 2379780.0
2271 2377540.0
2272 2375930.0
2273 2373470.0
2276 2370340.0
2277 2368830.0
2278 2366390.0
2279 2366150.0
2280 2365800.0
2281 2363400.0
2282 2361790.0
2283 2359710.0
2284 2358330.0
2285 2357860.0
2287 2353870.0
2288 2351880.0
2289 2349640.0
2290 2348050.0
2291 2344740.0
2292 2343730.0
2293 2343400.0
2296 2341100.0
2298 2340200.0
2299 2336000.0
2300 2332330.0
2301 2329550.0
2302 2328610.0
2303 2328340.0
2304 2326740.0
2305 2324150.0
2306 2323680.0
2309 2323130.0
2310 2322580.0
2311 2322140.0
2312 2318250.0
2313 2315480.0
2314 2314780.0
2315 2313370.0
2319 2311520.0
2320 2309220.0
2321 2306670.0
2324 2305890.0
2325 2304930.0
2326 2302230.0
2327 2301100.0
2329 2301050.0
2331 2300140.0
2332 2299670.0
2334 2297290.0
2335 2296120.0
2336 2293490.0
2337 2292160.0
2339 2291630.0
2340 2288850.0
2343 2286130.0
2344 2284030.0
2345 2283120.0
2348 2282760.0
2349 2279150.0
2350 2278230.0
2352 2275230.0
2353 2274760.0
2355 2273180.0
2356 2270900.0
2357 2269960.0
2360 2266440.0
2361 2265540.0
2362 2265440.0
2363 2261640.0
2364 2259010.0
2365 2255780.0
2366 2253060.0
2367 2251650.0
2368 2251030.0
2369 2250410.0
2370 2249630.0
2371 2249440.0
2373 2245760.0
2374 2242580.0
2375 2240100.0
2376 2238050.0
2379 2235700.0
2380 2234570.0
2381 2234270.0
2382 2233980.0
2384 2232170.0
2385 2229990.0
2386 2225980.0
2387 2225500.0
2389 2221570.0
2390 2220270.0
2391 2220060.0
2392 2218630.0
2393 2217870.0
2394 2217070.0
2395 2216160.0
2396 2215730.0
2397 2212940.0
2398 2210870.0
2399 2208710.0
2400 2206070.0
2402 2205370.0
2403 2202340.0
2404 2200670.0
2407 2198690.0
2409 2198550.0
2410 2196210.0
2411 2194370.0
2414 2191590.0
2415 2191240.0
2416 2190690.0
2417 2189310.0
2418 2186260.0
2419 2186200.0
2420 2186070.0
2421 2181750.0
2422 2179890.0
2423 2178020.0
2424 2176820.0
2425 2174350.0
2426 2174240.0
2427 2172580.0
2428 2171700.0
2430 2171470.0
2431 2170350.0
2432 2168450.0
2433 2166040.0
2434 2162850.0
2438 2162580.0
2439 2159840.0
2440 2157190.0
2441 2156130.0
2444 2155850.0
2445 2155630.0
2446 2154780.0
2447 2153130.0
2450 2148680.0
2451 2148200.0
2453 2145580.0
2454 2144840.0
2455 2142560.0
2456 2141400.0
2457 2140810.0
2458 2140730.0
2459 2139310.0
2460 2139090.0
2462 2137880.0
2463 2137210.0
2464 2133280.0
2465 2131410.0
2466 2128080.0
2467 2126620.0
2469 2123310.0
2470 2121340.0
2471 2121120.0
2472 2120950.0
2473 2119790.0
2474 2119330.0
2475 2118720.0
2476 2118370.0
2477 2116650.0
2479 2116340.0
2480 2112970.0
2481 2109600.0
2482 2106780.0
2483 2106550.0
2484 2105610.0
2486 2105330.0
2487 2103800.0
2488 2102630.0
2489 2102190.0
2490 2101320.0
2491 2100840.0
2493 2100270.0
2494 2096910.0
2495 2095140.0
2496 2092570.0
2497 2090820.0
2498 2088620.0
2500 2087220.0
2501 2085780.0
2502 2084560.0
2503 2084540.0
2504 2083530.0
2506 2081060.0
2507 2078020.0
2509 2077960.0
2510 2075900.0
2511 2074180.0
2512 2071480.0
2514 2071400.0
2515 2070310.0
2516 2067410.0
2517 2064800.0
2520 2062110.0
2521 2059770.0
2522 2059280.0
2523 2059210.0
2524 2056940.0
2527 2055440.0
2530 2052580.0
2531 2050780.0
2532 2049900.0
2533 2048770.0
2534 2046740.0
2535 2044330.0
2538 2040840.0
2541 2038460.0
2542 2036650.0
2543 2035990.0
2544 2035350.0
2546 2034360.0
2547 2033180.0
2548 2031800.0
2550 2031080.0
2551 2027870.0
2552 2025490.0
2553 2021490.0
2554 2020190.0
2555 2017290.0
2556 2014590.0
2557 2012490.0
2558 2010220.0
2559 2008960.0
2560 2008480.0
2561 2007920.0
2562 2005520.0
2563 2005230.0
2564 2003890.0
2565 2001300.0
2566 1997030.0
2567 1993150.0
2568 1991050.0
2569 1989760.0
2570 1988190.0
2573 1986960.0
2575 1986840.0
2576 1984760.0
2577 1981360.0
2578 1980270.0
2580 1977350.0
2583 1976260.0
2584 1973630.0
2585 1971510.0
2586 1970910.0
2587 1970830.0
2590 1966640.0
2591 1964730.0
2594 1961440.0
2595 1960260.0
2598 1959980.0
2600 1959470.0
2601 1958100.0
2603 1956130.0
2604 1955530.0
2606 1953100.0
2607 1950440.0
2608 1948150.0
2609 1946360.0
2610 1945340.0
2611 1942510.0
2612 1939320.0
2613 1936690.0
2614 1934840.0
2615 1930990.0
2616 1927040.0
2617 1924590.0
2618 1922700.0
2619 1921030.0
2620 1918620.0
2625 1915390.0
2628 1912020.0
2629 1909180.0
2634 1907310.0
2635 1905540.0
2636 1904300.0
2638 1903760.0
2640 1901540.0
2641 1899320.0
2642 1898700.0
2643 1897660.0
2644 1895480.0
2646 1894410.0
2648 1892120.0
2649 1891990.0
2650 1891260.0
2651 1886890.0
2652 1883420.0
2653 1880780.0
2654 1878950.0
2655 1876020.0
2656 1875650.0
2658 1874180.0
2660 1874110.0
2661 1871720.0
2662 1870010.0
2663 1869810.0
2664 1866370.0
2665 1863000.0
2666 1860880.0
2669 1857830.0
2671 1857470.0
2672 1856960.0
2673 1856080.0
2674 1855300.0
2676 1853870.0
2677 1852680.0
2678 1850580.0
2681 1848410.0
2682 1847560.0
2683 1846150.0
2686 1844740.0
2687 1843960.0
2688 1842930.0
2689 1839380.0
2690 1839190.0
2692 1836730.0
2693 1832850.0
2696 1832580.0
2697 1832140.0
2698 1830320.0
2701 1830110.0
2702 1826400.0
2703 1825960.0
2704 1825650.0
2707 1821630.0
2708 1819250.0
2710 1818720.0
2711 1818420.0
2713 1815710.0
2714 1814400.0
2715 1814030.0
2716 1813010.0
2718 1812110.0
2720 1811340.0
2721 1810100.0
2722 1807600.0
2723 1804910.0
2724 1804050.0
2726 1802470.0
2727 1801690.0
2729 1800500.0
2730 1798600.0
2731 1797240.0
2732 1796820.0
2733 1794300.0
2736 1790950.0
2737 1789370.0
2738 1786710.0
2741 1786440.0
2743 1785740.0
2744 1785400.0
2745 1784570.0
2746 1782470.0
2747 1778580.0
2748 1776540.0
2749 1773340.0
2750 1772960.0
2752 1770400.0
2753 1769130.0
2754 1768400.0
2760 1764720.0
2761 1763420.0
2762 1760120.0
2765 1759020.0
2767 1757380.0
2768 1756050.0
2769 1754660.0
2772 1754410.0
2775 1752330.0
2776 1751810.0
2778 1749670.0
2779 1746200.0
2780 1743250.0
2781 1741340.0
2782 1739030.0
2783 1736250.0
2784 1733990.0
2785 1733030.0
2786 1731370.0
2790 1731240.0
2791 1728880.0
2792 1726610.0
2793 1722830.0
2794 1720000.0
2795 1719200.0
2797 1716760.0
2798 1716360.0
2800 1715830.0
2802 1712530.0
2803 1710900.0
2805 1709770.0
2806 1708180.0
2807 1704450.0
2808 1701720.0
2809 1699770.0
2810 1698280.0
2811 1695800.0
2812 1693220.0
2813 1692130.0
2816 1689770.0
2817 1687540.0
2818 1687390.0
2820 1684110.0
2821 1683190.0
2823 1683070.0
2824 1681990.0
2825 1680450.0
2826 1677270.0
2829 1675070.0
2830 1672060.0
2831 1669350.0
2832 1668910.0
2833 1668160.0
2834 1664900.0
2835 1663390.0
2836 1661860.0
2839 1658380.0
2840 1657770.0
2841 1657650.0
2842 1654780.0
2843 1653500.0
2844 1650460.0
2845 1650250.0
2846 1649840.0
2847 1648750.0
2849 1647550.0
2850 1645320.0
2851 1642950.0
2852 1640630.0
2855 1639620.0
2856 1639520.0
2857 1639460.0
2858 1637000.0
2859 1634340.0
2860 1632440.0
2863 1630560.0
2864 1628860.0
2867 1626330.0
2872 1626050.0
2874 1623510.0
2875 1621370.0
2876 1620510.0
2878 1620410.0
2879 1619370.0
2880 1618650.0
2881 1616870.0
2882 1614720.0
2883 1614110.0
2884 1614070.0
2885 1610910.0
2888 1607320.0
2889 1605410.0
2890 1604000.0
2893 1603110.0
2898 1603030.0
2899 1598950.0
2900 1598880.0
2901 1598290.0
2902 1596720.0
2904 1596200.0
2905 1594950.0
2907 1593240.0
2908 1591990.0
2909 1590810.0
2911 1590220.0
2912 1590070.0
2913 1587700.0
2914 1585900.0
2919 1582830.0
2921 1582680.0
2922 1582240.0
2923 1581550.0
2924 1578250.0
2927 1576310.0
2928 1574330.0
2933 1571680.0
2934 1569740.0
2939 1569340.0
2941 1568330.0
2944 1566830.0
2945 1564480.0
2948 1563730.0
2950 1561430.0
2951 1560260.0
2953 1559050.0
2954 1558480.0
2955 1557770.0
2956 1556350.0
2960 1553130.0
2961 1552210.0
2963 1551460.0
2965 1551290.0
2968 1549000.0
2969 1548280.0
2971 1545370.0
2973 1544740.0
2974 1542980.0
2975 1541040.0
2976 1540360.0
2980 1538220.0
2981 1536680.0
2983 1536480.0
2984 1536330.0
2986 1533320.0
2987 1532480.0
2989 1532190.0
2990 1530810.0
2991 1529940.0
2992 1529790.0
2993 1529410.0
2994 1527730.0
2995 1525500.0
2996 1525440.0
2997 1525340.0
2998 1520970.0
2999 1519080.0
3000 1515940.0
3001 1513750.0
3002 1511640.0
3003 1509050.0
3004 1507300.0
3005 1505580.0
3009 1504950.0
3010 1504340.0
3011 1503470.0
3012 1502490.0
3014 1499740.0
3015 1498840.0
3020 1496550.0
3021 1494180.0
3022 1494050.0
3023 1493950.0
3024 1492830.0
3025 1491630.0
3027 1489150.0
3028 1487950.0
3029 1487050.0
3030 1483710.0
3031 1481830.0
3032 1480760.0
3033 1479960.0
3034 1479320.0
3035 1478600.0
3036 1476710.0
3037 1476330.0
3039 1475000.0
3040 1474420.0
3043 1470820.0
3044 1467400.0
3046 1467130.0
3049 1465430.0
3050 1464010.0
3052 1463890.0
3054 1463190.0
3055 1463040.0
3058 1460260.0
3059 1458360.0
3060 1456070.0
3061 1454720.0
3064 1454000.0
3065 1452050.0
3066 1448950.0
3070 1448940.0
3071 1448380.0
3073 1448200.0
3075 1448180.0
3076 1447950.0
3077 1444630.0
3080 1442900.0
3081 1441940.0
3082 1441880.0
3083 1439230.0
3085 1438790.0
3086 1437490.0
3087 1434530.0
3088 1432100.0
3089 1430120.0
3090 1429540.0
3091 1428250.0
3093 1427770.0
3095 1427480.0
3096 1425840.0
3097 1424520.0
3098 1423290.0
3100 1422380.0
3101 1420710.0
3104 1418200.0
3106 1417070.0
3107 1415500.0
3111 1415280.0
3112 1413560.0
3113 1412570.0
3116 1412470.0
3118 1411240.0
3119 1410210.0
3122 1407970.0
3123 1407830.0
3127 1406930.0
3129 1405000.0
3130 1404430.0
3131 1402620.0
3132 1402230.0
3134 1398950.0
3135 1397640.0
3136 1395510.0
3137 1393730.0
3138 1391900.0
3142 1390620.0
3143 1390540.0
3144 1389840.0
3145 1386020.0
3146 1383730.0
3147 1382050.0
3148 1382020.0
3149 1381730.0
3150 1379760.0
3151 1379640.0
3153 1378460.0
3155 1375260.0
3156 1373850.0
3158 1373310.0
3159 1370100.0
3160 1368430.0
3161 1367930.0
3162 1366870.0
3164 1366340.0
3167 1365190.0
3169 1363590.0
3170 1363580.0
3175 1363060.0
3176 1360530.0
3179 1358650.0
3181 1356670.0
3184 1354310.0
3185 1354280.0
3187 1352690.0
3189 1352040.0
3191 1352030.0
3192 1350500.0
3195 1350410.0
3198 1349700.0
3199 1348770.0
3201 1347820.0
3202 1346550.0
3206 1343490.0
3207 1341390.0
3208 1341270.0
3209 1341190.0
3210 1339690.0
3213 1337370.0
3215 1336600.0
3216 1333950.0
3217 1332330.0
3218 1332030.0
3219 1331560.0
3220 1329010.0
3221 1328450.0
3222 1327460.0
3223 1326160.0
3226 1322120.0
3227 1321110.0
3228 1319320.0
3229 1318050.0
3230 1317830.0
3231 1317360.0
3233 1316000.0
3235 1315580.0
3238 1313630.0
3239 1312810.0
3240 1311420.0
3242 1310400.0
3243 1310260.0
3246 1309870.0
3247 1307200.0
3248 1303660.0
3249 1303270.0
3251 1301650.0
3254 1299600.0
3255 1298020.0
3256 1297800.0
3257 1296310.0
3259 1295850.0
3260 1294470.0
3261 1293570.0
3263 1293020.0
3270 1290740.0
3271 1287330.0
3272 1286130.0
3273 1285030.0
3274 1284480.0
3275 1284440.0
3276 1284380.0
3277 1283390.0
3280 1282330.0
3282 1280920.0
3283 1280680.0
3284 1277040.0
3285 1274570.0
3286 1274270.0
3287 1272940.0
3288 1272610.0
3294 1271290.0
3296 1270100.0
3297 1268700.0
3298 1265180.0
3299 1262010.0
3300 1261630.0
3301 1261220.0
3302 1259070.0
3303 1258530.0
3304 1258130.0
3305 1257210.0
3306 1256960.0
3307 1256090.0
3309 1252560.0
3310 1251960.0
3311 1251250.0
3312 1250290.0
3313 1249840.0
3314 1248370.0
3316 1248090.0
3318 1246910.0
3321 1246640.0
3322 1246630.0
3323 1244420.0
3324 1244320.0
3328 1243170.0
3329 1241120.0
3330 1239970.0
3332 1237670.0
3333 1235580.0
3334 1233700.0
3335 1232640.0
3336 1230280.0
3339 1230140.0
3340 1228930.0
3341 1226750.0
3342 1225860.0
3344 1223910.0
3345 1221730.0
3346 1220300.0
3349 1218110.0
3350 1214920.0
3353 1214900.0
3354 1214850.0
3355 1214110.0
3357 1213080.0
3358 1210470.0
3359 1207600.0
3360 1207460.0
3361 1206570.0
3362 1204280.0
3363 1201950.0
3364 1200120.0
3365 1199220.0
3366 1197780.0
3367 1195490.0
3369 1194820.0
3370 1192630.0
3372 1190100.0
3373 1187970.0
3374 1187860.0
3376 1185450.0
3377 1184810.0
3382 1182430.0
3383 1180970.0
3384 1178830.0
3386 1178120.0
3387 1176910.0
3388 1174580.0
3389 1173000.0
3390 1171660.0
3393 1171580.0
3395 1168400.0
3396 1168120.0
3398 1164840.0
3401 1163940.0
3403 1163370.0
3405 1162970.0
3406 1160840.0
3408 1160700.0
3410 1160140.0
3412 1158650.0
3414 1157990.0
3417 1157670.0
3419 1156270.0
3422 1155330.0
3424 1152290.0
3425 1150650.0
3426 1150130.0
3428 1149540.0
3430 1147270.0
3431 1147010.0
3433 1145170.0
3434 1143790.0
3435 1142130.0
3436 1138660.0
3437 1136240.0
3440 1134150.0
3441 1132250.0
3442 1132090.0
3444 1131810.0
3449 1130850.0
3450 1128510.0
3453 1126970.0
3454 1126370.0
3455 1123620.0
3456 1123400.0
3458 1121780.0
3460 1120520.0
3461 1120010.0
3462 1119580.0
3465 1118060.0
3468 1116410.0
3471 1116300.0
3472 1116280.0
3473 1113490.0
3476 1112420.0
3477 1112150.0
3478 1111550.0
3481 1110920.0
3482 1107790.0
3483 1105130.0
3485 1104820.0
3486 1104520.0
3488 1103010.0
3491 1100310.0
3495 1099850.0
3496 1097510.0
3498 1097340.0
3499 1095260.0
3502 1094060.0
3505 1092000.0
3506 1090790.0
3508 1088850.0
3511 1088710.0
3512 1085830.0
3513 1085020.0
3514 1084230.0
3516 1083990.0
3517 1083060.0
3518 1082690.0
3520 1080630.0
3521 1079440.0
3522 1076910.0
3523 1076610.0
3525 1073460.0
3526 1071590.0
3527 1071010.0
3530 1070410.0
3531 1070230.0
3535 1067330.0
3536 1065380.0
3538 1063860.0
3540 1063710.0
3541 1062440.0
3542 1061670.0
3544 1060890.0
3545 1060840.0
3546 1059780.0
3548 1057640.0
3550 1056000.0
3551 1053000.0
3556 1051030.0
3557 1049590.0
3561 1048900.0
3563 1048040.0
3564 1047790.0
3566 1046890.0
3572 1045110.0
3575 1043000.0
3577 1042620.0
3580 1039900.0
3582 1039180.0
3583 1038730.0
3588 1037490.0
3596 1036080.0
3597 1035480.0
3600 1034610.0
3601 1034480.0
3602 1033390.0
3603 1033120.0
3605 1031830.0
3606 1031270.0
3610 1030310.0
3614 1030300.0
3619 1029180.0
3620 1028880.0
3622 1028430.0
3624 1028270.0
3625 1027700.0
3626 1026730.0
3627 1026580.0
3629 1026520.0
3631 1025380.0
3632 1025090.0
3633 1024350.0
3635 1024270.0
3636 1023980.0
3637 1023280.0
3638 1022230.0
3640 1021550.0
3641 1020760.0
3642 1020450.0
3644 1019940.0
3646 1019640.0
3650 1018920.0
3652 1018240.0
3653 1017730.0
3658 1017170.0
3660 1016180.0
3661 1015370.0
3664 1014320.0
3665 1013510.0
3666 1012270.0
3669 1012010.0
3671 1011400.0
3672 1010990.0
3675 1010720.0
3677 1010180.0
3679 1009620.0
3681 1009470.0
3683 1009390.0
3684 1009240.0
3685 1008760.0
3686 1007370.0
3687 1006940.0
3689 1006320.0
3690 1005610.0
3691 1004270.0
3694 1003680.0
3699 1002310.0
3700 1001500.0
3707 1001000.0
3710 999950.0
3713 998870.0
3714 997917.0
3717 997574.0
3720 997420.0
3723 996398.0
3724 995824.0
3725 995201.0
3728 994964.0
3729 994336.0
3730 992673.0
3733 991253.0
3740 991209.0
3741 990817.0
3744 990121.0
3745 989290.0
3746 989102.0
3748 988957.0
3750 987477.0
3751 987119.0
3752 986725.0
3754 986684.0
3756 985615.0
3757 985565.0
3759 984379.0
3761 984208.0
3762 982968.0
3763 982656.0
3764 981464.0
3767 980772.0
3768 979651.0
3769 978774.0
3770 977819.0
3771 976783.0
3774 976065.0
3775 975890.0
3778 975716.0
3780 974315.0
3784 973789.0
3789 973627.0
3790 973341.0
3792 973167.0
3796 972826.0
3798 972257.0
3799 972144.0
3801 971747.0
3804 971636.0
3805 971591.0
3808 970907.0
3810 970730.0
3811 970108.0
3812 969833.0
3816 969654.0
3817 969356.0
3818 969171.0
3820 968787.0
3821 968666.0
3822 967980.0
3823 967882.0
3824 967696.0
3827 967521.0
3829 967101.0
3832 967001.0
3833 966352.0
3836 966242.0
3838 965941.0
3839 965738.0
3843 965413.0
3844 965102.0
3847 964230.0
3848 963971.0
3852 963672.0
3853 963013.0
3862 962687.0
3865 962599.0
3867 961927.0
3868 961715.0
3869 961564.0
3871 961248.0
3872 960989.0
3873 960664.0
3878 960311.0
3880 960255.0
3883 959795.0
3886 959403.0
3887 959375.0
3888 959101.0
3889 958782.0
3890 958400.0
3892 958276.0
3894 957749.0
3895 957408.0
3896 957129.0
3899 957064.0
3901 956855.0
3903 956529.0
3904 955752.0
3905 955439.0
3906 954956.0
3907 954576.0
3910 954158.0
3911 954057.0
3912 953993.0
3916 953399.0
3917 952841.0
3918 952810.0
3919 952676.0
3922 952667.0
3924 952355.0
3927 952222.0
3928 952021.0
3929 951465.0
3930 951058.0
3931 950917.0
3935 950405.0
3937 950346.0
3938 950337.0
3939 949603.0
3940 949230.0
3941 948911.0
3942 948885.0
3945 948702.0
3946 948133.0
3949 948070.0
3955 947586.0
3956 947009.0
3957 946449.0
3962 946118.0
3965 945873.0
3966 945721.0
3967 945709.0
3968 945578.0
3972 945298.0
3973 945221.0
3974 945162.0
3977 944693.0
3978 944341.0
3981 943604.0
3984 943190.0
3987 942772.0
3989 942501.0
3991 942478.0
3993 941924.0
3995 941802.0
3996 941144.0
3997 940910.0
4001 940748.0
4003 940530.0
4005 940477.0
4007 940216.0
4010 939296.0
4011 938646.0
4018 938492.0
4020 937933.0
4025 937634.0
4028 937174.0
4029 936990.0
4033 936521.0
4034 936182.0
4035 935690.0
4036 935683.0
4037 935337.0
4038 934955.0
4042 934911.0
4043 934604.0
4049 934576.0
4050 934113.0
4052 933938.0
4053 933490.0
4054 933262.0
4055 932860.0
4056 932801.0
4057 932631.0
4063 932331.0
4064 931655.0
4065 931361.0
4068 931211.0
4069 931148.0
4070 930606.0
4071 930524.0
4072 930358.0
4074 930155.0
4076 929895.0
4079 929531.0
4088 929319.0
4089 929252.0
4092 929218.0
4094 929155.0
4096 929100.0
4098 928956.0
4099 928559.0
4100 928492.0
4102 928293.0
4103 928116.0
4104 927842.0
4107 927611.0
4110 927550.0
4113 927224.0
4114 927152.0
4122 927126.0
4125 927024.0
4127 927007.0
4128 926960.0
4130 926917.0
4131 926841.0
4132 926786.0
4135 926709.0
4138 926551.0
4139 926461.0
4141 926398.0
4144 926304.0
4145 926250.0
4148 926166.0
4149 926161.0
4153 926045.0
4154 926016.0
4156 925866.0
4158 925821.0
4159 925629.0
4160 925526.0
4163 925425.0
4165 925381.0
4168 925287.0
4170 925264.0
4174 925190.0
4177 925174.0
4179 925169.0
4180 925146.0
4184 925116.0
4185 925057.0
4186 925008.0
4189 924896.0
4190 924888.0
4192 924861.0
4193 924818.0
4194 924774.0
4197 924752.0
4198 924697.0
4199 924630.0
4201 924606.0
4202 924555.0
4203 924504.0
4204 924440.0
4205 924395.0
4206 924367.0
4211 924292.0
4212 924288.0
4214 924181.0
4215 924178.0
4216 924157.0
4217 924100.0
4220 924010.0
4224 923996.0
4227 923912.0
4228 923881.0
4229 923880.0
4230 923860.0
4231 923804.0
4238 923773.0
4240 923707.0
4242 923686.0
4243 923658.0
4247 923641.0
4250 923640.0
4252 923628.0
4253 923593.0
4254 923547.0
4255 923529.0
4257 923523.0
4259 923495.0
4260 923460.0
4261 923365.0
4262 923319.0
4263 923202.0
4266 923199.0
4267 923185.0
4268 923177.0
4270 923121.0
4274 923096.0
4275 923005.0
4276 922999.0
4278 922975.0
4279 922963.0
4281 922936.0
4282 922931.0
4286 922830.0
4288 922807.0
4289 922747.0
4290 922721.0
4293 922668.0
4295 922587.0
4297 922559.0
4300 922534.0
4303 922503.0
4304 922474.0
4307 922454.0
4310 922403.0
4311 922401.0
4315 922387.0
4317 922336.0
4318 922324.0
4320 922235.0
4322 922230.0
4325 922169.0
4326 922096.0
4327 922043.0
4332 922010.0
4333 921987.0
4334 921921.0
4337 921919.0
4340 921892.0
4341 921799.0
4344 921773.0
4345 921759.0
4348 921727.0
4349 921682.0
4356 921653.0
4357 921633.0
4359 921631.0
4360 921622.0
4364 921611.0
4365 921526.0
4366 921463.0
4367 921452.0
4371 921365.0
4372 921286.0
4373 921254.0
4374 921253.0
4375 921232.0
4378 921162.0
4380 921143.0
4381 921072.0
4384 921031.0
4389 920968.0
4392 920911.0
4395 920872.0
4396 920845.0
4397 920834.0
4398 920833.0
4400 920754.0
4403 920641.0
4406 920591.0
4412 920587.0
4415 920521.0
4416 920517.0
4417 920504.0
4422 920468.0
4425 920376.0
4426 920319.0
4429 920289.0
4430 920285.0
4431 920257.0
4432 920234.0
4433 920220.0
4438 920170.0
4439 920079.0
4441 920071.0
4442 919984.0
4447 919967.0
4449 919945.0
4453 919884.0
4454 919864.0
4458 919823.0
4459 919802.0
4462 919739.0
4464 919720.0
4465 919662.0
4468 919598.0
4469 919583.0
4470 919571.0
4473 919469.0
4474 919450.0
4475 919441.0
4476 919432.0
4477 919425.0
4480 919376.0
4481 919344.0
4482 919320.0
4483 919317.0
4484 919313.0
4485 919304.0
4486 919274.0
4487 919185.0
4488 919089.0
4489 919037.0
4490 918989.0
4491 918988.0
4492 918937.0
4498 918913.0
4501 918864.0
4502 918830.0
4504 918813.0
4505 918812.0
4506 918795.0
4507 918770.0
4508 918742.0
4510 918680.0
4512 918583.0
4513 918540.0
4517 918527.0
4519 918519.0
4524 918496.0
4525 918459.0
4526 918443.0
4529 918437.0
4531 918399.0
4532 918372.0
4533 918352.0
4535 918312.0
4536 918287.0
4541 918281.0
4542 918278.0
4543 918236.0
4544 918235.0
4546 918211.0
4548 918200.0
4550 918178.0
4551 918148.0
4552 918131.0
4553 918130.0
4554 918122.0
4559 918100.0
4561 918081.0
4562 918063.0
4563 918051.0
4566 918041.0
4573 918036.0
4574 918025.0
4575 918022.0
4577 918007.0
4579 918004.0
4581 917974.0
4582 917961.0
4583 917950.0
4584 917925.0
4586 917910.0
4587 917871.0
4589 917866.0
4590 917837.0
4591 917830.0
4593 917824.0
4595 917783.0
4598 917746.0
4599 917740.0
4601 917726.0
4602 917702.0
4603 917673.0
4606 917666.0
4608 917653.0
4609 917645.0
4610 917644.0
4611 917629.0
4612 917609.0
4613 917579.0
4615 917555.0
4621 917549.0
4622 917527.0
4623 917524.0
4629 917476.0
4632 917473.0
4636 917459.0
4638 917448.0
4639 917428.0
4641 917423.0
4643 917410.0
4644 917378.0
4645 917346.0
4646 917322.0
4647 917302.0
4652 917267.0
4653 917244.0
4656 917236.0
4657 917218.0
4658 917210.0
4659 917208.0
4661 917206.0
4664 917191.0
4665 917176.0
4667 917173.0
4668 917157.0
4672 917120.0
4673 917106.0
4674 917084.0
4677 917040.0
4678 917033.0
4680 917018.0
4681 916996.0
4684 916990.0
4685 916942.0
4688 916937.0
4689 916927.0
4690 916885.0
4691 916874.0
4693 916854.0
4694 916853.0
4696 916845.0
4699 916841.0
4701 916810.0
4702 916801.0
4706 916758.0
4707 916734.0
4708 916730.0
4710 916706.0
4711 916686.0
4712 916680.0
4713 916631.0
4715 916628.0
4716 916612.0
4718 916610.0
4720 916594.0
4721 916564.0
4722 916541.0
4725 916519.0
4726 916505.0
4727 916487.0
4728 916478.0
4731 916439.0
4734 916428.0
4735 916427.0
4736 916423.0
4737 916386.0
4738 916385.0
4741 916363.0
4742 916345.0
4743 916343.0
4746 916303.0
4748 916298.0
4752 916284.0
4755 916281.0
4758 916265.0
4759 916264.0
4761 916260.0
4762 916255.0
4763 916254.0
4764 916222.0
4765 916199.0
4766 916193.0
4767 916177.0
4768 916168.0
4770 916165.0
4772 916149.0
4773 916135.0
4774 916116.0
4775 916098.0
4776 916082.0
4777 916079.0
4783 916056.0
4788 916049.0
4790 916040.0
4791 916032.0
4792 916028.0
4795 916024.0
4798 916012.0
4799 915998.0
4802 915982.0
4807 915978.0
4809 915972.0
4810 915967.0
4813 915951.0
4814 915938.0
4815 915926.0
4818 915925.0
4821 915922.0
4822 915914.0
4823 915902.0
4824 915891.0
4827 915867.0
4829 915860.0
4830 915850.0
4831 915846.0
4833 915840.0
4834 915838.0
4837 915818.0
4840 915791.0
4847 915784.0
4850 915783.0
4854 915780.0
4855 915771.0
4856 915766.0
4858 915764.0
4859 915757.0
4860 915748.0
4861 915740.0
4862 915738.0
4863 915734.0
4864 915724.0
4866 915721.0
4867 915715.0
4868 915714.0
4870 915711.0
4872 915707.0
4873 915705.0
4874 915695.0
4875 915691.0
4876 915684.0
4878 915681.0
4879 915680.0
4880 915678.0
4881 915672.0
4882 915668.0
4883 915664.0
4884 915662.0
4888 915657.0
4891 915650.0
4892 915643.0
4894 915641.0
4898 915635.0
4901 915630.0
4903 915624.0
4904 915621.0
4905 915618.0
4907 915617.0
4909 915608.0
4910 915601.0
4913 915597.0
4914 915596.0
4917 915585.0
4918 915577.0
4921 915574.0
4922 915573.0
4928 915571.0
4931 915566.0
4933 915564.0
4934 915558.0
4936 915556.0
4943 915550.0
4944 915542.0
4945 915538.0
4947 915530.0
4950 915525.0
4951 915521.0
4952 915514.0
4953 915506.0
4954 915505.0
4957 915504.0
4959 915500.0
4960 915492.0
4962 915491.0
4967 915488.0
4968 915482.0
4971 915479.0
4972 915476.0
4975 915474.0
4978 915472.0
4983 915467.0
4990 915466.0
4991 915465.0
4995 915463.0
4996 915462.0
4999 915461.0
5001 915460.0
5005 915458.0
5009 915457.0
5012 915456.0
5017 915455.0
5018 915453.0
5027 915452.0
