1 500936000.0
9 454530000.0
10 410418000.0
11 370708000.0
12 333640000.0
13 302867000.0
14 274453000.0
15 248031000.0
16 223159000.0
17 200444000.0
18 178031000.0
19 153663000.0
20 131840000.0
21 113660000.0
22 96548100.0
23 80840600.0
24 66855600.0
25 55335000.0
26 45442100.0
27 34778400.0
28 25909000.0
29 19265900.0
30 13445000.0
31 8605200.0
32 4923900.0
33 2592750.0
34 1178410.0
35 1064620.0
36 40288.3
38 19596.5
40 4480.78
42 2137.93
43 749.192
48 17.6138
52 15.0298
66 14.7555
71 13.0466
76 10.5412
82 10.3458
87 10.0037
91 10.0005
93 9.98952
96 9.93797
99 9.93391
101 9.93353
103 9.92832
105 9.92329
110 9.91788
111 9.91773
113 9.91762
114 9.88504
121 9.88428
122 9.88146
