1 0.195153
18 0.195026
20 0.174839
21 0.159265
23 0.154712
24 0.148535
26 0.1437
27 0.138598
29 0.13241
30 0.129767
31 0.126441
33 0.122567
34 0.118673
35 0.114154
36 0.112288
38 0.110645
39 0.105079
41 0.102181
44 0.0980134
45 0.0974228
46 0.0939767
47 0.0926405
48 0.0920316
50 0.0894942
51 0.0874092
53 0.0861548
54 0.0826099
55 0.0813446
57 0.0781212
58 0.0778728
59 0.077229
60 0.0753599
62 0.0705492
63 0.0670415
66 0.066453
68 0.0648843
71 0.0614215
74 0.0607444
77 0.0602155
78 0.0601189
79 0.0582836
80 0.0575889
82 0.0574243
83 0.0560446
86 0.0557049
90 0.055542
91 0.0553277
92 0.0552929
93 0.0552411
94 0.0550535
95 0.0550126
96 0.0549944
97 0.054889
98 0.0548591
99 0.0547183
100 0.054624
101 0.0546012
102 0.054536
104 0.0544791
107 0.054276
110 0.0541502
113 0.0541105
115 0.0540742
