1 273.508
2 175.257
3 99.1622
4 45.1531
5 13.085
6 2.82896
18 2.781
30 2.76336
31 2.73933
33 2.552
35 2.54019
36 2.53273
39 2.5293
40 2.38141
44 2.36741
45 2.30821
48 2.15817
49 2.0547
50 1.98135
51 1.91611
52 1.82795
53 1.79221
54 1.76402
56 1.74992
58 1.70369
59 1.68773
60 1.65737
61 1.59003
63 1.58366
64 1.51217
65 1.46965
66 1.44773
71 1.44762
72 1.3894
73 1.34619
77 1.2803
81 1.27883
84 1.26585
85 1.21731
86 1.15076
89 1.1111
90 1.07849
91 1.03178
93 1.02818
94 1.00262
96 0.996186
98 0.927953
99 0.868334
100 0.82755
103 0.799222
109 0.794414
111 0.792906
112 0.774204
115 0.758581
116 0.738106
117 0.716067
118 0.712243
119 0.71212
125 0.707169
126 0.678885
127 0.666457
129 0.662577
130 0.644077
131 0.641647
135 0.639067
137 0.638957
138 0.624479
139 0.598789
140 0.591535
143 0.571809
144 0.568611
146 0.56767
148 0.565989
149 0.565291
150 0.561244
152 0.546223
153 0.527172
154 0.525958
155 0.51572
156 0.500307
157 0.484808
158 0.471054
159 0.465421
160 0.464809
162 0.457311
163 0.45645
164 0.455532
166 0.429207
167 0.407752
168 0.3897
169 0.372797
170 0.359473
171 0.352613
172 0.341502
173 0.34102
176 0.340959
177 0.330977
178 0.321549
179 0.312437
180 0.301369
181 0.300786
183 0.278417
184 0.271129
185 0.259406
189 0.258839
193 0.257979
194 0.245861
196 0.233342
197 0.232099
198 0.229259
199 0.222589
200 0.222443
201 0.207776
202 0.194109
203 0.184019
204 0.177996
205 0.171217
206 0.161444
207 0.15565
208 0.143287
209 0.138822
210 0.131633
211 0.12856
212 0.128381
213 0.120767
215 0.120211
218 0.118881
221 0.118554
223 0.116912
226 0.114283
228 0.114125
229 0.113676
231 0.112632
232 0.111983
233 0.111401
235 0.108757
237 0.106163
238 0.105837
239 0.105744
247 0.100686
248 0.0984037
252 0.098176
253 0.0968258
255 0.0967021
256 0.0963172
258 0.0942738
261 0.0925359
262 0.0916444
263 0.0909756
264 0.0908275
265 0.0908232
266 0.0905744
270 0.0874165
271 0.0852249
272 0.0839863
274 0.08385
278 0.0838351
279 0.0835239
280 0.0834388
281 0.081728
284 0.0810969
285 0.0795451
286 0.0792815
287 0.0792799
288 0.0792797
289 0.0792739
290 0.0791532
291 0.0791188
293 0.0783785
294 0.0761864
295 0.0760249
296 0.0755883
297 0.0755103
299 0.0730885
300 0.071862
301 0.0707376
302 0.0704363
303 0.0703385
304 0.0694769
305 0.0676888
306 0.0660837
307 0.0641403
308 0.0621915
309 0.0602876
310 0.0585124
311 0.0567953
312 0.0550435
313 0.0534959
314 0.0518851
315 0.0505178
316 0.049399
317 0.0486268
318 0.0473262
319 0.0457946
320 0.0444406
321 0.0438659
322 0.042966
323 0.0423934
325 0.0418643
326 0.0404269
327 0.0396889
328 0.039319
330 0.0385323
331 0.0376572
334 0.0374245
335 0.037407
337 0.0370248
341 0.0359103
343 0.0356858
344 0.0349263
349 0.0349257
353 0.0338033
354 0.0330174
355 0.0327537
360 0.0316724
361 0.0313359
362 0.0312763
364 0.0311603
366 0.0303832
367 0.0297359
370 0.0297127
372 0.02897
373 0.0286692
375 0.0282532
377 0.0281872
378 0.0276833
379 0.0267193
380 0.0260069
381 0.0259824
382 0.0258963
384 0.0255421
387 0.024926
391 0.0248613
393 0.0244278
394 0.0242356
395 0.0241119
396 0.0240342
400 0.023689
401 0.0236873
404 0.0236459
407 0.0231657
408 0.0230823
410 0.0230453
411 0.023021
414 0.0225546
416 0.0225489
419 0.0223745
420 0.0218208
423 0.0213921
424 0.0212089
425 0.0211374
427 0.0207216
429 0.0205779
432 0.020156
434 0.0200573
436 0.0199166
437 0.0196145
438 0.0192961
439 0.0191243
440 0.0190425
441 0.0190406
442 0.018864
445 0.0183189
446 0.0182649
449 0.0182513
450 0.0182428
451 0.0180751
452 0.0177052
456 0.0173762
457 0.0170926
458 0.0167476
460 0.0167077
461 0.0166794
462 0.0166478
463 0.016258
464 0.0158378
465 0.0154263
466 0.0151106
467 0.0147421
468 0.0143889
469 0.014064
470 0.0139304
471 0.013815
473 0.0137369
474 0.0133225
475 0.0131319
476 0.013062
477 0.0129609
479 0.0128132
484 0.0125459
485 0.0124917
486 0.0123872
487 0.0120739
488 0.0118281
489 0.0115776
490 0.0113269
491 0.0110622
494 0.010842
495 0.010523
496 0.0103417
497 0.010289
498 0.0102844
500 0.010271
501 0.0101374
502 0.0100007
503 0.00994366
507 0.00981809
509 0.00970916
510 0.00952302
513 0.00948507
514 0.00939356
517 0.00925556
519 0.00906616
523 0.009004
524 0.0088592
525 0.00865303
526 0.00858518
527 0.00857508
528 0.00855673
529 0.00847667
530 0.00838542
532 0.00827277
533 0.00800029
534 0.00798351
536 0.00775908
537 0.00763442
545 0.00742698
549 0.00734231
551 0.00733313
552 0.00730462
557 0.00730393
558 0.0071802
561 0.00715571
563 0.00714162
564 0.00702776
565 0.00695129
566 0.00692789
567 0.00692337
568 0.00689942
569 0.00679131
570 0.00675026
571 0.00672021
572 0.00662264
573 0.00655764
574 0.00653975
575 0.00650592
576 0.00644915
577 0.00642422
579 0.00632687
580 0.00627255
583 0.00618119
584 0.0061127
585 0.00609689
587 0.00607155
589 0.00607114
591 0.00597902
592 0.0059588
593 0.00589476
594 0.00581154
595 0.00577083
596 0.00568742
598 0.00567387
599 0.00562923
600 0.00559282
601 0.00558957
604 0.00556443
605 0.00554183
607 0.00544523
608 0.00541115
609 0.00536591
611 0.00535607
613 0.00534229
616 0.00528121
617 0.00528061
618 0.00526392
622 0.00523559
623 0.00523119
624 0.00523112
628 0.00523023
629 0.0051741
630 0.00515691
631 0.00514701
632 0.00514245
634 0.00512821
635 0.00509508
636 0.00508675
638 0.0050798
639 0.00507966
640 0.00507221
643 0.00501931
644 0.00499909
645 0.00499415
646 0.00497128
647 0.00495643
648 0.00493327
650 0.00493104
655 0.00488049
656 0.00483743
657 0.00482225
658 0.00481143
659 0.0048102
662 0.00478123
663 0.00477674
664 0.00477468
665 0.00476169
666 0.0047598
669 0.00473634
670 0.00469204
671 0.00467898
672 0.00467824
673 0.00467687
674 0.00467236
675 0.00464672
676 0.00462186
677 0.00458964
678 0.00455393
679 0.00452225
680 0.0045072
681 0.00448152
682 0.00447927
683 0.00447252
685 0.00444824
686 0.00443768
688 0.00441329
689 0.00438926
690 0.00437788
693 0.00436667
694 0.00433851
696 0.00433519
697 0.00429462
698 0.00426989
699 0.00425706
700 0.00425559
701 0.00422889
702 0.00419549
703 0.00416897
704 0.00415699
706 0.00412454
707 0.00409327
708 0.00405815
709 0.00402704
710 0.00401181
711 0.00397233
712 0.00395718
713 0.00395526
715 0.00393649
716 0.00393545
718 0.00393188
719 0.00392414
722 0.00388076
723 0.00387668
724 0.00386091
725 0.00386016
726 0.00385878
727 0.00384451
728 0.00381667
729 0.00379725
730 0.00376763
731 0.00374973
732 0.00373501
733 0.00372948
735 0.00369978
736 0.00369614
739 0.00369567
740 0.00369371
741 0.00369349
744 0.00365759
745 0.00365389
746 0.00364414
747 0.00364213
749 0.00361234
750 0.00361145
752 0.00358202
753 0.00356412
754 0.00353799
755 0.00351477
756 0.00351167
757 0.00350708
758 0.00349841
759 0.00348358
760 0.00345322
761 0.00343582
762 0.00342873
763 0.00342104
764 0.0034058
765 0.00338095
766 0.00336171
767 0.00334493
768 0.00333525
769 0.00332165
770 0.00331986
772 0.00330281
773 0.00328226
774 0.0032764
776 0.0032577
777 0.00324921
778 0.00324702
780 0.00321224
781 0.00320068
782 0.00318984
784 0.00318282
787 0.00316865
788 0.00316412
789 0.00315728
790 0.00313415
791 0.00312063
792 0.00311913
793 0.00311667
795 0.00310308
796 0.00310023
797 0.00309924
798 0.0030755
799 0.00306706
801 0.00306488
803 0.00305939
804 0.00305834
805 0.00305496
806 0.00303865
810 0.00301684
812 0.00301402
813 0.00301099
814 0.00301078
817 0.0029913
820 0.00297206
823 0.00295768
824 0.00295411
825 0.00295403
826 0.00295139
827 0.0029488
828 0.00294567
829 0.00294549
830 0.00293911
833 0.0029201
835 0.00291508
836 0.00289743
837 0.00288081
838 0.00287044
839 0.0028659
840 0.00286579
842 0.00286529
843 0.00286125
845 0.0028374
846 0.00281546
847 0.0027953
848 0.00278558
849 0.00277951
850 0.00276119
852 0.00275657
854 0.00275512
855 0.00274479
858 0.00274241
862 0.00271995
863 0.00271379
864 0.00271378
865 0.00271009
866 0.00269076
870 0.00268637
871 0.00267235
872 0.0026669
873 0.00266178
876 0.00265784
878 0.00265256
879 0.00264978
882 0.00264355
884 0.00263155
885 0.00262401
887 0.00262264
888 0.00260757
889 0.0026001
890 0.00259964
892 0.0025947
893 0.0025914
894 0.00259103
896 0.00258567
897 0.00256993
898 0.00256562
899 0.00256421
900 0.00255227
902 0.00254523
903 0.00252962
904 0.0025282
906 0.00252106
908 0.00252105
909 0.00251728
912 0.00251402
915 0.00250282
916 0.00249898
917 0.00249232
923 0.0024914
926 0.00248072
927 0.00247245
928 0.00246629
929 0.00246203
930 0.00245597
933 0.00245274
934 0.00244807
936 0.00244364
937 0.00244085
939 0.00243976
941 0.00243651
942 0.00242659
943 0.0024188
944 0.00241194
945 0.00240646
946 0.0024035
948 0.00239829
949 0.00239384
952 0.0023861
953 0.00237834
954 0.00237709
956 0.00237597
957 0.00237449
958 0.00236785
959 0.00235996
960 0.00235431
961 0.00234691
962 0.00233897
963 0.00233546
964 0.00233284
965 0.00232706
966 0.00231915
967 0.00231239
968 0.0023077
969 0.00230586
970 0.00230381
971 0.00229668
972 0.00229076
973 0.00228493
974 0.00228022
977 0.00227058
978 0.00226368
979 0.0022577
980 0.00225134
981 0.00224771
982 0.00224711
983 0.00224639
984 0.0022417
985 0.0022389
986 0.00223663
987 0.00222888
988 0.00222041
989 0.00221356
990 0.00220908
993 0.00220195
994 0.00219969
996 0.00219435
997 0.00218827
998 0.00218335
999 0.00218154
1000 0.00218021
1001 0.0021736
1002 0.00216806
1003 0.00216285
1004 0.0021563
1005 0.00215153
1006 0.00215041
1010 0.00214499
1011 0.00214349
1012 0.00214206
1013 0.00213981
1014 0.00213828
1015 0.00213654
1016 0.00213627
1017 0.00213255
1018 0.00212459
1019 0.00212133
1020 0.00211937
1022 0.00211529
1023 0.00211167
1026 0.00210498
1029 0.0020988
1030 0.00209502
1032 0.00209453
1035 0.00208701
1036 0.00208108
1037 0.00207682
1038 0.00207615
1040 0.0020676
1041 0.00205931
1042 0.00205204
1043 0.00204689
1044 0.00204326
1045 0.00203515
1046 0.00202827
1047 0.00202277
1048 0.00201547
1049 0.00200866
1050 0.00200171
1051 0.00199577
1052 0.0019883
1053 0.00198122
1054 0.00197497
1055 0.0019692
1056 0.00196591
1059 0.00196265
1060 0.00195744
1061 0.00195559
1062 0.00194723
1063 0.00194139
1064 0.00193761
1065 0.00193501
1066 0.00193423
1067 0.00193384
1069 0.0019338
1071 0.00193074
1073 0.00192866
1074 0.00192478
1077 0.00192193
1078 0.00191773
1081 0.00191727
1082 0.00191439
1083 0.00191421
1084 0.00191354
1086 0.00190412
1087 0.00190243
1088 0.00190233
1092 0.00190201
1093 0.00189667
1094 0.00188984
1095 0.00188576
1096 0.00188203
1097 0.00187799
1098 0.00187324
1099 0.00186831
1100 0.0018675
1101 0.00186665
1102 0.0018638
1103 0.00186365
1104 0.0018624
1105 0.00186132
1106 0.00185512
1107 0.00184935
1109 0.00184781
1110 0.00184586
1113 0.00184543
1114 0.00184542
1115 0.00184538
1119 0.00183906
1122 0.00183643
1125 0.00183006
1126 0.00182444
1127 0.00181815
1128 0.00181184
1129 0.00180831
1130 0.00180437
1131 0.00180032
1132 0.00179533
1133 0.00179312
1134 0.00178951
1135 0.0017882
1136 0.00178784
1137 0.00178645
1139 0.00178129
1140 0.00177851
1141 0.00177781
1142 0.00177731
1144 0.00177682
1146 0.001776
1147 0.00177148
1148 0.00176968
1149 0.00176937
1150 0.00176787
1151 0.00176576
1152 0.00176001
1153 0.00175904
1154 0.00175903
1155 0.00175737
1156 0.00175641
1159 0.00175248
1160 0.00175019
1161 0.00174943
1162 0.00174784
1163 0.00174753
1166 0.0017429
1169 0.00174278
1170 0.00174274
1174 0.00173977
1175 0.00173941
1176 0.0017394
1177 0.00173921
1178 0.00173866
1179 0.00173586
1180 0.00173392
1181 0.00173186
1182 0.00172938
1183 0.00172701
1184 0.00172449
1185 0.00172179
1186 0.0017191
1187 0.0017168
1188 0.00171424
1189 0.00171155
1190 0.0017089
1191 0.00170635
1192 0.00170395
1193 0.00170154
1194 0.00169897
1195 0.00169635
1196 0.00169373
1197 0.00169136
1198 0.00168886
1199 0.00168629
1200 0.00168389
1201 0.00168178
1202 0.0016799
1203 0.0016779
1204 0.00167564
1205 0.00167319
1206 0.00167087
1207 0.00166883
1208 0.00166629
1209 0.00166379
1210 0.00166136
1211 0.00165893
1212 0.0016565
1213 0.00165435
1214 0.00165225
1215 0.00165024
1216 0.00164794
1217 0.00164562
1218 0.00164383
1219 0.00164229
1220 0.00164099
1221 0.00163847
1222 0.00163596
1223 0.00163387
1224 0.00163262
1225 0.00163167
1226 0.0016311
1228 0.00162932
1229 0.00162755
1230 0.00162614
1233 0.00162367
1234 0.00162227
1237 0.00162041
1238 0.00161959
1239 0.00161949
1241 0.00161772
1243 0.00161731
1244 0.00161468
1245 0.00161289
1246 0.00161169
1247 0.00160971
1248 0.00160846
1249 0.00160674
1250 0.00160542
1251 0.00160488
1252 0.00160473
1253 0.00160334
1254 0.00160261
1255 0.00160205
1256 0.00159952
1257 0.00159703
1258 0.00159473
1259 0.00159258
1260 0.00159034
1261 0.00158782
1262 0.00158529
1263 0.00158279
1264 0.00158032
1265 0.00157786
1266 0.00157538
1267 0.00157292
1268 0.0015705
1269 0.00156811
1270 0.00156565
1271 0.00156324
1272 0.00156075
1273 0.00155828
1274 0.00155638
1275 0.00155506
1276 0.00155315
1277 0.00155189
1278 0.00155145
1280 0.00154963
1281 0.00154735
1282 0.00154504
1283 0.00154352
1284 0.00154135
1285 0.00153921
1286 0.00153875
1287 0.00153838
1288 0.00153813
1289 0.00153606
1290 0.0015342
1291 0.00153281
1292 0.00153097
1293 0.00153009
1295 0.00152997
1296 0.0015284
1297 0.00152803
1300 0.00152787
1301 0.00152561
1302 0.0015236
1303 0.00152249
1305 0.0015224
1306 0.00152106
1308 0.00151935
1309 0.00151896
1311 0.0015183
1312 0.00151812
1313 0.00151703
1315 0.00151647
1316 0.00151408
1317 0.00151265
1318 0.0015124
1320 0.00151167
1321 0.00151025
1322 0.00150855
1324 0.00150828
1325 0.00150808
1327 0.00150544
1328 0.00150409
1329 0.00150284
1330 0.00150248
1332 0.00150227
1334 0.00150002
1335 0.00149794
1336 0.00149568
1337 0.00149383
1338 0.00149304
1339 0.00149202
1340 0.00149184
1341 0.00148977
1342 0.00148809
1343 0.00148687
1344 0.00148481
1345 0.00148346
1346 0.00148253
1347 0.00148033
1348 0.00147924
1349 0.00147788
1352 0.00147511
1353 0.00147342
1354 0.00147269
1355 0.00147183
1356 0.00147142
1357 0.00147135
1362 0.00146957
1363 0.00146916
1364 0.00146676
1365 0.00146489
1366 0.00146361
1368 0.00146338
1371 0.00146173
1372 0.00146125
1373 0.00146099
1374 0.00145994
1375 0.00145822
1376 0.00145775
1379 0.001455
1380 0.00145418
1382 0.00145237
1383 0.0014519
1384 0.00145185
1385 0.00145131
1386 0.0014504
1387 0.00144889
1388 0.0014478
1389 0.00144645
1390 0.00144431
1391 0.00144328
1392 0.00144198
1393 0.00144079
1394 0.00143873
1395 0.00143684
1396 0.00143497
1397 0.00143307
1398 0.00143096
1399 0.00142882
1400 0.0014269
1401 0.0014248
1402 0.00142276
1403 0.00142116
1404 0.00142065
1407 0.0014184
1408 0.00141706
1409 0.00141603
1410 0.00141511
1411 0.00141417
1412 0.00141392
1413 0.00141357
1415 0.00141194
1416 0.00141073
1418 0.00141064
1419 0.00140824
1420 0.00140658
1421 0.00140526
1424 0.00140401
1427 0.00140233
1428 0.00140171
1429 0.0014013
1430 0.00140125
1431 0.00140043
1433 0.00140025
1434 0.00139766
1435 0.00139636
1436 0.00139621
1437 0.00139609
1438 0.00139566
1439 0.00139405
1441 0.00139393
1442 0.00139354
1445 0.0013935
1446 0.00139082
1447 0.00138893
1448 0.00138778
1449 0.00138729
1450 0.0013853
1451 0.00138429
1454 0.00138415
1456 0.00138168
1457 0.00137974
1458 0.00137854
1461 0.00137686
1462 0.00137552
1463 0.00137525
1464 0.00137498
1465 0.00137423
1467 0.00137271
1468 0.00137179
1470 0.00137113
1471 0.00136894
1472 0.00136791
1473 0.00136764
1475 0.00136762
1479 0.00136591
1481 0.00136586
1482 0.00136341
1483 0.00136247
1484 0.00136093
1487 0.00135933
1488 0.00135744
1489 0.0013558
1490 0.00135535
1492 0.00135431
1493 0.0013521
1494 0.0013499
1495 0.00134777
1496 0.00134557
1497 0.00134338
1498 0.0013412
1499 0.00133903
1500 0.00133687
1501 0.00133483
1502 0.00133321
1503 0.00133174
1504 0.00132975
1505 0.00132852
1506 0.00132801
1507 0.00132798
1508 0.00132688
1509 0.00132516
1510 0.00132413
1511 0.00132298
1512 0.00132101
1513 0.00131962
1514 0.00131911
1515 0.00131642
1516 0.00131485
1517 0.00131431
1518 0.00131429
1519 0.00131362
1520 0.00131359
1521 0.00131265
1522 0.0013107
1523 0.00131012
1524 0.00130967
1526 0.00130946
1527 0.00130766
1528 0.00130586
1529 0.00130391
1530 0.00130198
1531 0.00130047
1532 0.00129962
1533 0.00129819
1535 0.001298
1536 0.00129639
1537 0.00129549
1538 0.00129536
1539 0.00129467
1540 0.00129424
1541 0.00129402
1542 0.00129336
1545 0.00129243
1546 0.00129122
1547 0.00129018
1548 0.00129009
1549 0.00128778
1550 0.00128753
1552 0.00128681
1553 0.00128481
1554 0.0012833
1555 0.00128186
1556 0.0012818
1558 0.00128102
1559 0.00127941
1560 0.00127712
1561 0.00127501
1562 0.00127324
1563 0.0012715
1564 0.00127039
1565 0.0012694
1568 0.00126774
1569 0.00126722
1570 0.00126718
1571 0.00126655
1572 0.00126606
1573 0.00126603
1576 0.00126356
1577 0.00126301
1579 0.00126219
1580 0.00126065
1581 0.00125981
1582 0.00125868
1583 0.0012572
1584 0.00125476
1585 0.00125252
1586 0.00125043
1587 0.00124853
1588 0.00124668
1589 0.00124555
1590 0.0012453
1592 0.00124422
1593 0.00124245
1594 0.00124044
1595 0.00123815
1596 0.00123607
1597 0.00123412
1598 0.0012326
1599 0.00123093
1600 0.00122909
1601 0.00122731
1602 0.00122556
1603 0.00122426
1604 0.00122344
1605 0.00122174
1606 0.00122105
1607 0.00121993
1610 0.00121771
1611 0.0012162
1612 0.00121542
1614 0.00121541
1615 0.00121491
1616 0.00121409
1617 0.0012131
1618 0.00121249
1620 0.00121181
1621 0.00121154
1622 0.00121071
1624 0.00121068
1625 0.00120861
1626 0.00120821
1627 0.001208
1628 0.00120672
1629 0.00120531
1630 0.00120427
1631 0.00120365
1632 0.0012035
1633 0.00120338
1634 0.0012032
1636 0.00120033
1637 0.00119814
1638 0.00119621
1639 0.00119514
1640 0.00119389
1641 0.00119204
1642 0.00119025
1643 0.00118855
1644 0.00118675
1645 0.00118507
1646 0.0011832
1647 0.00118118
1648 0.00117922
1649 0.0011774
1650 0.00117548
1651 0.00117366
1652 0.00117172
1653 0.00116988
1654 0.00116805
1655 0.00116635
1656 0.00116507
1657 0.00116349
1658 0.00116191
1659 0.00116157
1661 0.00115947
1662 0.00115785
1663 0.00115769
1664 0.00115761
1665 0.00115656
1666 0.00115575
1668 0.00115573
1669 0.00115456
1670 0.00115305
1672 0.00115282
1673 0.00115119
1674 0.00114993
1675 0.00114944
1678 0.00114815
1679 0.00114694
1680 0.00114648
1681 0.00114639
1682 0.00114489
1684 0.00114488
1686 0.00114453
1687 0.00114297
1688 0.00114277
1689 0.00114265
1690 0.00114149
1691 0.00114105
1692 0.00114102
1693 0.00114035
1694 0.00113982
1697 0.0011376
1698 0.00113682
1699 0.00113562
1700 0.00113479
1701 0.00113464
1702 0.00113459
1703 0.00113422
1707 0.00113299
1708 0.00113081
1709 0.00113011
1710 0.00112953
1712 0.00112896
1713 0.00112721
1714 0.00112668
1718 0.00112647
1719 0.00112542
1720 0.00112528
1721 0.00112423
1722 0.00112242
1723 0.00112151
1724 0.00112102
1726 0.00112098
1730 0.00112079
1732 0.00111985
1733 0.00111795
1735 0.00111658
1736 0.00111557
1738 0.00111556
1739 0.00111456
1740 0.00111364
1741 0.00111314
1743 0.00111205
1744 0.00111091
1746 0.00111048
1747 0.00110892
1748 0.00110827
1749 0.00110825
1751 0.00110809
1753 0.00110794
1755 0.00110691
1757 0.00110672
1758 0.00110431
1759 0.00110257
1760 0.00110141
1761 0.00109972
1762 0.00109853
1763 0.00109738
1764 0.00109583
1765 0.0010947
1767 0.00109458
1770 0.00109294
1771 0.0010926
1772 0.00109234
1773 0.00109214
1776 0.00108986
1777 0.00108917
1778 0.00108878
1779 0.00108876
1780 0.00108847
1781 0.00108823
1782 0.00108688
1783 0.0010852
1784 0.00108436
1786 0.00108434
1787 0.00108258
1788 0.00108095
1789 0.00107952
1790 0.00107831
1791 0.00107756
1792 0.00107689
1795 0.00107642
1796 0.00107592
1797 0.00107426
1798 0.00107367
1800 0.00107361
1803 0.00107196
1804 0.0010718
1805 0.00107177
1806 0.00107074
1807 0.00107007
1808 0.00106902
1809 0.0010671
1810 0.00106581
1811 0.00106424
1812 0.00106298
1813 0.00106189
1814 0.00106094
1815 0.00105898
1816 0.00105704
1817 0.00105519
1818 0.00105336
1819 0.00105154
1820 0.00104971
1821 0.00104792
1822 0.00104609
1823 0.00104429
1824 0.00104249
1825 0.00104068
1826 0.00103895
1827 0.00103713
1828 0.00103533
1829 0.00103457
1830 0.00103393
1832 0.00103288
1833 0.00103153
1834 0.00103065
1835 0.00102968
1836 0.00102916
1837 0.00102852
1838 0.00102672
1839 0.00102509
1840 0.0010236
1841 0.00102235
1844 0.00102121
1845 0.00102003
1846 0.00101912
1847 0.00101859
1849 0.00101769
1850 0.00101718
1851 0.00101706
1853 0.00101491
1854 0.00101406
1855 0.00101348
1856 0.00101345
1857 0.00101175
1858 0.00101121
1859 0.00101068
1860 0.0010105
1861 0.00101026
1862 0.0010098
1863 0.00100814
1864 0.00100665
1865 0.00100535
1866 0.0010047
1867 0.00100388
1868 0.00100231
1869 0.00100103
1870 0.00100081
1872 0.000998991
1874 0.00099874
1875 0.00099725
1876 0.000996719
1877 0.000996637
1878 0.000996431
1881 0.000995544
1882 0.000993962
1883 0.000992997
1884 0.000992615
1885 0.00099199
1886 0.000991735
1887 0.000991445
1888 0.000990698
1889 0.000989023
1890 0.000988231
1891 0.000987766
1892 0.000987749
1893 0.000987224
1894 0.00098674
1895 0.000986677
1899 0.000986514
1900 0.000984584
1901 0.000983908
1906 0.000982224
1907 0.000981434
1908 0.000981172
1909 0.000981171
1910 0.000981024
1912 0.000979465
1913 0.000978481
1915 0.000978234
1916 0.000977235
1917 0.000976964
1918 0.000976647
1919 0.000976207
1920 0.000974362
1921 0.000973176
1922 0.000971971
1923 0.000971604
1925 0.000970626
1926 0.000970507
1927 0.000970304
1929 0.000969344
1930 0.000968899
1931 0.000968638
1932 0.000967478
1934 0.000967397
1937 0.000966331
1938 0.000965469
1939 0.000964317
1940 0.000963619
1941 0.000963294
1942 0.000963172
1944 0.00096257
1945 0.000961414
1948 0.000961206
1949 0.000961186
1950 0.000960525
1951 0.000960087
1954 0.000958409
1955 0.000957179
1956 0.000956833
1957 0.000956324
1958 0.000954645
1960 0.00095459
1963 0.000953248
1964 0.000952455
1965 0.000951734
1967 0.000950853
1968 0.000949808
1969 0.000948882
1970 0.000948782
1971 0.000948776
1973 0.000948767
1974 0.000948706
1978 0.000946543
1979 0.000945738
1981 0.000945615
1982 0.000944393
1983 0.000943922
1984 0.000943297
1986 0.000941988
1987 0.000941503
1988 0.000941105
1989 0.000940221
1991 0.000939964
1992 0.000938459
1993 0.000937864
1994 0.000937626
1996 0.000937367
2001 0.000936874
2002 0.000935545
2003 0.000935472
2006 0.000935022
2007 0.000933042
2008 0.000932582
2009 0.000932551
2010 0.00093239
2011 0.000932335
2012 0.000931469
2013 0.000931423
2015 0.000930569
2016 0.000929409
2018 0.000929402
2019 0.000927614
2020 0.000926448
2021 0.000925779
2023 0.000925767
2025 0.00092516
2026 0.000924688
2027 0.000924321
2029 0.000923116
2030 0.000921802
2031 0.00092153
2032 0.000920658
2033 0.000919048
2034 0.000918451
2036 0.000917676
2037 0.000917244
2039 0.000916994
2040 0.000916801
2041 0.000915954
2042 0.000915451
2045 0.000913741
2046 0.000912351
2047 0.000911466
2048 0.000910337
2049 0.000908933
2050 0.000908505
2053 0.000908071
2054 0.000906238
2055 0.00090544
2056 0.000904484
2061 0.000903546
2062 0.000902714
2063 0.000902228
2064 0.000902186
2065 0.000902005
2066 0.000901878
2068 0.0008997
2069 0.000898264
2070 0.000896965
2071 0.000896851
2072 0.000896761
2073 0.000896366
2074 0.000896364
2076 0.000896052
2078 0.000895648
2079 0.000894364
2080 0.000893996
2083 0.000892868
2084 0.000891729
2085 0.00089162
2088 0.000891597
2089 0.000890711
2090 0.000890611
2091 0.000889949
2092 0.000888956
2094 0.000888435
2095 0.000887369
2096 0.000887003
2099 0.000886907
2100 0.000885987
2101 0.000885451
2102 0.000883951
2103 0.000883006
2104 0.000882704
2105 0.000882541
2107 0.000881926
2108 0.00088102
2109 0.000880808
2110 0.000880786
2111 0.000880545
2113 0.000880511
2114 0.000880232
2116 0.000879616
2117 0.000877781
2118 0.000877007
2120 0.000876685
2121 0.000875484
2122 0.000874767
2123 0.000874176
2124 0.000874154
2125 0.000873286
2126 0.000872709
2127 0.000872587
2129 0.000871746
2130 0.000871169
2131 0.000869492
2132 0.000868232
2133 0.000867064
2134 0.000866134
2135 0.000864694
2136 0.000863297
2137 0.00086281
2139 0.000862098
2142 0.00086063
2143 0.000859353
2144 0.000858039
2145 0.000856644
2146 0.000855489
2147 0.000853944
2148 0.000852527
2149 0.000851567
2150 0.000850872
2151 0.000850037
2152 0.000848876
2153 0.000847472
2154 0.000845959
2155 0.00084448
2156 0.000842971
2157 0.000841508
2158 0.000839983
2159 0.000838503
2160 0.000836961
2161 0.000835429
2162 0.000833907
2163 0.000832386
2164 0.000830944
2165 0.000829456
2166 0.000827968
2167 0.000826474
2168 0.000824958
2169 0.000823482
2170 0.000821975
2171 0.000820508
2172 0.000819039
2173 0.00081784
2174 0.000816685
2175 0.000815741
2176 0.000814853
2177 0.000813732
2178 0.000813028
2179 0.000812187
2180 0.000811775
2181 0.000810252
2182 0.000808995
2183 0.000807771
2184 0.000807198
2185 0.000806354
2186 0.000805805
2187 0.000805526
2188 0.000805332
2189 0.000805281
2190 0.00080455
2192 0.000804476
2193 0.000802835
2194 0.000801795
2195 0.000801379
2196 0.000801311
2197 0.000800784
2198 0.000799885
2201 0.000798601
2202 0.000797421
2203 0.000796408
2204 0.000795119
2205 0.000794428
2206 0.00079313
2207 0.000792389
2208 0.000792245
2210 0.000791426
2211 0.000791347
2213 0.000791162
2215 0.000790695
2218 0.000788494
2219 0.000787744
2220 0.000787569
2221 0.000787524
2224 0.000786308
2225 0.000786087
2226 0.000785741
2227 0.000784949
2228 0.000784843
2229 0.000784766
2230 0.000784455
2231 0.000782637
2232 0.000781346
2233 0.000780329
2234 0.000779859
2235 0.000778978
2236 0.000778894
2237 0.000778806
2239 0.000778717
2240 0.000777366
2241 0.000776207
2242 0.000775665
2243 0.000774812
2244 0.000773758
2245 0.000773445
2246 0.000772991
2247 0.000771488
2248 0.000771187
2250 0.000771056
2251 0.000770743
2252 0.000769665
2253 0.000769246
2254 0.000768663
2255 0.000767265
2256 0.000767251
2257 0.000767209
2258 0.000766331
2259 0.000765201
2260 0.000764322
2261 0.000764241
2262 0.000763962
2263 0.00076205
2264 0.000761371
2266 0.000761011
2267 0.000760305
2269 0.000759974
2270 0.000759827
2271 0.000759359
2272 0.000759159
2274 0.000757746
2275 0.000756835
2276 0.000755737
2279 0.00075487
2280 0.000754007
2281 0.000753515
2282 0.000753309
2284 0.000753034
2285 0.000752477
2286 0.000751803
2287 0.000750274
2288 0.000750261
2289 0.000749817
2290 0.000748888
2292 0.000748835
2295 0.000747898
2298 0.000747008
2299 0.000746661
2300 0.00074648
2302 0.000745665
2303 0.000744966
2304 0.000744088
2305 0.000744065
2306 0.000744053
2308 0.00074401
2311 0.000742759
2312 0.000742569
2314 0.000741857
2316 0.000741704
2317 0.000740726
2318 0.00074052
2325 0.000739637
2326 0.000738428
2327 0.000737698
2328 0.000737551
2330 0.000737206
2331 0.000736485
2333 0.00073645
2334 0.000735576
2335 0.000734693
2336 0.000734222
2339 0.000733318
2340 0.000732713
2341 0.000732103
2342 0.000732101
2345 0.0007319
2347 0.000730713
2348 0.000729748
2350 0.00072966
2351 0.000728633
2353 0.000728561
2354 0.000727475
2355 0.000726825
2356 0.000726501
2358 0.000726194
2360 0.00072517
2361 0.00072488
2362 0.000724557
2363 0.000724463
2364 0.000723661
2365 0.000722081
2366 0.000721536
2368 0.000721527
2369 0.000720977
2371 0.000720155
2372 0.000719956
2373 0.000719615
2374 0.000719086
2375 0.00071813
2376 0.000717662
2378 0.00071766
2379 0.000716359
2380 0.000715812
2381 0.000715484
2382 0.000715417
2383 0.00071496
2384 0.000714553
2387 0.000713532
2388 0.000712874
2390 0.000712838
2391 0.000711933
2392 0.000710867
2393 0.000710451
2396 0.000709834
2397 0.000709755
2399 0.000708178
2400 0.000707488
2403 0.000706836
2404 0.000706566
2405 0.000706159
2406 0.000705303
2407 0.000704834
2408 0.000704775
2409 0.000704477
2410 0.000704346
2411 0.000703506
2412 0.000702784
2413 0.000702512
2414 0.000701285
2415 0.000700392
2416 0.000699588
2418 0.000699506
2420 0.000699467
2422 0.000699338
2425 0.000698473
2428 0.000698185
2429 0.000697725
2430 0.000697721
2432 0.000697126
2433 0.000697094
2434 0.000697083
2437 0.000695574
2438 0.000694954
2441 0.000694799
2442 0.000694623
2444 0.000694413
2445 0.000693237
2446 0.000692978
2447 0.000692791
2448 0.000692446
2449 0.000691928
2450 0.000690749
2451 0.000689942
2452 0.000689621
2454 0.000689346
2455 0.000689302
2456 0.00068907
2457 0.000687642
2458 0.000686563
2459 0.000686451
2460 0.000686435
2461 0.000685939
2462 0.000684742
2463 0.000684143
2465 0.000683967
2468 0.0006831
2469 0.000682391
2470 0.000681514
2471 0.000681236
2474 0.000680597
2477 0.000679305
2478 0.000678796
2480 0.000678115
2483 0.000677501
2484 0.000677047
2486 0.000676821
2487 0.000676724
2490 0.000675552
2491 0.000675076
2492 0.000674979
2494 0.000674782
2497 0.000673487
2498 0.000672702
2500 0.000672683
2501 0.000672341
2504 0.000671153
2505 0.00067013
2506 0.000669645
2508 0.000669563
2509 0.000669252
2510 0.000668266
2511 0.000667623
2513 0.000667552
2515 0.000667441
2516 0.000666622
2517 0.000666319
2520 0.000664875
2521 0.000663985
2522 0.000663778
2523 0.000663688
2525 0.000663616
2526 0.000663462
2528 0.000662458
2529 0.000661979
2531 0.000661722
2532 0.000661362
2533 0.000660335
2535 0.000660202
2536 0.000659052
2537 0.000658485
2538 0.000658452
2540 0.000658044
2542 0.000657455
2545 0.000656349
2547 0.000656181
2549 0.000655936
2550 0.000655264
2551 0.000655161
2553 0.000655033
2554 0.000654929
2555 0.000654858
2557 0.000654565
2558 0.000654105
2559 0.000652502
2560 0.000652337
2561 0.000652139
2564 0.000651125
2565 0.000650838
2567 0.000650357
2568 0.000650248
2571 0.000649384
2572 0.000648293
2573 0.000647989
2575 0.000647911
2577 0.000647875
2578 0.000647763
2579 0.000647498
2581 0.000647388
2582 0.000646566
2586 0.000646151
2587 0.00064557
2588 0.000645302
2590 0.00064529
2592 0.00064515
2595 0.000643802
2596 0.000643519
2597 0.000643409
2599 0.000642902
2600 0.000641995
2601 0.000641705
2604 0.0006417
2605 0.000641506
2607 0.000640204
2608 0.000639825
2610 0.00063982
2611 0.000639533
2614 0.000638101
2615 0.000637099
2616 0.000636657
2617 0.000636451
2619 0.000635968
2620 0.000635284
2624 0.000635158
2625 0.000633991
2627 0.00063395
2631 0.000632893
2632 0.000632757
2633 0.000632681
2634 0.000632064
2635 0.000632041
2636 0.000631945
2637 0.000631669
2638 0.000630069
2639 0.000629505
2640 0.000629392
2644 0.000629259
2647 0.000628743
2648 0.00062868
2649 0.000628528
2650 0.00062805
2652 0.000627487
2653 0.000626442
2654 0.00062601
2656 0.000625325
2657 0.000624803
2658 0.000624204
2659 0.000623828
2660 0.00062216
2661 0.000620941
2662 0.000619944
2663 0.000619141
2664 0.000618743
2666 0.000618735
2669 0.000618127
2670 0.000617873
2672 0.000617176
2675 0.000616459
2677 0.000616412
2678 0.000615769
2679 0.000615768
2680 0.000615477
2681 0.000615453
2682 0.000614569
2683 0.000613588
2685 0.000613346
2686 0.000612666
2687 0.000611435
2688 0.000610242
2689 0.000609073
2690 0.000608104
2691 0.000607008
2692 0.000606223
2693 0.000605109
2694 0.000603918
2695 0.000602752
2696 0.000601551
2697 0.000600356
2698 0.000599168
2699 0.000597976
2700 0.000596853
2701 0.000595678
2702 0.000594557
2703 0.000593381
2704 0.000592212
2705 0.000591078
2706 0.000589961
2707 0.00058885
2708 0.000587752
2709 0.000586661
2710 0.000585539
2711 0.000584562
2712 0.00058361
2713 0.000582456
2714 0.000581349
2715 0.000580289
2716 0.000579247
2717 0.000578108
2718 0.000577008
2719 0.000575904
2720 0.000574884
2721 0.000574369
2722 0.000573786
2723 0.00057355
2725 0.000572789
2726 0.000571723
2727 0.00057071
2728 0.000569611
2729 0.000568618
2730 0.000567884
2731 0.000566903
2732 0.000566159
2733 0.000565575
2734 0.000565172
2736 0.000564816
2737 0.000564552
2738 0.000563623
2739 0.000562486
2740 0.000561628
2741 0.000561195
2742 0.000561134
2743 0.00056093
2744 0.000560818
2746 0.000560281
2747 0.000559849
2748 0.000559043
2749 0.000558974
2750 0.000558581
2751 0.000558098
2753 0.000557446
2754 0.000557235
2756 0.000556713
2757 0.000556374
2758 0.000556305
2759 0.000555418
2760 0.000554785
2761 0.000554509
2763 0.000554327
2764 0.000553286
2765 0.000552514
2766 0.00055234
2770 0.000552267
2775 0.000550897
2777 0.000550175
2778 0.000550001
2781 0.000549983
2782 0.000549195
2784 0.000549088
2787 0.000548541
2788 0.000548294
2790 0.000548257
