1 2323920.0
8 1605930.0
9 1091740.0
10 860183.0
11 697326.0
12 552541.0
13 418931.0
14 295201.0
15 184585.0
16 104299.0
17 65350.8
18 41160.6
19 39653.7
20 18285.7
21 8528.61
22 7130.47
23 1661.58
24 656.994
25 655.742
26 408.922
29 332.659
32 183.484
33 177.947
35 62.958
36 26.5328
37 23.5795
40 22.2764
41 11.2457
44 8.87881
45 7.59631
46 7.01122
47 6.4181
51 5.0799
52 4.50349
55 3.47967
56 2.3668
57 1.92431
59 1.16339
60 0.811447
67 0.531631
68 0.416494
74 0.329152
75 0.26912
77 0.263895
78 0.25534
80 0.253864
83 0.203241
84 0.182496
86 0.178283
87 0.167523
88 0.166317
89 0.162368
91 0.141243
92 0.132052
94 0.131166
96 0.126355
97 0.12602
99 0.11736
100 0.115153
101 0.11127
102 0.100367
103 0.0956145
104 0.0950683
105 0.0903916
106 0.0839779
107 0.0807202
108 0.0782235
109 0.0755608
111 0.0740343
112 0.0693606
114 0.0689327
116 0.0666348
119 0.0647104
120 0.0624889
121 0.06051
123 0.0601439
124 0.0592265
125 0.0585611
126 0.0579198
127 0.0565808
130 0.0552165
131 0.054559
133 0.0538876
135 0.0527196
136 0.051173
140 0.050288
141 0.0498531
142 0.049664
144 0.0486841
145 0.047877
146 0.0470102
147 0.0462237
148 0.0460468
149 0.0455792
150 0.0454882
152 0.0443845
153 0.0437346
155 0.0435506
156 0.0429065
158 0.0427366
159 0.0419429
160 0.0413033
161 0.0405701
162 0.0398981
163 0.0395253
164 0.0391156
165 0.038517
166 0.0377724
167 0.0370716
168 0.0366908
169 0.0363717
170 0.0358307
171 0.0352247
172 0.0349307
173 0.0343666
174 0.0337951
175 0.033311
176 0.0330613
179 0.0327396
180 0.0321374
181 0.0317554
184 0.0314238
185 0.0313131
187 0.0309835
189 0.0304057
190 0.0303605
192 0.0301336
193 0.029675
194 0.0290589
195 0.0286436
196 0.0282337
197 0.0278113
198 0.0275515
199 0.0272924
200 0.0269807
201 0.0268808
202 0.0264808
203 0.0261182
204 0.0257473
205 0.0257173
207 0.0251929
210 0.0247278
211 0.0244239
212 0.0242669
215 0.0238297
216 0.0236775
217 0.0232455
218 0.0229193
219 0.0227414
221 0.0225679
222 0.0223123
223 0.0220748
224 0.0220192
225 0.0219256
227 0.0218211
228 0.0214405
229 0.0212613
231 0.0212023
232 0.0210151
234 0.0209849
236 0.0207905
237 0.0207724
239 0.0206744
241 0.0206504
242 0.0204584
243 0.0203477
244 0.0201813
245 0.0200611
248 0.0200234
249 0.0198246
250 0.0198095
251 0.0198017
252 0.0196519
253 0.0194995
254 0.0193632
255 0.0192734
256 0.0192387
258 0.0192
259 0.0190376
260 0.0188729
261 0.0187993
262 0.0187123
263 0.0186811
265 0.0186476
266 0.0185741
267 0.0184363
270 0.0183658
271 0.0182918
272 0.0181997
273 0.0181456
275 0.0179771
276 0.0178396
277 0.0176931
278 0.0175594
279 0.0174266
280 0.0172887
281 0.0172172
282 0.0170699
283 0.0169364
284 0.0168178
285 0.0167153
286 0.0165875
287 0.0165499
288 0.0165378
289 0.0165093
290 0.0164313
292 0.0163639
293 0.0162862
294 0.0162761
297 0.0162684
298 0.0161747
299 0.0160785
301 0.0159921
302 0.0158748
303 0.0157699
304 0.0156652
305 0.0155691
306 0.0155111
307 0.015431
308 0.0153628
310 0.015351
311 0.0153221
313 0.0152926
315 0.0152269
316 0.0151981
317 0.0151607
318 0.0151462
319 0.0151068
322 0.0150571
323 0.0150226
324 0.0150009
327 0.0149549
328 0.0149307
329 0.0149215
330 0.0149105
333 0.0148665
334 0.0148346
337 0.0148072
338 0.0147768
339 0.0147708
340 0.014755
341 0.0147254
342 0.0146907
343 0.0146528
344 0.0146143
345 0.0145806
346 0.0145512
347 0.01453
350 0.014489
351 0.0144719
354 0.0144588
356 0.0144411
357 0.0144153
358 0.0143715
359 0.0143465
360 0.0143054
361 0.0142652
362 0.0142255
363 0.01419
364 0.0141526
365 0.0141176
366 0.0140924
367 0.01407
368 0.0140322
369 0.0139962
370 0.0139664
371 0.0139427
372 0.013903
373 0.013879
374 0.0138441
375 0.0138137
376 0.0137904
377 0.0137789
378 0.0137455
379 0.0137181
380 0.0137022
381 0.0136674
382 0.0136508
383 0.0136406
386 0.0136148
389 0.0135898
390 0.0135757
394 0.0135688
396 0.0135483
397 0.0135259
398 0.0135089
399 0.0134965
404 0.0134749
406 0.0134587
409 0.0134423
413 0.0134207
416 0.0133921
417 0.0133738
418 0.0133489
419 0.0133345
420 0.0133143
421 0.0133072
423 0.0132839
424 0.0132711
425 0.0132605
426 0.0132518
427 0.0132303
428 0.0132025
429 0.0131885
430 0.0131661
431 0.0131492
432 0.0131355
435 0.0131247
436 0.013101
437 0.0130918
439 0.0130827
440 0.0130608
441 0.0130456
442 0.0130369
443 0.0130178
444 0.0130129
447 0.012986
448 0.0129802
450 0.0129677
451 0.0129645
453 0.0129553
455 0.0129385
456 0.0129169
457 0.0128986
458 0.012882
459 0.0128699
460 0.0128538
461 0.0128418
462 0.0128368
463 0.0128174
464 0.0127967
465 0.0127802
466 0.0127731
467 0.0127647
468 0.0127632
469 0.0127589
471 0.0127517
472 0.0127354
473 0.0127315
474 0.0127133
475 0.0126999
476 0.0126918
478 0.0126858
480 0.0126842
483 0.0126803
484 0.0126737
485 0.0126662
486 0.012658
487 0.0126496
488 0.0126413
489 0.0126324
490 0.0126255
491 0.0126183
492 0.0126106
493 0.0126024
494 0.0125946
495 0.0125872
496 0.0125788
497 0.0125709
498 0.0125642
499 0.0125632
501 0.0125529
502 0.0125469
503 0.0125463
506 0.0125423
507 0.0125418
508 0.0125389
509 0.0125346
510 0.0125277
511 0.0125222
512 0.0125133
513 0.0125043
514 0.0124958
515 0.0124875
516 0.0124812
517 0.0124732
518 0.0124654
519 0.0124576
520 0.0124496
521 0.0124453
522 0.0124431
523 0.0124427
524 0.0124346
525 0.0124271
526 0.0124191
527 0.0124121
528 0.0124053
529 0.0123987
530 0.0123935
531 0.0123894
532 0.0123859
533 0.0123784
534 0.012372
535 0.012365
536 0.0123608
537 0.0123557
538 0.0123542
539 0.0123532
540 0.0123459
541 0.0123398
542 0.0123326
543 0.0123266
544 0.0123205
546 0.0123198
547 0.0123154
548 0.0123103
549 0.0123067
552 0.0122986
553 0.0122957
554 0.012293
555 0.0122916
556 0.01229
557 0.012286
558 0.0122794
559 0.0122728
560 0.0122689
561 0.0122685
563 0.01226
564 0.012259
565 0.012257
566 0.0122501
568 0.0122487
569 0.0122468
570 0.0122411
571 0.0122361
572 0.0122339
573 0.0122301
576 0.0122222
579 0.0122191
580 0.0122127
581 0.0122105
582 0.0122086
583 0.0122068
584 0.0122034
585 0.0121934
586 0.0121897
588 0.0121886
589 0.0121884
590 0.0121875
591 0.012186
592 0.0121848
595 0.0121843
596 0.0121801
597 0.0121778
598 0.0121776
599 0.0121765
600 0.0121738
601 0.0121724
602 0.0121718
604 0.0121688
605 0.0121659
606 0.0121633
607 0.0121608
608 0.0121599
609 0.0121582
610 0.0121547
611 0.0121517
612 0.012149
613 0.0121464
614 0.0121434
615 0.0121405
616 0.0121375
617 0.0121357
618 0.0121341
619 0.0121321
620 0.01213
621 0.0121273
622 0.0121251
623 0.0121225
624 0.0121203
625 0.0121179
626 0.0121159
627 0.0121135
629 0.0121134
630 0.0121103
631 0.0121083
632 0.0121072
635 0.0121045
636 0.0121029
637 0.0121004
638 0.0120986
639 0.0120956
640 0.0120934
641 0.0120907
642 0.012088
643 0.0120852
644 0.0120825
645 0.0120802
646 0.0120772
647 0.0120743
648 0.0120714
649 0.0120685
650 0.0120657
651 0.012063
652 0.0120605
653 0.012058
654 0.0120552
655 0.0120524
656 0.0120495
657 0.0120467
658 0.0120439
659 0.0120411
660 0.0120398
661 0.0120389
662 0.0120378
663 0.0120347
664 0.0120321
665 0.0120297
666 0.012027
667 0.0120243
668 0.0120216
669 0.0120189
670 0.0120165
671 0.0120143
672 0.0120119
673 0.0120102
674 0.0120078
675 0.0120053
676 0.0120025
677 0.0119998
678 0.0119974
679 0.0119947
680 0.011992
681 0.0119893
682 0.0119871
683 0.0119849
684 0.0119834
685 0.0119813
686 0.0119783
687 0.0119756
688 0.0119729
689 0.0119705
690 0.0119685
691 0.0119667
692 0.0119652
693 0.0119649
694 0.0119646
695 0.0119618
696 0.0119589
697 0.0119562
698 0.0119534
699 0.0119507
700 0.011948
701 0.0119453
702 0.0119426
703 0.0119399
704 0.0119372
705 0.0119346
706 0.011932
707 0.0119293
708 0.0119266
709 0.0119239
710 0.0119213
711 0.011919
712 0.0119168
713 0.0119144
714 0.0119117
715 0.011909
716 0.0119063
717 0.0119037
718 0.011901
719 0.0118983
720 0.0118958
721 0.0118931
722 0.0118905
723 0.0118881
724 0.0118864
725 0.0118842
726 0.0118814
727 0.0118787
728 0.011876
729 0.0118734
730 0.0118717
731 0.0118694
732 0.0118669
733 0.0118642
734 0.0118616
735 0.011859
736 0.0118563
737 0.0118537
738 0.0118515
739 0.0118496
740 0.0118471
741 0.0118444
742 0.0118418
743 0.0118393
744 0.0118367
745 0.0118343
746 0.0118317
747 0.0118299
748 0.0118275
749 0.0118251
750 0.0118224
751 0.0118197
752 0.011817
753 0.0118144
754 0.0118128
755 0.0118112
756 0.0118089
757 0.0118061
758 0.0118033
759 0.0118007
760 0.0117983
761 0.0117957
762 0.0117933
763 0.0117907
764 0.0117886
765 0.0117871
766 0.0117854
767 0.0117837
768 0.0117812
769 0.0117798
770 0.0117777
771 0.0117757
772 0.0117739
774 0.0117738
775 0.0117709
776 0.0117696
777 0.0117679
778 0.0117675
780 0.0117651
781 0.0117634
782 0.0117608
783 0.0117595
784 0.0117578
785 0.0117554
786 0.0117532
787 0.0117522
788 0.0117498
789 0.0117469
790 0.0117444
791 0.0117419
792 0.0117397
793 0.0117371
794 0.011735
795 0.0117327
796 0.0117302
797 0.0117277
798 0.0117256
799 0.0117228
800 0.0117204
801 0.0117182
802 0.0117155
803 0.0117129
804 0.0117104
805 0.0117079
806 0.0117057
807 0.0117034
808 0.0117013
809 0.0116988
810 0.0116962
811 0.0116938
812 0.0116925
813 0.0116899
814 0.0116887
815 0.0116873
816 0.0116867
817 0.0116843
818 0.011683
819 0.0116799
820 0.0116771
821 0.0116747
822 0.0116722
823 0.01167
824 0.0116681
825 0.0116669
826 0.0116658
827 0.0116645
828 0.0116616
829 0.011659
830 0.0116563
831 0.0116539
832 0.0116512
833 0.0116487
834 0.0116461
835 0.0116435
836 0.0116409
837 0.0116384
838 0.0116362
839 0.0116349
842 0.0116341
843 0.0116313
844 0.0116287
845 0.0116263
846 0.011624
847 0.0116222
848 0.0116199
849 0.0116176
850 0.0116155
851 0.0116134
852 0.0116116
853 0.0116088
854 0.0116064
855 0.011604
856 0.0116018
857 0.0115997
858 0.0115975
859 0.0115956
862 0.0115932
863 0.0115909
864 0.0115885
865 0.0115868
866 0.0115851
867 0.011583
868 0.0115807
869 0.0115781
870 0.0115759
871 0.0115739
872 0.011573
873 0.0115729
875 0.0115708
876 0.011568
877 0.0115654
878 0.011563
879 0.0115623
880 0.0115601
881 0.0115577
882 0.0115551
883 0.0115525
884 0.01155
885 0.0115475
886 0.011545
887 0.0115426
888 0.0115402
889 0.0115376
890 0.011535
891 0.0115325
892 0.01153
893 0.0115274
894 0.0115249
895 0.0115224
896 0.01152
897 0.0115175
898 0.0115151
899 0.0115126
900 0.0115106
901 0.0115088
902 0.0115072
903 0.0115055
904 0.011503
905 0.0115005
906 0.0114979
907 0.0114955
908 0.011493
909 0.0114904
910 0.0114881
911 0.0114856
912 0.011483
913 0.0114806
914 0.011478
915 0.0114757
916 0.0114732
917 0.0114707
918 0.0114682
919 0.0114658
920 0.0114632
921 0.0114607
922 0.0114582
923 0.0114561
924 0.0114546
927 0.0114525
928 0.0114501
929 0.011448
930 0.0114469
933 0.011446
934 0.0114439
935 0.0114416
936 0.01144
939 0.0114376
940 0.0114372
941 0.011437
942 0.0114353
943 0.011435
944 0.011432
945 0.01143
946 0.0114277
947 0.0114266
948 0.0114241
949 0.0114216
950 0.0114192
951 0.0114168
952 0.0114143
953 0.0114119
954 0.0114094
955 0.0114069
956 0.0114044
957 0.0114019
958 0.0113995
959 0.011399
961 0.0113967
962 0.0113942
963 0.0113917
964 0.0113893
965 0.0113878
966 0.0113854
967 0.0113828
968 0.0113804
969 0.0113781
970 0.0113757
971 0.0113735
972 0.0113711
973 0.0113688
974 0.0113665
975 0.0113644
976 0.0113622
977 0.0113598
978 0.0113574
979 0.0113551
980 0.0113527
981 0.0113505
982 0.0113482
983 0.0113461
984 0.0113439
985 0.0113416
986 0.0113395
987 0.0113373
988 0.0113353
989 0.0113335
990 0.0113311
991 0.0113287
992 0.0113263
993 0.0113252
994 0.0113227
995 0.0113202
996 0.0113179
997 0.0113159
998 0.0113138
999 0.0113118
1000 0.0113103
1001 0.0113085
1002 0.0113061
1003 0.0113038
1004 0.0113016
1005 0.0112992
1006 0.011297
1007 0.0112946
1008 0.0112922
1009 0.0112898
1010 0.0112875
1011 0.0112855
1012 0.011284
1013 0.0112825
1014 0.0112807
1015 0.0112782
1016 0.011276
1017 0.0112742
1018 0.011272
1019 0.0112696
1020 0.0112672
1021 0.0112649
1022 0.0112637
1023 0.0112621
1024 0.0112602
1025 0.0112582
1026 0.0112564
1027 0.0112552
1028 0.0112531
1030 0.0112528
1031 0.0112508
1032 0.01125
1033 0.0112499
1034 0.0112496
1035 0.0112487
1038 0.0112456
1039 0.0112433
1040 0.0112412
1041 0.011239
1042 0.0112376
1043 0.0112358
1044 0.0112343
1045 0.0112336
1046 0.0112307
1047 0.0112284
1048 0.0112273
1049 0.0112268
1053 0.0112242
1054 0.0112225
1056 0.0112223
1057 0.0112202
1058 0.0112192
1059 0.0112187
1060 0.011218
1061 0.0112161
1062 0.0112147
1063 0.0112135
1064 0.0112108
1065 0.0112092
1066 0.0112074
1067 0.0112055
1068 0.0112037
1069 0.0112017
1070 0.0112016
1072 0.0111986
1073 0.0111961
1074 0.0111945
1075 0.0111923
1076 0.0111902
1077 0.0111882
1078 0.0111862
1079 0.0111845
1080 0.0111828
1081 0.0111809
1082 0.0111783
1083 0.011176
1084 0.0111738
1085 0.0111718
1086 0.0111697
1087 0.0111682
1088 0.0111658
1089 0.0111635
1090 0.0111615
1091 0.0111595
1092 0.0111581
1093 0.0111573
1094 0.0111571
1096 0.0111549
1097 0.0111544
1098 0.0111512
1099 0.0111494
1100 0.0111489
1101 0.0111481
1102 0.011147
1103 0.0111457
1104 0.0111433
1105 0.0111411
1106 0.0111389
1107 0.0111367
1108 0.0111343
1109 0.011132
1110 0.0111297
1111 0.0111274
1112 0.0111255
1113 0.0111237
1114 0.0111218
1115 0.0111196
1116 0.0111173
1117 0.0111149
1118 0.0111124
1119 0.0111102
1120 0.0111096
1121 0.0111092
1122 0.0111091
1123 0.0111083
1125 0.0111059
1126 0.0111037
1127 0.0111021
1128 0.0110998
1129 0.0110976
1130 0.0110954
1131 0.0110933
1132 0.0110917
1133 0.0110906
1136 0.0110884
1137 0.0110861
1138 0.0110838
1139 0.0110817
1140 0.0110796
1141 0.0110775
1142 0.011076
1143 0.0110742
1144 0.0110733
1145 0.0110717
1146 0.0110712
1147 0.0110708
1148 0.0110685
1149 0.0110666
1150 0.0110644
1151 0.0110624
1152 0.0110605
1153 0.0110584
1154 0.0110567
1155 0.011055
1156 0.0110545
1157 0.0110522
1158 0.0110501
1159 0.0110479
1160 0.0110458
1161 0.0110435
1162 0.0110413
1163 0.0110399
1164 0.0110389
1165 0.0110382
1166 0.0110366
1167 0.0110349
1168 0.0110325
1169 0.0110303
1170 0.0110285
1171 0.0110274
1172 0.0110272
1173 0.011026
1174 0.0110259
1176 0.0110236
1177 0.0110226
1179 0.011022
1180 0.0110199
1181 0.0110196
1183 0.0110182
1184 0.011016
1185 0.0110147
1186 0.0110123
1187 0.01101
1188 0.011008
1189 0.011006
1190 0.0110038
1191 0.0110016
1192 0.0109994
1193 0.0109972
1194 0.010995
1195 0.0109927
1196 0.0109907
1197 0.0109885
1198 0.0109863
1199 0.0109844
1200 0.0109828
1201 0.0109809
1202 0.0109793
1203 0.0109767
1204 0.0109747
1205 0.0109742
1207 0.0109741
1210 0.0109717
1211 0.0109706
1212 0.010969
1215 0.0109668
1216 0.0109654
1217 0.0109637
1220 0.0109617
1221 0.010961
1222 0.0109607
1223 0.0109605
1225 0.0109598
1226 0.0109579
1227 0.0109573
1230 0.0109549
1231 0.0109544
1232 0.0109543
1233 0.0109523
1234 0.0109509
1235 0.0109494
1237 0.0109493
1238 0.0109472
1239 0.0109468
1240 0.0109464
1242 0.0109457
1243 0.0109438
1244 0.0109432
1245 0.0109426
1246 0.01094
1249 0.0109381
1250 0.010937
1251 0.0109351
1252 0.0109337
1253 0.0109329
1254 0.0109313
1257 0.01093
1258 0.010928
1259 0.0109273
1262 0.0109252
1263 0.0109237
1264 0.0109227
1265 0.0109211
1266 0.0109189
1267 0.0109174
1268 0.010915
1269 0.0109126
1270 0.0109104
1271 0.0109082
1272 0.0109061
1273 0.0109039
1274 0.0109018
1275 0.0109
1276 0.0108978
1277 0.0108955
1278 0.0108934
1279 0.0108912
1280 0.010889
1281 0.0108869
1282 0.0108847
1283 0.0108825
1284 0.0108804
1285 0.0108782
1286 0.010876
1287 0.0108739
1288 0.0108719
1289 0.0108699
1290 0.0108679
1291 0.0108658
1292 0.0108638
1293 0.0108618
1294 0.0108599
1295 0.0108579
1296 0.010856
1297 0.0108544
1298 0.0108535
1299 0.0108514
1300 0.0108491
1301 0.0108477
1302 0.0108466
1303 0.0108453
1304 0.0108452
1306 0.010844
1307 0.0108414
1308 0.0108398
1311 0.010838
1312 0.0108367
1313 0.0108355
1314 0.010834
1315 0.0108325
1316 0.0108317
1317 0.0108308
1318 0.0108304
1320 0.0108271
1321 0.0108253
1322 0.0108247
1323 0.0108237
1324 0.0108225
1325 0.0108204
1326 0.0108194
1327 0.0108183
1328 0.0108159
1329 0.0108141
1330 0.0108133
1331 0.010812
1333 0.0108119
1334 0.0108098
1335 0.0108088
1339 0.010808
1340 0.0108065
1341 0.0108062
1343 0.0108047
1344 0.0108034
1345 0.0108025
1346 0.0108003
1347 0.0107987
1348 0.0107978
1349 0.0107962
1350 0.0107959
1352 0.0107951
1353 0.0107927
1354 0.0107906
1355 0.0107887
1356 0.0107871
1357 0.0107853
1358 0.0107846
1359 0.0107837
1360 0.0107828
1361 0.0107823
1362 0.0107801
1363 0.010778
1364 0.0107765
1365 0.0107746
1366 0.0107742
1367 0.0107725
1368 0.0107712
1369 0.01077
1370 0.0107683
1371 0.0107669
1372 0.0107658
1373 0.0107637
1374 0.0107629
1375 0.0107615
1376 0.0107598
1377 0.0107579
1378 0.0107563
1379 0.0107561
1380 0.0107553
1381 0.010753
1382 0.0107522
1383 0.0107508
1384 0.0107492
1385 0.0107479
1386 0.0107459
1387 0.0107457
1388 0.0107455
1389 0.0107431
1390 0.0107409
1391 0.0107389
1392 0.0107369
1393 0.0107348
1394 0.0107328
1395 0.010731
1396 0.0107294
1397 0.0107284
1398 0.0107277
1399 0.0107255
1400 0.0107235
1401 0.0107216
1402 0.0107202
1403 0.0107193
1404 0.0107179
1405 0.010717
1407 0.0107162
1408 0.010714
1411 0.0107138
1412 0.0107131
1413 0.010711
1414 0.0107098
1415 0.0107076
1416 0.0107056
1417 0.0107036
1418 0.0107018
1419 0.0106998
1420 0.0106978
1421 0.0106961
1422 0.0106943
1423 0.0106926
1424 0.0106914
1425 0.0106895
1426 0.0106878
1427 0.0106859
1428 0.0106843
1429 0.0106831
1430 0.0106809
1431 0.0106793
1432 0.0106777
1433 0.0106775
1434 0.0106768
1435 0.0106753
1437 0.0106749
1438 0.0106731
1439 0.0106728
1440 0.0106706
1441 0.0106705
1443 0.0106682
1444 0.0106663
1445 0.0106644
1446 0.010663
1447 0.0106622
1448 0.0106599
1449 0.0106578
1450 0.0106557
1451 0.0106537
1452 0.0106517
1453 0.0106497
1454 0.0106475
1455 0.0106456
1456 0.010644
1457 0.010642
1458 0.0106399
1459 0.0106378
1460 0.0106357
1461 0.0106336
1462 0.0106316
1463 0.0106305
1464 0.0106304
1465 0.0106301
1466 0.0106289
1467 0.0106284
1468 0.0106277
1469 0.0106261
1471 0.0106257
1472 0.0106244
1473 0.0106235
1474 0.0106232
1475 0.0106231
1478 0.010621
1479 0.0106193
1480 0.0106188
1481 0.010618
1486 0.0106156
1487 0.0106146
1490 0.0106126
1491 0.0106121
1492 0.010611
1493 0.0106093
1494 0.0106072
1495 0.0106053
1496 0.0106033
1497 0.0106014
1498 0.0105994
1499 0.0105974
1500 0.0105954
1501 0.0105934
1502 0.0105913
1503 0.0105893
1504 0.0105873
1505 0.0105853
1506 0.0105833
1507 0.0105815
1508 0.0105795
1509 0.0105777
1510 0.0105758
1511 0.0105737
1512 0.0105717
1513 0.0105697
1514 0.0105677
1515 0.0105657
1516 0.0105645
1517 0.0105635
1518 0.0105632
1519 0.0105631
1520 0.0105609
1521 0.0105589
1522 0.0105575
1523 0.0105568
1524 0.0105565
1527 0.0105558
1528 0.0105537
1529 0.0105518
1530 0.01055
1531 0.0105488
1532 0.0105472
1533 0.0105457
1534 0.0105444
1535 0.0105425
1536 0.0105406
1537 0.0105387
1538 0.0105369
1539 0.0105367
1541 0.0105351
1542 0.0105338
1543 0.0105324
1544 0.0105311
1546 0.0105303
1547 0.0105293
1548 0.0105282
1549 0.0105271
1550 0.0105258
1551 0.0105254
1552 0.0105252
1553 0.0105243
1554 0.010522
1555 0.0105204
1556 0.010519
1557 0.0105183
1558 0.0105172
1559 0.010516
1560 0.0105138
1561 0.0105122
1562 0.0105107
1563 0.01051
1564 0.010509
1565 0.0105087
1567 0.0105062
1568 0.0105056
1569 0.0105054
1572 0.0105047
1573 0.0105026
1574 0.0105009
1575 0.0104991
1576 0.0104985
1578 0.0104983
1579 0.0104961
1580 0.0104944
1581 0.0104937
1582 0.0104927
1583 0.0104924
1584 0.0104912
1585 0.0104903
1586 0.0104882
1587 0.0104871
1588 0.0104869
1591 0.0104864
1592 0.0104844
1593 0.0104833
1595 0.0104829
1596 0.0104815
1597 0.0104805
1598 0.0104803
1600 0.0104783
1601 0.0104777
1602 0.0104763
1603 0.0104752
1605 0.0104747
1606 0.010473
1607 0.0104715
1608 0.0104697
1609 0.0104688
1610 0.0104669
1611 0.0104652
1612 0.0104636
1613 0.0104623
1614 0.0104605
1615 0.0104588
1616 0.0104573
1617 0.0104556
1618 0.0104548
1619 0.0104536
1620 0.0104535
1621 0.0104533
1622 0.0104508
1623 0.0104491
1624 0.0104487
1625 0.0104473
1627 0.010447
1628 0.010446
1629 0.0104441
1630 0.0104434
1631 0.0104412
1632 0.0104396
1633 0.0104383
1634 0.0104373
1635 0.0104357
1636 0.0104337
1637 0.0104318
1638 0.0104299
1639 0.0104279
1640 0.010426
1641 0.0104241
1642 0.0104222
1643 0.0104205
1644 0.0104186
1645 0.0104168
1646 0.0104149
1647 0.0104129
1648 0.0104115
1649 0.0104095
1650 0.0104076
1651 0.0104057
1652 0.0104039
1653 0.0104023
1654 0.0104006
1655 0.0103988
1656 0.010397
1657 0.0103951
1658 0.0103932
1659 0.0103913
1660 0.0103896
1661 0.0103878
1662 0.0103863
1663 0.0103844
1664 0.0103825
1665 0.0103807
1666 0.0103788
1667 0.010377
1668 0.0103757
1669 0.0103741
1670 0.0103735
1671 0.0103721
1672 0.0103707
1673 0.0103698
1674 0.0103684
1675 0.0103677
1676 0.0103656
1677 0.010364
1678 0.0103624
1679 0.0103612
1680 0.0103597
1681 0.0103584
1682 0.0103578
1683 0.0103561
1684 0.0103545
1685 0.010354
1687 0.0103535
1688 0.0103517
1690 0.0103514
1691 0.0103499
1692 0.0103487
1695 0.0103486
1696 0.0103485
1697 0.0103465
1698 0.0103458
1701 0.0103439
1702 0.0103428
1703 0.0103416
1704 0.0103406
1706 0.01034
1707 0.0103384
1708 0.0103381
1709 0.010338
1711 0.0103371
1712 0.0103353
1713 0.0103346
1714 0.0103344
1715 0.0103334
1716 0.0103315
1717 0.0103307
1718 0.01033
1719 0.0103298
1720 0.0103286
1722 0.0103281
1723 0.0103261
1726 0.0103249
1727 0.010324
1728 0.0103225
1729 0.0103222
1730 0.0103202
1731 0.0103185
1732 0.010317
1733 0.0103156
1734 0.0103141
1735 0.0103127
1736 0.0103114
1737 0.01031
1738 0.0103088
1739 0.0103075
1740 0.0103062
1741 0.0103052
1743 0.0103048
1744 0.0103032
1745 0.0103027
1746 0.0103017
1748 0.0103006
1749 0.0102997
1750 0.0102981
1751 0.0102966
1752 0.0102961
1754 0.010295
1755 0.0102935
1756 0.0102927
1757 0.0102908
1758 0.0102889
1759 0.010287
1760 0.0102851
1761 0.0102832
1762 0.0102814
1763 0.0102796
1764 0.0102777
1765 0.0102759
1766 0.010274
1767 0.0102723
1768 0.0102705
1769 0.0102687
1770 0.0102677
1771 0.0102672
1773 0.010267
1774 0.0102663
1775 0.0102646
1776 0.0102633
1777 0.0102627
1778 0.0102617
1781 0.0102598
1782 0.0102589
1785 0.0102572
1786 0.0102567
1787 0.0102564
1788 0.0102562
1789 0.0102547
1790 0.010253
1791 0.0102512
1792 0.0102497
1793 0.0102486
1794 0.0102485
1795 0.0102482
1797 0.0102481
1798 0.0102466
1799 0.0102462
1800 0.0102451
1801 0.0102435
1802 0.0102422
1803 0.0102417
1804 0.0102415
1805 0.0102404
1806 0.0102398
1809 0.010238
1810 0.0102368
1813 0.010235
1814 0.0102339
1815 0.0102335
1817 0.0102319
1818 0.0102307
1819 0.010229
1820 0.0102276
1821 0.0102259
1822 0.0102246
1823 0.0102227
1824 0.010221
1825 0.0102194
1826 0.0102176
1827 0.0102159
1828 0.0102143
1829 0.0102128
1830 0.0102112
1831 0.0102095
1832 0.0102079
1833 0.0102067
1834 0.0102049
1835 0.0102033
1836 0.0102018
1837 0.0102005
1838 0.0101984
1839 0.0101969
1840 0.0101961
1842 0.0101956
1845 0.0101941
1846 0.010194
1848 0.0101929
1849 0.010191
1850 0.01019
1851 0.0101897
1853 0.0101887
1854 0.0101877
1855 0.0101858
1856 0.0101843
1857 0.0101831
1858 0.0101825
1860 0.0101817
1861 0.010181
1863 0.0101796
1865 0.0101789
1866 0.0101782
1867 0.0101767
1868 0.0101759
1869 0.0101743
1870 0.0101728
1871 0.0101715
1872 0.0101701
1873 0.0101689
1874 0.0101673
1875 0.0101655
1876 0.0101637
1877 0.010162
1878 0.0101602
1879 0.0101585
1880 0.0101571
1881 0.0101553
1882 0.0101536
1883 0.010152
1884 0.0101506
1885 0.0101498
1888 0.0101484
1889 0.0101479
1890 0.0101472
1891 0.0101467
1894 0.0101445
1895 0.0101437
1896 0.0101426
1898 0.0101423
1899 0.010141
1900 0.0101404
1901 0.0101396
1904 0.0101378
1905 0.0101371
1906 0.0101369
1907 0.0101368
1908 0.0101359
1909 0.0101344
1910 0.0101328
1911 0.0101314
1912 0.0101298
1913 0.0101281
1914 0.0101264
1915 0.0101246
1916 0.010123
1917 0.0101214
1918 0.0101197
1919 0.0101179
1920 0.0101162
1921 0.0101145
1922 0.010113
1923 0.0101112
1924 0.0101097
1925 0.0101079
1926 0.0101062
1927 0.0101045
1928 0.0101031
1929 0.0101014
1930 0.0100997
1931 0.0100979
1932 0.0100966
1933 0.0100954
1934 0.0100935
1935 0.0100919
1936 0.0100902
1937 0.010089
1938 0.0100886
1939 0.0100872
1940 0.0100862
1941 0.0100843
1942 0.0100828
1943 0.0100816
1944 0.0100803
1945 0.0100796
1947 0.0100792
1948 0.0100787
1949 0.0100773
1952 0.0100759
1955 0.0100752
1956 0.0100744
1957 0.0100735
1960 0.0100718
1961 0.0100708
1964 0.0100704
1967 0.0100688
