1 199.685
6 188.346
13 159.207
14 133.852
15 114.984
16 97.4009
17 81.3956
18 73.2791
19 68.8846
21 64.5214
22 63.678
23 57.7357
25 54.9261
27 49.6269
28 39.6974
29 32.354
30 28.2328
31 26.6758
33 25.6177
35 24.7822
37 24.2488
39 24.1364
40 24.0626
45 23.8876
46 23.8255
50 23.7418
53 23.6938
54 23.6936
59 23.5312
60 23.4489
61 23.3027
64 23.0979
67 23.0745
74 23.0574
75 22.9869
76 22.9502
77 22.7756
78 22.6794
79 22.6563
81 22.5919
82 22.4925
83 22.3478
84 22.1427
85 21.9459
86 21.7647
87 21.636
88 21.5113
89 21.313
90 21.0693
91 20.7915
92 20.5247
93 20.2098
94 19.8956
95 19.5591
96 19.2377
97 18.9186
98 18.541
99 18.2548
100 18.0217
101 17.8927
102 17.8923
106 17.8335
107 17.8241
108 17.5111
109 16.6115
110 15.5732
111 14.3719
112 12.9476
113 11.4492
114 9.55488
115 9.42704
119 9.32086
125 5.4066
128 5.34294
131 5.33283
132 5.28918
135 5.25709
138 3.35698
140 3.34718
143 3.28811
147 3.24965
149 3.24383
152 2.8189
156 2.78098
157 2.77549
158 2.73012
161 2.70646
163 2.69908
166 2.61326
167 2.59765
168 2.5968
169 2.5819
170 2.56985
171 2.5201
172 2.47974
173 2.40908
174 2.36977
175 2.32929
176 2.29803
177 2.28408
179 2.21864
180 2.17003
181 2.1352
182 2.12056
183 2.11923
184 2.1046
185 2.10346
187 2.09979
188 2.06758
189 2.04457
190 2.03219
191 2.0232
192 2.01585
193 2.01228
195 2.0094
196 1.99854
197 1.94202
198 1.92773
200 1.9245
201 1.91926
202 1.91772
203 1.91036
204 1.89952
206 1.89633
207 1.89555
211 1.8807
216 1.86833
219 1.86295
220 1.86128
221 1.85354
222 1.84933
225 1.83238
228 1.82245
231 1.82041
232 1.81947
233 1.81534
234 1.81221
235 1.80927
240 1.80148
241 1.79793
250 1.797
253 1.79634
256 1.79603
257 1.79564
258 1.79368
260 1.79314
262 1.79241
265 1.79126
274 1.79121
275 1.79115
276 1.79111
279 1.79096
285 1.79091
289 1.79053
297 1.79049
298 1.79045
299 1.79036
300 1.7903
301 1.79028
304 1.79027
305 1.79017
306 1.79009
307 1.79007
310 1.79006
313 1.79005
314 1.79004
319 1.79
320 1.78999
321 1.78995
322 1.78994
324 1.78992
325 1.78991
329 1.7899
331 1.78988
332 1.78986
333 1.78985
334 1.78984
335 1.78983
