1 0.0337634
30 0.0205349
36 0.0179723
44 0.0168575
47 0.0140917
48 0.0137269
50 0.0119162
55 0.01112
56 0.0109408
57 0.0109112
59 0.0104891
60 0.00980313
63 0.00976223
65 0.00946719
66 0.0093204
68 0.00928871
69 0.00894588
72 0.00865755
74 0.00861479
75 0.0083431
76 0.00829022
80 0.00823205
83 0.00806275
85 0.00799609
87 0.00798559
92 0.00792614
96 0.00787048
97 0.00779152
99 0.00776723
103 0.00774424
104 0.00774084
105 0.00772491
109 0.00771391
110 0.00767519
111 0.00767072
113 0.00765368
115 0.00764866
116 0.00763373
118 0.00758947
119 0.00758576
120 0.00757345
122 0.00757194
124 0.00756594
125 0.00755137
126 0.00754888
128 0.00752885
129 0.00752173
130 0.00749708
131 0.00746247
133 0.00745842
136 0.00745392
137 0.00744282
139 0.00742195
140 0.00740354
144 0.00739341
147 0.00738691
148 0.00738499
154 0.00737596
155 0.00735164
156 0.00733571
158 0.00733406
159 0.0073305
160 0.00732751
163 0.00732466
164 0.00732344
166 0.00731746
167 0.00730736
169 0.00730193
170 0.00728853
173 0.00728189
175 0.00728173
177 0.0072757
178 0.00727383
180 0.00726144
183 0.00725509
186 0.00724337
187 0.00723973
189 0.0072361
193 0.00723157
194 0.00722448
195 0.00721698
196 0.00720628
199 0.0072037
201 0.00719072
202 0.00718801
203 0.00718606
204 0.00718514
205 0.00718418
208 0.00717021
209 0.00715975
210 0.00715659
211 0.00715637
213 0.0071522
214 0.00714195
215 0.00713159
216 0.00712983
219 0.00712128
220 0.00710514
221 0.00709944
223 0.00709626
224 0.00709091
227 0.0070864
229 0.0070844
230 0.00707449
231 0.00706989
232 0.0070612
235 0.00704633
236 0.00703846
238 0.00703654
240 0.00703647
243 0.00702611
245 0.00702271
246 0.00701311
249 0.00700552
250 0.00700313
251 0.00700215
252 0.00700106
253 0.00699249
256 0.00698957
258 0.00697081
259 0.00696268
260 0.00695958
266 0.00694509
267 0.00693551
268 0.00693254
269 0.0069314
272 0.00691714
273 0.00691481
275 0.00691374
279 0.00689622
280 0.0068911
282 0.00688928
283 0.0068792
284 0.00686839
285 0.00686576
286 0.00686091
287 0.00685493
289 0.00684673
290 0.00684665
291 0.00684265
292 0.00682689
293 0.00681167
294 0.00680532
295 0.00679687
296 0.0067895
297 0.00677037
298 0.0067605
299 0.00675514
301 0.00675285
302 0.00674707
304 0.00673736
305 0.00672755
306 0.00672023
309 0.00670927
310 0.00670447
311 0.00669055
316 0.00668303
317 0.00667601
318 0.006665
319 0.00666267
320 0.00665394
323 0.00664372
324 0.00663286
325 0.00663081
327 0.0066265
328 0.00662463
329 0.00662055
332 0.00659962
335 0.00659687
336 0.00659424
339 0.00659026
341 0.00657352
344 0.00655935
345 0.00655041
346 0.00654794
348 0.00654401
351 0.00653725
352 0.00652222
353 0.00650674
354 0.00650234
356 0.00649828
357 0.00648442
358 0.00647256
361 0.00647065
362 0.00646737
363 0.00645755
364 0.00644667
365 0.00644338
367 0.00644085
368 0.00643729
369 0.00641611
370 0.00640505
371 0.00638709
372 0.00638415
373 0.00638126
376 0.00636536
377 0.00636014
380 0.00635698
381 0.00635566
383 0.0063334
384 0.00632463
387 0.0063221
391 0.00630167
392 0.00628995
393 0.00628799
395 0.00628567
397 0.00628318
399 0.00625475
402 0.00623482
404 0.00623115
405 0.0062256
407 0.00622241
408 0.00622203
409 0.00620058
410 0.00618046
411 0.00617651
413 0.00616107
414 0.00613656
415 0.00611403
416 0.00609097
417 0.00606726
418 0.00604341
419 0.00602362
420 0.00600052
421 0.00598141
422 0.00596271
423 0.00594816
424 0.00592635
425 0.00590614
426 0.00588988
427 0.00586913
428 0.00584459
429 0.00582012
430 0.00579548
431 0.00577081
432 0.00574611
433 0.00572139
434 0.00569669
435 0.00567203
436 0.00564749
437 0.00562358
438 0.00560007
439 0.00558133
440 0.00555639
441 0.00553124
442 0.00550686
443 0.00548118
444 0.00545601
445 0.00543148
446 0.00540772
447 0.00538372
448 0.0053613
449 0.00534386
450 0.00532932
451 0.00532311
453 0.00530287
454 0.00527834
455 0.00525433
456 0.00524701
457 0.00523579
459 0.00523116
460 0.00521211
461 0.00520679
464 0.00519631
465 0.0051804
466 0.00516634
467 0.00515866
470 0.00514198
471 0.00513426
472 0.00512387
473 0.00510727
474 0.00510538
476 0.00510407
478 0.00508877
480 0.00508548
481 0.00507049
482 0.00506874
484 0.0050633
485 0.00505841
486 0.00504591
487 0.00503883
488 0.00503823
490 0.00503334
492 0.00502036
493 0.00501739
494 0.00501306
498 0.00500948
499 0.00500278
500 0.0049939
502 0.0049935
505 0.00498668
507 0.0049843
508 0.00498174
512 0.00497748
513 0.00497607
514 0.00497529
516 0.00497304
519 0.00496823
520 0.00496447
521 0.00496408
522 0.00496392
523 0.00495933
524 0.00495622
525 0.00495312
526 0.0049488
527 0.00494469
528 0.00494292
531 0.00494017
532 0.00493711
533 0.0049354
534 0.00493528
535 0.00493483
538 0.00493358
541 0.00493011
544 0.00492825
545 0.00492457
546 0.00492359
550 0.00492081
551 0.00491692
552 0.00491523
553 0.00491289
556 0.00490955
557 0.00490803
559 0.00490776
560 0.00490675
562 0.00490562
563 0.00490211
566 0.00489998
567 0.00489796
568 0.00489732
569 0.00489662
570 0.00489593
571 0.00489588
574 0.0048935
575 0.00489105
577 0.00489004
578 0.00488964
579 0.00488948
580 0.00488796
581 0.00488536
582 0.00488369
585 0.00488345
587 0.00488325
588 0.00488169
589 0.00487792
592 0.00487758
593 0.00487629
595 0.00487524
596 0.00487341
599 0.00487227
602 0.00487204
604 0.00486995
609 0.00486917
612 0.00486861
613 0.00486852
614 0.00486763
615 0.00486728
616 0.00486649
617 0.00486581
619 0.00486495
621 0.00486477
622 0.00486374
623 0.00486291
624 0.00486206
625 0.00486152
626 0.00486149
627 0.00486138
628 0.0048604
629 0.00485966
630 0.00485922
631 0.00485853
632 0.00485771
633 0.00485713
634 0.00485647
635 0.00485601
636 0.0048556
637 0.00485542
638 0.00485504
639 0.00485409
640 0.00485359
643 0.00485272
644 0.00485248
645 0.00485242
647 0.00485239
649 0.00485132
650 0.0048505
651 0.00484975
652 0.00484917
654 0.00484909
655 0.00484842
656 0.00484814
658 0.00484789
660 0.0048477
661 0.00484736
662 0.0048466
663 0.00484627
664 0.00484619
668 0.00484588
670 0.00484491
671 0.00484455
673 0.00484413
675 0.00484392
676 0.00484348
677 0.00484344
679 0.00484315
681 0.00484284
682 0.00484273
683 0.00484196
684 0.00484116
685 0.004841
686 0.00484063
687 0.00484061
688 0.0048406
689 0.00483975
690 0.0048394
691 0.00483914
692 0.00483902
693 0.00483849
694 0.00483808
695 0.00483756
696 0.00483731
697 0.00483709
701 0.00483628
702 0.00483592
703 0.0048358
705 0.0048353
706 0.00483513
708 0.00483508
711 0.00483488
712 0.00483403
716 0.00483397
717 0.00483337
718 0.004833
720 0.00483298
721 0.00483262
722 0.00483251
724 0.00483182
725 0.00483122
726 0.00483073
727 0.0048305
728 0.00483016
729 0.0048297
730 0.00482922
731 0.00482873
732 0.00482823
733 0.00482785
734 0.00482777
736 0.00482741
737 0.00482705
740 0.00482656
743 0.00482618
744 0.00482599
745 0.00482585
746 0.0048257
748 0.0048256
749 0.00482543
750 0.00482499
751 0.00482481
752 0.00482431
753 0.004824
756 0.00482363
757 0.00482345
759 0.00482318
763 0.00482316
764 0.00482292
765 0.00482259
766 0.00482252
770 0.00482192
773 0.00482159
777 0.00482138
778 0.00482108
779 0.00482102
783 0.00482095
785 0.00482044
786 0.00482009
787 0.00481984
788 0.00481978
790 0.00481975
791 0.00481959
793 0.00481914
794 0.00481894
797 0.00481886
799 0.00481873
800 0.00481813
803 0.0048179
805 0.00481758
812 0.00481711
813 0.004817
815 0.00481686
816 0.00481664
819 0.00481608
820 0.00481596
822 0.00481568
825 0.00481562
830 0.00481548
832 0.00481536
