1 7926690.0
4 7696550.0
5 7567420.0
6 5749080.0
7 4394480.0
8 3536470.0
9 3058480.0
10 2794930.0
11 2736410.0
12 2470870.0
14 2239840.0
15 2148880.0
16 2074090.0
18 1909280.0
21 1757270.0
23 1752140.0
24 1669150.0
25 1622100.0
26 1598290.0
27 1588020.0
29 1556750.0
30 1446860.0
31 1376430.0
32 1368940.0
34 1291700.0
35 1233730.0
36 1178300.0
37 1118140.0
38 1058290.0
39 1010740.0
40 966871.0
41 920763.0
42 874390.0
43 829281.0
44 798880.0
45 777744.0
46 729294.0
47 697175.0
48 692493.0
49 690854.0
51 646499.0
53 631977.0
54 625801.0
55 611554.0
56 597758.0
57 590156.0
58 578869.0
59 565322.0
60 557038.0
61 549955.0
62 547380.0
64 544898.0
65 525570.0
66 522724.0
67 518685.0
68 506167.0
69 497568.0
70 484844.0
71 474699.0
72 463884.0
73 452775.0
74 445587.0
75 434570.0
76 424565.0
77 417728.0
78 406803.0
79 397196.0
80 388483.0
81 378723.0
82 369283.0
83 361253.0
84 352513.0
85 344316.0
86 337878.0
87 328938.0
88 320795.0
89 314799.0
90 307846.0
91 301364.0
92 297339.0
93 291520.0
95 289234.0
96 283753.0
98 281148.0
100 278008.0
101 271232.0
102 266215.0
103 260215.0
104 254695.0
105 249062.0
106 244304.0
107 239575.0
108 235186.0
109 232572.0
110 231683.0
112 227150.0
113 222235.0
115 221207.0
116 218404.0
117 213232.0
118 210223.0
119 206052.0
120 202721.0
121 201920.0
122 198764.0
123 194822.0
124 193723.0
126 191934.0
127 188351.0
129 186476.0
130 185056.0
131 184979.0
133 182943.0
134 181364.0
136 180926.0
137 180371.0
138 179766.0
139 178223.0
140 178128.0
141 177029.0
142 174836.0
143 173482.0
144 172524.0
145 170672.0
146 170656.0
147 170469.0
148 168096.0
149 166406.0
150 164715.0
151 163132.0
152 161287.0
153 159699.0
154 157804.0
155 156062.0
156 154316.0
157 152899.0
158 151230.0
159 149656.0
160 147924.0
161 146275.0
162 144765.0
163 143303.0
164 141721.0
165 140137.0
166 138577.0
167 137150.0
168 135831.0
169 134375.0
170 133010.0
171 131665.0
172 130696.0
173 130299.0
174 128451.0
175 127328.0
176 126572.0
179 125212.0
180 124781.0
181 123308.0
182 122454.0
183 121560.0
184 120866.0
185 119391.0
186 118113.0
187 116910.0
188 115920.0
189 114800.0
190 113769.0
191 113036.0
192 111897.0
193 110775.0
194 109844.0
195 108759.0
196 107824.0
197 107165.0
198 106102.0
199 105618.0
200 104517.0
201 104050.0
203 103611.0
204 102897.0
205 102617.0
206 102095.0
208 101887.0
209 100934.0
210 100561.0
211 100083.0
214 99404.1
217 98625.1
220 98275.2
221 97880.5
222 97560.8
223 97211.3
224 96940.9
225 96721.3
226 96405.1
227 96199.6
228 95953.4
231 95566.4
232 95511.1
233 95348.4
234 94991.2
235 94678.6
236 94419.0
237 94220.1
238 94198.8
239 94166.3
240 93704.0
241 93459.8
242 93449.7
243 93276.0
244 93155.2
245 92828.3
246 92589.6
247 92262.9
248 91993.9
249 91784.8
250 91535.4
251 91234.2
252 90966.5
253 90699.7
254 90465.9
255 90221.4
256 89972.1
257 89739.2
258 89505.1
259 89307.6
260 89082.7
261 88867.5
262 88688.8
263 88486.8
264 88368.2
265 88176.4
266 88016.0
268 87989.2
269 87853.0
270 87787.5
273 87639.9
276 87568.8
277 87540.6
279 87526.6
280 87464.2
282 87464.1
283 87453.7
284 87415.5
285 87386.0
286 87370.6
287 87353.2
289 87335.8
290 87296.0
291 87279.8
292 87246.9
293 87224.6
296 87187.3
297 87159.9
298 87146.8
300 87134.5
301 87098.0
302 87071.9
303 87040.2
304 87038.9
305 87033.8
306 86995.5
307 86959.9
308 86927.8
309 86906.0
310 86879.7
312 86871.4
313 86841.1
314 86827.2
315 86805.1
317 86792.1
318 86760.2
319 86736.6
320 86713.6
321 86698.0
322 86677.2
323 86649.5
324 86620.5
325 86593.3
326 86565.9
327 86539.8
328 86517.1
329 86510.5
330 86479.8
331 86453.9
332 86429.3
333 86409.3
334 86396.9
335 86390.9
336 86359.4
337 86337.7
338 86315.9
339 86296.5
340 86275.9
341 86254.6
342 86245.6
343 86240.9
344 86212.6
345 86194.4
346 86181.4
347 86168.8
348 86152.9
349 86147.5
350 86123.0
351 86110.7
353 86103.5
354 86095.7
355 86081.3
356 86072.7
357 86063.2
358 86048.8
359 86041.1
360 86036.3
361 86035.2
363 86016.8
364 86008.6
365 86006.5
366 85990.3
369 85979.9
370 85976.5
373 85961.8
375 85957.1
376 85955.8
378 85952.5
380 85946.2
381 85944.6
383 85941.4
385 85935.5
386 85933.8
387 85933.7
388 85928.8
389 85923.3
390 85918.2
391 85913.1
392 85908.3
393 85904.2
394 85900.5
395 85896.2
396 85891.7
397 85887.4
398 85883.7
399 85880.9
400 85877.1
401 85873.4
402 85870.1
403 85867.2
404 85864.4
405 85863.0
406 85859.4
407 85856.4
408 85853.7
409 85851.2
410 85848.7
411 85846.2
412 85843.8
413 85841.5
414 85839.7
415 85837.7
416 85836.7
417 85835.0
418 85833.6
420 85833.0
421 85832.5
422 85831.3
423 85830.0
424 85829.2
425 85828.5
426 85828.0
428 85827.0
429 85826.8
431 85826.0
433 85825.6
435 85825.4
437 85825.2
438 85825.0
439 85824.9
442 85824.7
446 85824.6
449 85824.5
