1 1125.0
11 1060.0
12 997.948
13 943.517
14 891.071
15 840.837
16 793.849
17 750.885
18 712.319
19 678.118
20 647.961
21 621.385
22 575.624
23 540.082
24 503.815
25 467.238
26 431.917
27 399.361
28 370.749
29 346.596
30 326.701
31 310.442
32 280.251
33 259.436
34 238.238
35 216.379
36 194.858
37 174.968
38 157.872
39 144.149
40 133.601
41 125.598
42 109.345
43 99.5157
44 90.0095
45 80.4883
46 71.2964
47 63.0856
48 56.5242
49 51.8562
50 48.7648
51 48.4648
52 43.369
53 41.0531
54 39.2163
55 39.1589
56 37.2014
57 36.7734
59 36.5714
69 36.5177
71 36.4053
74 36.281
75 36.1984
76 36.1317
77 36.0888
78 36.047
81 36.0358
87 36.0357
91 36.0307
93 36.0137
101 36.0092
103 36.0058
104 36.0048
105 36.0024
111 36.0023
113 36.0022
114 36.0016
117 36.0007
125 36.0005
127 36.0004
129 36.0003
130 36.0002
