1 1808.85
14 403.818
15 84.4577
25 84.4402
28 83.5732
32 68.4801
33 55.7303
37 53.2878
39 41.6137
40 33.9829
45 31.2282
51 28.2094
52 27.8788
59 27.1816
67 26.8314
73 26.762
75 26.7199
76 26.6385
82 26.5192
88 26.4442
90 26.427
92 26.4195
94 26.4111
96 26.367
98 26.3654
102 26.3617
110 26.3492
112 26.3403
115 26.3398
126 26.3396
131 26.337
135 26.3321
138 26.3289
144 26.3283
153 26.328
162 26.3279
164 26.3258
167 26.3256
171 26.3255
175 26.3254
176 26.3245
177 26.3241
185 26.324
188 26.3239
189 26.3235
190 26.3231
195 26.323
197 26.3229
198 26.3228
201 26.3224
202 26.322
203 26.3219
205 26.3213
206 26.3208
207 26.3205
208 26.32
209 26.3196
210 26.3192
211 26.3188
214 26.3187
216 26.3183
217 26.318
218 26.3178
219 26.3176
220 26.3174
221 26.3168
222 26.3166
223 26.3161
224 26.3158
225 26.3157
227 26.3155
229 26.3153
234 26.3149
235 26.3147
236 26.3145
241 26.3144
243 26.3139
244 26.3135
245 26.3132
246 26.3128
247 26.3125
248 26.3122
249 26.3119
252 26.3117
256 26.3116
257 26.3115
259 26.3114
260 26.3113
262 26.3111
266 26.311
267 26.3108
269 26.3105
272 26.3104
274 26.3102
275 26.3098
278 26.3096
279 26.3094
284 26.3093
286 26.3092
288 26.309
289 26.3089
291 26.3088
294 26.3086
295 26.3084
296 26.3081
297 26.308
298 26.3078
299 26.3076
304 26.3075
306 26.3073
307 26.3072
309 26.3069
312 26.3067
313 26.3066
314 26.3064
321 26.3062
322 26.3061
325 26.306
328 26.3058
331 26.3056
332 26.3055
334 26.3054
336 26.3052
337 26.3051
342 26.305
345 26.3049
