1 19.25
8 5.78556
14 5.66203
21 5.02485
29 4.99712
30 4.98689
32 4.45917
33 4.22531
34 3.82009
35 3.65136
39 3.60225
41 3.53633
42 3.46423
43 3.40183
44 3.34706
45 3.19371
48 3.18818
50 2.88958
51 2.69017
55 2.68019
57 2.64475
60 2.63309
62 2.60781
63 2.59653
64 2.52537
66 2.49876
67 2.49479
69 2.46613
70 2.45134
71 2.43214
76 2.37913
82 2.37221
85 2.36277
88 2.36097
91 2.34522
92 2.33002
96 2.3279
98 2.32648
104 2.32589
106 2.32565
107 2.32507
109 2.325
112 2.3235
115 2.32265
116 2.32163
119 2.31989
