1 73.6782
16 54.3351
17 51.7221
19 50.1488
21 49.3288
23 49.0103
30 46.4005
33 40.9455
34 39.7215
36 39.6233
40 39.5163
43 37.6976
44 35.1756
45 33.2147
46 32.1911
47 27.3216
48 26.9657
50 24.1206
51 23.373
52 23.3588
53 23.0859
55 22.9979
56 22.8292
57 20.4152
58 17.7989
59 16.5713
60 14.7918
61 13.3475
62 12.8477
64 12.8142
65 12.811
69 12.7579
71 12.0238
72 9.03234
77 8.9078
78 8.44254
79 8.13031
80 7.71451
81 7.47399
82 7.46719
83 7.28357
84 7.2658
85 6.68983
86 5.92622
87 5.30523
88 4.86222
89 4.50542
90 4.22364
91 3.67782
92 3.35878
93 2.88402
95 2.88397
96 2.77557
98 2.74012
100 2.2218
102 2.18514
104 2.16698
105 1.87177
106 1.82923
108 1.72597
109 1.72481
110 1.67614
111 1.58926
112 1.25206
115 1.1496
116 1.09563
117 1.07562
120 1.04335
124 0.915149
126 0.869129
127 0.824318
129 0.791685
130 0.643145
131 0.62269
133 0.555019
134 0.482526
135 0.460825
136 0.45589
138 0.45164
141 0.408883
142 0.403012
151 0.3999
157 0.366131
159 0.364905
161 0.364401
162 0.361911
165 0.360624
166 0.343153
167 0.333688
169 0.333294
171 0.30916
172 0.290287
173 0.272788
174 0.263793
175 0.260532
176 0.258076
179 0.255656
181 0.251504
182 0.249291
183 0.249288
188 0.243528
189 0.231376
191 0.230977
192 0.230134
193 0.229818
197 0.227375
198 0.221732
204 0.218379
205 0.218255
206 0.217844
207 0.217824
211 0.216004
212 0.213612
214 0.210741
215 0.210152
219 0.204432
220 0.202552
221 0.202461
222 0.202146
223 0.201902
227 0.199525
228 0.19544
229 0.193995
234 0.189853
235 0.186344
237 0.186165
238 0.185664
241 0.18538
242 0.18349
243 0.178774
244 0.178452
246 0.17498
247 0.173052
250 0.17258
252 0.171911
255 0.171755
259 0.171656
261 0.170808
262 0.170137
264 0.170124
265 0.169337
269 0.169306
270 0.168171
271 0.168019
273 0.167583
274 0.166519
275 0.165758
276 0.165534
277 0.165522
280 0.164275
281 0.163651
282 0.163498
283 0.163451
288 0.163036
289 0.161754
290 0.161046
291 0.161023
292 0.161005
294 0.16084
296 0.160733
297 0.160464
298 0.16033
299 0.160005
301 0.159903
304 0.158775
305 0.158351
307 0.158289
308 0.158168
311 0.158127
313 0.157923
317 0.157782
318 0.157598
321 0.157158
322 0.156509
323 0.156187
324 0.155994
325 0.155961
326 0.155682
327 0.155679
328 0.155614
329 0.155587
330 0.155395
331 0.155313
332 0.154963
334 0.154956
335 0.154555
336 0.154344
337 0.154263
340 0.154244
346 0.154232
347 0.153633
348 0.153457
351 0.153001
354 0.152824
355 0.152809
359 0.152802
361 0.152313
362 0.152222
365 0.152221
366 0.152071
367 0.151571
369 0.151537
370 0.151188
371 0.151077
372 0.15107
373 0.150908
374 0.150679
375 0.150658
376 0.150627
377 0.150521
381 0.149928
382 0.149648
384 0.149645
386 0.149615
388 0.149586
390 0.149412
391 0.149284
393 0.149207
394 0.14899
397 0.148672
398 0.148506
401 0.148499
403 0.148458
405 0.148413
406 0.148013
407 0.147875
408 0.147835
409 0.147831
410 0.147689
413 0.14715
414 0.147066
416 0.147023
417 0.147022
419 0.146944
422 0.146563
423 0.146363
424 0.146179
425 0.146035
426 0.145825
427 0.145566
428 0.145563
429 0.145516
432 0.145066
433 0.144773
434 0.144523
435 0.144381
436 0.144175
438 0.14414
441 0.143849
442 0.143705
444 0.143585
445 0.143572
447 0.143425
449 0.143363
450 0.143076
454 0.143058
456 0.142836
457 0.142689
458 0.142632
460 0.142583
462 0.142556
463 0.142455
464 0.142237
465 0.142074
466 0.141989
467 0.141898
468 0.141864
470 0.141735
471 0.141714
472 0.141663
473 0.141383
474 0.141202
475 0.141035
476 0.14095
477 0.140947
479 0.140931
480 0.140892
481 0.140861
482 0.140657
483 0.140529
484 0.140356
485 0.140226
486 0.14011
487 0.139989
488 0.139775
489 0.139603
490 0.139503
491 0.139468
492 0.139432
493 0.139231
494 0.13907
495 0.139031
497 0.138914
498 0.138694
499 0.1386
500 0.138496
501 0.138337
502 0.138329
503 0.138293
505 0.138236
506 0.138027
507 0.137925
508 0.137782
509 0.137755
511 0.137653
512 0.137635
513 0.137606
514 0.137605
515 0.137462
516 0.137288
517 0.137198
518 0.137185
519 0.136998
520 0.136935
523 0.136927
525 0.136905
526 0.136853
527 0.136805
528 0.136663
529 0.136582
530 0.136552
531 0.136551
532 0.136546
534 0.136304
535 0.136143
536 0.136079
538 0.13599
540 0.13596
541 0.135952
543 0.135938
544 0.135886
545 0.135721
548 0.135522
549 0.1354
550 0.135334
551 0.135268
556 0.135149
558 0.135015
559 0.134873
560 0.134816
561 0.134809
562 0.134765
564 0.134695
565 0.134559
566 0.134485
567 0.13447
569 0.134303
570 0.13424
572 0.134153
574 0.134084
575 0.133982
576 0.133927
577 0.133899
578 0.13384
579 0.133818
581 0.133781
582 0.133772
584 0.133752
585 0.133521
586 0.133473
587 0.133318
588 0.133268
593 0.133222
595 0.133073
596 0.133058
597 0.133047
598 0.132858
599 0.132799
600 0.132759
601 0.132582
603 0.132539
604 0.132377
605 0.132216
606 0.13217
608 0.132158
610 0.132118
611 0.13206
612 0.131994
613 0.131836
614 0.131778
615 0.131575
616 0.131457
617 0.131315
618 0.131254
619 0.131051
620 0.131046
621 0.131044
622 0.131019
624 0.130932
626 0.130913
627 0.13078
628 0.13067
629 0.130668
630 0.130581
632 0.130567
633 0.130359
634 0.130342
636 0.130296
637 0.130292
638 0.130268
639 0.130258
640 0.130229
641 0.130168
643 0.130106
644 0.129905
645 0.129855
646 0.12985
647 0.129753
648 0.129566
649 0.12953
653 0.129488
655 0.129319
656 0.129167
657 0.129025
658 0.128866
659 0.128811
662 0.128629
663 0.128564
664 0.12842
665 0.128411
667 0.128238
668 0.128106
669 0.128007
670 0.127974
672 0.127969
674 0.127759
675 0.127584
676 0.127462
677 0.127411
678 0.127359
679 0.127346
680 0.127309
681 0.127293
683 0.127202
684 0.127083
685 0.127015
686 0.126969
687 0.126851
688 0.126786
690 0.126762
692 0.126755
693 0.126601
696 0.126468
697 0.12641
698 0.126395
699 0.126392
702 0.126257
703 0.126154
705 0.126069
707 0.125959
709 0.125933
711 0.125864
712 0.1257
713 0.125612
714 0.125554
715 0.125543
716 0.125451
717 0.125383
719 0.125373
720 0.12533
722 0.12528
723 0.125067
724 0.124984
726 0.124976
727 0.124937
728 0.124926
729 0.124914
732 0.124913
733 0.124744
735 0.12474
736 0.124583
737 0.124561
739 0.124335
740 0.124207
741 0.124095
742 0.124023
743 0.123999
744 0.123992
745 0.123985
746 0.123976
747 0.123966
748 0.123936
750 0.12385
751 0.123696
752 0.123578
753 0.123557
754 0.12353
756 0.123466
757 0.123378
759 0.123308
760 0.1232
763 0.12316
764 0.123115
766 0.123033
767 0.122888
768 0.12284
769 0.122834
770 0.122739
771 0.122731
772 0.122729
773 0.122722
774 0.122721
777 0.12251
778 0.12239
779 0.122301
783 0.12227
785 0.122214
786 0.122056
787 0.121986
788 0.121858
789 0.121818
791 0.121692
794 0.121516
795 0.121483
796 0.121481
797 0.121449
799 0.121421
802 0.121386
805 0.121208
806 0.121082
807 0.120956
808 0.120859
810 0.120847
813 0.120782
815 0.120719
818 0.120687
819 0.120528
820 0.120453
822 0.120443
823 0.120262
824 0.120142
825 0.120039
826 0.119893
827 0.119732
828 0.119586
829 0.119389
830 0.11922
831 0.119093
832 0.118963
833 0.118919
835 0.118878
837 0.118847
839 0.118798
842 0.11875
843 0.118575
844 0.118498
845 0.118393
846 0.118325
849 0.118322
851 0.118239
853 0.118211
855 0.118084
857 0.118031
858 0.117927
859 0.117795
862 0.117765
863 0.117752
864 0.117645
865 0.117573
867 0.117496
868 0.117487
869 0.117335
870 0.11722
872 0.117178
873 0.117054
874 0.116849
875 0.116665
876 0.11649
877 0.116317
878 0.116177
879 0.116063
880 0.115984
881 0.115937
883 0.115785
884 0.115674
885 0.115618
886 0.115462
887 0.115331
888 0.115112
889 0.114941
890 0.114766
891 0.114597
892 0.114452
893 0.11436
894 0.114209
895 0.114174
897 0.114155
899 0.114128
900 0.114127
901 0.114088
903 0.11388
904 0.113798
907 0.113712
908 0.11356
909 0.113445
910 0.113415
912 0.113412
914 0.113409
915 0.113401
916 0.113316
917 0.113137
918 0.113034
919 0.11284
920 0.112688
921 0.112557
923 0.11254
924 0.112408
925 0.112342
928 0.112338
930 0.112195
931 0.11202
932 0.111856
933 0.111696
934 0.11153
935 0.111357
936 0.111187
937 0.111014
938 0.11085
939 0.110687
940 0.110534
941 0.110397
942 0.110297
943 0.110116
944 0.109939
945 0.10976
946 0.109581
947 0.109406
948 0.10923
949 0.109059
950 0.108902
951 0.108762
952 0.108606
953 0.108472
954 0.108378
955 0.108358
956 0.108347
957 0.108341
959 0.108183
960 0.108037
961 0.107968
962 0.10781
963 0.107689
964 0.107609
965 0.107475
966 0.107382
968 0.107349
969 0.107347
970 0.107281
971 0.10726
973 0.107143
974 0.107088
975 0.107069
977 0.107034
978 0.106992
981 0.106825
982 0.106789
984 0.106701
986 0.106672
988 0.106631
989 0.10658
991 0.106459
992 0.106387
993 0.106336
995 0.106267
996 0.106091
997 0.106032
998 0.10596
999 0.105831
1000 0.105718
1001 0.105614
1002 0.105601
1003 0.105596
1005 0.105589
1006 0.105583
1009 0.105542
1010 0.105404
1012 0.105402
1013 0.105274
1015 0.105256
1016 0.105163
1017 0.105119
1018 0.105108
1019 0.1051
1020 0.105076
1022 0.105068
1023 0.105065
1024 0.105046
1025 0.105021
1028 0.104811
1029 0.104749
1030 0.104729
1031 0.104718
1033 0.104695
1035 0.104621
1036 0.104604
1037 0.104594
1038 0.104469
1040 0.104463
1042 0.104364
1043 0.104275
1046 0.104198
1047 0.104188
1048 0.104035
1049 0.103885
1050 0.103739
1051 0.103595
1052 0.103444
1053 0.103321
1054 0.103235
1055 0.103208
1057 0.103063
1058 0.102925
1059 0.102868
1060 0.102802
1061 0.102625
1062 0.102497
1063 0.102407
1064 0.102341
1065 0.102265
1066 0.102256
1071 0.102208
1072 0.10212
1074 0.102119
1075 0.101942
1076 0.101883
1077 0.101782
1078 0.1017
1079 0.101554
1080 0.101433
1081 0.101335
1082 0.101206
1083 0.101111
1084 0.101014
1085 0.100901
1086 0.100804
1087 0.100788
1088 0.100755
1090 0.100709
1092 0.100565
1093 0.10041
1094 0.100302
1095 0.100164
1096 0.100056
1097 0.0999313
1098 0.0998078
1099 0.0997493
1100 0.0995967
1101 0.0995772
1102 0.0995743
1103 0.0995275
1105 0.0993961
1106 0.0992592
1107 0.0992362
1109 0.0991274
1110 0.0990916
1113 0.0989088
1114 0.0988683
1115 0.0988581
1117 0.0988547
1118 0.0987528
1119 0.0986727
1120 0.0986013
1121 0.0984895
1122 0.0983916
1124 0.0983793
1126 0.0983709
1127 0.0982097
1128 0.0981031
1129 0.0980467
1130 0.0980071
1132 0.0979131
1135 0.0977869
1136 0.0977837
1138 0.0977686
1141 0.0977653
1145 0.0976714
1146 0.0975238
1147 0.0975042
1148 0.0974977
1149 0.097479
1150 0.097446
1151 0.0973055
1152 0.09725
1155 0.0972449
1156 0.0972027
1158 0.0970757
1159 0.0970289
1161 0.0969886
1162 0.096884
1163 0.0967652
1164 0.0967481
1166 0.0966178
1167 0.0965152
1168 0.0964547
1169 0.0964273
1170 0.0964265
1171 0.0964206
1172 0.0964088
1174 0.0963772
1175 0.096204
1176 0.0961339
1178 0.0961303
1179 0.0961017
1182 0.0960643
1183 0.0959115
1184 0.0958951
1185 0.0958943
1186 0.095879
1188 0.0958088
1191 0.0956413
1192 0.0955734
1193 0.095447
1194 0.0953604
1195 0.095352
1196 0.095338
1197 0.0952986
1198 0.0952985
1199 0.0952902
1200 0.0952863
1201 0.0950632
1202 0.0949186
1203 0.094884
1206 0.0948782
1208 0.0948603
1209 0.0947757
1210 0.0946231
1211 0.0945125
1212 0.0944018
1213 0.0942847
1214 0.0941322
1215 0.0939957
1216 0.0939001
1217 0.0937861
1218 0.0937027
1219 0.0935672
1222 0.0934336
1223 0.0933475
1224 0.0932981
1226 0.0931988
1227 0.0930785
1228 0.0930378
1231 0.093002
1232 0.0928213
1233 0.0927738
1234 0.0927162
1235 0.0926933
1236 0.0926162
1239 0.0925621
1241 0.092437
1242 0.0923293
1243 0.0922453
1244 0.0922055
1248 0.0920932
1250 0.0920898
1251 0.0919634
1252 0.0919263
1253 0.0919231
1254 0.0918801
1257 0.0918584
1258 0.0918579
1262 0.0918465
1263 0.0916616
1264 0.0916214
1265 0.0915064
1269 0.0914801
1270 0.0913817
1272 0.0913106
1273 0.0913059
1274 0.0912289
1275 0.0912103
1276 0.0911717
1277 0.0910269
1278 0.0909076
1279 0.0907722
1280 0.0906364
1281 0.0905324
1282 0.0903959
1283 0.0902419
1284 0.0900894
1285 0.0899382
1286 0.0897947
1287 0.0896539
1288 0.0895057
1289 0.0893526
1290 0.0891998
1291 0.0890562
1292 0.0889037
1293 0.088752
1294 0.0886027
1295 0.0884517
1296 0.0883066
1297 0.0881565
1298 0.0880038
1299 0.0878606
1300 0.0877104
1301 0.0875962
1302 0.0874668
1303 0.0873311
1304 0.087248
1305 0.0871252
1306 0.0870277
1307 0.0869175
1308 0.0868452
1311 0.0868119
1312 0.0867917
1313 0.0866723
1314 0.0865576
1315 0.0864829
1316 0.0863935
1317 0.086321
1318 0.0862051
1319 0.086155
1322 0.0861024
1323 0.0860593
1324 0.0859875
1325 0.0859726
1326 0.0858893
1327 0.0858676
1330 0.0858354
1331 0.0857773
1333 0.0857146
1334 0.0856021
1335 0.0855745
1336 0.0855684
1337 0.0855417
1338 0.0855365
1339 0.0855217
1342 0.0854176
1343 0.0853778
1344 0.0852398
1346 0.0852291
1348 0.0852206
1349 0.0851109
1350 0.0850666
1351 0.0850355
1352 0.0850207
1355 0.084926
1356 0.0848423
1357 0.0847577
1360 0.0847336
1362 0.0846032
1363 0.0845378
1364 0.0845003
1365 0.0844958
1366 0.084491
1368 0.0844629
1369 0.0844336
1372 0.0842712
1373 0.0842177
1374 0.0842008
1375 0.0841668
1376 0.0841667
1378 0.0841188
1379 0.0840926
1380 0.0839328
1381 0.0838418
1382 0.0837982
1383 0.0837929
1384 0.0837665
1385 0.0837484
1386 0.0836902
1387 0.0836828
1388 0.0836414
1389 0.0835405
1390 0.0835145
1391 0.0834584
1392 0.0834118
1393 0.0834005
1394 0.083336
1395 0.0832856
1397 0.0832554
1398 0.0832154
1399 0.083178
1402 0.0830641
1403 0.0830113
1404 0.0829934
1406 0.0829924
1409 0.0829763
1410 0.0828113
1411 0.0827552
1412 0.0827477
1413 0.0826599
1415 0.0826253
1417 0.0825942
1418 0.0824779
1419 0.0824109
1420 0.0823903
1421 0.0823901
1422 0.0823214
1423 0.0822553
1424 0.0822419
1427 0.0822356
1428 0.082041
1429 0.0819916
1431 0.081983
1433 0.081977
1434 0.081883
1435 0.0818429
1436 0.0818377
1442 0.0817141
1445 0.0816252
1446 0.0816083
1447 0.0816078
1448 0.0815204
1449 0.0814144
1450 0.0813265
1451 0.0812796
1452 0.0812388
1454 0.0811708
1455 0.0811033
1456 0.0810712
1457 0.0809428
1458 0.0808053
1459 0.080734
1460 0.0806786
1461 0.0806288
1462 0.0805756
1463 0.0805256
1464 0.0805174
1465 0.080482
1467 0.0804675
1470 0.080338
1471 0.0802253
1473 0.0802244
1474 0.0801638
1475 0.0801323
1477 0.0800645
1478 0.0800352
1480 0.0800288
1481 0.0800284
1482 0.0800279
1484 0.0798496
1485 0.0796908
1486 0.0795806
1487 0.0794972
1488 0.0794172
1489 0.0793658
1490 0.0792487
1491 0.0791813
1492 0.0791489
1495 0.0791375
1497 0.079123
1500 0.0789786
1501 0.0789508
1506 0.0789279
1507 0.0788421
1508 0.0787874
1510 0.0787703
1512 0.0787528
1514 0.0786642
1515 0.0786031
1516 0.0785938
1517 0.0785154
1518 0.0783737
1519 0.0783251
1520 0.0782599
1521 0.0782179
1523 0.0782023
1524 0.0780984
1526 0.0780934
1528 0.0780807
1529 0.0780426
1530 0.0779284
1531 0.0778712
1532 0.0778333
1534 0.0778239
1537 0.0777427
1538 0.0777391
1539 0.0776258
1540 0.0775886
1542 0.0775612
1543 0.0775128
1544 0.0774539
1545 0.0773159
1546 0.0772748
1547 0.0771666
1548 0.0771088
1549 0.0770824
1551 0.077003
1552 0.076967
1553 0.0768398
1555 0.0768123
1556 0.0767226
1557 0.0767007
1559 0.0766332
1563 0.0766201
1566 0.0764964
1567 0.0764197
1568 0.076372
1569 0.076369
1573 0.0762787
1574 0.0761646
1575 0.0760801
1578 0.0760768
1579 0.0760665
1582 0.0760128
1583 0.0759445
1584 0.0759019
1585 0.0758467
1586 0.0757929
1587 0.0757132
1589 0.0757122
1590 0.0756023
1592 0.0755953
1593 0.0755727
1594 0.0755724
1597 0.0755567
1601 0.0754038
1602 0.0753665
1605 0.0753464
1606 0.0752621
1609 0.0751851
1611 0.0751848
1612 0.0751624
1614 0.0751249
1615 0.0750877
1616 0.0750804
1617 0.0750617
1618 0.074913
1619 0.0748848
1620 0.0748709
1623 0.0748567
1624 0.0748521
1625 0.0747441
1627 0.0747071
1628 0.0746686
1629 0.074664
1630 0.0746425
1631 0.074611
1632 0.0745177
1633 0.0744957
1635 0.0743919
1636 0.0743436
1638 0.0742223
1639 0.0741132
1640 0.0740045
1641 0.073906
1642 0.0738317
1643 0.0737834
1644 0.073644
1645 0.0735655
1646 0.073469
1647 0.0734455
1649 0.0733883
1652 0.073384
1653 0.0733576
1657 0.0733045
1658 0.0731903
1660 0.0731752
1661 0.0730904
1664 0.0730161
1665 0.0729586
1666 0.0729283
1667 0.0729273
1668 0.0729024
1670 0.0728437
1671 0.0728063
1672 0.0727096
1674 0.072642
1675 0.0725625
1676 0.0725391
1677 0.0725212
1678 0.0724948
1681 0.0724775
1683 0.0724368
1685 0.0724323
1686 0.0723152
1687 0.0722143
1690 0.0721676
1691 0.0721563
1692 0.0721249
1694 0.0721235
1696 0.0721222
1697 0.0721181
1701 0.0719513
1702 0.0718477
1703 0.0718282
1704 0.071825
1706 0.071809
1709 0.0717324
1710 0.0716682
1711 0.0716604
1713 0.0716583
1714 0.0716321
1716 0.0716232
1717 0.0715196
1719 0.0715119
1720 0.0714785
1721 0.0714773
1723 0.0714521
1725 0.0714192
1726 0.0712935
1727 0.0712792
1731 0.0712509
1732 0.071129
1733 0.0710361
1734 0.0709621
1735 0.0709401
1736 0.0709296
1738 0.070912
1739 0.0708134
1740 0.0707473
1742 0.070738
1743 0.0706673
1744 0.0705817
1745 0.0705283
1746 0.0705138
1748 0.0704547
1749 0.0704199
1750 0.0704068
1751 0.0704059
1752 0.0703735
1754 0.0702352
1755 0.0701967
1756 0.0700496
1757 0.0699144
1758 0.0697885
1759 0.0696594
1760 0.0695351
1761 0.0694142
1762 0.069287
1763 0.0691717
1764 0.0690487
1765 0.0689266
1766 0.0688586
1768 0.0688421
1769 0.068799
1770 0.0687484
1771 0.0686847
1773 0.0686295
1774 0.0685621
1775 0.0685062
1776 0.0684354
1777 0.0683516
1778 0.0682606
1781 0.0682009
1782 0.0681949
1784 0.0681222
1785 0.0680848
1786 0.0680817
1787 0.0680773
1791 0.0679684
1792 0.0679357
1793 0.0678937
1794 0.0678682
1797 0.0678473
1800 0.0677308
1801 0.067698
1803 0.0676704
1804 0.0676677
1807 0.0675338
1808 0.0674666
1811 0.0674463
1812 0.0674419
1813 0.0674232
1814 0.0673149
1815 0.0673146
1816 0.0673108
1819 0.0672808
1821 0.0671319
1822 0.0670435
1823 0.0669756
1825 0.0669686
1827 0.0669636
1829 0.0669535
1830 0.0668559
1831 0.0668351
1833 0.0668326
1837 0.0667036
1838 0.066685
1839 0.0666609
1840 0.0666187
1841 0.0666186
1843 0.0665996
1846 0.0665264
1847 0.0665111
1849 0.0664195
1850 0.0663798
1851 0.0663574
1852 0.0663333
1855 0.0662005
1856 0.0661616
1857 0.0661496
1861 0.0661451
1862 0.0661326
1864 0.0660794
1865 0.0659607
1866 0.0659381
1867 0.0659321
1872 0.0658275
1873 0.0658164
1874 0.0658156
1875 0.0658145
1876 0.0658143
1879 0.0657825
1880 0.0656072
1883 0.0655507
1885 0.0655391
1886 0.0655382
1887 0.0655375
1888 0.0654157
1889 0.0653133
1890 0.0652735
1891 0.0652479
1892 0.0652304
1893 0.0651537
1894 0.0651309
1895 0.065057
1896 0.0650359
1897 0.0650286
1900 0.0649168
1901 0.0648702
1902 0.0648539
1905 0.0648441
1908 0.0647598
1909 0.0646764
1912 0.0646211
1913 0.0646201
1915 0.0646193
1916 0.064549
1917 0.0644927
1918 0.0644908
1921 0.064487
1922 0.0644222
1923 0.0643968
1926 0.0642962
1927 0.064267
1928 0.0642533
1929 0.0642161
1931 0.0641971
1934 0.0641951
1937 0.0640748
1938 0.0640083
1939 0.0639786
1940 0.0638805
1941 0.0638734
1942 0.0638615
1945 0.063797
1946 0.0637692
1947 0.0637128
1948 0.0636402
1949 0.0636052
1950 0.0635867
1951 0.0635304
1952 0.0634917
1953 0.0634723
1954 0.0634276
1955 0.063383
1956 0.06329
1957 0.063259
1959 0.0631976
1960 0.0630887
1961 0.0630187
1962 0.0630015
1963 0.0629494
1964 0.0629051
1965 0.0628596
1968 0.0627774
1969 0.0627591
1972 0.0627564
1973 0.0627541
1974 0.0627305
1976 0.0626772
1977 0.0625572
1978 0.0625438
1979 0.0625431
1980 0.0625403
1982 0.0624517
1983 0.0623874
1984 0.0623295
1987 0.0623278
1989 0.0623158
1990 0.0622293
1991 0.0621119
1992 0.0620223
1993 0.061908
1994 0.0618454
1995 0.0617076
1996 0.0616266
1997 0.0615544
1998 0.0614268
1999 0.061322
2000 0.0612143
2001 0.0611132
2002 0.0610852
2004 0.0610289
2005 0.0609522
2006 0.060884
2007 0.060844
2009 0.0608206
2011 0.0607022
2012 0.0605856
2013 0.0604662
2014 0.060347
2015 0.0602273
2016 0.060108
2017 0.059994
2018 0.0598751
2019 0.0597599
2020 0.059643
2021 0.0595279
2022 0.0594122
2023 0.0593057
2024 0.0591931
2025 0.0590789
2026 0.0589707
2027 0.0588749
2028 0.0587829
2029 0.0587379
2030 0.058716
2032 0.0586811
2033 0.0585398
2034 0.0584267
2035 0.0583442
2036 0.0582958
2037 0.0582801
2039 0.0582365
2041 0.0581879
2043 0.0581851
2044 0.0580752
2045 0.0580056
2046 0.0579617
2047 0.0578695
2048 0.0577924
2049 0.0577741
2050 0.057743
2053 0.0576048
2054 0.0575537
2055 0.0574914
2057 0.0574883
2058 0.0574872
2060 0.0574328
2062 0.0574039
2063 0.0573966
2065 0.0573742
2066 0.0573623
2067 0.0573498
2069 0.0572408
2070 0.0571317
2071 0.057111
2072 0.0571089
2073 0.0570944
2075 0.0570909
2076 0.0570895
2079 0.0570342
2080 0.0569318
2081 0.0568368
2082 0.0568029
2083 0.0567533
2084 0.0566801
2089 0.0566507
2090 0.0566456
2091 0.0565591
2092 0.0565519
2093 0.056469
2095 0.056458
2096 0.0564252
2099 0.0563894
2100 0.0563535
2101 0.0563374
2103 0.0563331
2104 0.0563328
2107 0.0561641
2108 0.0560917
2112 0.0560896
2114 0.0560808
2116 0.0560794
2117 0.0559684
2118 0.0559187
2119 0.0558466
2120 0.0557771
2121 0.0557469
2122 0.0556329
2123 0.0555195
2124 0.0554759
2130 0.0554632
2131 0.0553993
2132 0.0553422
2133 0.0552928
2134 0.0552454
2136 0.0552137
2137 0.0551601
2138 0.055092
2139 0.0550629
2141 0.0550557
2142 0.0549326
2143 0.0548834
2145 0.0548547
2146 0.054847
2147 0.0547985
2148 0.0547735
2150 0.0547151
2151 0.0546706
2153 0.0546672
2154 0.0546405
2156 0.0545835
2157 0.0544911
2158 0.0543942
2159 0.0543333
2160 0.0542339
2162 0.0542265
2163 0.0542109
2164 0.0542038
2167 0.0541243
2170 0.0541076
2171 0.0540526
2172 0.0540339
2173 0.0538907
2174 0.0538131
2175 0.0537672
2178 0.0537624
2179 0.0537587
2180 0.0537532
2181 0.0537408
2183 0.0537337
2184 0.0536811
2185 0.0536326
2187 0.0536212
2190 0.0535106
2191 0.0534157
2192 0.0533332
2193 0.0532972
2194 0.0532851
2197 0.0532826
2198 0.0532631
2200 0.0532446
2203 0.0530714
2204 0.0530424
2206 0.0530332
2209 0.0529782
2210 0.0529157
2211 0.0528388
2212 0.0528334
2214 0.0528214
2217 0.0527674
2218 0.0526871
2219 0.052673
2221 0.0526468
2224 0.0526434
2226 0.0526248
2229 0.0525678
2230 0.0525347
2232 0.0524858
2233 0.0524149
2236 0.0523694
2237 0.0523527
2238 0.0523444
2239 0.052299
2240 0.0522985
2242 0.0522823
2244 0.0522353
2245 0.0521551
2247 0.0521538
2249 0.0521355
2251 0.0521317
2253 0.0520801
2254 0.0520655
2255 0.0520638
2257 0.0520587
2259 0.0520169
2260 0.0519652
2261 0.0519159
2262 0.0518727
2263 0.051828
2264 0.0517964
2265 0.0517555
2266 0.0517208
2267 0.0517009
2268 0.051688
2270 0.0516664
2271 0.0516273
2272 0.0515792
2273 0.0515412
2274 0.0515245
2275 0.0515231
2276 0.051489
2277 0.0514784
2278 0.0514297
2279 0.0513875
2280 0.0513537
2281 0.0513311
2286 0.0512812
2287 0.0512347
2288 0.0511996
2289 0.0511865
2290 0.051186
2291 0.0511473
2292 0.0511289
2293 0.0510976
2294 0.0510755
2295 0.0510236
2296 0.0510181
2297 0.0510102
2298 0.0509686
2299 0.0509329
2300 0.0509005
2301 0.0508974
2304 0.0508677
2305 0.0508402
2306 0.0508144
2307 0.0507963
2308 0.0507905
2309 0.0507464
2310 0.0507288
2311 0.0507268
2312 0.0507008
2313 0.0506901
2315 0.0506703
2316 0.0506268
2317 0.0505878
2318 0.050578
2320 0.0505667
2323 0.0505656
2324 0.0505644
2326 0.0505197
2327 0.0504824
2328 0.0504709
2329 0.0504673
2330 0.0504254
2331 0.050389
2332 0.0503698
2333 0.0503454
2334 0.0503224
2335 0.0503148
2337 0.0503095
2338 0.0503067
2339 0.050251
2340 0.0502327
2341 0.0501959
2342 0.0501703
2343 0.050169
2344 0.0501411
2345 0.0501325
2347 0.0500898
2348 0.0500514
2349 0.050012
2350 0.0499988
2352 0.049997
2353 0.0499922
2354 0.0499762
2356 0.0499487
2357 0.0499024
2358 0.0498729
2359 0.0498459
2360 0.0498241
2361 0.0497996
2363 0.0497896
2364 0.0497581
2365 0.0497158
2366 0.0496975
2367 0.049689
2369 0.0496725
2370 0.0496525
2371 0.0496205
2372 0.0496115
2373 0.0495977
2376 0.0495482
2377 0.0495045
2378 0.0494674
2381 0.0494618
2382 0.0494614
2383 0.0494507
2384 0.0494402
2385 0.0494293
2387 0.0493774
2388 0.0493346
2389 0.049293
2390 0.0492428
2391 0.0491971
2392 0.0491524
2393 0.0491032
2394 0.0490579
2395 0.049017
2396 0.0489773
2397 0.0489451
2398 0.0489313
2399 0.0489311
2400 0.0489201
2401 0.0489192
2402 0.0488923
2403 0.0488454
2404 0.0487955
2405 0.0487443
2406 0.0486959
2407 0.0486522
2408 0.048608
2409 0.048566
2410 0.0485203
2411 0.0484775
2412 0.048434
2413 0.0483942
2414 0.0483578
2415 0.0483351
2416 0.048284
2417 0.0482316
2418 0.0482058
2421 0.0481976
2422 0.048195
2423 0.0481542
2424 0.0481146
2425 0.0480838
2426 0.0480791
2428 0.0480739
2430 0.0480139
2431 0.0479633
2432 0.0479157
2433 0.0478673
2434 0.0478282
2435 0.0478052
2437 0.047804
2438 0.0477849
2442 0.0477621
2443 0.0477438
2444 0.047716
2447 0.0477124
2449 0.0476456
2450 0.0476147
2451 0.0476041
2453 0.0475806
2454 0.0475736
2455 0.0475705
2456 0.0475566
2459 0.0475082
2460 0.0474597
2461 0.0474532
2463 0.0474203
2464 0.0473747
2465 0.0473678
2466 0.0473665
2467 0.0473636
2470 0.0473466
2471 0.0473018
2472 0.0472635
2473 0.0472393
2474 0.047223
2475 0.0472212
2476 0.0472199
2477 0.0472051
2478 0.0471756
2480 0.0471726
2481 0.0471304
2483 0.0471228
2484 0.0470763
2485 0.0470465
2488 0.04702
2491 0.0469898
2492 0.0469545
2493 0.0469428
2494 0.0469422
2495 0.0469234
2496 0.0469196
2497 0.0469096
2500 0.0468568
2501 0.0468498
2503 0.0468238
2504 0.0468077
2508 0.0468033
2510 0.0467805
2511 0.0467429
2512 0.0467316
2514 0.0467019
2515 0.0466712
2516 0.0466697
2520 0.0466427
2521 0.0466293
2522 0.04661
2523 0.0465751
2524 0.0465592
2526 0.046557
2529 0.0465072
2530 0.0464838
2531 0.0464719
2532 0.0464681
2533 0.0464618
2534 0.0464597
2535 0.0464398
2537 0.046416
2538 0.0463768
2539 0.0463615
2541 0.0463382
2542 0.0463248
2544 0.0463213
2547 0.0463146
2549 0.0462818
2550 0.0462298
2551 0.0462044
2553 0.0462042
2555 0.0461832
2556 0.0461533
2557 0.0461369
2559 0.0460938
2560 0.0460803
2561 0.0460614
2562 0.0460528
2563 0.0460385
2564 0.0460102
2565 0.0459883
2566 0.0459366
2567 0.0459065
2568 0.0458861
2569 0.0458663
2570 0.0458634
2571 0.0458629
2572 0.0458511
2573 0.0458197
2576 0.045817
2578 0.0458129
2579 0.0458089
2580 0.0457331
2581 0.0456776
2582 0.0456519
2583 0.0456442
2586 0.0456354
2587 0.0456158
2590 0.0456126
2591 0.0455724
2592 0.0455354
2593 0.0455112
2594 0.0454914
2596 0.0454812
2597 0.0454298
2598 0.0454148
2599 0.0454112
2600 0.0453984
2602 0.0453946
2604 0.0453934
2606 0.0453921
2607 0.0453486
2608 0.0453138
2609 0.0452821
2610 0.0452288
2611 0.0451864
2612 0.0451704
2613 0.0451656
2614 0.0451615
2616 0.0451601
2617 0.0451467
2621 0.0451111
2622 0.0450841
2623 0.0450386
2624 0.0450156
2625 0.0449632
2626 0.0449389
2629 0.0449241
2631 0.044889
2632 0.0448699
2633 0.0448262
2634 0.0447722
2635 0.0447184
2636 0.044668
2637 0.0446212
2638 0.0445708
2639 0.0445256
2640 0.0444866
2641 0.0444489
2642 0.0444235
2643 0.0444023
2644 0.0443558
2645 0.0443057
2646 0.0442541
2647 0.0442028
2648 0.044151
2649 0.0440994
2650 0.044048
2651 0.0439972
2652 0.0439464
2653 0.0438966
2654 0.0438473
2655 0.0438001
2656 0.0437523
2657 0.0437014
2658 0.0436506
2659 0.0436002
2660 0.0435515
2661 0.0435013
2662 0.0434511
2663 0.0434024
2664 0.043351
2665 0.0432999
2666 0.043252
2667 0.043207
2668 0.0431651
2669 0.0431328
2670 0.0431025
2671 0.0430532
2672 0.0430019
2673 0.0429504
2674 0.0428996
2675 0.0428505
2676 0.0428004
2677 0.042749
2678 0.0426981
2679 0.042649
2680 0.0426127
2681 0.0425702
2682 0.0425359
2683 0.0424913
2684 0.0424428
2685 0.0423966
2686 0.0423439
2687 0.0422937
2688 0.0422451
2689 0.042196
2690 0.0421459
2691 0.0420986
2692 0.0420513
2693 0.0420029
2694 0.0419617
2695 0.0419232
2696 0.0418731
2697 0.0418246
2698 0.0417753
2699 0.0417272
2700 0.0416811
2701 0.0416358
2702 0.0415966
2703 0.0415669
2704 0.0415349
2705 0.0414849
2706 0.0414358
2707 0.0413862
2708 0.0413418
2709 0.0412967
2710 0.0412464
2711 0.0411967
2712 0.0411467
2713 0.0410983
2714 0.0410495
2715 0.0410032
2716 0.0409528
2717 0.0409051
2718 0.0408558
2719 0.0408064
2720 0.0407568
2721 0.040708
2722 0.0406605
2723 0.0406116
2724 0.0405628
2725 0.040516
2726 0.0404668
2727 0.0404176
2728 0.0403734
2729 0.0403322
2730 0.0402978
2731 0.0402618
2732 0.040223
2733 0.0401775
2734 0.0401331
2735 0.040081
2736 0.0400326
2737 0.0399847
2738 0.0399468
2739 0.039924
2740 0.0398895
2741 0.0398662
2742 0.039842
2744 0.039833
2746 0.0398315
2747 0.0398286
2749 0.0397776
2750 0.0397417
2751 0.0397346
2752 0.0397273
2753 0.0397265
2754 0.0397114
2755 0.0396724
2756 0.0396666
2758 0.0396376
2759 0.0396365
2761 0.0396174
2762 0.0395722
2763 0.0395602
2764 0.0395154
2765 0.0394978
2766 0.0394923
2768 0.0394893
2769 0.0394546
2770 0.0394306
2771 0.0394096
2772 0.0393925
2773 0.0393835
2774 0.0393809
2775 0.039363
2776 0.0393023
2777 0.0392561
2778 0.039209
2779 0.0391703
2780 0.0391321
2781 0.0390867
2782 0.0390408
2783 0.0389966
2784 0.0389492
2785 0.0389012
2786 0.0388535
2787 0.0388061
2788 0.0387588
2789 0.038712
2790 0.0386649
2791 0.0386169
2792 0.038569
2793 0.0385215
2794 0.0384737
2795 0.0384268
2796 0.0383796
2797 0.0383328
2798 0.0382892
2799 0.0382415
2800 0.038195
2801 0.0381542
2802 0.0381078
2803 0.0380608
2804 0.038015
2805 0.0379682
2806 0.0379225
2807 0.0378816
2808 0.0378394
2809 0.0377924
2810 0.0377477
2811 0.0377032
2812 0.0376722
2813 0.0376375
2814 0.0376172
2815 0.0376131
2817 0.037584
2818 0.0375501
2819 0.037502
2820 0.0374591
2821 0.0374184
2822 0.0373886
2823 0.037353
2824 0.0373136
2825 0.0372943
2826 0.0372679
2827 0.0372447
2828 0.0372347
2832 0.0371875
2833 0.0371497
2834 0.0371339
2837 0.037113
2838 0.0370747
2839 0.0370426
2840 0.0370184
2841 0.0370118
2843 0.037011
2845 0.0369645
2846 0.0369191
2847 0.0368833
2850 0.0368532
2851 0.0368258
2852 0.0368105
2853 0.0368036
2855 0.0368031
2857 0.036799
2858 0.0367906
2859 0.0367817
2861 0.0367647
2862 0.0367084
2863 0.0366825
2864 0.0366805
2865 0.0366763
2868 0.0366444
2869 0.0366395
2871 0.036624
2872 0.0366077
2873 0.0365985
2874 0.036573
2875 0.0365349
2877 0.0365225
2878 0.0365094
2879 0.0365056
2880 0.0364933
2881 0.0364925
2882 0.0364752
2885 0.0364723
2887 0.0364673
2889 0.0364048
2890 0.0363584
2891 0.0363215
2892 0.0363066
2893 0.0362993
2894 0.0362977
2900 0.0362858
2902 0.0362818
2903 0.0362312
2904 0.0362072
2905 0.0361786
2906 0.0361756
2907 0.0361545
2908 0.0361358
2909 0.036105
2910 0.0360904
2911 0.036087
2912 0.0360723
2913 0.0360715
2914 0.0360522
2915 0.0360497
2916 0.0360398
2917 0.0359985
2918 0.0359737
2919 0.0359246
2920 0.035878
2921 0.0358307
2922 0.035784
2923 0.0357387
2924 0.0356921
2925 0.0356458
2926 0.0356009
2927 0.0355547
2928 0.0355102
2929 0.0354639
2930 0.0354203
2931 0.0353743
2932 0.0353321
2933 0.035286
2934 0.035247
2935 0.0352098
2936 0.035167
2937 0.0351279
2938 0.0350825
2939 0.0350403
2940 0.0349975
2941 0.0349601
2942 0.0349206
2943 0.0348763
2944 0.0348305
2945 0.0347885
2946 0.0347439
2947 0.0347002
2948 0.0346556
2949 0.0346102
2950 0.0345656
2951 0.034522
2952 0.0344798
2953 0.0344361
2954 0.0343937
2955 0.0343503
2956 0.0343165
2957 0.0342741
2958 0.0342372
2959 0.0342194
2960 0.0341917
2961 0.034146
2962 0.0341023
2963 0.0340599
2964 0.0340148
2965 0.0339692
2966 0.0339251
2967 0.0338806
2968 0.033838
2969 0.0338014
2970 0.0337552
2971 0.0337123
2972 0.0336751
2973 0.0336292
2974 0.0335832
2975 0.0335381
2976 0.0334967
2977 0.0334529
2978 0.0334091
2979 0.033371
2980 0.0333295
2981 0.0332875
2982 0.0332419
2983 0.0331974
2984 0.033153
2985 0.0331089
2986 0.0330709
2987 0.0330357
2988 0.0329975
2989 0.0329675
2990 0.0329347
2991 0.0328988
2992 0.0328554
2993 0.0328098
2994 0.0327649
2995 0.0327231
2996 0.0326803
2997 0.0326387
2998 0.0326025
2999 0.0325616
3000 0.032522
3001 0.0324772
3002 0.0324323
3003 0.0323932
3004 0.0323679
3005 0.0323308
3006 0.0322859
3007 0.0322404
3008 0.032197
3009 0.0321534
3010 0.032114
3011 0.0320731
3012 0.0320318
3013 0.0320028
3014 0.0319841
3015 0.0319435
3016 0.0319001
3017 0.0318645
3018 0.0318304
3019 0.0317965
3020 0.0317685
3021 0.0317368
3022 0.0317101
3023 0.0316676
3024 0.0316264
3025 0.0315881
3026 0.0315559
3027 0.0315218
3028 0.0314943
3029 0.0314534
3030 0.0314389
3031 0.0314074
3032 0.0313733
3033 0.0313601
3034 0.0313572
3035 0.0313494
3036 0.0313313
3037 0.0313163
3038 0.0313061
3040 0.0312888
3041 0.0312852
3042 0.0312725
3043 0.0312259
3044 0.0312061
3046 0.0311998
3047 0.0311831
3048 0.0311573
3051 0.0311567
3053 0.0311539
3054 0.0311327
3055 0.0311183
3056 0.0310971
3059 0.0310574
3060 0.0310306
3061 0.0310133
3062 0.0310021
3063 0.0309747
3064 0.0309253
3065 0.0308803
3066 0.0308396
3067 0.0307989
3068 0.030759
3069 0.0307161
3070 0.030673
3071 0.0306312
3072 0.0305885
3073 0.0305459
3074 0.0305027
3075 0.0304594
3076 0.0304163
3077 0.0303733
3078 0.0303305
3079 0.0302876
3080 0.0302452
3081 0.0302027
3082 0.0301608
3083 0.0301189
3084 0.0300782
3085 0.030038
3086 0.0299955
3087 0.0299533
3088 0.0299115
3089 0.0298703
3090 0.0298302
3091 0.0297934
3092 0.0297612
3093 0.0297437
3094 0.029722
3095 0.0297122
3097 0.0296951
3099 0.0296946
3100 0.0296562
3101 0.0296088
3102 0.0295705
3103 0.029545
3104 0.0295367
3112 0.0295333
3114 0.029489
3115 0.0294703
3117 0.0294663
3118 0.0294279
3119 0.0294169
3121 0.0294044
3123 0.0293998
3124 0.0293997
3125 0.0293981
3127 0.0293787
3129 0.0293691
3130 0.0293269
3131 0.0293042
3132 0.0292731
3133 0.0292554
3134 0.0292263
3135 0.0292178
3136 0.0292162
3138 0.0292124
3139 0.0292029
3140 0.0291974
3144 0.0291817
3145 0.0291538
3147 0.0291499
3148 0.0291292
3151 0.0290935
3152 0.0290769
3154 0.0290676
3156 0.0290585
3158 0.0290486
3160 0.0290458
3162 0.0289898
3163 0.028957
3164 0.0289398
3165 0.0289274
3166 0.028885
3167 0.0288407
3168 0.0287975
3169 0.0287545
3170 0.0287118
3171 0.0286695
3172 0.0286274
3173 0.0285868
3174 0.0285451
3175 0.0285072
3176 0.0284746
3177 0.0284352
3178 0.0283987
3179 0.028375
3180 0.0283534
3181 0.0283496
3183 0.028337
3185 0.0282997
3186 0.0282602
3187 0.0282192
3188 0.0281791
3189 0.0281391
3190 0.0281041
3191 0.0280704
3192 0.0280453
3193 0.0280046
3194 0.0279713
3195 0.0279403
3196 0.0279219
3197 0.027896
3198 0.0278812
3200 0.0278503
3201 0.0278099
3202 0.0277688
3203 0.0277284
3204 0.0276887
3205 0.0276486
3206 0.0276073
3207 0.0275654
3208 0.027528
3209 0.0274902
3210 0.0274499
3211 0.0274085
3212 0.027367
3213 0.0273252
3214 0.0272849
3215 0.0272442
3216 0.0272027
3217 0.0271624
3218 0.0271215
3219 0.0270821
3220 0.0270442
3221 0.0270158
3222 0.0269917
3223 0.0269572
3224 0.0269304
3225 0.0269179
3226 0.0269165
3227 0.0268917
3228 0.0268853
3230 0.0268735
3231 0.0268476
3232 0.0268238
3233 0.0267927
3234 0.0267826
3237 0.0267394
3238 0.0267211
3239 0.0267173
3243 0.0266904
3244 0.0266699
3245 0.0266517
3246 0.0266316
3248 0.0266282
3251 0.0265875
3252 0.0265747
3253 0.0265563
3255 0.026556
3256 0.0265272
3257 0.0265151
3262 0.0264737
3263 0.0264471
3264 0.026424
3266 0.0264237
3267 0.0264147
3268 0.0264124
3271 0.0264057
3273 0.0263791
3274 0.0263596
3275 0.0263334
3278 0.02632
3279 0.0262949
3280 0.0262727
3281 0.0262557
3282 0.0262246
3283 0.0261949
3284 0.0261731
3285 0.0261578
3288 0.0261296
3289 0.0261151
3290 0.0260863
3291 0.0260847
3292 0.0260826
3293 0.0260473
3294 0.0260332
3295 0.0260302
3296 0.0260213
3297 0.0259922
3298 0.0259788
3299 0.0259522
3302 0.025945
3303 0.0259263
3304 0.0259137
3305 0.0258925
3306 0.0258555
3307 0.0258384
3308 0.0258344
3310 0.0258115
3311 0.0258023
3315 0.0257656
3318 0.0257554
3319 0.0257548
3320 0.0257343
3322 0.0257335
3325 0.0256997
3326 0.0256824
3327 0.0256803
3328 0.0256528
3329 0.0256242
3330 0.0255875
3331 0.0255619
3332 0.0255415
3333 0.0255261
3334 0.0255148
3335 0.025498
3336 0.025461
3337 0.0254346
3338 0.0253968
3339 0.0253836
3342 0.0253677
3343 0.0253378
3345 0.0253323
3346 0.0253256
3349 0.0253243
3350 0.0252933
3351 0.0252684
3352 0.025248
3354 0.0252401
3355 0.0252124
3356 0.0251832
3357 0.0251612
3358 0.0251548
3360 0.0251473
3362 0.0251425
3363 0.0251249
3364 0.025098
3365 0.025069
3366 0.02506
3367 0.025051
3368 0.0250308
3369 0.0250149
3371 0.025008
3372 0.0249698
3374 0.0249634
3375 0.0249631
3376 0.0249616
3377 0.0249431
3378 0.0249112
3379 0.0248966
3380 0.0248795
3382 0.0248656
3383 0.0248408
3384 0.0248357
3390 0.0248355
3391 0.024833
3393 0.0248159
3394 0.0247877
3395 0.0247822
3397 0.0247715
3398 0.0247682
3400 0.0247381
3401 0.0247035
3402 0.0246825
3405 0.0246578
3406 0.0246381
3407 0.0246359
3411 0.0245949
3412 0.0245665
3413 0.0245396
3414 0.024518
3415 0.024491
3416 0.0244684
3417 0.0244489
3418 0.0244443
3419 0.0244361
3420 0.0244136
3421 0.0243981
3422 0.0243689
3423 0.0243579
3424 0.0243219
3425 0.0242908
3426 0.0242634
3427 0.0242455
3428 0.0242297
3430 0.0242253
3431 0.0241964
3432 0.0241707
3433 0.0241694
3434 0.0241564
3436 0.0241523
3439 0.024147
3441 0.0241278
3442 0.0240936
3443 0.024075
3444 0.0240468
3445 0.0240384
3446 0.0240367
3447 0.0240169
3448 0.0239826
3449 0.0239608
3450 0.023957
3452 0.0239418
3454 0.0239377
3455 0.023901
3456 0.0238627
3457 0.0238272
3458 0.0238004
3459 0.023767
3460 0.0237475
3461 0.023727
3462 0.023708
3463 0.0236719
3464 0.0236468
3465 0.0236362
3467 0.0236223
3468 0.0236084
3469 0.0235819
3470 0.0235672
3472 0.0235582
3473 0.0235523
3474 0.0235493
3476 0.0235462
3477 0.0235067
3478 0.0234713
3479 0.0234498
3480 0.0234393
3481 0.0234208
3482 0.023407
3483 0.0233919
3484 0.0233695
3485 0.0233473
3486 0.0233258
3487 0.023311
3489 0.0233099
3490 0.0232975
3491 0.0232695
3492 0.023268
3496 0.0232454
3497 0.0232096
3498 0.0231836
3499 0.0231803
3500 0.0231787
3504 0.0231763
3505 0.0231373
3506 0.0231118
3507 0.0230912
3508 0.0230688
3509 0.0230558
3511 0.0230434
3512 0.0230212
3514 0.0230058
3515 0.023
3516 0.0229996
3517 0.0229915
3518 0.0229863
3519 0.022968
3520 0.0229556
3521 0.0229483
3526 0.0229147
3527 0.0228771
3528 0.0228471
3529 0.0228362
3530 0.022836
3531 0.0228321
3532 0.0228317
3537 0.02283
3539 0.0228144
3540 0.0227995
3541 0.0227649
3542 0.0227359
3543 0.02271
3544 0.0226817
3545 0.0226642
3546 0.022649
3549 0.0226142
3550 0.0226
3553 0.0225824
3554 0.0225779
3555 0.0225682
3557 0.0225608
3560 0.0225481
3561 0.0225478
3562 0.0225205
3563 0.0225018
3564 0.0224946
3565 0.022493
3566 0.0224898
3567 0.0224762
3568 0.0224407
3571 0.0224091
3572 0.022378
3573 0.0223691
3575 0.022364
3576 0.0223588
3577 0.0223569
3578 0.0223523
3579 0.0223178
3580 0.0223079
3582 0.0222692
3583 0.022249
3584 0.0222344
3585 0.0222257
3586 0.0222226
3587 0.0222085
3588 0.0221891
3589 0.0221804
3591 0.0221791
3592 0.0221495
3593 0.0221307
3594 0.022123
3595 0.0221206
3596 0.0221106
3600 0.0221069
3601 0.0220645
3602 0.0220437
3603 0.0220404
3607 0.0220248
3608 0.0219952
3613 0.0219889
3614 0.0219876
3615 0.0219553
3616 0.0219354
3617 0.0219066
3619 0.0219055
3620 0.0218927
3621 0.0218617
3622 0.0218259
3623 0.0218025
3624 0.0217658
3625 0.0217329
3626 0.021698
3627 0.0216616
3628 0.0216281
3629 0.0215926
3630 0.021555
3631 0.0215185
3632 0.0214815
3633 0.0214455
3634 0.0214136
3635 0.0213785
3636 0.0213451
3637 0.0213111
3638 0.0212839
3639 0.0212462
3640 0.0212102
3641 0.021176
3642 0.0211447
3643 0.0211175
3644 0.0211011
3645 0.0210873
3646 0.0210848
3647 0.0210638
3648 0.0210401
3649 0.0210078
3650 0.0209765
3651 0.0209397
3652 0.0209052
3653 0.0208823
3654 0.0208641
3655 0.0208386
3656 0.0208126
3657 0.020793
3658 0.0207842
3660 0.0207788
3663 0.0207426
3664 0.0207133
3665 0.020698
3667 0.0206924
3668 0.0206764
3669 0.0206627
3670 0.0206543
3671 0.0206427
3672 0.0206174
3673 0.0206092
3675 0.020597
3676 0.02058
3678 0.0205627
3679 0.0205378
3680 0.0205264
3682 0.0205188
3685 0.0205181
3686 0.0205138
3687 0.020506
3688 0.020475
3689 0.0204736
3691 0.0204447
3692 0.0204334
3695 0.0203974
3697 0.0203962
3698 0.0203804
3699 0.0203692
3700 0.0203643
3702 0.0203535
3705 0.0203327
3707 0.0203284
3708 0.0202882
3709 0.0202606
3710 0.0202492
3711 0.0202441
3712 0.0202234
3713 0.0202059
3714 0.0202042
3715 0.0202039
3716 0.0202003
3718 0.0201977
3721 0.020167
3723 0.0201576
3725 0.0201559
3726 0.0201354
3727 0.0201078
3728 0.0200857
3729 0.0200854
3731 0.0200839
3733 0.0200779
3735 0.0200423
3736 0.0200358
3738 0.0200319
3739 0.0200317
3741 0.0200286
3743 0.0200238
3744 0.0199861
3745 0.0199698
3746 0.0199569
3748 0.0199554
3749 0.0199217
3750 0.0199002
3751 0.0198934
3753 0.0198666
3754 0.019849
3755 0.0198319
3756 0.0198133
3757 0.01979
3758 0.0197881
3760 0.0197601
3761 0.0197206
3762 0.0196944
3763 0.0196937
3764 0.0196868
3765 0.0196699
3766 0.0196698
3767 0.0196567
3768 0.0196513
3769 0.0196498
3770 0.019645
3771 0.019637
3772 0.0196042
3773 0.0195828
3774 0.0195527
3775 0.0195356
3776 0.0195055
3777 0.019478
3778 0.0194753
3780 0.0194519
3781 0.0194428
3782 0.0194341
3784 0.019416
3785 0.0193924
3787 0.019379
3788 0.0193683
3789 0.0193367
3790 0.0193104
3791 0.0193048
3799 0.0192683
3800 0.0192497
3802 0.0192455
3803 0.0192445
3805 0.0192294
3806 0.019217
3807 0.0191875
3811 0.0191625
3812 0.0191342
3814 0.0191322
3815 0.0191269
3816 0.0191197
3817 0.019112
3819 0.0191034
3820 0.0190817
3821 0.0190678
3822 0.019051
3823 0.0190448
3824 0.0190387
3825 0.019024
3828 0.0189836
3829 0.0189686
3831 0.0189656
3833 0.0189588
3834 0.0189526
3835 0.0189392
3837 0.0189277
3840 0.0189167
3841 0.0188719
3842 0.0188572
3843 0.0188404
3844 0.0188314
3848 0.0187984
3849 0.0187843
3851 0.0187813
3852 0.0187692
3854 0.0187475
3857 0.0187124
3858 0.0187024
3859 0.0187014
3862 0.0187002
3863 0.0186936
3864 0.0186914
3865 0.0186656
3866 0.0186514
3868 0.0186489
3870 0.018647
3871 0.0186067
3874 0.0185982
3875 0.0185955
3879 0.0185871
3880 0.0185525
3881 0.0185331
3882 0.018518
3883 0.0184969
3884 0.0184684
3885 0.0184376
3886 0.0184095
3887 0.0183856
3888 0.0183678
3889 0.0183603
3893 0.018328
3894 0.0183062
3895 0.0182904
3896 0.0182892
3898 0.0182836
3900 0.0182653
3903 0.0182621
3905 0.0182408
3906 0.0182216
3907 0.0182178
3908 0.0181854
3909 0.0181675
3912 0.0181672
3914 0.0181398
3915 0.0181204
3916 0.0181124
3918 0.0181098
3920 0.018104
3922 0.018076
3925 0.0180454
3926 0.0180347
3928 0.0180302
3930 0.0180207
3931 0.0179998
3932 0.0179907
3933 0.0179899
3934 0.0179892
3935 0.0179858
3936 0.0179854
3937 0.0179694
3941 0.0179629
3942 0.017939
3943 0.017927
3947 0.0179253
3949 0.0179217
3951 0.0179105
3952 0.0178861
3953 0.0178763
3956 0.0178468
3959 0.0178182
3960 0.0178094
3962 0.0178032
3963 0.0178015
3964 0.0177981
3966 0.0177698
3967 0.0177594
3969 0.017749
3970 0.017726
3971 0.0177245
3972 0.0177228
3975 0.0176978
3976 0.0176814
3977 0.0176794
3978 0.0176786
3979 0.0176753
3980 0.0176747
3981 0.0176569
3982 0.017651
3984 0.0176113
3985 0.0175767
3986 0.0175418
3987 0.0175073
3988 0.0174722
3989 0.0174371
3990 0.0174022
3991 0.0173674
3992 0.0173327
3993 0.017298
3994 0.0172635
3995 0.0172289
3996 0.0171949
3997 0.0171609
3998 0.0171268
3999 0.0170925
4000 0.017059
4001 0.0170253
4002 0.0169913
4003 0.0169594
4004 0.0169255
4005 0.0168929
4006 0.0168593
4007 0.016827
4008 0.0167933
4009 0.0167603
4010 0.016727
4011 0.0166986
4012 0.0166657
4013 0.0166324
4014 0.0166008
4015 0.0165697
4016 0.0165368
4017 0.0165044
4018 0.0164719
4019 0.0164429
4020 0.0164108
4021 0.0163783
4022 0.016346
4023 0.0163162
4024 0.0162854
4025 0.0162542
4026 0.0162232
4027 0.0161909
4028 0.0161609
4029 0.0161306
4030 0.0161031
4031 0.0160715
4032 0.016043
4033 0.0160112
4034 0.0159917
4035 0.0159733
4036 0.0159713
4039 0.0159623
4042 0.0159583
4043 0.0159548
4044 0.015932
4045 0.0159126
4046 0.0159107
4047 0.0159093
4048 0.0158963
4050 0.0158856
4051 0.0158509
4052 0.015844
4054 0.0158269
4056 0.015826
4058 0.0158196
4059 0.0158086
4062 0.0158006
4063 0.0157902
4064 0.0157879
4066 0.0157858
4069 0.015754
4071 0.0157535
4076 0.0157415
4078 0.0157414
4079 0.0157339
4080 0.0157308
4081 0.0157306
4082 0.0157197
4083 0.015715
4084 0.0157148
4086 0.0157038
4087 0.0156907
4088 0.015681
4089 0.0156722
4090 0.0156671
4092 0.0156583
4093 0.0156552
4095 0.0156477
4096 0.0156399
4098 0.0156363
4099 0.0156332
4100 0.0156326
4101 0.0156192
4102 0.0156106
4103 0.0156087
4105 0.0156034
4107 0.0156031
4109 0.0155996
4110 0.0155858
4111 0.0155799
4112 0.0155783
4114 0.0155681
4115 0.0155626
4116 0.0155507
4117 0.0155428
4120 0.0155384
4121 0.0155301
4122 0.0155217
4123 0.0155099
4124 0.0155022
4125 0.0154981
4127 0.0154977
4129 0.0154974
4130 0.0154858
4131 0.0154842
4133 0.0154776
4134 0.015476
4135 0.015475
4136 0.0154658
4137 0.01546
4138 0.015459
4140 0.0154541
4142 0.0154471
4143 0.015432
4144 0.0154267
4145 0.0154242
4147 0.0154184
4148 0.0154158
4149 0.0154141
4150 0.0154115
4151 0.0154025
4152 0.0153933
4153 0.0153919
4155 0.0153803
4156 0.0153671
4157 0.0153563
4158 0.015347
4159 0.0153426
4160 0.0153395
4161 0.0153375
4162 0.0153358
4163 0.0153337
4164 0.0153233
4165 0.0153123
4166 0.0153008
4167 0.0152938
4168 0.0152884
4169 0.0152787
4170 0.0152713
4171 0.0152679
4172 0.0152677
4174 0.0152652
4176 0.0152617
4178 0.0152459
4179 0.0152336
4180 0.0152287
4181 0.015226
4183 0.0152227
4184 0.0152137
4186 0.0152119
4187 0.0151994
4188 0.0151935
4189 0.0151909
4191 0.0151802
4192 0.0151693
4193 0.0151595
4194 0.0151536
4195 0.0151509
4196 0.0151496
4197 0.0151428
4198 0.0151286
4199 0.0151202
4200 0.0151076
4201 0.015097
4202 0.015091
4203 0.0150884
4205 0.0150788
4206 0.0150727
4207 0.0150628
4208 0.0150617
4209 0.0150605
4211 0.0150604
4212 0.0150457
4213 0.0150336
4214 0.0150249
4215 0.0150213
4217 0.0150199
4218 0.0150167
4219 0.0150122
4220 0.0150013
4221 0.0149905
4222 0.0149868
4223 0.014978
4224 0.0149666
4225 0.0149571
4226 0.0149454
4227 0.0149361
4228 0.0149264
4229 0.0149226
4230 0.014921
4231 0.0149187
4232 0.0149131
4233 0.0149004
4234 0.0148876
4235 0.0148752
4236 0.0148632
4237 0.0148505
4238 0.0148377
4239 0.0148254
4240 0.0148138
4241 0.0148032
4242 0.0147946
4243 0.0147884
4244 0.0147745
4245 0.0147616
4246 0.0147485
4247 0.0147354
4248 0.0147246
4249 0.0147155
4250 0.0147044
4251 0.0146935
4252 0.0146825
4253 0.0146705
4254 0.0146575
4255 0.0146441
4256 0.0146309
4257 0.0146194
4258 0.0146075
4259 0.0145964
4260 0.0145859
4261 0.0145723
4262 0.0145588
4263 0.0145454
4264 0.014532
4265 0.0145186
4266 0.0145054
4267 0.0144921
4268 0.0144795
4269 0.0144666
4270 0.0144536
4271 0.0144409
4272 0.0144277
4273 0.0144144
4274 0.0144012
4275 0.0143881
4276 0.0143753
4277 0.0143621
4278 0.014349
4279 0.0143359
4280 0.0143232
4281 0.0143101
4282 0.0142979
4283 0.0142872
4284 0.0142747
4285 0.0142615
4286 0.0142489
4287 0.0142367
4288 0.0142241
4289 0.0142121
4290 0.0141999
4291 0.0141874
4292 0.0141745
4293 0.0141614
4294 0.0141483
4295 0.0141354
4296 0.0141233
4297 0.0141102
4298 0.0140976
4299 0.0140855
4300 0.014074
4301 0.0140618
4302 0.0140489
4303 0.0140357
4304 0.0140229
4305 0.0140097
4306 0.0139974
4307 0.0139846
4308 0.0139717
4309 0.0139602
4310 0.013948
4311 0.0139354
4312 0.0139243
4313 0.0139114
4314 0.013899
4315 0.0138862
4316 0.0138737
4317 0.0138615
4318 0.0138491
4319 0.0138361
4320 0.013824
4321 0.0138111
4322 0.0137983
4323 0.0137865
4324 0.013775
4325 0.0137665
4326 0.0137626
4327 0.0137579
4328 0.0137497
4329 0.0137431
4330 0.0137381
4331 0.0137247
4332 0.0137124
4333 0.0137004
4334 0.013692
4335 0.0136811
4336 0.0136718
4337 0.0136668
4341 0.0136657
4342 0.0136599
4344 0.013648
4345 0.0136368
4346 0.0136294
4347 0.0136228
4348 0.0136215
4349 0.0136195
4350 0.0136113
4351 0.0135999
4352 0.0135975
4353 0.0135967
4354 0.0135883
4355 0.013581
4356 0.0135777
4357 0.0135774
4358 0.0135667
4359 0.0135564
4360 0.0135476
4361 0.0135423
4362 0.0135409
4363 0.013537
4364 0.0135288
4365 0.0135201
4366 0.0135095
4367 0.0135067
4369 0.0134976
4370 0.0134921
4371 0.0134903
4373 0.0134807
4374 0.0134711
4377 0.0134617
4378 0.0134524
4379 0.0134412
4380 0.0134296
4381 0.01342
4382 0.0134112
4383 0.0134058
4384 0.0134037
4386 0.0134018
4387 0.0133962
4390 0.0133816
4391 0.0133698
4392 0.01336
4393 0.0133527
4394 0.0133473
4395 0.0133431
4396 0.0133409
4397 0.0133394
4398 0.0133384
4399 0.0133347
4400 0.0133243
4401 0.0133114
4402 0.0133038
4403 0.0132986
4404 0.0132888
4405 0.0132816
4406 0.0132788
4408 0.0132777
4410 0.0132742
4411 0.01327
4412 0.013268
4413 0.0132579
4414 0.0132498
4415 0.0132487
4416 0.0132484
4419 0.0132389
4420 0.0132298
4423 0.0132205
4424 0.0132153
4425 0.0132106
4426 0.0132031
4427 0.0132017
4428 0.0131977
4429 0.013189
4431 0.0131852
4432 0.0131765
4433 0.0131679
4434 0.0131616
4435 0.0131578
4436 0.0131532
4437 0.0131516
4438 0.0131509
4440 0.0131445
4441 0.0131343
4442 0.0131262
4443 0.0131218
4444 0.0131209
4445 0.0131161
4446 0.0131135
4448 0.0131126
4450 0.0131082
4451 0.0130973
4452 0.0130964
4453 0.0130949
4454 0.013085
4455 0.0130802
4456 0.0130799
4459 0.0130782
4460 0.0130659
4462 0.0130658
4463 0.0130554
4464 0.0130464
4465 0.013044
4467 0.0130402
4469 0.0130365
4470 0.0130254
4471 0.0130231
4472 0.0130227
4473 0.0130133
4474 0.0130103
4475 0.0130091
4476 0.0130037
4477 0.0130021
4478 0.0129988
4479 0.0129892
4480 0.0129776
4481 0.0129755
4483 0.0129631
4484 0.012955
4485 0.01295
4486 0.0129491
4487 0.0129489
4488 0.0129457
4489 0.0129366
4490 0.0129288
4491 0.0129177
4492 0.0129073
4493 0.0129028
4494 0.0128895
4495 0.0128782
4496 0.0128682
4497 0.012861
4498 0.0128503
4499 0.0128386
4500 0.0128273
4501 0.0128174
4502 0.0128108
4503 0.012809
4505 0.0127982
4506 0.0127903
4507 0.0127797
4508 0.0127721
4509 0.0127636
4510 0.0127576
4511 0.0127556
4512 0.0127533
4513 0.0127437
4514 0.0127378
4516 0.0127351
4517 0.0127243
4518 0.0127153
4519 0.0127093
4520 0.012703
4521 0.0126996
4523 0.0126964
4525 0.0126945
4526 0.0126849
4527 0.0126812
4528 0.012674
4529 0.0126694
4530 0.0126632
4531 0.0126596
4532 0.0126595
4536 0.0126467
4537 0.0126373
4538 0.0126323
4539 0.0126316
4540 0.0126241
4541 0.0126223
4542 0.0126219
4544 0.0126168
4545 0.0126081
4546 0.0126005
4547 0.0125946
4549 0.0125939
4550 0.0125838
4551 0.012579
4552 0.0125766
4554 0.0125655
4555 0.0125557
4556 0.0125462
4557 0.0125401
4558 0.0125317
4559 0.0125249
4560 0.0125204
4561 0.0125199
4563 0.0125152
4564 0.0125021
4567 0.0124918
4568 0.0124811
4569 0.012473
4570 0.0124683
4571 0.0124627
4572 0.0124599
4574 0.0124584
4577 0.0124462
4578 0.0124385
4580 0.0124368
4581 0.0124277
4582 0.0124169
4583 0.0124099
4584 0.0124045
4585 0.0124016
4588 0.0123883
4589 0.0123797
4590 0.0123683
4591 0.0123614
4592 0.012359
4594 0.0123503
4595 0.0123408
4597 0.0123389
4598 0.0123347
4599 0.0123298
4600 0.0123296
4601 0.0123202
4602 0.0123159
4603 0.0123098
4604 0.0123051
4605 0.0123025
4607 0.0122966
4608 0.0122918
4609 0.0122898
4611 0.0122822
4612 0.0122698
4613 0.0122611
4614 0.0122548
4615 0.0122489
4616 0.012247
4618 0.0122465
4620 0.012243
4624 0.0122306
4625 0.0122201
4626 0.0122121
4628 0.0122119
4629 0.0122061
4630 0.0122014
4631 0.0122003
4632 0.0121919
4633 0.0121893
4635 0.0121858
4636 0.0121818
4637 0.0121744
4638 0.0121666
4639 0.0121633
4640 0.0121564
4641 0.0121546
4643 0.0121406
4644 0.0121307
4645 0.0121277
4646 0.0121275
4647 0.0121236
4648 0.0121231
4650 0.0121207
4651 0.0121143
4654 0.0121028
4655 0.0120937
4656 0.0120851
4657 0.0120751
4658 0.0120636
4659 0.0120546
4660 0.0120475
4661 0.012044
4664 0.0120422
4666 0.0120292
4667 0.0120194
4668 0.012008
4669 0.0120026
4670 0.011999
4671 0.0119908
4672 0.0119887
4673 0.0119849
4674 0.0119833
4676 0.0119757
4677 0.0119641
4678 0.0119552
4679 0.0119535
4681 0.011943
4682 0.011934
4683 0.0119263
4684 0.0119215
4685 0.0119103
4686 0.0119046
4687 0.0118961
4688 0.0118891
4689 0.0118831
4690 0.0118725
4691 0.0118648
4692 0.0118591
4693 0.0118542
4694 0.0118457
4695 0.0118416
4696 0.0118314
4698 0.0118297
4699 0.0118177
4700 0.0118113
4701 0.0118084
4702 0.0118083
4703 0.0118038
4706 0.0118006
4707 0.0117965
4710 0.0117851
4711 0.0117811
4712 0.0117719
4713 0.0117685
4717 0.0117666
4718 0.011759
4719 0.011756
4720 0.0117556
4721 0.0117462
4722 0.0117421
4723 0.0117342
4724 0.0117317
4726 0.0117223
4727 0.0117146
4729 0.0117135
4730 0.0117049
4731 0.0116987
4732 0.0116911
4733 0.0116908
4734 0.0116906
4735 0.0116879
4736 0.0116871
4737 0.0116817
4738 0.0116723
4739 0.011666
4740 0.011654
4741 0.0116448
4742 0.0116346
4743 0.0116277
4744 0.0116206
4745 0.0116127
4746 0.0116029
4747 0.0115948
4748 0.0115856
4749 0.0115814
4750 0.0115746
4751 0.0115717
4752 0.0115707
4755 0.0115575
4756 0.0115528
4757 0.0115509
4759 0.01155
4762 0.0115496
4763 0.0115492
4764 0.0115455
4765 0.0115328
4766 0.0115289
4768 0.0115182
4769 0.0115092
4770 0.011503
4772 0.0115009
4773 0.0114982
4774 0.0114954
4775 0.0114898
4776 0.0114881
4778 0.0114786
4779 0.0114675
4780 0.011459
4781 0.0114514
4782 0.011442
4783 0.0114317
4784 0.0114251
4785 0.0114139
4786 0.0114077
4787 0.0113976
4788 0.011391
4789 0.0113851
4790 0.0113818
4791 0.0113777
4792 0.0113669
4793 0.0113648
4794 0.0113646
4795 0.0113645
4796 0.0113606
4797 0.0113527
4798 0.0113405
4799 0.0113342
4800 0.0113251
4801 0.0113242
4802 0.0113237
4803 0.0113217
4805 0.0113098
4806 0.0113022
4807 0.0112935
4808 0.0112843
4809 0.0112808
4811 0.0112717
4812 0.011266
4813 0.0112614
4814 0.0112512
4815 0.0112409
4816 0.011234
4817 0.0112298
4818 0.01122
4819 0.0112117
4820 0.0112029
4821 0.0111954
4822 0.0111899
4823 0.011184
4824 0.0111784
4825 0.0111771
4827 0.0111654
4828 0.0111546
4829 0.0111488
4830 0.0111467
4831 0.0111455
4832 0.0111389
4833 0.0111367
4834 0.0111365
4836 0.0111347
4837 0.0111337
4838 0.0111306
4839 0.0111186
4840 0.0111117
4841 0.0111032
4842 0.0110977
4843 0.0110959
4845 0.0110941
4846 0.0110821
4848 0.0110817
4849 0.0110742
4850 0.0110663
4851 0.0110624
4852 0.0110546
4853 0.011052
4854 0.0110512
4855 0.011051
4856 0.01105
4857 0.0110384
4860 0.0110266
4861 0.0110183
4862 0.0110145
4863 0.0110141
4864 0.0110063
4866 0.0110059
4867 0.0110044
4868 0.0110007
4869 0.0109937
4870 0.0109834
4871 0.0109771
4872 0.0109697
4873 0.0109604
4874 0.0109517
4875 0.0109484
4876 0.0109445
4877 0.0109416
4878 0.0109287
4879 0.0109216
4880 0.0109194
4882 0.010911
4883 0.0109023
4884 0.0108974
4885 0.0108948
4886 0.0108942
4887 0.0108902
4889 0.0108875
4891 0.0108873
4892 0.0108757
4893 0.0108662
4894 0.0108581
4895 0.0108565
4896 0.0108562
4897 0.0108464
4898 0.0108359
4899 0.0108259
4900 0.0108162
4901 0.010808
4902 0.0107992
4903 0.0107961
4904 0.0107904
4905 0.0107868
4906 0.0107756
4907 0.0107634
4908 0.0107543
4909 0.0107473
4910 0.0107432
4911 0.0107399
4912 0.010732
4913 0.0107271
4914 0.0107246
4915 0.0107218
4916 0.010717
4917 0.0107101
4919 0.0107091
4920 0.0106969
4921 0.0106876
4922 0.0106795
4923 0.0106778
4925 0.0106701
4926 0.0106665
4928 0.0106643
4929 0.0106563
4930 0.0106486
4931 0.0106414
4932 0.0106402
4933 0.0106394
4934 0.0106289
4935 0.0106216
4936 0.0106116
4937 0.0106023
4938 0.0105946
4939 0.0105894
4940 0.0105839
4941 0.0105789
4942 0.0105703
4943 0.0105635
4944 0.0105603
4945 0.0105523
4946 0.0105452
4947 0.0105388
4949 0.0105374
4950 0.0105235
4951 0.0105174
4952 0.0105131
4953 0.0105097
4955 0.0105077
4956 0.0105057
4958 0.0105046
4959 0.0105002
4960 0.010499
4961 0.010496
4962 0.0104854
4963 0.0104747
4964 0.010467
4965 0.0104613
4966 0.0104603
4968 0.0104501
4971 0.0104402
4972 0.0104345
4973 0.0104274
4974 0.0104247
4975 0.0104238
4976 0.0104182
4977 0.0104181
4978 0.0104137
4981 0.0104051
4982 0.0103951
4983 0.0103897
4984 0.0103824
4985 0.0103779
4986 0.0103752
4987 0.0103739
4988 0.0103729
4990 0.0103698
4991 0.0103591
4993 0.0103573
4994 0.0103505
4995 0.0103465
4996 0.010346
5000 0.010335
5001 0.0103323
5003 0.0103252
5004 0.0103171
5005 0.0103086
5006 0.0103048
5008 0.0103033
5010 0.010292
5011 0.0102844
5012 0.0102822
5013 0.0102809
5014 0.0102786
5016 0.0102712
5017 0.0102671
5018 0.010267
5020 0.0102522
5021 0.0102406
5022 0.010232
5023 0.0102282
5024 0.0102264
5026 0.0102221
5027 0.0102201
5030 0.0102199
5032 0.010215
5033 0.0102043
5034 0.0101968
5035 0.0101929
5038 0.0101927
5040 0.0101822
5041 0.0101737
5044 0.0101723
5045 0.0101715
5046 0.0101622
5047 0.0101599
5049 0.0101573
5050 0.0101463
5051 0.010139
5052 0.010137
5053 0.0101359
5054 0.0101293
5055 0.0101278
5056 0.0101276
5057 0.0101268
5058 0.0101265
5059 0.0101256
5060 0.0101184
5061 0.0101064
5062 0.0101002
5063 0.0100931
5064 0.0100913
5065 0.0100906
5067 0.0100902
5070 0.0100791
5071 0.0100705
5072 0.010066
5073 0.0100576
5074 0.0100491
5075 0.0100436
5076 0.0100427
5077 0.0100377
5078 0.010029
5079 0.0100253
5080 0.0100237
5081 0.0100196
5083 0.0100119
5084 0.01001
5085 0.0100095
5086 0.0100091
5087 0.0100065
5088 0.0100046
5089 0.00999337
5092 0.00998154
5093 0.00997346
5094 0.00996926
5095 0.00996624
5099 0.00996369
5100 0.00995654
5103 0.00994777
5104 0.00994391
5105 0.00993806
5106 0.00993575
5111 0.00992596
5112 0.0099171
5113 0.00991016
5114 0.00990836
5116 0.00990606
5119 0.00990574
5121 0.00989881
5124 0.00988672
5125 0.00987591
5126 0.00986977
5127 0.00986533
5132 0.00985551
5133 0.00985044
5134 0.00984701
5135 0.009844
5136 0.00984011
5137 0.00983555
5138 0.00982542
5139 0.00981455
5140 0.00980482
5141 0.00979517
5142 0.00978964
5143 0.00978407
5144 0.00977563
5145 0.00977166
5147 0.0097684
5148 0.00976832
5149 0.00975999
5150 0.0097507
5151 0.0097432
5152 0.00973692
5153 0.00972735
5154 0.00971856
5155 0.00971246
5156 0.00970821
5157 0.00970225
5158 0.00969024
5159 0.0096828
5160 0.00968125
5162 0.00967748
5164 0.00966871
5165 0.00966184
5166 0.00965964
5167 0.00965813
5168 0.00965719
5172 0.00964588
5173 0.0096385
5174 0.00963818
5175 0.00963785
5176 0.00963521
5178 0.00962294
5179 0.00961367
5180 0.00960926
5181 0.00960886
5182 0.00960875
5183 0.0096022
5184 0.009599
5185 0.00959703
5188 0.00959571
5191 0.00958443
5192 0.0095768
5194 0.0095747
5195 0.00957079
5197 0.00956214
5198 0.00955773
5199 0.00955673
5201 0.00955417
5202 0.00955405
5203 0.00955255
5204 0.00954913
5205 0.00954114
5206 0.00953826
5207 0.00952726
5208 0.0095192
5209 0.00951274
5210 0.00951038
5212 0.00950493
5214 0.00950474
5215 0.00949504
5218 0.009491
5220 0.00948164
5221 0.00947825
5222 0.00947745
5224 0.00947068
5225 0.0094666
5228 0.00945587
5229 0.00944796
5230 0.00944033
5231 0.00943607
5232 0.009436
5233 0.00943258
5235 0.00942755
5236 0.00942278
5238 0.00942211
5239 0.00941103
5240 0.00940396
5241 0.00939633
5242 0.00938875
5243 0.00938213
5244 0.00938044
5246 0.00938
5247 0.00937391
5248 0.00936646
5249 0.00935979
5250 0.00935421
5251 0.0093531
5252 0.00935254
5253 0.00934771
5254 0.00934655
5255 0.00934415
5257 0.00934065
5258 0.00933019
5259 0.00932772
5261 0.00932373
5262 0.00931895
5263 0.00931582
5267 0.00931336
5268 0.00930246
5269 0.00929764
5270 0.00929332
5271 0.00929109
5272 0.00928383
5273 0.00927679
5276 0.00927611
5277 0.00927416
5279 0.00927371
5280 0.00926599
5281 0.00925569
5282 0.00925125
5283 0.00925093
5285 0.00924481
5286 0.00923704
5287 0.00922838
5288 0.00922455
5289 0.00922451
5290 0.00922107
5292 0.00922044
5293 0.00921988
5294 0.00921273
5295 0.00920304
5296 0.00920097
5297 0.00919302
5298 0.00919171
5300 0.00917873
5301 0.00916765
5302 0.00915826
5303 0.00914904
5304 0.00913921
5305 0.00913022
5306 0.0091203
5307 0.00911032
5308 0.00909945
5309 0.00908935
5310 0.00907991
5311 0.00907352
5312 0.00906479
5313 0.00905462
5314 0.00904377
5315 0.00903375
5316 0.00902316
5317 0.00901269
5318 0.00900263
5319 0.00899271
5320 0.0089828
5321 0.00897225
5322 0.00896232
5323 0.00895217
5324 0.00894174
5325 0.00893135
5326 0.0089214
5327 0.00891093
5328 0.00890027
5329 0.00888999
5330 0.00887946
5331 0.0088691
5332 0.00886045
5333 0.00885185
5334 0.0088419
5335 0.00883156
5336 0.00882196
5337 0.00881177
5338 0.00880544
5339 0.00879873
5340 0.00879452
5341 0.00879448
5342 0.0087896
5343 0.00877922
5344 0.00876915
5345 0.00875843
5346 0.00874793
5347 0.00873765
5348 0.00872712
5349 0.00871695
5350 0.00870677
5351 0.00869658
5352 0.00868796
5353 0.00867746
5354 0.00866714
5355 0.00865693
5356 0.00864652
5357 0.00863744
5358 0.00862986
5359 0.00862011
5360 0.00861003
5361 0.00860048
5362 0.00859064
5363 0.00858154
5364 0.00857286
5365 0.0085658
5366 0.00855918
5367 0.0085554
5368 0.0085497
5369 0.00854238
5370 0.00853219
5371 0.00852323
5372 0.00851415
5373 0.00850425
5374 0.00849412
5375 0.00848414
5376 0.00847451
5377 0.00846614
5378 0.00845731
5379 0.00844888
5380 0.00844442
5381 0.0084366
5382 0.00843104
5383 0.00842425
5384 0.00841745
5385 0.00840806
5386 0.00839862
5387 0.00839119
5388 0.00838537
5389 0.00837966
5390 0.00837012
5391 0.00836077
5392 0.00835128
5393 0.00834291
5394 0.00833292
5395 0.00832309
5396 0.0083131
5397 0.00830352
5398 0.00829345
5399 0.00828321
5400 0.00827332
5401 0.00826297
5402 0.00825272
5403 0.00824232
5404 0.00823203
5405 0.00822178
5406 0.00821154
5407 0.00820134
5408 0.00819105
5409 0.00818076
5410 0.00817063
5411 0.00816062
5412 0.00815105
5413 0.00814147
5414 0.00813182
5415 0.0081217
5416 0.00811142
5417 0.00810139
5418 0.00809117
5419 0.00808103
5420 0.00807091
5421 0.00806157
5422 0.00805184
5423 0.00804168
5424 0.00803158
5425 0.00802143
5426 0.00801132
5427 0.00800274
5428 0.00799557
5429 0.00799112
5430 0.00798942
5431 0.00798934
5432 0.00798018
5433 0.00796996
5434 0.00796067
5435 0.00795273
5436 0.00794551
5437 0.00793627
5438 0.00792648
5439 0.00791681
5440 0.00790779
5441 0.00790023
5442 0.00789061
5443 0.00788142
5444 0.00787203
5445 0.00786369
5446 0.00785675
5447 0.00785478
5448 0.00785068
5451 0.00783881
5452 0.00782921
5453 0.00782125
5454 0.00781808
5455 0.00781677
5456 0.00781666
5459 0.00781338
5460 0.00781306
5462 0.00781302
5464 0.00781031
5465 0.00780094
5466 0.00779872
5468 0.00779689
5469 0.00778859
5470 0.00778397
5471 0.00777707
5472 0.00777427
5474 0.00777206
5476 0.00776989
5477 0.00776949
5478 0.00776549
5479 0.00775904
5481 0.00775826
5482 0.00774716
5483 0.00774331
5484 0.00774213
5488 0.00774178
5490 0.00774124
5492 0.00773053
5493 0.00772552
5494 0.00772304
5495 0.00772272
5496 0.00771388
5497 0.00770456
5498 0.00769663
5499 0.00768976
5500 0.00768701
5501 0.0076851
5502 0.00768294
5503 0.00768293
5504 0.00768064
5506 0.00767231
5507 0.0076658
5508 0.00766255
5509 0.0076556
5510 0.00764749
5511 0.00764373
5512 0.00763268
5513 0.00762901
5514 0.00762212
5515 0.00762002
5517 0.00761761
5518 0.00761754
5519 0.00761044
5520 0.00760543
5521 0.00760363
5522 0.00760311
5523 0.00760182
5524 0.00759647
5525 0.00758644
5526 0.00758263
5527 0.00757875
5528 0.00756967
5529 0.00756575
5530 0.00756331
5532 0.00756222
5534 0.0075601
5535 0.00755012
5536 0.00754248
5537 0.00754079
5538 0.00753896
5539 0.00753295
5540 0.00752503
5541 0.00751776
5544 0.0075153
5548 0.00750656
5549 0.0075002
5550 0.0074973
5552 0.0074949
5553 0.00749306
5554 0.00748698
5555 0.00747892
5556 0.00747557
5557 0.00746974
5558 0.00746388
5559 0.00746088
5560 0.00745616
5561 0.00745097
5562 0.0074495
5563 0.00744814
5566 0.00744216
5568 0.00744047
5569 0.00743124
5570 0.00742596
5571 0.00742541
5572 0.00742515
5575 0.00741785
5576 0.00741173
5577 0.00740701
5579 0.00740137
5580 0.00740005
5581 0.00739891
5582 0.0073925
5583 0.00739149
5585 0.00738229
5586 0.0073781
5587 0.00736831
5588 0.0073619
5589 0.00735277
5590 0.00734669
5591 0.00734339
5592 0.00734002
5594 0.00733992
5596 0.00733624
5597 0.00733243
5598 0.00733153
5599 0.00732558
5600 0.00732016
5601 0.00731889
5602 0.00731812
5603 0.00731416
5606 0.00730592
5607 0.00729893
5608 0.00729447
5609 0.00728949
5610 0.0072866
5611 0.00728592
5612 0.00728473
5613 0.00728312
5614 0.00727641
5615 0.00726873
5616 0.00725847
5617 0.00725286
5618 0.00724649
5619 0.00723893
5620 0.00723371
5621 0.00723303
5624 0.00723164
5625 0.00722845
5627 0.00722529
5628 0.00721922
5629 0.00721027
5630 0.00720772
5632 0.00720109
5634 0.00719921
5635 0.00719297
5636 0.00719177
5637 0.00719156
5638 0.00718849
5639 0.00718578
5640 0.00718406
5641 0.00718336
5642 0.0071806
5644 0.00717928
5647 0.00716881
5648 0.00716255
5649 0.0071611
5650 0.00715545
5651 0.00715485
5652 0.00715406
5653 0.00714744
5654 0.00713894
5655 0.00713453
5656 0.00712815
5657 0.00711904
5658 0.00711224
5659 0.00710757
5660 0.00709908
5661 0.00709209
5662 0.00708979
5663 0.00708383
5665 0.00708302
5666 0.00708196
5667 0.00708083
5668 0.00707313
5669 0.00706824
5670 0.0070623
5671 0.00706152
5673 0.00705837
5674 0.00705695
5677 0.00704404
5678 0.00704054
5679 0.00704015
5680 0.00703795
5681 0.00703732
5682 0.00703112
5684 0.00702958
5685 0.00702203
5686 0.00701704
5687 0.00701374
5688 0.00701263
5691 0.00701256
5692 0.00700404
5693 0.00699481
5694 0.00698801
5695 0.00698345
5696 0.00697434
5697 0.00696459
5698 0.00695495
5699 0.00694532
5700 0.00693574
5701 0.00692612
5702 0.00691652
5703 0.00690696
5704 0.00689736
5705 0.00688786
5706 0.00687828
5707 0.0068687
5708 0.00685922
5709 0.0068498
5710 0.00684035
5711 0.00683087
5712 0.00682139
5713 0.0068121
5714 0.00680274
5715 0.00679332
5716 0.00678389
5717 0.00677444
5718 0.00676504
5719 0.0067559
5720 0.00674676
5721 0.00673743
5722 0.006728
5723 0.00671901
5724 0.00670985
5725 0.00670072
5726 0.00669142
5727 0.00668242
5728 0.00667334
5729 0.00666418
5730 0.00665518
5731 0.00664591
5732 0.00663721
5733 0.00662845
5734 0.00662049
5735 0.00661327
5736 0.0066054
5737 0.00659595
5738 0.00658657
5739 0.00657749
5740 0.00656821
5741 0.00655901
5742 0.00654973
5743 0.00654113
5744 0.00653196
5745 0.00652315
5746 0.00651416
5747 0.00650608
5748 0.00649926
5749 0.0064936
5750 0.00648996
5751 0.00648348
5752 0.00648029
5753 0.00647758
5754 0.00647741
5755 0.0064732
5756 0.0064648
5757 0.0064555
5758 0.00644715
5759 0.00643826
5760 0.00642939
5761 0.00642054
5762 0.00641208
5763 0.00640352
5764 0.00639647
5765 0.0063895
5766 0.00638571
5767 0.00638126
5768 0.00638084
5769 0.00637997
5770 0.00637752
5771 0.00637705
5773 0.00637222
5774 0.00636107
5775 0.00635201
5776 0.00634476
5777 0.00634109
5778 0.00633834
5779 0.0063359
5780 0.00633469
5781 0.00633243
5782 0.00633137
5783 0.00633073
5784 0.00633024
5785 0.00632934
5787 0.00632025
5788 0.00631151
5789 0.00630324
5790 0.00629563
5791 0.00628718
5792 0.00627853
5793 0.00627015
5794 0.00626198
5795 0.00625369
5796 0.00624894
5797 0.0062439
5798 0.00624336
5800 0.00623513
5801 0.00623223
5802 0.00622806
5803 0.00622765
5804 0.00622758
5805 0.00622016
5806 0.00621719
5807 0.0062101
5808 0.00620754
5809 0.00620574
5810 0.00620332
5811 0.00620071
5812 0.00619582
5813 0.00618696
5814 0.00618473
5815 0.0061847
5816 0.00618033
5817 0.00617666
5818 0.0061747
5820 0.00617067
5821 0.00616209
5822 0.00615777
5823 0.00615772
5824 0.00615605
5825 0.00615563
5826 0.00615144
5827 0.00614607
5828 0.00613912
5829 0.00613031
5830 0.00612081
5831 0.00611174
5832 0.00610695
5833 0.00610191
5834 0.0060974
5835 0.00609156
5836 0.00608352
5837 0.00607541
5838 0.00606754
5839 0.00605992
5840 0.00605523
5841 0.00605244
5844 0.00604335
5845 0.00603491
5846 0.00602819
5847 0.00602284
5848 0.00602089
5849 0.00602054
5850 0.00601812
5852 0.00601384
5853 0.00600995
5854 0.00600779
5855 0.00600009
5856 0.00599519
5857 0.00598732
5858 0.00598072
5859 0.00597505
5860 0.00597165
5861 0.00597128
5865 0.00596783
5866 0.00596734
5867 0.00596468
5868 0.00595695
5869 0.00595145
5870 0.00594788
5872 0.00594749
5874 0.00594668
5875 0.00593844
5876 0.00593479
5877 0.00593401
5878 0.00593274
5879 0.00593237
5880 0.00593207
5881 0.00592705
5882 0.00592414
5883 0.00591538
5884 0.00591447
5885 0.00591372
5886 0.00590609
5887 0.00590202
5888 0.0058943
5889 0.00588775
5890 0.0058826
5891 0.00587954
5897 0.00587861
5900 0.00587638
5901 0.00587357
5902 0.00586821
5904 0.00586549
5905 0.00585952
5906 0.0058551
5907 0.00585218
5908 0.00585186
5909 0.00585046
5911 0.00584892
5913 0.00584656
5914 0.00584491
5915 0.00584336
5916 0.00583227
5917 0.00582504
5918 0.00582016
5919 0.00581919
5920 0.00581887
5922 0.00581869
5924 0.00581734
5927 0.0058144
5929 0.00580536
5930 0.00580092
5932 0.00579832
5933 0.00579474
5934 0.0057945
5935 0.00579276
5937 0.00578846
5938 0.00578599
5940 0.00578097
5941 0.00577771
5942 0.00577296
5944 0.00576935
5945 0.00576064
5946 0.00575861
5949 0.00575855
5955 0.00575504
5956 0.00574752
5957 0.00574278
5958 0.00573591
5959 0.0057327
5960 0.00573247
5962 0.00572248
5963 0.00571556
5964 0.0057107
5965 0.00570625
5966 0.00570273
5967 0.0057007
5969 0.00569887
5970 0.0056956
5971 0.00569151
5972 0.00568628
5975 0.00567833
5976 0.00567309
5977 0.00567079
5979 0.00567062
5982 0.00566235
5983 0.0056606
5985 0.0056573
5986 0.00565445
5987 0.00565413
5988 0.00565397
5990 0.00564516
5991 0.00563762
5992 0.00563417
5994 0.00563351
5995 0.00563082
5997 0.00562871
6000 0.00562286
6001 0.00561718
6002 0.00560942
6003 0.00560564
6004 0.00560004
6005 0.00559486
6006 0.00559418
6014 0.00558631
6015 0.00557911
6016 0.00557859
6020 0.00557282
6021 0.00556889
6022 0.0055664
6023 0.00556589
6025 0.00556118
6026 0.00555566
6028 0.0055544
6030 0.0055453
6031 0.00553945
6032 0.0055378
6034 0.00553312
6035 0.00552835
6037 0.00552824
6038 0.00552397
6039 0.00551944
6040 0.00551846
6041 0.00551832
6042 0.00551294
6043 0.00550624
6045 0.00550582
6046 0.00549869
6047 0.005497
6048 0.00549692
6049 0.00549555
6051 0.00549253
6052 0.00549037
6053 0.00549031
6054 0.00548799
6055 0.00548711
6056 0.00548406
6057 0.00548294
6059 0.0054724
6060 0.00546548
6061 0.00546165
6062 0.0054532
6063 0.00545077
6064 0.0054469
6065 0.00544363
6068 0.00544274
6070 0.00544184
6072 0.00543421
6073 0.00542611
6075 0.00542522
6076 0.00541808
6077 0.00541066
6078 0.00540477
6079 0.00540257
6080 0.00539782
6081 0.00539642
6083 0.00539255
6085 0.00539195
6086 0.00538576
6087 0.00537668
6088 0.00536826
6089 0.00535995
6090 0.0053533
6091 0.00534713
6092 0.00534078
6093 0.00533235
6094 0.00532494
6095 0.00531704
6096 0.00531002
6097 0.00530561
6098 0.00530048
6099 0.00529345
6100 0.00528651
6101 0.00528078
6102 0.00527669
6103 0.00526874
6104 0.00526084
6105 0.00525271
6106 0.00524477
6107 0.00523677
6108 0.00522921
6109 0.00522122
6110 0.0052136
6111 0.00520549
6112 0.00519749
6113 0.00518963
6114 0.005182
6115 0.00517451
6116 0.00516649
6117 0.00515893
6118 0.0051508
6119 0.00514262
6120 0.00513454
6121 0.00512692
6122 0.00511925
6123 0.00511197
6124 0.00510573
6125 0.00509743
6126 0.00508905
6127 0.00508086
6128 0.00507272
6129 0.00506498
6130 0.00505697
6131 0.00504892
6132 0.005041
6133 0.00503353
6134 0.00502574
6135 0.00501844
6136 0.00501146
6137 0.00500612
6138 0.00500396
6139 0.00500386
6140 0.00499636
6141 0.00498981
6142 0.00498263
6143 0.00497493
6144 0.00496702
6145 0.0049599
6146 0.00495512
6147 0.00494589
6148 0.00493896
6149 0.00493465
6150 0.00493211
6151 0.0049321
6152 0.00493054
6155 0.00493008
6157 0.00492919
6158 0.00492756
6160 0.0049195
6161 0.0049171
6163 0.00491699
6164 0.00491652
6166 0.00491267
6167 0.00491211
6168 0.00490887
6169 0.00490881
6170 0.00490653
6171 0.00490594
6172 0.00490117
6173 0.00490062
6174 0.00489485
6175 0.00488892
6176 0.00488234
6177 0.00487992
6179 0.00487851
6180 0.00487837
6183 0.00487769
6184 0.00487736
6186 0.00487401
6187 0.00486761
6188 0.00486566
6193 0.00486456
6194 0.00486445
6195 0.00485766
6196 0.00485525
6197 0.00485425
6199 0.00485387
6201 0.00485269
6202 0.00484907
6204 0.00484884
6205 0.00483823
6206 0.00483733
6207 0.00483728
6208 0.00483213
6209 0.00482698
6216 0.00482241
6217 0.00481746
6218 0.00481027
6219 0.00480344
6220 0.00479554
6221 0.00478758
6222 0.00477955
6223 0.00477158
6224 0.00476375
6225 0.00475594
6226 0.00474804
6227 0.00474019
6228 0.00473236
6229 0.00472466
6230 0.00471688
6231 0.00470919
6232 0.00470142
6233 0.00469491
6234 0.00468821
6235 0.0046823
6236 0.00467695
6237 0.00466991
6238 0.00466353
6239 0.00465799
6240 0.00465135
6241 0.00464547
6242 0.00464046
6243 0.00463488
6244 0.00462797
6245 0.00462065
6246 0.00461349
6247 0.00460579
6248 0.00459799
6249 0.00459028
6250 0.00458258
6251 0.00457511
6252 0.00456799
6253 0.00456082
6254 0.00455405
6255 0.00454711
6256 0.0045398
6257 0.0045325
6258 0.00452533
6259 0.00451948
6260 0.00451702
6261 0.00451406
6263 0.00451215
6265 0.00450431
6266 0.00449656
6267 0.00449013
6268 0.00448457
6269 0.00447862
6270 0.00447487
6271 0.0044717
6272 0.00446804
6273 0.00446189
6274 0.00445657
6275 0.00445359
6276 0.00445169
6278 0.00444992
6279 0.00444812
6280 0.00444108
6281 0.0044343
6282 0.00443014
6283 0.00442494
6284 0.00441747
6285 0.00441221
6286 0.00441119
6288 0.00440542
6289 0.00440217
6292 0.004401
6294 0.00439599
6297 0.00438914
6299 0.00438734
6300 0.00438474
6302 0.0043814
6303 0.0043771
6304 0.00437612
6305 0.00437527
6306 0.00437261
6308 0.00436911
6309 0.00436659
6310 0.00436465
6312 0.0043603
6313 0.00435128
6314 0.00434777
6315 0.00434589
6316 0.00434566
6317 0.00434365
6321 0.00434262
6323 0.00434055
6326 0.00433322
6329 0.00432859
6330 0.00432541
6337 0.00432237
6338 0.00432218
6339 0.00432004
6341 0.00431688
6344 0.00431161
6345 0.00430473
6346 0.00430096
6347 0.00429953
6349 0.00429836
6350 0.00429831
6351 0.00429676
6354 0.00429288
6355 0.00428626
6356 0.00428435
6358 0.00428343
6360 0.00428251
6361 0.00427968
6362 0.00427961
6363 0.00427956
6364 0.00427946
6366 0.00427773
6367 0.00427645
6368 0.0042755
6370 0.00427347
6371 0.00426444
6372 0.00426188
6373 0.00425887
6374 0.00425792
6377 0.00425754
6378 0.00425725
6380 0.00425398
6381 0.00425381
6383 0.00424991
6384 0.00424281
6385 0.00423926
6386 0.00423804
6387 0.00423762
6388 0.00423752
6389 0.00423365
6390 0.00422795
6391 0.00422548
6393 0.00422345
6394 0.0042232
6395 0.00422083
6396 0.0042175
6397 0.00421575
6400 0.00421115
6401 0.00420849
6402 0.00420309
6403 0.00420275
6404 0.00420271
6406 0.00420262
6408 0.00420161
6410 0.0041991
6411 0.00419228
6412 0.00419081
6414 0.00418724
6416 0.00418579
6417 0.00418024
6418 0.00417989
6420 0.00417958
6422 0.0041795
6426 0.00417249
6427 0.00416723
6428 0.00416477
6429 0.00416393
6431 0.00415998
6432 0.00415926
6433 0.00415783
6434 0.00415265
6436 0.00415211
6437 0.0041454
6438 0.00414539
6440 0.00413792
6441 0.0041319
6442 0.00413048
6443 0.00413016
6444 0.00412945
6445 0.00412788
6446 0.00412675
6448 0.00412172
6449 0.00411929
6451 0.00411265
6452 0.00410714
6453 0.00410458
6454 0.00410192
6455 0.00409597
6457 0.0040945
6459 0.00409275
6460 0.00408892
6461 0.00408464
6462 0.00408274
6463 0.00408249
6464 0.00407904
6469 0.00407227
6470 0.00407073
6473 0.0040706
6476 0.00406452
6477 0.0040615
6478 0.00405798
6479 0.0040549
6480 0.00405446
6482 0.00404897
6483 0.00404676
6484 0.00404466
6487 0.00403746
6488 0.00403487
6489 0.00403197
6490 0.00402773
6491 0.00402547
6492 0.00402522
6495 0.00402351
6497 0.00402154
6498 0.00401563
6499 0.00401404
6500 0.00401365
6505 0.00401085
6506 0.00400641
6507 0.00400502
6508 0.00400499
6509 0.00400338
6510 0.00400293
6511 0.00400202
6512 0.00400045
6515 0.00399123
6516 0.00398966
6518 0.00398503
6519 0.003985
6520 0.0039844
6521 0.00398375
6522 0.00398067
6523 0.0039804
6524 0.00397994
6525 0.00397597
6526 0.0039686
6527 0.00396698
6529 0.00396245
6530 0.00395895
6531 0.00395409
6533 0.00395393
6534 0.00395327
6538 0.00394778
6539 0.00394346
6540 0.00394232
6541 0.00394215
6542 0.0039417
6546 0.00393471
6547 0.00392989
6548 0.00392819
6550 0.00392483
6551 0.00392206
6553 0.00392086
6554 0.00391541
6557 0.0039142
6562 0.00391364
6563 0.00390717
6566 0.0039054
6567 0.0039001
6568 0.00389491
6569 0.00389428
6572 0.00389385
6573 0.00388972
6574 0.00388971
6575 0.00388757
6577 0.00388128
6579 0.00388058
6580 0.0038776
6581 0.00387238
6582 0.00386785
6583 0.00386747
6585 0.00386742
6587 0.0038656
6588 0.00386546
6590 0.00386226
6591 0.00385731
6592 0.00385615
6594 0.00384887
6595 0.00384732
6596 0.00384294
6604 0.00384276
6605 0.00383516
6606 0.00383059
6607 0.00382715
6608 0.00382194
6609 0.00382104
6611 0.00381481
6612 0.00381303
6613 0.003813
6614 0.00380957
6615 0.00380802
6617 0.00380778
6618 0.00380632
6619 0.00380358
6621 0.00380048
6622 0.00379416
6623 0.00379222
6624 0.00379197
6625 0.00379112
6626 0.00379106
6627 0.00378999
6631 0.00378894
6632 0.00378424
6634 0.00378352
6635 0.00377585
6636 0.00377155
6639 0.00377054
6643 0.00376422
6644 0.00375989
6645 0.00375562
6646 0.00374982
6647 0.0037451
6648 0.00374306
6649 0.00374016
6650 0.00373727
6651 0.00373167
6652 0.00372709
6653 0.00372031
6654 0.00371459
6655 0.00370897
6656 0.00370572
6657 0.0037051
6659 0.00369843
6660 0.0036928
6661 0.00368615
6662 0.00368024
6663 0.00367435
6664 0.00367085
6665 0.00366555
6666 0.00366078
6667 0.0036548
6668 0.00365042
6669 0.00364378
6670 0.00363653
6671 0.00362963
6672 0.00362296
6673 0.00361675
6674 0.00361021
6675 0.00360397
6676 0.00359762
6677 0.00359209
6678 0.0035868
6679 0.00358069
6680 0.00357901
6681 0.00357891
6682 0.00357491
6683 0.00357134
6684 0.0035697
6686 0.00356744
6687 0.00356739
6688 0.0035624
6689 0.00355771
6690 0.0035559
6691 0.00355301
6692 0.00354481
6693 0.00353917
6694 0.00353423
6695 0.00352893
6696 0.00352778
6697 0.00352477
6701 0.00352323
6702 0.00351878
6703 0.00351653
6704 0.00351511
6706 0.00351087
6708 0.00350905
6710 0.00350798
6711 0.00350331
6712 0.00350083
6713 0.00349896
6714 0.00349874
6715 0.00349553
6716 0.00349178
6717 0.00349028
6718 0.00348962
6719 0.00348937
6720 0.0034877
6721 0.0034792
6722 0.00347669
6723 0.00347526
6724 0.00347502
6726 0.00347445
6727 0.00347333
6729 0.00347257
6731 0.00347246
6732 0.00346883
6734 0.0034686
6735 0.00346319
6736 0.00346028
6737 0.00345756
6740 0.00345415
6741 0.00345355
6742 0.00345119
6743 0.00345021
6745 0.0034494
6747 0.00344835
6748 0.00344475
6750 0.00344364
6751 0.00343773
6752 0.00343551
6758 0.00343515
6761 0.00342851
6762 0.00342484
6763 0.00342201
6764 0.00342154
6768 0.00341489
6769 0.0034145
6770 0.00341417
6771 0.00341319
6774 0.00341226
6777 0.00340672
6778 0.00340374
6779 0.00340245
6782 0.0034017
6783 0.00339674
6784 0.00339523
6785 0.00339457
6787 0.00339419
6789 0.00339295
6790 0.0033927
6792 0.00339056
6793 0.00338589
6794 0.00338563
6795 0.00338545
6800 0.00338006
6801 0.00337937
6802 0.00337919
6804 0.00337918
6808 0.00337315
6809 0.0033719
6811 0.00337186
6814 0.00337056
6815 0.0033674
6818 0.00336565
6819 0.0033653
6820 0.00336469
6821 0.00336415
6824 0.00335687
6825 0.00335388
6827 0.0033538
6828 0.00335335
6832 0.003348
6833 0.00334729
6834 0.00334588
6837 0.0033397
6839 0.00333938
6840 0.00333691
6842 0.00333302
6843 0.00333155
6845 0.00332894
6846 0.00332323
6847 0.00331748
6848 0.00331173
6849 0.00330649
6850 0.00330153
6851 0.00329547
6852 0.00328903
6853 0.00328261
6854 0.00327622
6855 0.00326986
6856 0.0032644
6857 0.00325899
6858 0.0032538
6859 0.00324807
6860 0.00324274
6861 0.00323625
6862 0.00323003
6863 0.00322392
6864 0.00321786
6865 0.00321178
6866 0.00320824
6868 0.00320816
6869 0.00320255
6870 0.00320047
6871 0.00319514
6872 0.00319199
6873 0.00318678
6874 0.00318584
6876 0.00318384
6877 0.00318353
6878 0.00317808
6879 0.00317466
6880 0.00317223
6881 0.00317034
6882 0.00316699
6884 0.00316678
6885 0.00316085
6886 0.0031561
6887 0.00315221
6888 0.00314914
6889 0.00314604
6891 0.00314583
6892 0.00314115
6893 0.00313814
6894 0.00313624
6896 0.00313621
6897 0.00313117
6898 0.00312778
6899 0.00312636
6900 0.00312626
6901 0.00312443
6903 0.00312371
6906 0.00312116
6907 0.00312057
6908 0.00312025
6909 0.00311524
6910 0.0031147
6913 0.0031145
6914 0.00310801
6915 0.00310745
6917 0.00310395
6918 0.00310257
6920 0.00310169
6923 0.00309838
6924 0.00309411
6925 0.00309356
6928 0.00309346
6930 0.00309259
6933 0.00308767
6934 0.00308733
6935 0.00308716
6937 0.00308634
6940 0.00308064
6941 0.00308029
6942 0.0030801
6943 0.00307943
6946 0.00307731
6947 0.00307598
6948 0.00307455
6949 0.00306949
6950 0.00306484
6951 0.00306391
6952 0.00306358
6953 0.00306159
6954 0.0030578
6955 0.00305436
6956 0.00305431
6959 0.00305169
6962 0.00304845
6964 0.00304711
6965 0.00304261
6966 0.00304197
6968 0.0030382
6969 0.0030375
6970 0.00303729
6972 0.00303714
6973 0.0030367
6974 0.00303642
6977 0.00302997
6978 0.00302614
6979 0.00302272
6981 0.00302228
6984 0.00301789
6985 0.00301363
6986 0.00301209
6988 0.00300918
6989 0.00300854
6990 0.00300677
6991 0.00300551
6992 0.00300252
6993 0.00299658
6994 0.00299397
6995 0.00299332
6996 0.00299316
6998 0.00299289
6999 0.00299188
7000 0.00299182
7003 0.00298741
7004 0.00298432
7006 0.0029826
7008 0.00298039
7009 0.00297601
7011 0.00297369
7012 0.00297355
7013 0.00297046
7014 0.00297022
7015 0.0029702
7016 0.00296999
7018 0.00296515
7021 0.00295892
7022 0.00295596
7026 0.00295539
7029 0.00295184
7030 0.00295019
7032 0.00294623
7033 0.00294586
7034 0.00294433
7035 0.00294152
7036 0.0029359
7037 0.00293264
7038 0.00292957
7039 0.00292927
7040 0.00292925
7041 0.00292822
7043 0.00292693
7045 0.0029263
7046 0.0029235
7047 0.00291902
7049 0.00291882
7050 0.0029133
7052 0.00291252
7053 0.00291007
7054 0.00291001
7055 0.00290844
7059 0.0029078
7060 0.00290762
7061 0.0029023
7062 0.00289992
7063 0.00289778
7064 0.00289012
7065 0.00288749
7066 0.00288598
7068 0.00288587
7073 0.00288328
7074 0.00288086
7077 0.00287567
7079 0.00287389
7080 0.00287122
7081 0.00286972
7082 0.00286929
7083 0.00286756
7084 0.00286754
7085 0.00286694
7087 0.00286496
7088 0.00286192
7091 0.00285444
7093 0.0028544
7094 0.00285376
7095 0.00285357
7096 0.00284984
7097 0.00284526
7098 0.00283995
7099 0.00283481
7100 0.0028292
7101 0.00282414
7102 0.00281895
7103 0.00281437
7104 0.00281028
7105 0.00280957
7106 0.00280915
7107 0.00280337
7108 0.00279759
7109 0.00279198
7110 0.002787
7111 0.00278195
7112 0.00277616
7113 0.00277136
7114 0.00276616
7115 0.00276126
7116 0.00275628
7117 0.00275297
7119 0.00275252
7120 0.00275055
7121 0.00275046
7122 0.00274898
7124 0.00274439
7125 0.00273927
7126 0.00273542
7127 0.00273034
7128 0.00272641
7129 0.00272118
7130 0.00271765
7131 0.00271536
7132 0.00271485
7133 0.002714
7134 0.0027114
7135 0.00271027
7137 0.00270571
7138 0.00270038
7139 0.00269486
7140 0.00268902
7141 0.00268324
7142 0.00267749
7143 0.00267176
7144 0.00266607
7145 0.00266037
7146 0.00265471
7147 0.00264914
7148 0.00264347
7149 0.00263817
7150 0.0026325
7151 0.0026269
7152 0.00262152
7153 0.00261594
7154 0.00261107
7155 0.00260548
7156 0.00260001
7157 0.00259912
7159 0.00259335
7160 0.00259006
7161 0.00258805
7162 0.00258565
7163 0.00257857
7164 0.00257399
7165 0.00256864
7166 0.00256389
7167 0.00255823
7168 0.00255296
7169 0.00254809
7170 0.00254251
7171 0.0025371
7172 0.00253174
7173 0.00252652
7174 0.00252236
7175 0.00251759
7176 0.00251454
7177 0.00251258
7178 0.00251227
7181 0.00251124
7182 0.00250805
7183 0.00250371
7184 0.00249957
7185 0.00249486
7186 0.00249008
7187 0.0024869
7188 0.00248376
7189 0.00248003
7190 0.00247522
7191 0.00247186
7192 0.00246977
7194 0.00246827
7195 0.00246404
7196 0.00246089
7197 0.00245826
7199 0.00245797
7200 0.00245583
7203 0.00245467
7204 0.00245462
7206 0.00245456
7207 0.00245423
7209 0.00245404
7211 0.00245273
7212 0.00244867
7214 0.00244863
