1 400.5
3 230.5
6 216.47
7 106.042
10 105.731
13 102.448
20 102.428
21 102.335
22 102.256
23 102.18
24 102.1
25 102.022
26 101.943
27 101.864
28 101.785
29 101.706
30 101.628
31 101.559
32 101.478
33 101.4
34 101.322
35 101.243
36 101.167
37 101.088
38 101.011
39 100.933
40 100.855
41 100.777
42 100.699
43 100.622
45 100.565
46 100.539
48 100.442
49 100.389
50 100.307
51 100.229
52 100.151
53 100.074
54 100.004
55 99.928
56 99.8557
57 99.7789
58 99.7051
59 99.6285
60 99.5535
61 99.4769
62 99.4014
63 99.3253
64 99.2494
65 99.1762
66 99.1011
67 99.0276
68 98.9689
69 98.8897
70 98.8258
71 98.7473
72 98.6745
73 98.5979
74 98.5218
75 98.4461
76 98.3703
77 98.2948
78 98.2194
79 98.1439
80 98.0687
81 97.9937
82 97.9183
83 97.8437
84 97.7687
85 97.6936
86 97.619
87 97.5439
88 97.4693
89 97.3947
90 97.32
91 97.2456
92 97.181
93 97.1035
94 97.0341
95 96.9584
96 96.8839
97 96.8098
98 96.7357
99 96.6615
100 96.5878
101 96.5139
102 96.4399
103 96.3662
104 96.2923
105 96.2187
106 96.1463
107 96.0725
108 95.9987
109 95.9251
110 95.8516
111 95.7814
112 95.7071
113 95.635
114 95.5616
115 95.4884
116 95.4153
117 95.3444
118 95.2708
119 95.1986
120 95.1256
121 95.0528
122 94.9802
123 94.9078
124 94.8353
125 94.7629
126 94.6918
127 94.6192
128 94.5478
129 94.4755
130 94.4036
131 94.3315
132 94.2596
133 94.1884
134 94.1164
135 94.0445
136 93.9727
137 93.9011
138 93.8312
139 93.7593
140 93.6877
141 93.6163
142 93.545
143 93.4741
144 93.4028
145 93.3316
146 93.2605
147 93.1896
148 93.1186
149 93.0477
150 92.9774
151 92.9065
152 92.8359
153 92.7652
154 92.6947
155 92.6294
156 92.5574
157 92.4878
158 92.4177
159 92.3481
160 92.2841
161 92.2131
162 92.1486
163 92.0785
164 92.0112
165 91.9406
166 91.8721
167 91.802
168 91.7325
169 91.6629
170 91.5941
171 91.5245
172 91.4551
173 91.3874
174 91.3177
175 91.2487
176 91.1796
177 91.1106
178 91.0439
179 90.9745
180 90.9073
181 90.8382
182 90.7701
183 90.7012
184 90.6327
185 90.5642
186 90.4957
187 90.4275
188 90.3594
189 90.2911
190 90.2236
191 90.1556
192 90.0875
193 90.0199
194 89.9519
195 89.8844
196 89.8179
197 89.7501
198 89.6823
199 89.6145
200 89.5469
201 89.4798
202 89.4245
203 89.3544
204 89.2862
205 89.2195
206 89.1522
207 89.085
208 89.0179
209 88.9512
210 88.8842
211 88.8174
212 88.7506
213 88.6839
214 88.6177
215 88.5509
216 88.4847
217 88.4183
218 88.352
219 88.2867
220 88.221
221 88.1557
222 88.0947
223 88.0294
224 87.9683
225 87.9068
226 87.8441
227 87.7888
229 87.7358
230 87.6814
231 87.6585
232 87.5735
233 87.5333
234 87.4624
235 87.3961
236 87.3308
237 87.2661
238 87.2037
239 87.1381
240 87.0724
241 87.0072
242 86.9421
243 86.878
244 86.8128
245 86.748
246 86.6832
247 86.6186
248 86.5539
249 86.4893
250 86.4257
251 86.3619
252 86.2981
253 86.2365
254 86.1746
255 86.1132
256 86.0622
257 85.9979
258 85.9474
259 85.8843
260 85.8285
262 85.7824
264 85.7801
266 85.7393
267 85.7064
268 85.6762
269 85.6447
270 85.6128
271 85.5809
272 85.5491
273 85.5179
274 85.4859
275 85.4542
276 85.4224
277 85.3906
278 85.3589
279 85.3277
280 85.2958
281 85.2641
282 85.2324
283 85.2008
284 85.1691
285 85.1375
286 85.106
287 85.0743
288 85.0428
289 85.0112
290 84.9796
291 84.9481
292 84.9183
293 84.8866
294 84.8549
295 84.8234
296 84.792
297 84.7607
298 84.7292
299 84.6978
300 84.6669
301 84.6354
302 84.604
303 84.5727
304 84.5524
305 84.5195
306 84.4875
307 84.4562
308 84.425
309 84.3937
310 84.3625
311 84.332
312 84.3007
313 84.2694
314 84.2382
315 84.207
316 84.1759
317 84.145
318 84.1138
319 84.0827
320 84.0516
321 84.0205
322 83.9894
323 83.9584
324 83.9352
325 83.9028
326 83.8714
327 83.8406
328 83.8096
329 83.7787
330 83.7482
331 83.7209
332 83.6899
333 83.6588
334 83.6278
335 83.5968
336 83.5659
337 83.5351
338 83.5047
339 83.4741
340 83.4435
341 83.4135
342 83.3827
343 83.3521
344 83.3213
345 83.2906
346 83.26
347 83.2294
348 83.1987
349 83.1681
350 83.1376
351 83.107
352 83.0764
353 83.0458
354 83.0152
355 82.9847
356 82.9557
357 82.9251
358 82.8945
359 82.8639
360 82.8334
361 82.8029
362 82.7725
363 82.7475
364 82.7164
365 82.6856
366 82.6552
367 82.6248
368 82.5944
369 82.5641
370 82.5343
371 82.504
372 82.4736
373 82.4433
374 82.413
375 82.3828
376 82.353
377 82.3227
378 82.2924
379 82.2623
380 82.2322
381 82.202
382 82.1718
383 82.1417
384 82.1126
385 82.0823
386 82.0522
387 82.0221
388 81.9921
389 81.9625
390 81.9324
391 81.9024
392 81.8724
393 81.8424
394 81.8125
395 81.783
396 81.7531
397 81.7231
398 81.6932
399 81.6633
400 81.6336
401 81.6069
402 81.5769
403 81.5468
404 81.5169
405 81.487
406 81.4572
407 81.4275
408 81.3978
409 81.3681
410 81.3384
411 81.3088
412 81.2826
413 81.2521
414 81.2225
415 81.1931
416 81.1635
417 81.1339
418 81.1045
419 81.0749
420 81.0454
421 81.0202
422 80.9899
423 80.9601
424 80.9308
425 80.9013
426 80.8718
427 80.8424
428 80.8133
429 80.7838
430 80.7544
431 80.725
432 80.6956
433 80.6663
434 80.638
435 80.6085
436 80.5791
437 80.5498
438 80.5205
439 80.4913
440 80.4622
441 80.433
442 80.4038
443 80.3747
444 80.3473
445 80.3176
446 80.2887
447 80.2596
448 80.2307
449 80.2034
450 80.1738
451 80.145
452 80.116
453 80.0871
454 80.0589
455 80.0306
456 80.0018
457 79.9736
458 79.9506
459 79.92
460 79.8917
461 79.863
462 79.835
463 79.8166
464 79.785
465 79.7566
466 79.7283
467 79.7024
468 79.6737
469 79.6455
470 79.6166
471 79.5878
472 79.5591
473 79.5351
474 79.5053
475 79.4765
476 79.448
477 79.4192
478 79.3905
479 79.362
480 79.3341
481 79.3055
482 79.2769
483 79.2483
484 79.2197
485 79.1911
486 79.1625
487 79.1339
488 79.1054
489 79.0776
490 79.0489
491 79.0206
492 78.9921
493 78.9637
494 78.9352
495 78.9069
496 78.8787
497 78.8503
498 78.8219
499 78.7936
500 78.7656
501 78.7373
502 78.7092
503 78.6823
504 78.6537
505 78.6256
506 78.5974
507 78.5692
508 78.5413
509 78.5145
510 78.4864
511 78.4583
512 78.4303
513 78.4025
514 78.3774
515 78.3483
516 78.321
517 78.2929
518 78.2649
519 78.2373
520 78.2206
521 78.1897
522 78.1619
523 78.1345
524 78.1065
525 78.0785
526 78.0505
527 78.0226
528 77.9952
529 77.9672
530 77.9392
531 77.9113
532 77.8834
533 77.8555
534 77.8276
535 77.7998
536 77.7785
537 77.7495
538 77.7214
539 77.6937
540 77.666
541 77.6385
542 77.6107
543 77.583
544 77.5553
545 77.5276
546 77.4999
547 77.4723
548 77.4535
549 77.424
550 77.3961
551 77.369
552 77.3413
553 77.3137
554 77.2862
555 77.2587
556 77.2312
557 77.2037
558 77.1763
559 77.1526
560 77.1242
561 77.0969
562 77.0698
563 77.0428
564 77.0155
565 76.9882
566 76.961
567 76.9347
568 76.9096
569 76.8829
570 76.8569
571 76.8347
572 76.812
573 76.7871
574 76.7673
576 76.7399
577 76.7147
578 76.7039
579 76.6732
580 76.6463
581 76.6199
582 76.5927
583 76.5656
584 76.5384
585 76.5113
586 76.4842
587 76.4571
588 76.4301
589 76.403
590 76.3759
591 76.3489
592 76.3219
593 76.2949
594 76.268
595 76.241
596 76.214
597 76.187
598 76.1602
599 76.1366
600 76.1093
601 76.0821
602 76.0551
603 76.0282
604 76.0014
605 75.9747
606 75.9478
607 75.921
608 75.8942
609 75.8674
610 75.8406
611 75.8138
612 75.7871
613 75.7751
614 75.7459
615 75.7184
616 75.692
617 75.6655
618 75.6392
619 75.6124
620 75.5857
621 75.5591
622 75.5326
623 75.506
624 75.4795
625 75.4559
626 75.4288
627 75.4021
628 75.3757
629 75.3492
630 75.3227
631 75.2962
632 75.2698
633 75.2455
634 75.2185
635 75.1922
636 75.1659
637 75.1401
638 75.114
639 75.0879
640 75.0624
641 75.0359
642 75.0098
643 74.9835
644 74.9572
645 74.9309
646 74.9047
647 74.8796
648 74.8533
649 74.8269
650 74.8007
651 74.7745
652 74.7484
653 74.7226
654 74.6965
655 74.6703
656 74.6442
657 74.6181
658 74.5921
659 74.5661
660 74.54
661 74.514
662 74.4883
663 74.4622
664 74.4362
665 74.4103
666 74.3853
667 74.3593
668 74.3332
669 74.3073
670 74.2814
671 74.2556
672 74.2297
673 74.2038
674 74.1782
675 74.1525
676 74.1267
677 74.1016
678 74.0758
679 74.0499
680 74.0241
681 73.9984
682 73.9728
683 73.9471
684 73.9214
685 73.8957
686 73.87
687 73.8444
688 73.823
689 73.7965
690 73.7707
691 73.7453
692 73.7197
693 73.6942
694 73.6696
695 73.6441
696 73.6185
697 73.5929
698 73.5674
699 73.5419
700 73.5165
701 73.4911
702 73.4656
703 73.4403
704 73.4162
705 73.3906
706 73.3651
707 73.3397
708 73.3143
709 73.289
710 73.2708
711 73.2441
712 73.2186
713 73.1935
714 73.1683
715 73.1432
716 73.1193
717 73.0937
718 73.0688
719 73.0436
720 73.0185
721 72.9933
722 72.9681
723 72.943
724 72.9184
725 72.8932
726 72.868
727 72.843
728 72.8179
729 72.7929
730 72.7743
731 72.7482
732 72.7228
733 72.6979
734 72.673
735 72.6482
736 72.6233
737 72.5985
738 72.5744
739 72.5492
740 72.5244
741 72.4996
742 72.4749
743 72.45
744 72.4251
745 72.4003
746 72.3756
747 72.3508
748 72.3261
749 72.3019
750 72.2771
751 72.2523
752 72.2276
753 72.2029
754 72.1782
755 72.1535
756 72.1288
757 72.1042
758 72.0938
759 72.067
760 72.0415
761 72.0171
762 71.9925
763 71.968
764 71.9437
765 71.9191
766 71.8945
767 71.87
768 71.8455
769 71.8212
770 71.7967
771 71.7723
772 71.7481
773 71.7236
774 71.6992
775 71.6757
776 71.6511
777 71.6268
778 71.6025
779 71.5784
780 71.5541
781 71.5299
782 71.5056
783 71.4813
784 71.4571
785 71.4335
786 71.4091
787 71.3848
788 71.3606
789 71.3364
790 71.3125
791 71.2882
792 71.2642
793 71.24
794 71.2159
795 71.1918
796 71.1678
797 71.1439
798 71.1198
799 71.0959
800 71.0721
801 71.048
802 71.024
803 71.0002
804 70.9762
805 70.9523
806 70.9283
807 70.9044
808 70.8807
809 70.8567
810 70.8328
811 70.8089
812 70.7851
813 70.7615
814 70.7377
815 70.7139
816 70.6901
817 70.6663
818 70.6426
819 70.6201
820 70.5959
821 70.5724
822 70.5487
823 70.5252
824 70.5031
825 70.4789
826 70.4556
827 70.4319
828 70.4083
829 70.3849
830 70.3612
831 70.3378
832 70.3143
833 70.2908
834 70.2674
835 70.2438
836 70.2202
837 70.1967
838 70.1732
839 70.1498
840 70.1272
841 70.1036
842 70.08
843 70.0566
844 70.0332
845 70.0098
846 69.9864
847 69.9631
848 69.9424
849 69.9186
850 69.8951
851 69.8718
852 69.8485
853 69.8253
854 69.802
855 69.7787
856 69.7557
857 69.7324
858 69.7093
859 69.686
860 69.663
861 69.6399
862 69.6167
863 69.5936
864 69.571
865 69.5477
866 69.5248
867 69.5017
868 69.4786
869 69.4556
870 69.4327
871 69.4097
872 69.3867
873 69.3638
874 69.3427
875 69.3191
876 69.2965
877 69.2736
878 69.2507
879 69.228
880 69.2073
881 69.1837
882 69.1613
883 69.1385
884 69.1158
885 69.0936
886 69.0709
887 69.0484
888 69.0277
889 69.0049
890 68.9828
891 68.9599
892 68.9372
893 68.9145
894 68.8918
895 68.8691
896 68.8465
897 68.8263
898 68.8034
899 68.7805
900 68.7578
901 68.7351
902 68.7125
903 68.6901
904 68.6676
905 68.645
906 68.6225
907 68.6003
908 68.5777
909 68.5551
910 68.5327
911 68.5103
912 68.4878
913 68.4653
914 68.4429
915 68.422
916 68.3992
917 68.3768
918 68.3544
919 68.3321
920 68.3101
921 68.2877
922 68.2653
923 68.243
924 68.2207
925 68.1984
926 68.1762
927 68.1559
928 68.1331
929 68.111
930 68.0888
931 68.0669
932 68.0503
933 68.0266
934 68.0051
935 67.9832
936 67.9619
937 67.9477
938 67.9232
939 67.9023
940 67.8806
941 67.8597
942 67.8464
943 67.8215
944 67.8012
945 67.7795
946 67.7584
947 67.7405
948 67.7218
949 67.7021
950 67.6881
951 67.6647
952 67.6453
953 67.6231
954 67.6011
955 67.5792
956 67.5576
957 67.5426
958 67.5188
959 67.4975
960 67.4762
961 67.4566
962 67.4347
963 67.4139
964 67.3921
965 67.3704
966 67.3486
967 67.3269
968 67.3053
969 67.2837
970 67.2621
971 67.2408
972 67.2192
973 67.1978
974 67.1778
975 67.1559
976 67.1346
977 67.1131
978 67.0919
979 67.0705
980 67.0492
981 67.0289
982 67.0073
983 66.9862
984 66.9646
985 66.9431
986 66.9216
987 66.9002
988 66.8793
989 66.8577
990 66.8363
991 66.8149
992 66.7935
993 66.7721
994 66.7512
995 66.7297
996 66.7085
997 66.6872
998 66.666
999 66.645
1000 66.6238
1001 66.6026
1002 66.5816
1003 66.5634
1004 66.5412
1005 66.5207
1006 66.4996
1007 66.4787
1008 66.4586
1009 66.4371
1010 66.4164
1011 66.3952
1012 66.3741
1013 66.3531
1014 66.332
1015 66.3109
1016 66.2898
1017 66.2689
1018 66.2499
1019 66.2286
1020 66.2074
1021 66.1863
1022 66.1654
1023 66.1445
1024 66.1235
1025 66.1026
1026 66.085
1027 66.0633
1028 66.0424
1029 66.0218
1030 66.0009
1031 65.98
1032 65.9592
1033 65.9405
1034 65.9193
1035 65.8983
1036 65.8776
1037 65.8568
1038 65.8361
1039 65.8156
1040 65.7948
1041 65.774
1042 65.7533
1043 65.7326
1044 65.7121
1045 65.6915
1046 65.6708
1047 65.6502
1048 65.6299
1049 65.6092
1050 65.5885
1051 65.5681
1052 65.5477
1053 65.5271
1054 65.5066
1055 65.4862
1056 65.4656
1057 65.4451
1058 65.4246
1059 65.4043
1060 65.3846
1061 65.3642
1062 65.3437
1063 65.3232
1064 65.3027
1065 65.2823
1066 65.262
1067 65.2416
1068 65.2212
1069 65.201
1070 65.1815
1071 65.1611
1072 65.1407
1073 65.1204
1074 65.1001
1075 65.0799
1076 65.0598
1077 65.0396
1078 65.0195
1079 65.0001
1080 64.9796
1081 64.9597
1082 64.9395
1083 64.9194
1084 64.9005
1085 64.88
1086 64.86
1087 64.84
1088 64.8203
1089 64.8002
1090 64.7802
1091 64.7602
1092 64.7404
1093 64.7204
1094 64.7004
1095 64.6808
1096 64.6622
1097 64.6423
1098 64.6224
1099 64.6024
1100 64.5824
1101 64.5624
1102 64.5424
1103 64.5225
1104 64.5027
1105 64.4828
1106 64.4629
1107 64.4432
1108 64.4242
1109 64.4044
1110 64.3845
1111 64.3646
1112 64.3449
1113 64.3252
1114 64.3057
1115 64.2859
1116 64.2662
1117 64.2465
1118 64.2268
1119 64.2071
1120 64.1875
1121 64.1758
1122 64.1542
1123 64.1347
1124 64.1156
1125 64.0959
1126 64.0764
1127 64.0568
1128 64.0372
1129 64.0177
1130 63.9985
1131 63.9789
1132 63.9594
1133 63.9399
1134 63.9204
1135 63.901
1136 63.8821
1137 63.8626
1138 63.8431
1139 63.8237
1140 63.8043
1141 63.785
1142 63.7659
1143 63.7465
1144 63.7272
1145 63.7079
1146 63.6886
1147 63.6693
1148 63.6501
1149 63.64
1150 63.6183
1151 63.5994
1152 63.5809
1153 63.5618
1154 63.5428
1155 63.5235
1156 63.5044
1157 63.4852
1158 63.4661
1159 63.4489
1160 63.4294
1161 63.4101
1162 63.3912
1163 63.3721
1164 63.353
1165 63.3339
1166 63.3149
1167 63.2996
1168 63.2796
1169 63.2608
1170 63.242
1171 63.223
1172 63.204
1173 63.1851
1174 63.1668
1175 63.1477
1176 63.1288
1177 63.11
1178 63.0915
1179 63.0727
1180 63.0539
1181 63.0351
1182 63.0163
1183 62.9976
1184 62.9801
1185 62.9612
1186 62.9432
1187 62.9244
1188 62.9058
1189 62.887
1190 62.8684
1191 62.8502
1192 62.8314
1193 62.8127
1194 62.794
1195 62.7753
1196 62.7567
1197 62.7397
1198 62.7206
1199 62.7021
1200 62.6837
1201 62.6661
1202 62.6474
1203 62.6293
1204 62.6106
1205 62.5921
1206 62.5736
1207 62.5551
1208 62.5366
1209 62.5182
1210 62.5024
1211 62.4834
1212 62.4648
1213 62.4465
1214 62.428
1215 62.4097
1216 62.3914
1217 62.373
1218 62.3546
1219 62.3363
1220 62.3203
1221 62.3014
1222 62.2831
1223 62.2649
1224 62.2466
1225 62.2284
1226 62.2103
1227 62.1921
1228 62.1739
1229 62.1557
1230 62.1376
1231 62.1212
1232 62.1024
1233 62.0849
1234 62.0667
1235 62.0485
1236 62.0304
1237 62.0124
1238 61.9942
1239 61.9762
1240 61.9581
1241 61.94
1242 61.9221
1243 61.9042
1244 61.8863
1245 61.8686
1246 61.8504
1247 61.8327
1248 61.8147
1249 61.7968
1250 61.7792
1251 61.7612
1252 61.7433
1253 61.7254
1254 61.7075
1255 61.6897
1256 61.6811
1257 61.661
1258 61.6432
1259 61.6259
1260 61.608
1261 61.5902
1262 61.5724
1263 61.5546
1264 61.5369
1265 61.5211
1266 61.503
1267 61.4851
1268 61.4675
1269 61.4498
1270 61.4321
1271 61.4144
1272 61.3968
1273 61.3807
1274 61.3627
1275 61.3451
1276 61.3276
1277 61.31
1278 61.2924
1279 61.2748
1280 61.2573
1281 61.2432
1282 61.2248
1283 61.2074
1284 61.1901
1285 61.1725
1286 61.1551
1287 61.1377
1288 61.1204
1289 61.1029
1290 61.0855
1291 61.0684
1292 61.0509
1293 61.0335
1294 61.0162
1295 60.9995
1296 60.982
1297 60.9647
1298 60.9474
1299 60.9301
1300 60.9129
1301 60.8981
1302 60.8801
1303 60.8634
1304 60.8462
1305 60.8291
1306 60.8122
1307 60.8012
1308 60.7819
1309 60.7665
1310 60.7493
1311 60.7322
1312 60.7152
1313 60.6986
1314 60.6908
1315 60.6703
1316 60.6554
1317 60.6386
1318 60.6222
1319 60.6073
1320 60.5898
1321 60.5748
1322 60.5582
1323 60.5417
1324 60.5271
1325 60.5099
1326 60.4943
1327 60.4772
1328 60.4605
1329 60.4435
1330 60.4266
1331 60.4097
1332 60.3929
1333 60.3761
1334 60.3592
1335 60.3424
1336 60.3258
1337 60.3092
1338 60.2925
1339 60.2762
1340 60.2702
1341 60.25
1342 60.2347
1343 60.2186
1344 60.2037
1346 60.1895
1347 60.1836
1349 60.1643
1350 60.1498
1351 60.1332
1352 60.1165
1353 60.0998
1354 60.0831
1355 60.0664
1356 60.0497
1357 60.0331
1358 60.0167
1359 59.9998
1360 59.9834
1361 59.9669
1362 59.9507
1363 59.9348
1364 59.9184
1365 59.9021
1366 59.8863
1368 59.8731
1369 59.8682
1371 59.8484
1372 59.8344
1373 59.8182
1374 59.8022
1375 59.7868
1376 59.7772
1377 59.7578
1378 59.7445
1379 59.7278
1380 59.7113
1381 59.695
1382 59.6791
1384 59.6663
1385 59.6602
1387 59.6411
1388 59.6278
1389 59.6113
1390 59.5949
1391 59.5785
1392 59.5622
1393 59.5461
1394 59.5315
1395 59.5154
1396 59.5004
1397 59.4847
1398 59.469
1399 59.4549
1400 59.4392
1401 59.4246
1402 59.4189
1403 59.3993
1404 59.3856
1405 59.3698
1406 59.3542
1407 59.3394
1408 59.3345
1409 59.3137
1410 59.3006
1411 59.2849
1412 59.2699
1413 59.2578
1414 59.2404
1415 59.2273
1416 59.2109
1417 59.1952
1418 59.1792
1419 59.1633
1420 59.1474
1421 59.1315
1422 59.1156
1423 59.0998
1424 59.0911
1425 59.0733
1426 59.0579
1427 59.0425
1428 59.0266
1429 59.0111
1430 58.9953
1431 58.9797
1432 58.964
1433 58.9483
1434 58.9329
1435 58.9184
1436 58.9028
1437 58.8871
1438 58.8713
1439 58.8555
1440 58.8398
1441 58.8241
1442 58.8085
1443 58.7977
1444 58.7806
1445 58.766
1446 58.7506
1447 58.7353
1448 58.7205
1449 58.7152
1450 58.6957
1451 58.6828
1452 58.6675
1453 58.6525
1454 58.6385
1456 58.6253
1457 58.621
1459 58.6025
1460 58.5892
1461 58.574
1462 58.5588
1463 58.5437
1464 58.5289
1465 58.5179
1466 58.5019
1467 58.4901
1469 58.4763
1470 58.4619
1471 58.45
1473 58.436
1474 58.4235
1476 58.4109
1477 58.4074
1479 58.3887
1480 58.3756
1481 58.3608
1482 58.3463
1483 58.3331
1485 58.3199
1487 58.3127
1488 58.3083
1489 58.3004
1490 58.2927
1491 58.2852
1492 58.2777
1493 58.2702
1494 58.2627
1495 58.2552
1496 58.2478
1497 58.2468
1498 58.2381
1499 58.2301
1500 58.2226
1501 58.2151
1502 58.208
1503 58.2006
1504 58.1931
1505 58.1857
1506 58.1792
1507 58.1715
1508 58.1639
1509 58.1565
1510 58.149
1511 58.1415
1512 58.1341
1513 58.1266
1514 58.1191
1515 58.1116
1516 58.1041
1517 58.0966
1518 58.0891
1519 58.0816
1520 58.0741
1521 58.0667
1522 58.0657
1523 58.0572
1524 58.0494
1525 58.0418
1526 58.0345
1527 58.027
1528 58.0196
1529 58.0121
1530 58.0047
1531 57.9972
1532 57.9898
1533 57.9824
1534 57.9749
1535 57.9675
1536 57.9601
1537 57.9527
1538 57.9452
1539 57.938
1540 57.9305
1541 57.9231
1542 57.9157
1543 57.9083
1544 57.9009
1545 57.8935
1546 57.8862
1548 57.8792
1549 57.873
1550 57.8684
1552 57.8605
1553 57.8533
1554 57.846
1555 57.8389
1556 57.8314
1557 57.824
1558 57.8166
1559 57.8093
1560 57.8021
1561 57.7948
1562 57.7875
1563 57.7803
1564 57.7745
1565 57.7667
1566 57.7593
1567 57.752
1568 57.7447
1569 57.7373
1570 57.7301
1571 57.7229
1572 57.7156
1573 57.7084
1574 57.7017
1575 57.6941
1576 57.6868
1577 57.6795
1578 57.6724
1579 57.6651
1580 57.6579
1581 57.6506
1582 57.6434
1583 57.6363
1584 57.629
1585 57.6217
1586 57.6145
1587 57.6075
1588 57.6001
1589 57.5928
1590 57.5855
1591 57.5783
1592 57.5711
1593 57.5639
1594 57.5567
1595 57.5495
1596 57.5424
1597 57.5363
1598 57.5291
1599 57.5219
1600 57.5148
1601 57.5079
1602 57.504
1603 57.4958
1604 57.4885
1605 57.4814
1606 57.4742
1607 57.467
1608 57.4598
1609 57.4525
1610 57.4457
1611 57.4384
1612 57.4312
1613 57.424
1614 57.4168
1615 57.4096
1616 57.4024
1617 57.3952
1618 57.3881
1619 57.3836
1620 57.3763
1621 57.369
1622 57.3617
1623 57.3544
1624 57.3472
1625 57.34
1626 57.3329
1627 57.3259
1628 57.3188
1629 57.3117
1630 57.3047
1631 57.2991
1632 57.2915
1633 57.2844
1634 57.2773
1635 57.2705
1636 57.2634
1637 57.2563
1638 57.2491
1639 57.242
1640 57.2349
1641 57.2279
1642 57.2207
1643 57.2136
1644 57.2065
1645 57.1994
1646 57.1923
1647 57.1853
1648 57.1803
1649 57.1731
1650 57.1659
1651 57.1587
1652 57.1515
1653 57.1444
1654 57.1373
1655 57.1303
1656 57.1233
1657 57.1163
1658 57.1094
1659 57.1023
1660 57.0952
1661 57.0881
1662 57.0811
1663 57.0741
1664 57.067
1665 57.06
1666 57.0529
1667 57.046
1668 57.039
1669 57.0319
1670 57.0253
1671 57.0182
1672 57.0113
1673 57.0042
1674 56.9973
1675 56.9903
1676 56.9833
1677 56.9763
1678 56.9693
1679 56.9623
1680 56.9554
1681 56.9515
1682 56.9439
1683 56.9368
1684 56.9298
1685 56.9229
1686 56.9162
1687 56.9092
1688 56.9022
1689 56.8952
1690 56.8882
1691 56.8812
1692 56.8742
1693 56.8673
1694 56.8608
1695 56.8537
1696 56.8467
1697 56.8398
1698 56.8329
1699 56.8259
1700 56.819
1701 56.8121
1702 56.8052
1703 56.7982
1704 56.7913
1705 56.7844
1706 56.7775
1707 56.7706
1708 56.7637
1709 56.7568
1710 56.75
1711 56.7431
1712 56.7363
1713 56.73
1714 56.7229
1715 56.7161
1716 56.7092
1717 56.7023
1718 56.6954
1719 56.6885
1720 56.6816
1721 56.6747
1722 56.6679
1723 56.663
1724 56.6558
1725 56.6488
1726 56.6419
1727 56.6351
1728 56.6283
1729 56.6214
1730 56.6147
1731 56.6078
1732 56.6011
1733 56.5943
1734 56.5875
1735 56.5807
1736 56.5739
1737 56.5671
1738 56.5603
1739 56.5535
1740 56.5468
1741 56.5405
1742 56.5338
1743 56.5271
1744 56.5206
1745 56.5156
1746 56.5082
1747 56.5015
1748 56.4948
1749 56.4885
1750 56.4817
1751 56.4749
1752 56.4682
1753 56.4618
1754 56.455
1755 56.4482
1756 56.4414
1757 56.4346
1758 56.4278
1759 56.4211
1760 56.4145
1761 56.4077
1762 56.4009
1763 56.3942
1764 56.3875
1765 56.3807
1766 56.374
1767 56.3673
1768 56.3607
1769 56.3539
1770 56.3472
1771 56.3405
1772 56.334
1773 56.3272
1774 56.3205
1775 56.3138
1776 56.3071
1777 56.3004
1778 56.2937
1779 56.2871
1781 56.2808
1782 56.2752
1783 56.2711
1785 56.2639
1786 56.2575
1787 56.2509
1788 56.2446
1789 56.2417
1790 56.2342
1791 56.2274
1792 56.2209
1793 56.2142
1794 56.2076
1795 56.2011
1796 56.1944
1797 56.1878
1798 56.1812
1799 56.1746
1800 56.168
1801 56.1613
1802 56.1555
1803 56.1488
1804 56.1422
1805 56.1355
1806 56.1289
1807 56.1223
1808 56.1157
1809 56.1091
1810 56.1027
1811 56.0962
1812 56.0897
1813 56.0834
1814 56.0767
1815 56.0701
1816 56.0635
1817 56.0569
1818 56.0504
1819 56.0462
1820 56.0392
1821 56.0325
1822 56.026
1823 56.0194
1824 56.0128
1825 56.0063
1826 56.0001
1827 55.9935
1828 55.9869
1829 55.9803
1830 55.9737
1831 55.9672
1832 55.9607
1833 55.9542
1834 55.9483
1835 55.9416
1836 55.9351
1837 55.9285
1838 55.9221
1839 55.9155
1840 55.9091
1841 55.9026
1842 55.8961
1843 55.8897
1844 55.8832
1845 55.8767
1846 55.8702
1847 55.8644
1848 55.8577
1849 55.8513
1850 55.8448
1851 55.8384
1852 55.8323
1853 55.8258
1854 55.8194
1855 55.8129
1856 55.8064
1857 55.8
1858 55.798
1859 55.791
1860 55.7843
1861 55.7778
1862 55.7713
1863 55.7649
1864 55.7584
1865 55.7521
1866 55.7458
1867 55.7394
1868 55.733
1869 55.7266
1870 55.7202
1871 55.7139
1872 55.7091
1873 55.7022
1874 55.6958
1875 55.6894
1876 55.683
1877 55.6767
1878 55.6708
1879 55.6644
1880 55.658
1881 55.6516
1882 55.6452
1883 55.6389
1884 55.6329
1885 55.6264
1886 55.6202
1887 55.6138
1888 55.6075
1889 55.6011
1890 55.5949
1891 55.5887
1892 55.5823
1893 55.576
1894 55.5697
1895 55.5634
1896 55.5572
1897 55.5513
1898 55.545
1899 55.5389
1900 55.5334
1901 55.5283
1902 55.5223
1903 55.5167
1904 55.5132
1905 55.506
1906 55.4999
1907 55.4937
1908 55.4879
1909 55.4816
1910 55.4753
1911 55.469
1912 55.4627
1913 55.4564
1914 55.4501
1915 55.4438
1916 55.4375
1917 55.4312
1918 55.4249
1919 55.4186
1920 55.4123
1921 55.406
1922 55.3998
1924 55.3941
1925 55.3891
1926 55.3864
1928 55.379
1929 55.3729
1930 55.3668
1931 55.3616
1932 55.3554
1933 55.3492
1934 55.3431
1935 55.3374
1936 55.331
1937 55.3247
1938 55.3185
1939 55.3123
1940 55.3061
1941 55.2999
1942 55.2938
1943 55.2876
1944 55.2814
1945 55.2752
1946 55.269
1947 55.2628
1948 55.2566
1949 55.2504
1950 55.2442
1951 55.2382
1952 55.232
1953 55.2258
1954 55.2196
1955 55.2135
1956 55.2074
1957 55.2013
1958 55.1953
1959 55.1891
1960 55.1829
1961 55.1768
1962 55.1706
1963 55.1645
1964 55.1584
1965 55.1522
1966 55.1461
1967 55.14
1968 55.1345
1969 55.1282
1970 55.1221
1971 55.1159
1972 55.1099
1973 55.1038
1974 55.0977
1975 55.0916
1976 55.0855
1977 55.0793
1978 55.0737
1979 55.0676
1980 55.0614
1981 55.0554
1982 55.0493
1983 55.0432
1984 55.0371
1985 55.031
1986 55.025
1987 55.0196
1988 55.0134
1989 55.0073
1990 55.0012
1991 54.9951
1992 54.9891
1993 54.9833
1994 54.9771
1995 54.9711
1996 54.9651
1997 54.959
1998 54.9533
1999 54.9473
2000 54.9413
2001 54.9353
2002 54.9295
2003 54.9234
2004 54.9174
2005 54.9113
2006 54.9054
2007 54.8996
2008 54.8936
2009 54.8876
2010 54.8816
2011 54.8756
2012 54.8696
2013 54.8636
2014 54.8577
2015 54.8529
2016 54.8466
2017 54.8405
2018 54.8346
2019 54.8286
2020 54.8227
2021 54.8168
2022 54.8108
2023 54.8048
2024 54.7989
2025 54.7931
2026 54.7872
2027 54.7813
2028 54.7754
2029 54.7695
2030 54.7636
2031 54.7577
2032 54.7519
2033 54.749
2034 54.7421
2035 54.7362
2036 54.7304
2037 54.7257
2038 54.7198
2039 54.7141
2040 54.7081
2041 54.7022
2042 54.6963
2043 54.6904
2044 54.6845
2045 54.6786
2046 54.6727
2047 54.6668
2048 54.6609
2049 54.655
2050 54.6491
2051 54.6432
2052 54.6373
2053 54.6315
2055 54.6261
2056 54.6212
2057 54.6178
2059 54.6112
2060 54.6058
2061 54.6
2062 54.5943
2063 54.5894
2064 54.5849
2065 54.5794
2066 54.5742
2067 54.5704
2068 54.5639
2069 54.5584
2070 54.5526
2071 54.547
2072 54.5427
2073 54.5365
2074 54.5307
2075 54.525
2076 54.5194
2077 54.5136
2078 54.5078
2079 54.5019
2080 54.4962
2081 54.4904
2082 54.4846
2083 54.4788
2084 54.473
2085 54.4672
2086 54.4614
2087 54.4556
2088 54.4498
2089 54.444
2090 54.4383
2091 54.4351
2092 54.429
2093 54.4231
2094 54.4173
2095 54.4115
2096 54.4058
2097 54.4
2098 54.3944
2099 54.3888
2100 54.3831
2101 54.3774
2102 54.3718
2103 54.3671
2104 54.361
2105 54.3554
2106 54.3497
2107 54.3441
2108 54.3396
2109 54.3336
2110 54.3281
2111 54.3224
2112 54.3168
2113 54.3114
2114 54.306
2115 54.3004
2116 54.295
2117 54.2913
2118 54.285
2119 54.2795
2120 54.2739
2121 54.2686
2122 54.2683
2123 54.2614
2124 54.2555
2125 54.2501
2126 54.2444
2127 54.2388
2128 54.2332
2129 54.2277
2130 54.2232
2131 54.2172
2132 54.2116
2133 54.206
2134 54.2008
2135 54.1955
2136 54.19
2137 54.1847
2138 54.1812
2139 54.175
2140 54.1695
2141 54.164
2142 54.159
2143 54.1534
2144 54.1479
2145 54.1422
2146 54.1366
2147 54.131
2148 54.1254
2149 54.1198
2150 54.1142
2151 54.1086
2152 54.103
2153 54.0975
2155 54.0925
2156 54.0885
2158 54.0831
2159 54.0794
2161 54.0741
2162 54.0707
2164 54.0651
2165 54.0596
2166 54.0552
2167 54.0497
2168 54.0443
2169 54.0387
2170 54.0332
2171 54.0276
2172 54.0221
2173 54.0166
2174 54.0111
2175 54.0055
2176 54.0
2177 53.9945
2178 53.9891
2179 53.9835
2180 53.978
2181 53.9725
2182 53.967
2183 53.9615
2184 53.9559
2185 53.954
2186 53.9479
2187 53.9422
2188 53.9369
2189 53.9314
2190 53.9259
2191 53.9204
2192 53.9149
2193 53.9094
2194 53.9039
2195 53.8984
2196 53.893
2197 53.8883
2198 53.8828
2199 53.8773
2200 53.8717
2201 53.8663
2202 53.8609
2203 53.8554
2204 53.8504
2205 53.845
2206 53.8397
2207 53.8342
2208 53.8288
2209 53.8234
2210 53.8181
2211 53.8126
2212 53.8072
2213 53.8018
2214 53.7964
2215 53.791
2216 53.7857
2217 53.7825
2218 53.777
2219 53.7714
2220 53.7659
2221 53.7605
2222 53.7551
2223 53.7497
2224 53.7443
2225 53.7389
2226 53.7336
2227 53.7297
2228 53.7239
2229 53.7185
2230 53.7132
2231 53.7078
2232 53.7025
2233 53.6979
2234 53.6925
2235 53.687
2236 53.6817
2237 53.6763
2238 53.671
2239 53.6657
2240 53.6604
2241 53.6552
2242 53.6501
2243 53.6449
2244 53.6399
2245 53.6382
2246 53.6319
2247 53.6266
2248 53.6216
2249 53.6164
2250 53.6111
2251 53.6059
2252 53.6013
2253 53.5958
2254 53.5906
2255 53.5853
2256 53.5801
2257 53.5754
2258 53.5699
2259 53.5647
2260 53.5594
2261 53.5542
2262 53.5494
2263 53.544
2264 53.5387
2265 53.5335
2266 53.5283
2267 53.523
2268 53.5178
2269 53.5125
2270 53.5075
2271 53.5022
2272 53.497
2273 53.4918
2274 53.4866
2275 53.4814
2276 53.4762
2277 53.471
2278 53.4659
2279 53.465
2280 53.4596
2281 53.4542
2282 53.4489
2283 53.4436
2284 53.4383
2285 53.4331
2286 53.428
2287 53.4276
2288 53.4213
2289 53.416
2290 53.411
2291 53.4058
2292 53.4006
2293 53.3954
2294 53.3902
2295 53.3851
2296 53.3809
2297 53.3754
2298 53.3703
2299 53.3651
2300 53.3601
2301 53.3563
2302 53.3508
2303 53.3456
2304 53.3405
2305 53.3354
2306 53.3304
2307 53.3252
2308 53.3201
2309 53.315
2310 53.3099
2311 53.3048
2312 53.2996
2313 53.2946
2314 53.2895
2315 53.2844
2316 53.2794
2317 53.276
2318 53.2704
2319 53.2653
2320 53.2603
2321 53.2553
2322 53.2501
2323 53.2451
2324 53.24
2325 53.2349
2326 53.2298
2327 53.2248
2328 53.2203
2329 53.2151
2330 53.21
2331 53.2049
2332 53.1998
2333 53.1948
2334 53.19
2335 53.185
2336 53.1799
2337 53.1748
2338 53.1697
2339 53.1647
2340 53.1597
2341 53.1547
2342 53.1497
2343 53.1446
2344 53.1401
2345 53.135
2346 53.1299
2347 53.125
2348 53.12
2349 53.115
2350 53.11
2351 53.1051
2352 53.1012
2353 53.0962
2354 53.0912
2355 53.0862
2356 53.0811
2357 53.0761
2358 53.0711
2359 53.0661
2360 53.0612
2361 53.0584
2362 53.0532
2363 53.0481
2364 53.043
2365 53.038
2366 53.0331
2367 53.0285
2368 53.0235
2369 53.0184
2370 53.0136
2371 53.0086
2372 53.0037
2373 52.9987
2374 52.9939
2375 52.989
2376 52.9841
2377 52.9791
2378 52.9746
2379 52.9696
2380 52.9647
2381 52.9597
2382 52.9551
2383 52.9502
2384 52.9453
2385 52.9404
2386 52.9355
2387 52.9307
2388 52.9261
2389 52.9212
2390 52.9164
2391 52.9117
2392 52.9067
2393 52.9018
2394 52.8969
2395 52.892
2396 52.8872
2397 52.8842
2398 52.879
2399 52.874
2400 52.8692
