1 9.38567
17 7.9853
19 5.44965
23 4.06473
25 3.42827
30 3.32612
31 3.29558
32 2.31206
34 0.756768
36 0.206818
37 0.17481
42 0.150629
47 0.146552
49 0.134554
52 0.125713
58 0.117795
59 0.109091
60 0.104544
61 0.096932
62 0.0957896
63 0.0790731
64 0.0698319
66 0.0672289
76 0.0665751
78 0.0649852
79 0.0640116
80 0.0635573
82 0.0634644
84 0.062985
85 0.0619844
86 0.0607515
87 0.0594769
89 0.0589932
90 0.057697
91 0.0567563
94 0.0555204
95 0.0549228
96 0.0544667
97 0.0538735
98 0.0531928
99 0.0524907
102 0.0512936
103 0.0507661
104 0.0505825
105 0.0498339
108 0.0487356
110 0.0485479
111 0.0478141
112 0.0475887
113 0.0474977
114 0.0462906
115 0.045508
116 0.0447193
117 0.0442336
118 0.0438577
120 0.0437814
121 0.0436773
123 0.0428364
127 0.0427479
128 0.0422032
130 0.0421652
131 0.0417586
134 0.0412359
136 0.0411061
141 0.0411046
144 0.0409237
145 0.0406514
146 0.0405238
147 0.0404115
148 0.0402068
149 0.0402009
152 0.0401086
153 0.0398506
154 0.0396658
155 0.0396318
156 0.0394399
157 0.0392812
158 0.0390758
160 0.0389715
161 0.0388498
162 0.0386814
164 0.03858
165 0.0385209
167 0.0383654
169 0.0383485
171 0.0381862
172 0.0379926
175 0.0378942
176 0.0378879
177 0.0377717
178 0.0376014
180 0.0375693
182 0.0375205
183 0.0374063
185 0.0373916
189 0.0372484
192 0.0372343
193 0.037232
194 0.0371127
195 0.0370627
196 0.0369841
197 0.0368873
198 0.0367799
199 0.0366889
200 0.0366256
201 0.0365876
205 0.036532
206 0.0364242
207 0.036377
208 0.0363627
211 0.03631
213 0.036308
214 0.0362311
215 0.036149
217 0.036115
218 0.0360553
219 0.0360328
220 0.0360281
221 0.0359532
222 0.0358519
223 0.0357903
224 0.0357342
225 0.0356473
226 0.0355568
227 0.035513
229 0.0354894
230 0.0354469
231 0.0353649
232 0.0353332
233 0.0353163
235 0.0352022
236 0.0351221
237 0.0350527
238 0.0349894
240 0.0349795
241 0.0349161
242 0.0348822
243 0.034815
244 0.0347301
245 0.0347203
247 0.0346468
248 0.0345835
249 0.03453
250 0.0345196
251 0.0345044
253 0.0344784
254 0.0343974
257 0.0343438
259 0.0343139
260 0.0342422
261 0.0342321
263 0.0342008
264 0.0341265
265 0.0340907
267 0.0340845
270 0.0339813
271 0.0339386
273 0.0339346
274 0.0339207
275 0.0339072
276 0.0338167
277 0.0338093
278 0.0337884
279 0.0337112
280 0.0336843
283 0.0335851
284 0.0335286
285 0.0334963
287 0.0334884
289 0.0334497
292 0.0333357
293 0.0332685
294 0.0332396
295 0.0332212
296 0.0331985
297 0.0331664
298 0.0331082
300 0.0331026
301 0.0329986
302 0.0329484
303 0.0329365
305 0.0328711
307 0.0328644
308 0.0327767
309 0.0327648
310 0.0327422
312 0.0327327
313 0.0326697
315 0.0326421
316 0.0326173
317 0.0325918
318 0.0325668
319 0.0325099
321 0.0324841
322 0.0324827
324 0.0323723
326 0.0323417
327 0.0322828
328 0.0322519
329 0.0322109
331 0.0321637
332 0.0321175
333 0.03205
334 0.0320291
335 0.0320238
336 0.0320093
339 0.0319603
340 0.0318888
341 0.0318565
343 0.0318314
344 0.031759
345 0.0317461
346 0.0317167
348 0.0317142
350 0.0316975
351 0.0316208
354 0.0316116
356 0.0315794
357 0.0315665
358 0.0315609
359 0.0315584
360 0.0315455
361 0.0315383
363 0.0314993
364 0.0314855
365 0.0314516
366 0.0314363
369 0.0314177
371 0.031417
372 0.0314158
373 0.0313744
374 0.0313386
375 0.0313121
376 0.0313062
377 0.0312721
378 0.0312521
379 0.0312251
380 0.0312028
381 0.0311717
382 0.0311595
383 0.0311298
384 0.0311021
385 0.0310623
386 0.0310243
387 0.0309875
388 0.0309549
389 0.0309213
390 0.0308846
391 0.0308489
392 0.0308133
393 0.0307782
394 0.0307445
395 0.0307098
396 0.0306832
397 0.0306533
398 0.0306296
399 0.0306112
400 0.0305952
401 0.0305646
402 0.0305332
403 0.0305323
404 0.0305269
405 0.0304939
406 0.0304688
407 0.0304445
408 0.0304072
409 0.0303799
410 0.0303561
411 0.0303431
412 0.0303194
413 0.030296
414 0.0302828
417 0.0302455
418 0.0302181
419 0.0301998
420 0.0301988
422 0.0301825
423 0.0301431
424 0.03014
426 0.0301059
427 0.0300695
428 0.0300425
429 0.030012
430 0.0299899
431 0.0299836
432 0.029945
433 0.0299221
434 0.0299163
436 0.0298766
437 0.0298421
438 0.0298098
439 0.0297944
440 0.0297607
441 0.0297537
442 0.0297421
443 0.029728
445 0.0296917
446 0.0296539
447 0.0296201
448 0.0295885
449 0.0295558
450 0.0295416
453 0.0295349
454 0.0295344
455 0.0295066
456 0.0294719
457 0.029448
458 0.0294268
459 0.0294186
460 0.0293851
461 0.0293827
462 0.0293752
463 0.029368
465 0.0293416
466 0.0293025
467 0.0292694
468 0.0292331
469 0.0291967
470 0.0291624
471 0.029128
472 0.0290935
473 0.0290647
474 0.0290334
475 0.0290049
476 0.0289685
477 0.0289342
478 0.0289211
479 0.0289065
480 0.0288988
481 0.0288983
482 0.0288582
483 0.0288215
484 0.0287873
485 0.0287579
486 0.0287353
487 0.0287286
488 0.0287262
489 0.0287039
491 0.0287026
492 0.0286626
493 0.0286335
494 0.0286122
495 0.0286046
499 0.0286014
500 0.0285668
501 0.0285349
502 0.0285081
503 0.0284894
504 0.0284776
507 0.0284477
508 0.0284355
509 0.0284024
510 0.0283762
511 0.0283589
514 0.0283361
515 0.0283104
516 0.0282844
518 0.028282
519 0.0282599
521 0.02825
522 0.0282211
523 0.0281991
524 0.0281761
525 0.0281564
526 0.0281553
528 0.0281462
529 0.0281429
530 0.0281235
531 0.028084
532 0.0280593
533 0.0280408
534 0.0280392
535 0.0280304
536 0.0279977
539 0.0279691
540 0.0279365
541 0.0279114
542 0.0278938
543 0.0278659
544 0.0278617
546 0.0278244
547 0.0277928
548 0.0277667
549 0.0277489
550 0.0277307
551 0.0277057
552 0.0276978
553 0.0276879
554 0.0276563
555 0.02762
556 0.0275945
557 0.0275757
558 0.0275605
560 0.0275553
561 0.0275352
562 0.0275338
563 0.0275237
564 0.0274894
565 0.0274608
566 0.0274286
567 0.0274081
568 0.0273887
569 0.0273817
570 0.0273765
571 0.0273486
572 0.0273347
573 0.0273015
574 0.0272685
575 0.0272373
576 0.0272144
577 0.0271899
578 0.0271582
579 0.0271247
580 0.0270965
581 0.0270659
582 0.027034
583 0.0270034
584 0.0269781
585 0.0269565
586 0.0269245
587 0.0268935
588 0.0268678
589 0.0268369
590 0.0268053
591 0.026772
592 0.0267401
593 0.0267074
594 0.0266772
595 0.0266462
596 0.0266146
597 0.0265842
598 0.026561
599 0.0265475
600 0.0265386
601 0.0264904
602 0.0264517
603 0.0264188
604 0.0263971
605 0.0263909
606 0.0263875
607 0.0263864
608 0.0263784
611 0.0263425
612 0.0263114
613 0.0262888
614 0.0262636
615 0.0262581
616 0.0262515
617 0.0262402
618 0.0262374
619 0.02621
620 0.0261774
621 0.0261464
622 0.0261126
623 0.0260804
624 0.0260467
625 0.0260129
626 0.0259792
627 0.0259458
628 0.0259122
629 0.0258788
630 0.0258472
631 0.0258176
632 0.0257848
633 0.0257528
634 0.0257261
635 0.0257036
636 0.0256818
637 0.0256533
638 0.0256284
639 0.0255984
640 0.0255654
641 0.0255357
642 0.0255238
643 0.0255038
644 0.0254627
645 0.0254273
646 0.0253948
647 0.0253651
648 0.025334
649 0.025307
650 0.0252794
651 0.0252489
652 0.0252179
653 0.0252053
654 0.0251781
655 0.0251601
656 0.0251312
657 0.0251086
658 0.0250792
659 0.025054
660 0.0250222
661 0.0249911
662 0.0249587
663 0.0249266
664 0.0248961
665 0.0248691
666 0.0248411
667 0.0248107
668 0.0247846
669 0.0247798
670 0.0247736
671 0.0247729
672 0.0247278
673 0.0246937
674 0.0246756
675 0.0246645
681 0.0246315
682 0.0246014
683 0.0245739
684 0.0245434
685 0.0245288
686 0.0245013
687 0.0244839
688 0.0244575
689 0.0244394
690 0.0244183
691 0.0244059
692 0.0243991
693 0.0243716
694 0.0243395
695 0.0243142
696 0.0243045
697 0.0242844
698 0.0242557
699 0.0242431
700 0.0242333
703 0.0242014
704 0.0241924
707 0.0241618
708 0.0241342
709 0.024121
710 0.0241177
711 0.0241146
712 0.0240898
713 0.0240878
714 0.0240765
715 0.0240527
716 0.0240263
717 0.0239949
718 0.0239675
719 0.0239496
720 0.0239282
721 0.0239246
722 0.0239153
723 0.0238824
724 0.0238648
725 0.0238399
726 0.023814
727 0.0237983
728 0.0237977
729 0.0237826
730 0.0237612
731 0.0237422
732 0.0237121
733 0.0236976
734 0.0236772
735 0.0236632
737 0.0236535
738 0.0236215
739 0.0236061
740 0.0235991
741 0.0235747
742 0.0235536
743 0.0235446
744 0.0235351
746 0.0235303
747 0.0234928
748 0.0234716
749 0.0234577
750 0.0234472
751 0.0234351
753 0.0234228
754 0.0233956
755 0.0233783
756 0.0233496
757 0.0233296
758 0.0233078
761 0.0232852
762 0.0232589
763 0.0232447
764 0.023238
765 0.0232315
766 0.0232178
767 0.0232092
768 0.0231915
770 0.0231805
771 0.0231456
772 0.0231303
773 0.0231248
774 0.0231195
775 0.0231064
777 0.0230973
778 0.0230673
779 0.0230553
780 0.0230261
781 0.0230027
782 0.0229714
783 0.02294
784 0.0229088
785 0.0228776
786 0.0228469
787 0.0228157
788 0.0227855
789 0.0227543
790 0.0227236
791 0.0226925
792 0.0226615
793 0.0226308
794 0.0225997
795 0.0225688
796 0.0225379
797 0.022507
798 0.0224764
799 0.0224454
800 0.0224154
801 0.0223845
802 0.0223546
803 0.0223236
804 0.0222929
805 0.0222632
806 0.0222323
807 0.0222062
808 0.0221777
809 0.0221518
810 0.0221213
811 0.0220909
812 0.0220637
813 0.0220363
814 0.0220071
815 0.0219768
816 0.021948
817 0.0219181
818 0.021888
819 0.0218588
820 0.0218311
821 0.0218053
822 0.0217845
823 0.0217549
824 0.0217263
825 0.0216966
826 0.0216675
827 0.0216374
828 0.0216083
829 0.0215807
830 0.0215555
831 0.0215354
832 0.0215207
833 0.0215094
835 0.0214805
836 0.0214573
837 0.0214273
838 0.021398
839 0.0213698
840 0.0213535
841 0.0213252
842 0.0213057
843 0.021296
844 0.0212832
845 0.0212627
846 0.0212387
847 0.0212194
848 0.0212136
851 0.0211887
852 0.0211856
853 0.0211829
854 0.0211792
856 0.0211419
857 0.0211177
860 0.021092
861 0.0210821
862 0.0210754
863 0.0210509
864 0.0210229
865 0.0210016
866 0.0209895
867 0.0209623
868 0.0209326
869 0.0209037
870 0.0208785
871 0.0208492
872 0.0208205
873 0.0207919
874 0.0207682
875 0.0207483
876 0.0207356
879 0.0207058
880 0.0206865
881 0.0206771
882 0.0206669
883 0.0206633
884 0.0206595
886 0.0206585
887 0.0206263
888 0.020599
889 0.0205784
890 0.0205775
891 0.0205747
893 0.0205718
894 0.0205456
895 0.0205335
896 0.0205048
897 0.0204797
898 0.0204664
899 0.0204479
900 0.0204305
901 0.0204251
902 0.0204242
903 0.020419
904 0.0204067
906 0.0203667
907 0.0203459
908 0.0203293
909 0.0203255
910 0.0203193
913 0.0202919
914 0.0202699
915 0.0202453
916 0.0202216
917 0.0202025
918 0.0201774
920 0.0201742
921 0.0201469
922 0.0201257
923 0.0201125
924 0.0201054
925 0.0200923
928 0.0200594
929 0.0200462
930 0.0200243
931 0.0200122
932 0.0200119
935 0.0200028
936 0.019975
937 0.0199522
938 0.0199407
941 0.0199134
942 0.0198935
943 0.0198733
944 0.019866
945 0.019865
946 0.0198416
947 0.0198163
948 0.0198001
949 0.0197774
950 0.0197625
951 0.0197295
952 0.0197034
953 0.019678
954 0.0196578
955 0.0196453
956 0.019643
958 0.0196314
960 0.0196195
961 0.0195891
962 0.019568
963 0.0195467
964 0.0195418
965 0.0195287
967 0.0195279
968 0.0195235
969 0.0194897
970 0.019461
971 0.0194471
972 0.0194327
973 0.0194241
975 0.0194155
976 0.0194086
978 0.0193778
979 0.0193525
980 0.0193267
981 0.0193152
982 0.0193103
983 0.0193048
985 0.0192731
986 0.019244
987 0.0192192
988 0.0192001
989 0.0191824
990 0.0191661
991 0.0191536
994 0.0191249
995 0.0190977
996 0.0190751
997 0.0190585
998 0.0190515
999 0.0190383
1000 0.0190085
1001 0.0189981
1002 0.0189731
1003 0.0189491
1004 0.0189243
1005 0.0189027
1006 0.0188917
1009 0.0188621
1010 0.0188351
1011 0.0188165
1012 0.018799
1013 0.0187809
1014 0.0187611
1015 0.0187479
1016 0.0187315
1018 0.0187221
1019 0.0186938
1020 0.0186884
1022 0.0186767
1023 0.0186613
1026 0.0186343
1027 0.0186169
1028 0.0185958
1029 0.0185719
1030 0.0185487
1031 0.0185303
1032 0.0185085
1033 0.0184954
1036 0.0184678
1037 0.0184569
1038 0.0184468
1039 0.0184399
1041 0.0184395
1042 0.0184238
1044 0.0184141
1045 0.0183866
1046 0.0183734
1047 0.0183706
1048 0.0183607
1049 0.0183394
1050 0.0183129
1051 0.018296
1052 0.0182821
1053 0.0182817
1055 0.0182543
1056 0.0182251
1057 0.0182041
1058 0.0181795
1059 0.018161
1060 0.0181469
1061 0.0181464
1063 0.0181199
1064 0.0181118
1065 0.0180839
1066 0.0180639
1067 0.0180593
1068 0.018055
1069 0.0180376
1070 0.0180258
1071 0.0179959
1072 0.0179775
1073 0.0179529
1074 0.0179304
1075 0.0179146
1076 0.0179084
1077 0.0178928
1079 0.0178867
1080 0.0178573
1081 0.0178389
1082 0.0178181
1083 0.0178003
1086 0.0177961
1088 0.0177761
1089 0.0177501
1090 0.0177342
1091 0.0177205
1092 0.0177095
1093 0.0176984
1094 0.0176784
1096 0.0176717
1097 0.0176508
1098 0.0176273
1099 0.0176151
1100 0.0176097
1101 0.0176083
1103 0.0175885
1104 0.017561
1105 0.0175433
1106 0.0175241
1107 0.0175072
1108 0.0174859
1109 0.017479
1110 0.0174775
1113 0.0174511
1114 0.0174258
1115 0.0174004
1116 0.0173752
1117 0.0173502
1118 0.0173247
1119 0.0172998
1120 0.0172746
1121 0.0172496
1122 0.0172251
1123 0.0172001
1124 0.0171757
1125 0.017152
1126 0.0171277
1127 0.0171023
1128 0.0170781
1129 0.0170539
1130 0.0170309
1131 0.0170059
1132 0.0169839
1133 0.0169587
1134 0.016936
1135 0.0169111
1136 0.0168874
1137 0.0168631
1138 0.0168391
1139 0.0168187
1140 0.0167998
1141 0.016783
1142 0.0167817
1143 0.0167814
1144 0.0167638
1145 0.016736
1146 0.0167125
1147 0.016689
1148 0.0166739
1149 0.0166529
1150 0.0166356
1152 0.0166353
1153 0.0166225
1154 0.0166023
1155 0.0165974
1156 0.0165868
1158 0.0165795
1159 0.0165562
1160 0.0165483
1161 0.0165414
1163 0.0165359
1164 0.0165136
1165 0.0164959
1167 0.0164929
1168 0.0164807
1169 0.0164557
1172 0.0164473
1173 0.0164214
1174 0.0163984
1175 0.0163746
1176 0.0163533
1177 0.0163298
1178 0.0163077
1179 0.0162886
1180 0.0162669
1181 0.0162567
1182 0.016234
1183 0.0162131
1184 0.0161975
1185 0.0161791
1186 0.0161623
1187 0.016144
1188 0.0161256
1189 0.016101
1190 0.0160788
1191 0.016061
1192 0.0160442
1193 0.0160313
1194 0.0160245
1197 0.0160037
1198 0.0159814
1199 0.0159704
1200 0.0159669
1203 0.0159584
1204 0.0159356
1205 0.0159308
1207 0.0159077
1208 0.0158938
1209 0.015885
1211 0.0158766
1212 0.0158552
1213 0.0158381
1214 0.0158249
1216 0.0158191
1217 0.0158001
1218 0.0157921
1219 0.0157727
1220 0.0157513
1221 0.0157288
1222 0.015706
1223 0.0156836
1224 0.0156618
1225 0.0156414
1226 0.0156242
1227 0.0156069
1228 0.0155871
1229 0.0155678
1230 0.0155428
1231 0.0155205
1232 0.015497
1233 0.0154731
1234 0.0154495
1235 0.0154258
1236 0.0154026
1237 0.0153789
1238 0.0153553
1239 0.0153329
1240 0.0153085
1241 0.015284
1242 0.0152597
1243 0.0152385
1244 0.0152156
1245 0.0151922
1246 0.0151679
1247 0.015144
1248 0.0151206
1249 0.0150965
1250 0.0150729
1251 0.0150492
1252 0.0150266
1253 0.0150032
1254 0.0149812
1255 0.0149612
1256 0.0149471
1257 0.0149272
1258 0.0149062
1259 0.0148869
1260 0.0148665
1261 0.0148465
1262 0.0148287
1263 0.014818
1264 0.0148144
1267 0.0148119
1268 0.0147831
1269 0.0147648
1270 0.0147528
1271 0.0147465
1273 0.0147363
1274 0.01472
1275 0.014715
1277 0.0146923
1278 0.0146782
1280 0.0146716
1281 0.0146541
1282 0.0146396
1283 0.0146324
1284 0.0146187
1286 0.014613
1287 0.0145974
1288 0.014585
1289 0.0145757
1290 0.0145548
1291 0.0145362
1292 0.0145268
1293 0.0145166
1294 0.0144992
1295 0.0144906
1297 0.014479
1298 0.0144697
1299 0.0144475
1300 0.0144354
1303 0.0144152
1304 0.0143975
1307 0.0143915
1308 0.01437
1309 0.0143485
1310 0.0143388
1311 0.0143189
1312 0.0142989
1313 0.0142819
1314 0.0142645
1315 0.0142491
1316 0.0142431
1317 0.014233
1318 0.0142141
1319 0.0141985
1321 0.0141947
1322 0.0141731
1323 0.0141512
1324 0.0141346
1325 0.014115
1326 0.0140976
1327 0.0140876
1330 0.0140817
1331 0.014077
1332 0.0140494
1333 0.0140378
1334 0.0140229
1337 0.0140182
1339 0.0139972
1340 0.0139851
1341 0.0139824
1343 0.0139752
1344 0.0139637
1346 0.0139516
1347 0.0139299
1348 0.0139103
1349 0.0139004
1354 0.0138869
1355 0.0138686
1356 0.013852
1357 0.0138403
1358 0.0138377
1359 0.013834
1360 0.0138113
1361 0.0137891
1362 0.0137709
1363 0.01376
1364 0.0137417
1365 0.013737
1367 0.0137306
1368 0.0137233
1369 0.0137218
1370 0.0136992
1371 0.0136882
1374 0.0136695
1375 0.0136617
1378 0.0136463
1379 0.0136283
1380 0.0136223
1381 0.0136021
1382 0.0135872
1383 0.0135692
1384 0.0135601
1385 0.0135392
1386 0.0135266
1387 0.0135172
1388 0.0134991
1389 0.013494
1390 0.0134689
1391 0.0134527
1392 0.0134378
1393 0.0134368
1395 0.0134216
1396 0.0134183
1397 0.0134087
1398 0.0134009
1399 0.0133756
1400 0.0133539
1401 0.0133381
1402 0.0133301
1403 0.0133199
1404 0.0133017
1405 0.0132905
1406 0.0132754
1407 0.0132548
1408 0.0132502
1409 0.013243
1410 0.0132219
1411 0.0132132
1413 0.0132069
1414 0.0131982
1415 0.0131899
1416 0.0131722
1417 0.013157
1418 0.0131504
1419 0.0131374
1420 0.0131347
1422 0.0131079
1423 0.0130876
1424 0.0130802
1425 0.0130766
1426 0.0130759
1427 0.0130654
1429 0.0130574
1430 0.0130489
1431 0.0130253
1432 0.0130104
1433 0.0130092
1435 0.0129925
1436 0.012981
1437 0.0129787
1438 0.0129741
1439 0.0129737
1441 0.0129482
1442 0.0129284
1443 0.0129188
1447 0.0129165
1450 0.0128945
1451 0.0128791
1453 0.0128785
1454 0.012863
1455 0.0128527
1456 0.012845
1457 0.0128331
1458 0.0128294
1459 0.0128226
1460 0.0128077
1461 0.0128017
1462 0.0127867
1463 0.0127636
1464 0.0127608
1465 0.0127581
1466 0.0127435
1467 0.0127305
1468 0.0127175
1473 0.0126969
1474 0.0126824
1477 0.0126697
1478 0.0126569
1480 0.0126508
1481 0.012635
1482 0.0126205
1483 0.0126051
1485 0.0126033
1486 0.0125949
1487 0.0125814
1488 0.0125767
1489 0.0125707
1490 0.0125657
1493 0.0125422
1494 0.0125325
1495 0.0125299
1497 0.0125194
1498 0.0125082
1499 0.0124931
1500 0.0124851
1501 0.0124705
1504 0.0124491
1505 0.0124486
1507 0.0124451
1508 0.0124423
1509 0.0124336
1510 0.0124281
1511 0.012421
1513 0.0124182
1514 0.0123916
1515 0.0123694
1516 0.0123542
1517 0.012337
1518 0.0123265
1519 0.0123175
1521 0.0123141
1524 0.0122932
1525 0.0122742
1526 0.012265
1527 0.0122601
1530 0.0122509
1531 0.0122396
1532 0.0122345
1533 0.012217
1534 0.0122058
1537 0.0122036
1538 0.012202
1539 0.0121871
1540 0.0121727
1541 0.0121616
1542 0.012149
1544 0.0121422
1545 0.0121227
1546 0.0121044
1547 0.0120852
1548 0.0120672
1549 0.0120574
1550 0.0120503
1553 0.0120301
1554 0.0120175
1555 0.0119979
1556 0.0119776
1557 0.0119613
1558 0.011942
1559 0.011926
1560 0.0119121
1561 0.0118903
1562 0.0118701
1563 0.0118499
1564 0.0118302
1565 0.0118105
1566 0.0117915
1567 0.0117727
1568 0.0117551
1569 0.0117396
1570 0.0117276
1571 0.0117095
1572 0.0116909
1573 0.0116724
1574 0.0116536
1575 0.0116351
1576 0.011616
1577 0.0115967
1578 0.0115832
1579 0.0115676
1580 0.0115532
1581 0.0115475
1583 0.0115402
1584 0.0115394
1585 0.0115238
1586 0.0115097
1589 0.0114879
1590 0.011481
1591 0.0114777
1593 0.0114761
1596 0.0114725
1597 0.0114535
1598 0.0114406
1599 0.0114336
1602 0.011414
1604 0.0114132
1605 0.0114002
1606 0.0113894
1609 0.0113729
1610 0.0113622
1611 0.0113509
1612 0.0113502
1613 0.0113493
1614 0.0113489
1615 0.011337
1616 0.0113223
1617 0.0113046
1618 0.0112913
1619 0.0112864
1621 0.0112816
1622 0.0112623
1623 0.0112562
1626 0.0112547
1628 0.0112351
1629 0.0112191
1630 0.0112072
1631 0.0111925
1633 0.0111897
1634 0.0111702
1635 0.0111524
1636 0.0111379
1637 0.0111236
1638 0.0111153
1641 0.0111095
1642 0.0110989
1643 0.0110937
1644 0.0110882
1645 0.011071
1646 0.0110657
1647 0.0110453
1648 0.0110407
1649 0.0110371
1651 0.0110322
1654 0.0110066
1655 0.0109879
1656 0.0109771
1658 0.0109748
1659 0.0109617
1660 0.0109482
1661 0.0109462
1663 0.0109351
1664 0.0109237
1665 0.0109218
1666 0.0109216
1667 0.0108957
1668 0.0108792
1670 0.0108791
1671 0.0108703
1672 0.0108691
1673 0.0108653
1675 0.010861
1676 0.0108513
1679 0.0108335
1680 0.0108297
1682 0.0108202
1683 0.0108153
1686 0.0108066
1688 0.0108056
1689 0.0107839
1690 0.01078
1691 0.0107756
1692 0.0107678
1693 0.0107511
1694 0.0107407
1695 0.0107259
1696 0.0107233
1697 0.0107213
1698 0.0107069
1699 0.0107023
1700 0.0106851
1702 0.0106808
1703 0.0106616
1704 0.010649
1705 0.0106429
1706 0.0106399
1707 0.0106375
1710 0.0106191
1711 0.0106096
1712 0.0106064
1713 0.0105993
1715 0.0105934
1716 0.0105743
1717 0.0105612
1718 0.0105611
1719 0.0105582
1720 0.010542
1721 0.0105302
1722 0.0105273
1724 0.0105183
1725 0.0105002
1726 0.0104849
1727 0.0104834
1728 0.0104807
1729 0.0104771
1731 0.0104591
1732 0.0104551
1735 0.0104508
1736 0.0104327
1737 0.0104159
1738 0.010403
1739 0.0104002
1743 0.010385
1745 0.0103791
1746 0.0103676
1748 0.0103609
1749 0.0103524
1750 0.0103497
1751 0.0103467
1752 0.0103394
1753 0.0103371
1754 0.0103277
1755 0.0103183
1756 0.010315
1757 0.0103061
1758 0.0102941
1759 0.0102829
1760 0.0102815
1761 0.0102799
1763 0.0102733
1764 0.0102569
1765 0.0102408
1766 0.0102266
1767 0.0102166
1768 0.0101986
1769 0.010192
1770 0.0101812
1771 0.0101809
1773 0.0101661
1774 0.0101538
1775 0.0101493
1777 0.0101468
1778 0.0101294
1779 0.0101141
1780 0.0101043
1781 0.0101029
1783 0.010084
1784 0.0100773
1785 0.0100679
1787 0.0100628
1788 0.0100584
1790 0.0100512
1791 0.0100495
1792 0.0100471
1793 0.0100265
1794 0.0100181
1795 0.0100113
1796 0.0100015
1800 0.00999975
1801 0.00998408
1802 0.00997201
1804 0.00997074
1807 0.00995688
1808 0.00995436
1810 0.00994372
1811 0.0099403
1812 0.00992367
1813 0.00991083
1814 0.0099057
1817 0.00989248
1821 0.00989229
1822 0.0098754
1823 0.00986558
1824 0.00985913
1826 0.0098448
1829 0.00982812
1830 0.00982156
1831 0.00981435
1836 0.00981121
1838 0.00980719
1839 0.00978864
1841 0.0097868
1842 0.00977115
1843 0.00975888
1844 0.00975598
1846 0.00975294
1848 0.0097406
1849 0.0097385
1850 0.00973832
1852 0.00971564
1853 0.00970255
1855 0.00970218
1856 0.00969886
1858 0.00967911
1859 0.00966852
1860 0.00966046
1863 0.00965207
1864 0.00963856
1865 0.00962482
1866 0.00961972
1867 0.00961813
1868 0.00961067
1869 0.00959869
1871 0.00959562
1872 0.00957793
1873 0.00956512
1874 0.00955603
1875 0.00954761
1876 0.00954289
1877 0.00954173
1878 0.00953612
1879 0.00953176
1880 0.00951595
1881 0.00950186
1882 0.00949053
1885 0.00947836
1886 0.00947046
1887 0.00945835
1888 0.00945644
1890 0.0094454
1891 0.00944019
1892 0.00943731
1893 0.00943554
1894 0.00941664
1895 0.00940454
1896 0.00938809
1897 0.00938196
1898 0.00937619
1899 0.00936433
1903 0.00935882
1904 0.00934473
1905 0.00933523
1906 0.00933306
1907 0.00933108
1908 0.00932736
1909 0.00931597
1910 0.0092984
1911 0.00929641
1912 0.00929405
1913 0.00928302
1915 0.00928087
1916 0.00927207
1919 0.00925736
1920 0.00924396
1921 0.00922897
1922 0.00921674
1923 0.00920471
1924 0.00920191
1927 0.00918469
1928 0.00916801
1929 0.00915603
1930 0.00914293
1931 0.00913278
1932 0.00913194
1935 0.00912973
1936 0.0091125
1937 0.00910279
1938 0.00910093
1941 0.00909495
1942 0.00908399
1943 0.00908084
1944 0.00907476
1945 0.00906241
1946 0.00906107
1947 0.00905137
1948 0.00903945
1949 0.00902744
1950 0.00901802
1951 0.00901417
1952 0.00901085
1953 0.00900913
1955 0.00899957
1956 0.00898376
1957 0.00898006
1958 0.00897513
1962 0.00897087
1963 0.00895632
1964 0.00894411
1965 0.0089417
1966 0.00893713
1967 0.00892612
1968 0.00891102
1970 0.00891049
1971 0.00889935
1972 0.00888905
1973 0.00888739
1974 0.00887839
1975 0.00887352
1976 0.0088719
1977 0.00885898
1978 0.00885441
1979 0.00884622
1980 0.00884619
1981 0.0088451
1983 0.00882483
1984 0.00881775
1986 0.00881476
1987 0.00880819
1990 0.00879431
1991 0.00878312
1992 0.00877744
1993 0.00876264
1994 0.00875662
1995 0.00874485
1996 0.00874078
1997 0.00872501
1998 0.0087201
1999 0.00871949
2000 0.00870586
2001 0.0086938
2002 0.0086872
2004 0.00868126
2005 0.00866999
2006 0.00865677
2007 0.00865626
2009 0.00865373
2011 0.00863681
2013 0.00863295
2014 0.00861827
2015 0.00860787
2016 0.00860179
2017 0.00859615
2018 0.00859108
2019 0.00857717
2020 0.00856695
2021 0.00855746
2022 0.00854868
2023 0.00854243
2024 0.00853189
2025 0.00852268
2028 0.00850515
2029 0.00849249
2030 0.00848645
2031 0.00848622
2032 0.00848549
2036 0.0084817
2037 0.00846355
2038 0.00845848
2041 0.00844354
2042 0.00843406
2043 0.00842999
2044 0.00842933
2045 0.00842768
2047 0.00841036
2048 0.0083956
2049 0.00838371
2050 0.00837223
2052 0.00836904
2053 0.00835733
2054 0.00835452
2056 0.00834839
2057 0.00834022
2060 0.00832497
2061 0.00832045
2062 0.00831847
2063 0.00831674
2065 0.0082995
2066 0.00829415
2068 0.0082804
2069 0.00826911
2070 0.00826236
2071 0.00825794
2073 0.00824921
2074 0.00824815
2076 0.00823328
2077 0.00822604
2081 0.00822202
2082 0.00820748
2083 0.00820383
2086 0.008199
2087 0.00819108
2088 0.00819065
2089 0.00818917
2090 0.00817362
2091 0.00816407
2092 0.00816189
2094 0.00815119
2095 0.00814846
2096 0.00814758
2097 0.00814132
2098 0.00813383
2099 0.00813339
2101 0.00811601
2102 0.00810187
2103 0.00808956
2104 0.00808839
2106 0.00807296
2107 0.00805722
2108 0.00804337
2109 0.00803065
2110 0.00801828
2111 0.0080077
2112 0.00799948
2113 0.00798241
2114 0.00796765
2115 0.00795385
2116 0.00793892
2117 0.00792372
2118 0.00790889
2119 0.00789617
2120 0.00789058
2121 0.00788905
2123 0.00787044
2124 0.00785489
2125 0.00784801
2126 0.00783818
2127 0.00783187
2129 0.00783001
2130 0.00782391
2132 0.00782004
2133 0.00780764
2135 0.00780372
2136 0.00779453
2137 0.00779093
2140 0.00778973
2143 0.00777474
2144 0.00776855
2145 0.00776206
2148 0.00774843
2151 0.00774008
2152 0.00773328
2154 0.00772959
2155 0.00771827
2156 0.00771324
2159 0.00769911
2160 0.00768981
2161 0.00768392
2162 0.0076744
2163 0.00766629
2164 0.00765324
2165 0.00765211
2167 0.00763944
2168 0.00763117
2169 0.00761693
2170 0.00761341
2171 0.00760884
2173 0.00759953
2174 0.00759141
2176 0.0075866
2177 0.00757709
2178 0.00757109
2181 0.00756775
2184 0.00756192
2185 0.00755324
2188 0.00754072
2189 0.00753239
2190 0.00752893
2192 0.00752683
2193 0.00752481
2196 0.00751264
2197 0.0075121
2198 0.00751016
2199 0.00750911
2200 0.00750795
2202 0.00749847
2203 0.00748735
2204 0.00748346
2205 0.0074801
2206 0.0074677
2207 0.00746017
2208 0.0074546
2210 0.00745392
2211 0.0074525
2212 0.00743984
2213 0.00742861
2214 0.00742103
2215 0.00741596
2218 0.00740052
