1 16.1588
5 5.03727
9 4.68961
15 4.36772
17 4.2671
22 3.65688
23 3.14748
33 3.11021
34 3.09382
36 3.08661
41 3.05912
43 3.05754
46 3.05692
49 3.05483
53 3.04746
55 3.04173
56 3.04115
57 3.0411
58 3.04039
60 3.03457
62 3.03036
65 3.03028
67 3.02713
68 3.02524
71 3.02214
73 3.02196
74 3.0191
75 3.01792
76 3.01429
77 3.01099
78 3.00823
79 3.00572
80 3.00352
82 3.00285
83 2.99944
84 2.99836
85 2.99736
86 2.99455
88 2.99445
89 2.99074
90 2.98838
91 2.98731
92 2.9871
94 2.98338
95 2.98029
96 2.9787
97 2.97848
98 2.97729
99 2.97465
100 2.97218
101 2.96992
102 2.96943
103 2.9661
104 2.96409
105 2.96259
106 2.96246
107 2.96116
109 2.96074
110 2.9579
111 2.95687
112 2.95411
113 2.95358
114 2.95281
115 2.95167
116 2.95163
117 2.94831
118 2.94555
119 2.94256
120 2.93954
121 2.9364
122 2.93302
123 2.92967
124 2.92642
125 2.92314
126 2.91994
127 2.91659
128 2.9135
129 2.91041
130 2.90734
131 2.90429
132 2.90128
133 2.8988
134 2.89583
135 2.89516
136 2.89403
137 2.89187
138 2.88942
139 2.88709
140 2.8849
143 2.88197
144 2.88064
145 2.88025
147 2.87834
149 2.87732
150 2.87443
151 2.87401
152 2.87124
153 2.87011
154 2.86745
155 2.86535
156 2.86294
157 2.8601
158 2.85791
159 2.85484
160 2.85316
161 2.84975
162 2.84696
163 2.84391
164 2.84333
165 2.84051
166 2.83967
167 2.83935
168 2.8352
169 2.83191
170 2.82869
171 2.82602
172 2.82346
173 2.82146
174 2.8208
176 2.81743
177 2.81458
178 2.81334
179 2.81042
180 2.80921
181 2.80827
182 2.80508
183 2.80259
184 2.80053
185 2.79724
186 2.79421
187 2.79126
188 2.7885
189 2.78564
190 2.78323
191 2.78055
192 2.77789
193 2.77504
194 2.77224
195 2.77022
196 2.76749
197 2.76481
198 2.7624
199 2.75958
200 2.75689
201 2.75416
202 2.75145
203 2.7488
204 2.74609
205 2.74338
206 2.74066
207 2.73795
208 2.73522
209 2.73249
210 2.72971
211 2.72692
212 2.72413
213 2.72134
214 2.71854
215 2.71572
216 2.71286
217 2.70995
218 2.70703
219 2.70412
220 2.70123
221 2.69835
222 2.69546
223 2.69257
224 2.68972
225 2.68732
226 2.68475
227 2.68184
228 2.67904
229 2.6764
230 2.67406
231 2.67138
232 2.66938
233 2.66668
234 2.66472
235 2.66357
236 2.66162
237 2.65866
238 2.65749
239 2.65663
240 2.65456
243 2.65207
244 2.6511
246 2.65041
249 2.64747
251 2.64533
252 2.64326
253 2.64115
254 2.63996
255 2.63806
256 2.63616
257 2.63383
258 2.63223
259 2.62984
260 2.62905
262 2.62893
263 2.62774
265 2.6259
266 2.62561
267 2.62328
268 2.62284
269 2.62249
270 2.62206
271 2.62069
272 2.61898
273 2.61703
274 2.61502
275 2.61453
276 2.61387
277 2.61299
278 2.61174
279 2.60811
280 2.6079
281 2.60676
282 2.60505
283 2.60346
284 2.60243
286 2.60064
287 2.5987
288 2.59816
292 2.59488
294 2.59433
295 2.59199
296 2.58988
297 2.58873
298 2.58586
299 2.58337
300 2.58121
301 2.57922
302 2.57733
303 2.57693
304 2.57373
305 2.57297
307 2.5722
308 2.57212
309 2.57041
310 2.56844
311 2.5669
313 2.5668
315 2.56478
317 2.56443
318 2.5642
319 2.56418
322 2.563
323 2.56212
324 2.56169
325 2.56069
326 2.56053
328 2.55927
329 2.55873
332 2.55778
333 2.55668
334 2.55562
335 2.55461
336 2.55363
337 2.55301
338 2.55256
339 2.5514
340 2.5504
341 2.54957
342 2.54885
345 2.5476
346 2.54724
347 2.54673
348 2.54566
351 2.54429
352 2.54339
353 2.54249
354 2.5418
355 2.54171
356 2.54116
357 2.53961
358 2.53819
359 2.5369
360 2.53562
361 2.53443
362 2.53282
363 2.53135
364 2.53024
365 2.52911
366 2.52777
367 2.52645
368 2.52495
369 2.52347
370 2.52259
371 2.52123
372 2.51987
373 2.51877
374 2.51785
375 2.5167
376 2.51553
377 2.51468
378 2.51311
379 2.51185
380 2.51152
381 2.51055
382 2.50954
384 2.50931
385 2.508
386 2.50693
387 2.50631
388 2.50519
389 2.50432
390 2.50336
391 2.50238
392 2.50145
395 2.50023
396 2.50007
398 2.49998
399 2.49989
400 2.49828
401 2.49702
402 2.49635
403 2.49543
404 2.49442
405 2.49373
407 2.49365
408 2.49246
409 2.49201
412 2.491
413 2.49053
414 2.49021
416 2.48943
417 2.48819
418 2.48745
419 2.4867
420 2.48602
421 2.48578
423 2.48435
424 2.48329
425 2.48234
426 2.48132
427 2.48124
429 2.47987
430 2.47883
431 2.47838
432 2.47765
433 2.47701
434 2.47613
436 2.47602
437 2.47474
438 2.47423
439 2.47411
441 2.47341
442 2.47214
443 2.47131
445 2.47108
446 2.47018
448 2.46934
449 2.46933
450 2.46902
451 2.46756
452 2.46676
453 2.46655
454 2.46596
455 2.46555
456 2.46524
457 2.4651
458 2.46377
459 2.46293
460 2.46182
461 2.46073
462 2.45967
463 2.4586
464 2.45757
465 2.45653
466 2.4554
467 2.45427
468 2.45314
469 2.45201
470 2.45089
471 2.44975
472 2.44863
473 2.44749
474 2.44639
475 2.44524
476 2.4441
477 2.44296
478 2.4418
479 2.44102
480 2.43987
481 2.43869
482 2.43754
483 2.43638
484 2.43522
485 2.43406
486 2.43291
487 2.43173
488 2.43062
489 2.42959
490 2.42834
491 2.42727
492 2.4261
493 2.42493
494 2.42376
495 2.42259
496 2.42143
497 2.42033
498 2.41914
499 2.41791
500 2.41672
501 2.41555
502 2.41437
503 2.41319
504 2.41201
505 2.41083
506 2.40964
507 2.40847
508 2.40729
509 2.40611
510 2.40493
511 2.40376
512 2.40263
513 2.40145
514 2.40028
515 2.39913
516 2.39801
517 2.39698
518 2.39604
519 2.39484
520 2.39364
521 2.39246
522 2.39129
523 2.39026
524 2.38915
525 2.38844
526 2.38828
527 2.38811
528 2.38689
529 2.38585
530 2.38512
531 2.38489
532 2.38389
533 2.38266
534 2.3815
535 2.3804
536 2.37953
537 2.37844
538 2.37727
539 2.37613
540 2.37504
541 2.37406
542 2.37289
543 2.37175
544 2.37063
545 2.36951
546 2.36839
547 2.36729
548 2.36619
549 2.36521
550 2.36418
551 2.36321
552 2.36215
553 2.36139
554 2.36057
555 2.35958
556 2.35877
557 2.35777
558 2.35688
559 2.35613
560 2.35559
561 2.35464
562 2.35401
563 2.35302
564 2.35244
565 2.3522
566 2.35195
567 2.35149
568 2.35091
569 2.35053
572 2.35047
573 2.35028
574 2.34939
575 2.34924
577 2.34922
578 2.34896
580 2.3479
581 2.34778
583 2.34748
584 2.34712
585 2.34695
586 2.34665
587 2.34651
588 2.34629
591 2.34592
592 2.34571
594 2.34561
595 2.34527
596 2.34506
597 2.34477
598 2.34462
599 2.34422
600 2.34394
601 2.3437
602 2.3435
603 2.34344
605 2.34304
606 2.34278
607 2.34269
608 2.34257
609 2.34215
610 2.34178
611 2.34145
612 2.34116
613 2.34081
614 2.3405
615 2.34012
616 2.33976
617 2.3394
618 2.33902
619 2.33863
620 2.33824
621 2.33785
622 2.33745
623 2.33708
624 2.3367
625 2.33628
626 2.33598
627 2.33582
628 2.33543
629 2.33505
630 2.33477
631 2.33476
632 2.33471
633 2.33468
634 2.3344
635 2.33385
636 2.33345
637 2.33314
638 2.33284
640 2.33265
641 2.33255
642 2.33248
643 2.33206
644 2.33179
645 2.33157
646 2.33108
647 2.33093
649 2.33047
650 2.33003
651 2.32962
652 2.32926
655 2.32876
656 2.32841
657 2.32821
658 2.32805
660 2.3278
661 2.32727
662 2.32687
663 2.32684
664 2.32664
665 2.32617
666 2.32571
667 2.32523
668 2.32479
669 2.32427
670 2.32387
671 2.32334
672 2.32281
673 2.32228
674 2.32175
675 2.32122
676 2.32069
677 2.32016
678 2.31964
679 2.31913
680 2.31861
681 2.3181
682 2.31758
683 2.31706
684 2.31673
685 2.3164
686 2.31615
687 2.31577
688 2.31522
689 2.31469
690 2.31419
691 2.31372
692 2.31323
693 2.31276
694 2.3123
695 2.31184
696 2.31139
697 2.31105
698 2.31084
699 2.31039
700 2.30994
701 2.3095
702 2.30907
703 2.30866
704 2.30825
705 2.30785
706 2.30745
707 2.30706
708 2.30674
709 2.3065
710 2.30607
711 2.30567
712 2.30532
713 2.30495
714 2.30459
715 2.30423
716 2.30394
717 2.30372
718 2.30335
719 2.30299
720 2.30267
721 2.30244
722 2.3021
723 2.30176
724 2.30148
725 2.30116
726 2.30086
727 2.30072
728 2.30056
729 2.3001
730 2.29981
731 2.29964
732 2.29955
735 2.2995
736 2.29909
737 2.29904
738 2.29897
739 2.29861
740 2.2983
741 2.29804
742 2.2977
743 2.2974
744 2.29704
745 2.29669
746 2.29634
747 2.29598
748 2.29566
749 2.29531
750 2.29495
751 2.29459
752 2.29423
753 2.29387
754 2.29351
755 2.29314
756 2.29285
757 2.29251
758 2.29213
759 2.29176
760 2.2914
761 2.29102
762 2.29065
763 2.29027
764 2.28989
765 2.28951
766 2.28912
767 2.28875
768 2.28835
769 2.28817
770 2.28779
771 2.28738
772 2.28699
773 2.28659
774 2.28622
775 2.28581
776 2.28544
777 2.28506
778 2.28463
779 2.28443
780 2.2842
781 2.28406
782 2.28362
783 2.28318
784 2.28272
785 2.28225
786 2.28178
787 2.28131
788 2.28084
789 2.28037
790 2.27989
791 2.27966
792 2.27917
793 2.27869
794 2.27819
795 2.27784
796 2.27748
797 2.27709
798 2.27657
799 2.27606
800 2.27556
801 2.27506
802 2.27457
803 2.27421
804 2.2739
807 2.27341
808 2.27298
811 2.27265
812 2.2722
813 2.27175
814 2.27131
815 2.2709
816 2.27072
817 2.2703
818 2.26983
819 2.2694
820 2.26895
821 2.26856
822 2.26822
823 2.2677
824 2.26725
825 2.26683
826 2.26651
827 2.26648
829 2.26593
830 2.26542
831 2.265
832 2.26487
833 2.26472
834 2.26444
835 2.26391
836 2.26341
837 2.26295
838 2.26254
839 2.26246
841 2.26242
842 2.26188
843 2.2614
844 2.26101
845 2.26065
846 2.26027
848 2.26021
849 2.25978
850 2.25949
851 2.25936
852 2.25902
853 2.25883
854 2.2588
855 2.2586
856 2.25804
857 2.25759
858 2.25728
859 2.25693
860 2.25677
861 2.25657
862 2.2561
863 2.2558
864 2.25531
865 2.25499
866 2.25466
867 2.25445
870 2.25401
871 2.25372
872 2.25345
873 2.25326
874 2.2529
875 2.25255
876 2.25215
877 2.25176
878 2.25137
879 2.25113
880 2.25088
881 2.25041
882 2.25002
883 2.2497
884 2.24947
887 2.24904
888 2.24882
889 2.24873
890 2.24832
891 2.24823
892 2.24793
893 2.24747
894 2.24705
895 2.24668
896 2.24632
897 2.24591
898 2.24551
899 2.24514
900 2.24475
901 2.24436
902 2.24415
903 2.24375
904 2.24333
905 2.24293
906 2.24269
907 2.2423
908 2.24193
909 2.24158
910 2.24128
911 2.24099
913 2.24094
914 2.24057
915 2.24042
916 2.24023
919 2.23992
920 2.23963
923 2.23939
925 2.23927
926 2.23892
927 2.23876
928 2.23838
929 2.23808
930 2.23786
931 2.23764
932 2.23739
933 2.23696
934 2.23657
935 2.23619
936 2.23585
937 2.23546
938 2.23508
939 2.23471
940 2.23433
941 2.23396
942 2.23358
943 2.23321
944 2.23284
945 2.23246
946 2.2321
947 2.23172
948 2.23135
949 2.23117
950 2.23092
951 2.23081
952 2.23038
953 2.23001
954 2.22966
955 2.22933
956 2.22899
957 2.22876
958 2.22844
959 2.22807
960 2.22778
961 2.22751
962 2.22719
963 2.22717
964 2.22713
965 2.2267
966 2.22633
967 2.22606
968 2.22572
969 2.22537
970 2.22502
971 2.22472
972 2.22441
973 2.22416
974 2.22411
975 2.22404
976 2.22366
977 2.22333
978 2.22303
979 2.22281
980 2.22261
981 2.22222
982 2.22189
983 2.2216
984 2.22123
985 2.22086
986 2.2205
987 2.22015
988 2.21992
989 2.21982
990 2.21981
991 2.21948
992 2.2191
993 2.21874
994 2.21837
995 2.21801
996 2.21765
997 2.21729
998 2.21694
999 2.2166
1000 2.21633
1001 2.21597
1002 2.2156
1003 2.21523
1004 2.21485
1005 2.21453
1006 2.21416
1007 2.21379
1008 2.21341
1009 2.21322
1012 2.21288
1013 2.21274
1014 2.21265
1016 2.21263
1017 2.21218
1018 2.21195
1019 2.21167
1023 2.21128
1024 2.21112
1025 2.21091
1026 2.21053
1027 2.2103
1028 2.20998
1029 2.20966
1030 2.20935
1031 2.20907
1032 2.2087
1033 2.20835
1034 2.20804
1035 2.20776
1036 2.20735
1037 2.20707
1038 2.20683
1039 2.20664
1042 2.2062
1043 2.20609
1044 2.20607
1045 2.20588
1046 2.20562
1047 2.20523
1048 2.20485
1049 2.20445
1050 2.20407
1051 2.2037
1052 2.20333
1053 2.20299
1054 2.20296
1056 2.20246
1057 2.20208
1058 2.2018
1059 2.20144
1060 2.20104
1061 2.20065
1062 2.20026
1063 2.19987
1064 2.19947
1065 2.19906
1066 2.19867
1067 2.19827
1068 2.19787
1069 2.19747
1070 2.19707
1071 2.19667
1072 2.19628
1073 2.19588
1074 2.1955
1075 2.1951
1076 2.19471
1077 2.1943
1078 2.19402
1079 2.19381
1080 2.19338
1081 2.19297
1082 2.19258
1083 2.19219
1084 2.19184
1085 2.19141
1086 2.19104
1087 2.19082
1088 2.19041
1089 2.18999
1090 2.18958
1091 2.18916
1092 2.18874
1093 2.18833
1094 2.18792
1095 2.18753
1096 2.18725
1097 2.18687
1098 2.18646
1099 2.18607
1100 2.18566
1101 2.18525
1102 2.18485
1103 2.18446
1104 2.18405
1105 2.18366
1106 2.18326
1107 2.18285
1108 2.18246
1109 2.18207
1110 2.18167
1111 2.18128
1112 2.18089
1113 2.1805
1114 2.18012
1115 2.17972
1116 2.17933
1117 2.17904
1118 2.17886
1119 2.17857
1120 2.17822
1121 2.17785
1122 2.17747
1123 2.17708
1124 2.17677
1125 2.1766
1126 2.17649
1127 2.17598
1128 2.17556
1129 2.17517
1130 2.17479
1131 2.17439
1132 2.1741
1133 2.17371
1134 2.17342
1135 2.17304
1136 2.17264
1137 2.17225
1138 2.17189
1139 2.17151
1140 2.17113
1141 2.17076
1142 2.17038
1143 2.17
1144 2.16974
1145 2.16934
1146 2.16899
1147 2.16862
1148 2.16824
1149 2.16787
1150 2.16753
1151 2.16718
1152 2.16682
1153 2.16646
1154 2.1661
1155 2.16575
1156 2.16539
1157 2.16507
1158 2.16471
1159 2.16435
1160 2.16399
1161 2.16364
1162 2.16332
1163 2.16299
1164 2.16267
1165 2.16232
1166 2.16198
1167 2.1618
1168 2.16168
1169 2.16146
1170 2.16137
1171 2.16087
1172 2.16056
1173 2.1603
1174 2.16014
1175 2.1599
1176 2.15961
1177 2.15942
1178 2.15895
1179 2.15871
1180 2.15848
1181 2.15814
1182 2.15785
1183 2.15754
1184 2.15733
1185 2.15731
1187 2.15697
1188 2.15668
1189 2.15656
1190 2.15612
1191 2.15575
1192 2.15544
1193 2.1554
1194 2.15529
1196 2.15525
1197 2.15484
1198 2.15452
1199 2.15421
1200 2.154
1201 2.15375
1202 2.15342
1203 2.15331
1204 2.15322
1205 2.15309
1206 2.1527
1207 2.15234
1208 2.15196
1209 2.15158
1210 2.15124
1211 2.15085
1212 2.15049
1213 2.15016
1214 2.14982
1215 2.14942
1216 2.14905
1217 2.14865
1218 2.14827
1219 2.14788
1220 2.14749
1221 2.1471
1222 2.14671
1223 2.14633
1224 2.14612
1225 2.14605
1227 2.14577
1228 2.14539
1229 2.14502
1230 2.14466
1231 2.14437
1232 2.14406
1233 2.14396
1235 2.14387
1236 2.14374
1237 2.14336
1238 2.143
1239 2.14265
1240 2.14232
1241 2.14196
1242 2.1416
1243 2.14125
1244 2.14093
1245 2.14064
1246 2.14036
1247 2.14002
1248 2.13985
1249 2.13956
1250 2.13919
1251 2.13885
1252 2.13852
1253 2.13823
1254 2.13797
1255 2.13766
1256 2.13743
1257 2.1371
1258 2.13686
1259 2.13663
1260 2.13657
1261 2.13646
1262 2.1364
1263 2.13603
1264 2.13591
1265 2.1358
1266 2.1355
1267 2.13547
1269 2.13518
1270 2.13494
1272 2.13493
1273 2.13471
1274 2.13442
1275 2.13413
1276 2.13386
1277 2.13357
1278 2.1333
1280 2.13325
1281 2.13306
1282 2.13284
1283 2.13281
1285 2.13254
1286 2.13229
1287 2.13206
1288 2.13181
1289 2.13156
1290 2.13133
1291 2.13113
1292 2.13088
1293 2.1307
1295 2.13064
1296 2.13041
1297 2.1304
1299 2.13019
1300 2.13017
1302 2.13003
1303 2.1299
1305 2.12965
1306 2.12964
1307 2.12945
1309 2.12943
1310 2.12922
1311 2.12906
1312 2.12884
1313 2.12876
1314 2.1285
1315 2.12846
1317 2.12822
1318 2.1282
1319 2.12804
1320 2.12799
1321 2.12797
1322 2.12769
1323 2.12748
1324 2.12745
1325 2.12733
1326 2.12702
1327 2.12679
1329 2.12672
1332 2.12651
