1 1031.15
3 1029.25
5 877.727
6 708.965
7 529.504
10 526.414
13 457.895
15 455.795
19 445.247
20 439.448
23 432.722
24 427.009
25 422.054
27 414.778
28 412.15
29 409.839
31 401.049
32 400.914
33 394.848
34 387.469
35 380.281
36 373.232
37 366.723
38 359.944
39 353.575
40 347.962
41 342.252
42 335.832
43 329.618
44 324.28
45 320.356
46 316.795
47 311.503
48 307.315
50 304.613
51 298.661
52 296.965
54 293.436
55 287.199
56 282.919
57 277.338
58 272.753
59 272.401
60 270.042
61 263.147
62 257.729
63 254.832
64 249.717
65 247.039
66 240.55
67 236.034
68 230.744
69 225.486
70 220.668
71 215.597
72 210.764
73 205.686
74 200.914
75 196.323
76 192.733
77 187.674
78 182.998
79 178.367
80 174.326
81 169.959
82 165.546
83 161.159
84 157.868
85 153.886
86 149.584
87 145.54
88 142.021
89 140.789
90 136.539
91 132.399
92 128.408
93 124.535
94 120.852
95 117.507
96 115.629
97 111.857
98 108.243
99 104.778
100 101.592
101 98.6039
102 95.6081
103 92.6853
104 90.493
105 87.0837
106 84.1715
107 81.857
109 79.1538
110 77.7785
111 77.2782
112 73.7752
113 70.8241
114 68.0673
115 65.5406
116 62.8811
117 60.363
118 57.8104
119 55.3629
120 53.378
121 51.1734
122 48.8387
123 46.5877
124 44.9479
125 43.1706
126 41.003
127 38.9438
128 36.9689
129 35.4984
130 34.1975
131 32.3073
132 30.4941
133 28.7694
134 27.616
135 26.1795
136 24.5848
137 23.0703
138 22.0529
139 21.3737
140 19.7847
141 18.4081
142 17.1202
143 16.6276
144 15.8888
145 14.6948
146 13.5616
147 12.5263
148 12.1213
149 11.02
150 10.0494
151 9.3434
152 8.46961
153 7.79194
154 7.00432
155 6.32158
156 5.6289
157 5.03347
158 4.62334
159 4.02456
160 3.4978
161 3.11355
162 3.10048
163 2.86436
164 2.42427
165 2.13335
166 1.78388
167 1.65465
168 1.34747
169 1.12423
170 0.895858
171 0.716518
172 0.618059
173 0.46166
174 0.34848
175 0.286554
177 0.205432
179 0.174905
182 0.14233
183 0.134278
184 0.104835
185 0.0838909
186 0.0683205
187 0.0519695
188 0.0495369
189 0.0308191
191 0.0260149
194 0.0246558
196 0.0191612
197 0.0166649
198 0.0139889
199 0.0107587
200 0.0083526
202 0.0083015
205 0.00762427
206 0.00675893
207 0.00651792
209 0.0062819
210 0.00524268
212 0.00520567
213 0.00497706
215 0.00458211
216 0.00434311
217 0.00418223
219 0.00388257
221 0.00365299
223 0.00349175
224 0.0033153
225 0.00315995
226 0.00300697
227 0.00296481
228 0.00277021
229 0.00271819
231 0.00264261
233 0.00262455
235 0.00256981
236 0.0025698
237 0.00252974
238 0.00250868
239 0.0025048
240 0.00249453
241 0.00247779
242 0.00246374
243 0.00244795
244 0.00243444
245 0.00242323
247 0.00242194
248 0.00242064
250 0.002418
251 0.00241031
252 0.00240718
255 0.00240248
256 0.00239959
257 0.00239547
258 0.00239153
259 0.00238806
260 0.00238787
261 0.00238563
262 0.00238299
264 0.00238154
267 0.00237993
268 0.00237863
269 0.00237749
270 0.00237602
271 0.00237463
272 0.00237329
273 0.00237269
274 0.00237123
275 0.00237019
276 0.00236965
277 0.00236838
278 0.00236721
279 0.00236611
280 0.00236524
281 0.00236423
282 0.00236386
283 0.00236268
284 0.00236159
285 0.00236059
286 0.00235963
287 0.00235879
288 0.00235804
289 0.00235704
290 0.00235606
291 0.00235512
292 0.00235424
293 0.00235348
295 0.00235304
298 0.00235246
299 0.00235196
300 0.00235152
301 0.00235114
302 0.00235079
303 0.00235031
304 0.00234984
305 0.00234937
306 0.0023489
307 0.00234842
308 0.00234797
309 0.0023475
310 0.00234703
311 0.00234656
312 0.00234609
313 0.00234562
314 0.00234515
315 0.00234468
316 0.00234421
317 0.00234375
318 0.00234346
319 0.00234308
320 0.00234267
321 0.00234234
323 0.00234219
324 0.00234181
326 0.00234164
327 0.00234153
328 0.0023414
329 0.00234134
331 0.00234124
332 0.00234104
333 0.00234088
334 0.00234073
335 0.00234054
336 0.00234036
337 0.00234019
338 0.00234003
339 0.00233983
340 0.00233964
341 0.00233945
342 0.00233926
343 0.00233907
344 0.00233888
345 0.00233869
346 0.0023385
347 0.00233831
348 0.00233813
349 0.00233794
350 0.00233775
351 0.00233756
352 0.00233737
353 0.00233718
354 0.00233701
355 0.00233682
356 0.00233662
357 0.00233644
358 0.00233625
359 0.00233606
360 0.00233588
361 0.00233569
362 0.0023355
363 0.00233531
364 0.00233512
365 0.00233493
366 0.00233474
367 0.00233456
368 0.00233442
370 0.00233423
371 0.00233405
372 0.0023339
373 0.00233376
374 0.00233371
375 0.00233349
376 0.00233329
377 0.00233312
378 0.00233294
379 0.00233275
380 0.00233256
381 0.00233237
382 0.00233219
383 0.00233202
384 0.00233198
385 0.00233177
386 0.00233157
387 0.00233137
388 0.00233118
389 0.00233099
390 0.0023308
391 0.00233061
392 0.00233042
393 0.00233023
394 0.00233004
395 0.00232986
396 0.00232967
397 0.00232948
398 0.00232929
399 0.00232911
400 0.00232892
401 0.00232874
402 0.00232855
403 0.00232836
404 0.00232816
405 0.00232806
406 0.00232794
407 0.00232774
408 0.00232754
409 0.00232735
410 0.00232716
411 0.00232697
412 0.00232678
413 0.00232659
414 0.0023264
415 0.00232621
416 0.00232602
417 0.00232583
418 0.00232564
419 0.00232545
420 0.00232526
421 0.00232507
422 0.00232489
423 0.00232471
424 0.00232452
425 0.00232434
426 0.00232417
427 0.00232405
428 0.00232385
429 0.00232365
430 0.00232347
431 0.00232327
432 0.00232309
433 0.0023229
434 0.00232271
435 0.00232253
436 0.00232233
437 0.00232217
438 0.00232199
439 0.0023218
440 0.00232161
441 0.00232141
442 0.00232128
443 0.00232116
444 0.00232097
445 0.00232078
446 0.0023206
447 0.00232042
448 0.00232023
449 0.00232006
450 0.00231988
451 0.00231976
452 0.00231956
453 0.00231938
454 0.00231921
455 0.00231902
456 0.00231883
457 0.00231864
458 0.00231845
459 0.00231826
460 0.00231807
461 0.00231788
462 0.00231769
463 0.0023175
464 0.00231731
465 0.00231712
466 0.00231693
467 0.00231674
468 0.00231655
469 0.00231636
470 0.00231617
471 0.00231598
472 0.0023158
473 0.00231561
474 0.00231542
475 0.00231523
476 0.00231504
477 0.00231485
478 0.00231466
479 0.00231447
480 0.00231428
481 0.00231409
482 0.0023139
483 0.00231371
484 0.00231352
485 0.00231333
486 0.00231314
487 0.00231295
488 0.00231276
489 0.00231257
490 0.00231238
491 0.00231219
492 0.002312
493 0.00231181
494 0.00231162
495 0.00231143
496 0.00231124
497 0.00231105
498 0.00231087
499 0.00231083
501 0.00231065
502 0.00231046
503 0.00231027
504 0.00231009
505 0.00230992
506 0.00230973
507 0.00230955
508 0.00230937
509 0.00230922
510 0.0023091
511 0.00230889
512 0.0023087
513 0.00230851
514 0.00230832
515 0.00230813
516 0.00230794
517 0.00230775
518 0.00230756
519 0.00230737
520 0.00230718
521 0.00230699
522 0.0023068
523 0.00230662
524 0.00230643
525 0.00230624
526 0.00230605
527 0.00230586
528 0.00230567
529 0.00230549
530 0.0023053
531 0.00230511
532 0.00230493
533 0.00230474
534 0.00230456
535 0.00230441
536 0.00230421
537 0.00230403
538 0.00230384
539 0.00230367
540 0.00230348
541 0.00230329
542 0.0023031
543 0.00230292
544 0.00230277
545 0.00230267
546 0.00230247
547 0.00230228
548 0.00230208
549 0.0023019
550 0.00230171
551 0.00230152
552 0.00230133
553 0.00230114
554 0.00230095
555 0.00230076
556 0.00230057
557 0.00230038
558 0.00230019
559 0.0023
560 0.00229981
561 0.00229962
562 0.00229943
563 0.00229924
564 0.00229905
565 0.00229886
566 0.00229867
567 0.00229848
568 0.00229829
569 0.0022981
570 0.00229792
571 0.00229786
572 0.00229785
573 0.00229767
574 0.00229748
575 0.00229729
576 0.0022971
577 0.00229692
578 0.00229674
579 0.00229656
580 0.00229638
581 0.0022962
582 0.00229602
583 0.00229585
584 0.00229566
585 0.00229547
586 0.00229529
587 0.00229516
588 0.00229498
589 0.00229479
590 0.0022946
591 0.00229441
592 0.00229422
593 0.00229404
594 0.00229385
595 0.00229366
596 0.00229347
597 0.00229328
598 0.00229309
599 0.0022929
600 0.00229271
601 0.00229252
602 0.00229233
603 0.00229214
604 0.00229195
605 0.00229176
606 0.00229157
607 0.00229138
608 0.00229119
609 0.002291
610 0.00229081
611 0.00229062
612 0.00229043
613 0.00229024
614 0.00229005
615 0.00228986
616 0.00228968
617 0.00228953
618 0.00228945
619 0.00228925
620 0.00228906
621 0.00228886
622 0.00228867
623 0.00228848
624 0.00228829
625 0.0022881
626 0.00228791
627 0.00228772
628 0.00228754
629 0.00228737
630 0.00228725
631 0.00228706
632 0.00228687
633 0.00228668
634 0.00228649
635 0.0022863
636 0.00228611
637 0.00228593
638 0.00228576
639 0.00228557
640 0.00228538
641 0.0022852
642 0.00228502
643 0.00228484
644 0.00228467
645 0.00228448
646 0.00228429
647 0.00228411
648 0.00228393
649 0.00228374
650 0.00228356
651 0.00228338
652 0.00228319
653 0.002283
654 0.00228282
655 0.00228264
656 0.00228245
657 0.00228227
658 0.00228209
659 0.0022819
660 0.00228172
661 0.00228154
662 0.00228135
663 0.00228117
664 0.00228099
665 0.0022808
666 0.00228062
667 0.00228044
668 0.00228025
669 0.00228007
670 0.00227989
671 0.0022797
672 0.00227952
673 0.00227934
674 0.00227917
675 0.00227898
676 0.0022788
677 0.00227862
678 0.00227843
679 0.00227825
680 0.00227807
681 0.00227788
682 0.0022777
683 0.00227752
684 0.00227733
685 0.00227715
686 0.00227697
687 0.00227678
688 0.0022766
689 0.00227642
690 0.00227623
691 0.00227604
692 0.00227586
693 0.00227568
694 0.00227549
695 0.00227531
696 0.00227513
697 0.00227494
698 0.00227475
699 0.00227457
700 0.00227439
701 0.0022742
702 0.00227401
703 0.00227383
704 0.00227365
705 0.00227346
706 0.00227327
707 0.00227309
708 0.00227291
709 0.00227272
710 0.00227254
711 0.00227236
712 0.00227217
713 0.00227198
714 0.0022718
715 0.00227162
716 0.00227143
717 0.00227124
718 0.00227106
719 0.00227088
720 0.00227069
721 0.00227051
722 0.00227033
723 0.00227014
724 0.00226995
725 0.00226977
726 0.00226959
727 0.0022694
728 0.00226922
729 0.00226904
730 0.00226885
731 0.00226867
732 0.00226849
733 0.0022683
734 0.00226812
735 0.00226794
736 0.00226775
737 0.00226756
738 0.00226738
739 0.0022672
740 0.00226702
741 0.00226683
742 0.00226666
743 0.00226648
744 0.00226629
745 0.00226617
746 0.00226598
747 0.0022658
748 0.00226562
749 0.00226557
750 0.00226549
751 0.00226528
752 0.00226511
755 0.00226492
756 0.00226474
757 0.00226457
758 0.00226439
759 0.0022642
760 0.00226401
761 0.00226383
762 0.00226364
763 0.00226346
764 0.00226327
765 0.00226308
766 0.00226289
767 0.00226271
768 0.00226253
769 0.00226242
770 0.00226222
771 0.00226203
772 0.00226184
773 0.00226165
774 0.00226147
775 0.00226129
776 0.00226111
777 0.00226098
778 0.00226084
779 0.00226065
780 0.00226046
781 0.00226027
782 0.00226008
783 0.00225988
784 0.0022597
785 0.00225951
786 0.00225933
787 0.00225915
788 0.00225896
789 0.00225877
790 0.00225858
791 0.00225839
792 0.0022582
793 0.00225802
794 0.00225792
795 0.0022578
796 0.00225761
797 0.00225742
798 0.00225723
799 0.00225704
800 0.00225685
801 0.00225666
802 0.00225647
803 0.00225628
804 0.00225609
805 0.0022559
806 0.00225571
807 0.00225553
808 0.00225539
809 0.00225524
810 0.00225505
811 0.00225486
812 0.00225467
813 0.00225449
814 0.00225432
815 0.00225413
816 0.00225394
817 0.00225375
818 0.00225356
819 0.00225337
820 0.00225318
821 0.002253
822 0.00225298
823 0.00225296
824 0.00225277
825 0.00225259
826 0.00225241
827 0.00225224
828 0.00225206
829 0.00225187
830 0.00225168
831 0.00225149
832 0.00225131
833 0.00225114
834 0.00225096
835 0.00225077
836 0.00225059
837 0.00225041
838 0.00225023
839 0.00225004
840 0.00224985
841 0.00224966
842 0.00224947
843 0.00224928
844 0.00224909
845 0.00224891
846 0.00224884
847 0.00224879
848 0.00224869
849 0.0022485
850 0.00224833
851 0.00224819
852 0.002248
853 0.00224782
854 0.00224764
855 0.00224749
856 0.00224733
857 0.00224718
858 0.002247
859 0.00224684
860 0.00224667
861 0.00224649
862 0.00224631
863 0.00224615
864 0.00224599
865 0.0022458
866 0.00224561
867 0.00224542
868 0.00224523
869 0.00224504
870 0.00224485
871 0.00224466
872 0.00224448
873 0.00224434
874 0.00224417
875 0.00224398
876 0.0022438
877 0.00224361
878 0.00224345
879 0.00224327
880 0.00224308
881 0.00224289
882 0.00224271
883 0.00224252
884 0.00224235
885 0.00224216
886 0.00224197
887 0.00224179
888 0.0022416
889 0.00224142
890 0.00224123
891 0.00224105
892 0.00224087
893 0.00224068
894 0.00224049
895 0.0022403
896 0.00224012
897 0.00223994
898 0.00223975
899 0.00223956
900 0.00223938
901 0.00223919
902 0.00223901
903 0.00223882
904 0.00223864
905 0.00223845
906 0.00223827
907 0.00223808
908 0.0022379
909 0.00223771
910 0.00223753
911 0.00223734
912 0.00223716
913 0.00223698
914 0.00223679
915 0.0022366
916 0.00223642
917 0.00223624
918 0.00223605
919 0.00223587
920 0.00223568
921 0.00223549
922 0.00223531
923 0.00223512
924 0.00223494
925 0.00223476
926 0.00223457
927 0.00223439
928 0.0022342
929 0.00223402
930 0.00223383
931 0.00223365
932 0.00223346
933 0.00223328
934 0.00223309
935 0.00223291
936 0.00223272
937 0.00223254
938 0.00223236
939 0.00223217
940 0.00223199
941 0.0022318
942 0.00223162
943 0.00223143
944 0.00223125
945 0.00223106
946 0.00223088
947 0.00223069
948 0.00223051
949 0.00223033
950 0.00223014
951 0.00222996
952 0.00222977
953 0.00222959
954 0.00222941
955 0.00222922
956 0.00222904
957 0.00222885
958 0.00222867
959 0.00222848
960 0.0022283
961 0.00222812
962 0.00222793
963 0.00222775
964 0.00222756
965 0.00222738
966 0.0022272
967 0.00222701
968 0.00222683
969 0.00222664
970 0.00222646
971 0.00222628
972 0.00222609
973 0.00222591
974 0.00222573
975 0.00222555
976 0.00222536
977 0.00222518
978 0.00222499
979 0.00222481
980 0.00222462
981 0.00222444
982 0.00222426
983 0.00222418
984 0.00222399
985 0.0022238
986 0.00222361
987 0.00222342
988 0.00222324
989 0.00222305
990 0.00222287
991 0.00222269
992 0.00222251
993 0.00222233
995 0.00222232
996 0.00222213
997 0.00222195
998 0.00222177
999 0.0022216
1000 0.00222154
1001 0.00222148
1002 0.00222129
1003 0.0022211
1004 0.00222092
1005 0.00222073
1006 0.00222054
1007 0.00222036
1008 0.00222017
1009 0.00222003
1010 0.00221984
1011 0.00221967
1012 0.00221948
1013 0.0022193
1014 0.00221912
1015 0.00221895
1016 0.00221879
1017 0.0022186
1018 0.00221842
1019 0.00221823
1020 0.00221805
1021 0.00221787
1022 0.00221768
1023 0.0022175
1024 0.00221731
1025 0.00221714
1026 0.00221695
1027 0.00221677
1028 0.00221658
1029 0.0022164
1030 0.00221621
1031 0.00221603
1032 0.00221585
1033 0.00221566
1034 0.00221548
1035 0.00221529
1036 0.00221512
1037 0.00221493
1038 0.00221475
1039 0.00221456
1040 0.00221439
1041 0.0022142
1042 0.00221402
1043 0.00221383
1044 0.00221366
1045 0.00221347
1046 0.00221329
1047 0.0022131
1048 0.00221292
1049 0.00221274
1050 0.0022126
1051 0.00221241
1052 0.00221222
1053 0.00221203
1054 0.00221184
1055 0.00221165
1056 0.00221147
1057 0.00221128
1058 0.0022111
1059 0.00221091
1060 0.00221073
1061 0.00221055
1062 0.00221036
1063 0.00221017
1064 0.00220999
1065 0.0022098
1066 0.00220962
1067 0.00220944
1068 0.00220925
1069 0.00220907
1070 0.00220889
1071 0.00220871
1072 0.00220852
1073 0.00220833
1074 0.00220815
1075 0.00220796
1076 0.00220778
1077 0.00220759
1078 0.00220741
1079 0.00220723
1080 0.00220704
1081 0.00220685
1082 0.00220667
1083 0.00220649
1084 0.0022063
1085 0.00220612
1086 0.00220593
1087 0.00220575
1088 0.00220556
1089 0.00220538
1090 0.00220519
1091 0.00220501
1092 0.00220483
1093 0.00220465
1094 0.00220446
1095 0.00220428
1096 0.00220411
1097 0.00220393
1098 0.00220374
1099 0.00220356
1100 0.00220337
1101 0.00220319
1102 0.002203
1103 0.00220283
1104 0.00220264
1105 0.00220246
1106 0.00220227
1107 0.0022021
1108 0.00220191
1109 0.00220173
1110 0.00220154
1111 0.00220137
1112 0.00220118
1113 0.002201
1114 0.00220082
1115 0.00220064
1116 0.00220045
1117 0.00220029
1118 0.00220013
1119 0.00219994
1120 0.00219975
1121 0.00219957
1122 0.00219939
1123 0.00219921
1124 0.00219904
1125 0.00219885
1126 0.00219866
1127 0.00219847
1128 0.00219829
1129 0.00219811
1130 0.00219792
1131 0.00219773
1132 0.00219755
1133 0.00219737
1134 0.00219718
1135 0.002197
1136 0.00219681
1137 0.00219663
1138 0.00219645
1139 0.00219628
1140 0.00219609
1141 0.0021959
1142 0.00219571
1143 0.00219553
1144 0.00219534
1145 0.00219516
1146 0.00219498
1147 0.0021948
1148 0.00219462
1151 0.00219444
1152 0.00219426
1153 0.0021941
1154 0.00219401
1155 0.00219392
1156 0.00219371
1157 0.00219351
1158 0.00219333
1159 0.00219315
1160 0.00219297
1161 0.00219279
1162 0.00219261
1163 0.00219243
1164 0.00219226
1165 0.00219211
1166 0.00219193
1167 0.00219175
1168 0.00219157
1169 0.00219139
1170 0.00219122
1171 0.00219114
1172 0.00219097
1173 0.00219078
1174 0.0021906
1175 0.00219045
1176 0.00219029
1177 0.00219027
1178 0.00219023
1179 0.00219003
1180 0.00218984
1181 0.00218965
1182 0.00218946
1183 0.00218927
1184 0.00218909
1185 0.00218905
1186 0.00218902
1187 0.00218883
1188 0.00218865
1189 0.00218847
1190 0.00218831
1191 0.00218816
1193 0.00218797
1194 0.00218779
1195 0.00218763
1196 0.00218747
1197 0.0021873
1198 0.00218713
1199 0.00218695
1200 0.00218676
1201 0.0021866
1202 0.00218642
1203 0.00218624
1204 0.00218605
1205 0.00218589
1206 0.00218576
1207 0.00218557
1208 0.00218538
1209 0.0021852
1210 0.00218501
1211 0.00218485
1212 0.00218466
1213 0.00218447
1214 0.00218428
1215 0.0021841
1216 0.00218392
1217 0.00218373
1218 0.00218355
1219 0.00218337
1220 0.00218319
1221 0.00218301
1222 0.00218294
1223 0.00218284
1224 0.00218264
1225 0.00218244
1226 0.00218225
1227 0.00218207
1228 0.00218193
1229 0.00218174
1230 0.00218155
1231 0.00218137
1232 0.00218118
1233 0.00218104
1234 0.00218095
1235 0.00218076
1236 0.00218058
1237 0.00218039
1238 0.0021802
1239 0.00218001
1240 0.00217983
1241 0.00217965
1242 0.00217946
1243 0.00217928
1244 0.0021791
1245 0.00217892
1246 0.00217874
1247 0.00217859
1248 0.00217841
1249 0.00217823
1250 0.00217806
1251 0.00217791
1252 0.00217773
1253 0.00217755
1254 0.00217738
1255 0.00217728
1256 0.00217709
1257 0.0021769
1258 0.00217672
1259 0.00217653
1260 0.00217635
1261 0.00217619
1262 0.00217601
1263 0.00217582
1264 0.00217564
1265 0.00217546
1266 0.00217527
1267 0.00217509
1268 0.00217491
1269 0.00217472
1270 0.00217455
1271 0.00217437
1272 0.00217419
1273 0.00217401
1274 0.00217383
1275 0.00217364
1276 0.00217351
1277 0.00217333
1278 0.00217315
1279 0.00217296
1280 0.00217278
1281 0.0021726
1282 0.00217242
1283 0.00217224
1284 0.00217207
1285 0.00217189
1286 0.00217171
1287 0.00217154
1288 0.00217139
1289 0.00217137
1290 0.0021713
1291 0.00217108
1292 0.00217089
1293 0.00217073
1294 0.00217055
1295 0.00217041
1296 0.00217022
1297 0.00217004
1298 0.00216986
1299 0.00216967
1300 0.00216949
1301 0.00216931
1302 0.00216913
1303 0.00216895
1304 0.00216877
1305 0.00216865
1306 0.00216859
1307 0.00216838
1308 0.00216819
1309 0.002168
1310 0.00216782
1311 0.00216764
1312 0.00216745
1313 0.00216728
1314 0.00216709
1315 0.00216691
1316 0.00216673
1317 0.00216655
1318 0.00216636
1319 0.00216619
1320 0.00216601
1321 0.00216584
1322 0.00216565
1323 0.00216548
1324 0.0021653
1325 0.00216524
1326 0.00216505
1327 0.00216485
1328 0.00216466
1329 0.00216448
1330 0.0021643
1331 0.00216412
1332 0.00216393
1333 0.00216378
1334 0.0021636
1335 0.00216341
1336 0.00216323
1337 0.00216305
1338 0.00216287
1339 0.00216271
1340 0.00216253
1341 0.00216234
1342 0.00216217
1343 0.00216199
1344 0.0021618
1345 0.00216162
1346 0.00216144
1347 0.00216126
1348 0.00216107
1349 0.00216094
1350 0.00216083
1351 0.00216064
1352 0.00216045
1353 0.00216027
1354 0.00216008
1355 0.00215993
1356 0.00215977
1357 0.00215959
1358 0.0021594
1359 0.00215922
1360 0.00215904
1361 0.00215889
1362 0.00215874
1363 0.00215855
1364 0.00215837
1365 0.00215818
1366 0.00215801
1367 0.00215784
1368 0.00215766
1369 0.00215748
1370 0.0021573
1371 0.00215712
1372 0.00215695
1373 0.00215679
1374 0.00215666
1375 0.00215648
1376 0.0021563
1377 0.00215613
1378 0.00215597
1379 0.00215584
1380 0.00215566
1381 0.00215547
1382 0.00215529
1383 0.00215511
1384 0.00215492
1385 0.00215476
1386 0.00215458
1387 0.0021544
1388 0.00215422
1389 0.00215404
1390 0.00215386
1391 0.00215368
1392 0.0021535
1393 0.00215335
1394 0.00215316
1395 0.00215298
1396 0.00215279
1397 0.00215262
1398 0.00215243
1399 0.00215226
1400 0.00215207
1401 0.00215189
1402 0.00215171
1403 0.00215153
1404 0.00215134
1405 0.00215117
1406 0.00215099
1407 0.00215081
1408 0.00215063
1409 0.00215045
1410 0.00215026
1411 0.00215008
1412 0.00214989
1413 0.00214972
1414 0.00214953
1415 0.00214935
1416 0.00214917
1417 0.002149
1418 0.00214882
1419 0.00214864
1420 0.00214846
1421 0.00214827
1422 0.00214809
1423 0.00214791
1424 0.00214774
1425 0.00214756
1426 0.00214738
1427 0.00214721
1428 0.00214705
1429 0.00214689
1430 0.00214671
1431 0.00214652
1432 0.00214634
1433 0.00214615
1434 0.00214598
1435 0.00214581
1436 0.00214563
1437 0.00214544
1438 0.00214527
1439 0.00214509
1440 0.00214491
1441 0.00214473
1442 0.00214455
1443 0.00214438
1444 0.00214423
1445 0.00214405
1446 0.00214387
1447 0.00214369
1448 0.00214352
1449 0.00214341
1450 0.00214326
1451 0.00214308
1452 0.0021429
1453 0.00214272
1454 0.00214253
1455 0.00214235
1456 0.00214217
1457 0.00214199
1458 0.0021418
1459 0.00214162
1460 0.00214144
1461 0.00214132
1462 0.00214116
1463 0.00214097
1464 0.00214077
1465 0.00214059
1466 0.00214041
1467 0.00214022
1468 0.00214004
1469 0.00213986
1470 0.00213969
1471 0.0021395
1472 0.00213933
1473 0.00213915
1474 0.00213896
1475 0.00213878
1476 0.0021386
1477 0.00213842
1478 0.00213825
1479 0.00213806
1480 0.00213788
1481 0.0021377
1482 0.00213752
1483 0.00213734
1484 0.00213715
1485 0.00213697
1486 0.00213679
1487 0.00213663
1488 0.00213649
1489 0.00213631
1490 0.00213612
1491 0.00213593
1492 0.00213575
1493 0.00213557
1494 0.00213539
1495 0.0021352
1496 0.00213507
1497 0.00213491
1498 0.00213473
1499 0.00213454
1500 0.00213438
1501 0.00213419
1502 0.00213401
1503 0.00213383
1504 0.00213367
1505 0.00213348
1506 0.0021333
1507 0.00213313
1508 0.00213294
1509 0.00213276
1510 0.00213258
1511 0.00213242
1512 0.00213224
1513 0.00213207
1514 0.00213191
1515 0.00213182
1516 0.00213164
1517 0.00213146
1518 0.00213129
1519 0.00213114
1520 0.00213096
1521 0.00213078
1522 0.00213061
1523 0.00213047
1524 0.00213038
1525 0.00213018
1526 0.00212999
1527 0.00212981
1528 0.00212962
1529 0.00212945
1530 0.00212927
1531 0.00212908
1532 0.00212891
1533 0.00212874
1534 0.00212855
1535 0.00212838
1536 0.0021282
1537 0.00212801
1538 0.00212786
1539 0.00212769
1540 0.00212751
1541 0.00212733
1542 0.00212716
1543 0.00212698
1544 0.0021268
1545 0.00212662
1546 0.00212644
1547 0.00212626
1548 0.00212608
1549 0.00212591
1550 0.00212587
1551 0.00212585
1552 0.00212567
1553 0.00212549
1554 0.00212531
1555 0.00212513
1556 0.00212495
1557 0.00212477
1558 0.00212459
1559 0.00212441
1560 0.00212423
1561 0.00212406
1562 0.00212396
1563 0.00212388
1564 0.00212366
1565 0.00212346
1566 0.00212328
1567 0.00212309
1568 0.00212291
1569 0.00212276
1570 0.00212263
1571 0.00212244
1572 0.00212226
1573 0.00212208
1574 0.00212189
1575 0.00212174
1576 0.00212157
1577 0.00212138
1578 0.0021212
1579 0.00212102
1580 0.00212084
1581 0.00212065
1582 0.00212049
1583 0.00212032
1584 0.00212014
1585 0.00211996
1586 0.00211978
1587 0.0021196
1588 0.00211942
1589 0.00211924
1590 0.00211907
1591 0.00211889
1592 0.00211871
1593 0.00211853
1594 0.00211836
1597 0.00211817
1598 0.002118
1599 0.00211786
1600 0.00211772
1601 0.00211753
1602 0.00211734
1603 0.00211716
1604 0.00211698
1605 0.0021168
1606 0.00211661
1607 0.00211645
1608 0.00211627
1609 0.0021161
1610 0.00211592
1611 0.00211574
1612 0.00211556
1613 0.00211538
1614 0.00211521
1615 0.00211512
1616 0.00211504
1617 0.00211485
1618 0.00211466
1619 0.00211447
1620 0.00211429
1621 0.00211411
1622 0.00211394
1623 0.00211379
1624 0.00211361
1625 0.00211343
1626 0.00211325
1627 0.00211308
1628 0.002113
1629 0.00211282
1630 0.00211264
1631 0.00211248
1632 0.0021123
1633 0.00211213
1634 0.00211195
1635 0.00211177
1636 0.00211161
1637 0.00211142
1638 0.00211132
1639 0.00211115
1640 0.00211096
1641 0.00211078
1642 0.0021106
1643 0.00211042
1644 0.00211024
1645 0.00211007
1646 0.00210989
1647 0.00210972
1648 0.00210958
1649 0.00210946
1650 0.00210928
1651 0.0021091
1652 0.00210893
1653 0.00210876
1654 0.0021086
1655 0.00210841
1656 0.00210822
1657 0.00210804
1658 0.0021079
1659 0.00210782
1660 0.00210763
1661 0.00210744
1662 0.00210725
1663 0.00210707
1664 0.00210689
1665 0.0021067
1666 0.00210654
1667 0.00210635
1668 0.00210618
1669 0.002106
1670 0.00210581
1671 0.00210575
1672 0.00210559
1673 0.0021054
1674 0.00210522
1675 0.00210504
1676 0.00210486
1677 0.00210468
1678 0.0021045
1679 0.00210432
1680 0.00210415
1683 0.00210397
1684 0.0021038
1685 0.00210366
1686 0.00210356
1687 0.00210339
1688 0.00210321
1689 0.00210304
1692 0.00210286
1693 0.00210269
1694 0.00210254
1696 0.0021025
1697 0.00210233
1698 0.00210216
1699 0.00210201
1702 0.00210183
1703 0.00210167
1704 0.00210161
1705 0.00210148
1707 0.00210128
1708 0.00210111
1709 0.00210095
1710 0.00210092
1711 0.00210086
1712 0.00210067
1713 0.00210049
1714 0.00210031
1715 0.00210013
1716 0.00209995
1717 0.00209977
1718 0.00209959
1719 0.00209941
1720 0.00209923
1721 0.00209905
1722 0.00209888
1723 0.00209876
1724 0.00209867
1725 0.00209848
1726 0.0020983
1727 0.00209812
1728 0.00209793
1729 0.00209775
1730 0.00209757
1731 0.00209739
1732 0.00209721
1733 0.00209703
1734 0.00209685
1735 0.00209668
1736 0.00209654
1737 0.00209643
1738 0.00209624
1739 0.00209604
1740 0.00209586
1741 0.00209567
1742 0.00209549
1743 0.00209532
1744 0.00209516
1745 0.00209508
1746 0.00209488
1747 0.0020947
1748 0.00209451
1749 0.00209433
1750 0.00209415
1751 0.00209398
1752 0.0020938
1753 0.00209362
1754 0.00209344
1755 0.00209327
1756 0.00209308
1757 0.0020929
1758 0.00209272
1759 0.00209254
1760 0.00209236
1761 0.00209219
1762 0.00209202
1763 0.00209187
1764 0.00209168
1765 0.0020915
1766 0.00209132
1767 0.00209114
1768 0.00209097
1769 0.00209094
1771 0.00209075
1772 0.00209058
1773 0.00209047
1774 0.00209028
1775 0.00209012
1776 0.00208994
1777 0.00208975
1778 0.00208958
1779 0.00208939
1780 0.00208923
1781 0.00208905
1782 0.00208887
1783 0.00208868
1784 0.00208851
1785 0.00208833
1786 0.00208815
1787 0.00208797
1788 0.00208779
1789 0.00208761
1790 0.00208744
1791 0.00208726
1792 0.00208708
1793 0.0020869
1794 0.00208672
1795 0.00208654
1796 0.00208636
1797 0.00208618
1798 0.00208601
1801 0.00208582
1802 0.00208564
1803 0.00208547
1804 0.00208545
1805 0.00208544
1806 0.00208524
1807 0.00208505
1808 0.00208488
1809 0.00208478
1810 0.0020846
1811 0.00208441
1812 0.00208423
1813 0.00208405
1814 0.00208387
1815 0.00208369
1816 0.00208351
1817 0.00208333
1818 0.00208315
1819 0.00208297
1820 0.00208279
1821 0.00208261
1822 0.00208243
1823 0.00208226
1824 0.00208223
1826 0.00208204
1827 0.00208186
1828 0.00208169
1829 0.00208162
1830 0.00208153
1831 0.00208133
1832 0.00208114
1833 0.00208095
1834 0.00208077
1835 0.00208059
1836 0.00208042
1837 0.00208025
1838 0.00208008
1839 0.0020799
1840 0.00207972
1841 0.00207954
1842 0.00207936
1843 0.00207918
1844 0.00207901
1845 0.00207887
1846 0.0020788
1847 0.00207861
1848 0.00207842
1849 0.00207824
1850 0.00207805
1851 0.00207788
1852 0.00207771
1853 0.00207753
1854 0.00207735
1855 0.00207717
1856 0.00207698
1857 0.00207687
1858 0.00207671
1859 0.00207653
1860 0.00207634
1861 0.00207617
1862 0.00207599
1863 0.00207581
1864 0.00207564
1865 0.00207549
1866 0.00207531
1867 0.00207512
1868 0.00207496
1869 0.00207478
1870 0.0020746
1871 0.00207442
1872 0.00207425
1873 0.00207417
1874 0.00207403
1875 0.00207385
1876 0.00207368
1877 0.00207352
1880 0.00207334
1881 0.00207318
1882 0.00207308
1883 0.00207296
1884 0.00207277
1885 0.00207259
1886 0.00207241
1887 0.00207222
1888 0.00207206
1889 0.0020719
1890 0.00207172
1891 0.00207154
1892 0.00207135
1893 0.00207125
1894 0.00207111
1895 0.00207092
1896 0.00207074
1897 0.00207056
1898 0.00207039
1899 0.00207021
1900 0.00207003
1901 0.00206985
1902 0.00206967
1903 0.00206949
1904 0.00206931
1905 0.00206913
1906 0.00206895
1907 0.00206877
1908 0.00206859
1909 0.00206841
1910 0.00206823
1911 0.00206805
1912 0.00206787
1913 0.00206769
1914 0.00206751
1915 0.00206734
1916 0.00206726
1917 0.00206715
1918 0.00206697
1919 0.00206679
1920 0.00206662
1921 0.00206644
1922 0.00206627
1923 0.00206609
1924 0.00206591
1925 0.00206573
1926 0.00206555
1927 0.00206537
1928 0.00206519
1929 0.00206501
1930 0.00206482
1931 0.00206477
1933 0.00206458
1934 0.00206441
1935 0.00206427
1936 0.00206409
1937 0.00206391
1938 0.00206373
1939 0.00206355
1940 0.00206338
1941 0.00206322
1942 0.00206308
1943 0.00206289
1944 0.0020627
1945 0.00206252
1946 0.00206234
1947 0.00206216
1948 0.00206198
1949 0.00206181
1950 0.00206166
1951 0.00206148
1952 0.0020613
1953 0.00206113
1954 0.00206097
1955 0.00206081
1956 0.00206063
1957 0.00206046
1958 0.00206028
1959 0.00206011
1960 0.00205994
1961 0.00205977
1962 0.00205963
1963 0.00205945
1964 0.00205928
1965 0.00205911
1966 0.00205894
1967 0.00205877
1968 0.0020586
1969 0.00205844
1970 0.00205827
1971 0.00205809
1972 0.00205791
1973 0.00205774
1976 0.00205756
1977 0.00205739
1978 0.00205725
1980 0.0020572
1981 0.00205703
1982 0.00205688
1983 0.00205686
1984 0.00205668
1985 0.00205649
1986 0.00205632
1987 0.00205615
1988 0.002056
1989 0.00205583
1990 0.00205565
1991 0.00205548
1992 0.00205529
1993 0.00205511
1994 0.00205493
1995 0.00205475
1996 0.00205457
1997 0.00205439
1998 0.00205422
1999 0.00205404
2000 0.00205387
2001 0.00205369
2002 0.00205351
2003 0.00205333
2004 0.00205315
2005 0.00205297
2006 0.00205279
2007 0.00205261
2008 0.00205243
2009 0.00205225
2010 0.00205207
2011 0.00205189
2012 0.00205171
2013 0.00205153
2014 0.00205136
2015 0.00205131
2017 0.00205113
2018 0.00205095
2019 0.00205077
2020 0.00205059
2021 0.00205041
2022 0.00205023
2023 0.00205004
2024 0.00204989
2025 0.00204982
2026 0.00204963
2027 0.00204944
2028 0.00204926
2029 0.00204908
2030 0.0020489
2031 0.00204871
2032 0.00204862
2033 0.00204851
2034 0.00204833
2035 0.00204815
2036 0.00204797
2037 0.00204778
2038 0.0020476
2039 0.00204742
2040 0.00204724
2041 0.00204706
2042 0.00204688
2043 0.00204671
2044 0.00204653
2045 0.00204635
2046 0.00204617
2047 0.00204599
2048 0.00204583
2049 0.00204565
2050 0.00204548
2051 0.00204547
2052 0.00204545
2053 0.00204526
2054 0.00204507
2055 0.0020449
2056 0.00204478
2057 0.00204459
2058 0.00204441
2059 0.00204423
2060 0.00204405
2061 0.00204387
2062 0.00204369
2063 0.00204351
2064 0.00204332
2065 0.0020433
2067 0.00204312
2068 0.00204294
2069 0.00204276
2070 0.00204259
2071 0.00204248
2072 0.00204229
2073 0.00204211
2074 0.00204194
2075 0.00204176
2076 0.0020416
2077 0.00204144
2078 0.00204132
2079 0.00204114
2080 0.00204097
2081 0.0020408
2082 0.00204065
2083 0.00204052
2084 0.00204037
2085 0.0020402
2086 0.00204005
2087 0.00204003
2088 0.00203998
2089 0.00203978
2090 0.00203959
2091 0.00203943
2092 0.00203927
2093 0.00203923
2094 0.00203905
2095 0.00203886
2096 0.00203868
2097 0.0020385
2098 0.00203832
2099 0.00203814
2100 0.00203795
2101 0.0020378
2102 0.00203765
2103 0.00203748
2104 0.0020373
2105 0.00203712
2106 0.00203694
2107 0.00203676
2108 0.00203658
2109 0.0020364
2110 0.00203622
2111 0.00203604
2112 0.00203586
2113 0.00203568
2114 0.0020355
2115 0.00203532
2116 0.00203514
2117 0.00203496
2118 0.00203478
2119 0.0020346
2120 0.00203443
2123 0.00203425
2124 0.00203408
2125 0.00203394
2126 0.0020338
2127 0.00203364
2128 0.00203346
2129 0.00203328
2130 0.0020331
2131 0.00203292
2132 0.00203275
2133 0.00203267
2134 0.00203254
2135 0.00203234
2136 0.00203216
2137 0.00203198
2138 0.00203182
2139 0.00203165
2140 0.00203148
2141 0.0020313
2142 0.00203112
2143 0.00203094
2144 0.00203077
2145 0.0020306
2146 0.00203045
2147 0.00203027
2148 0.0020301
2149 0.00202993
2150 0.00202975
2151 0.00202957
2152 0.00202938
2153 0.00202921
2154 0.00202906
2155 0.00202888
2156 0.0020287
2157 0.00202852
2158 0.00202834
2159 0.00202817
2161 0.00202816
2162 0.00202799
2163 0.00202783
2164 0.00202768
2165 0.00202763
2166 0.00202745
2167 0.00202727
2168 0.00202711
2169 0.00202693
2170 0.00202676
2171 0.00202658
2172 0.0020264
2173 0.00202622
2174 0.00202605
2175 0.00202601
2176 0.002026
2177 0.00202582
2178 0.00202564
2179 0.00202546
2180 0.00202528
2181 0.0020251
2182 0.00202492
2183 0.00202474
2184 0.00202456
2185 0.00202438
2186 0.0020242
2187 0.00202402
2188 0.00202384
2189 0.00202366
2190 0.00202348
2191 0.0020233
2192 0.00202312
2193 0.00202294
2194 0.00202276
2195 0.00202259
2196 0.00202255
2197 0.00202244
2198 0.00202226
2199 0.00202207
2200 0.00202189
2201 0.00202171
2202 0.00202153
2203 0.00202136
2204 0.00202135
2205 0.00202133
2206 0.00202115
2207 0.00202097
2208 0.00202079
2209 0.00202061
2210 0.00202043
2211 0.00202025
2212 0.00202007
2213 0.00201989
2214 0.00201971
2215 0.00201953
2216 0.00201935
2217 0.00201917
2218 0.00201899
2219 0.00201881
2220 0.00201863
2221 0.00201845
2222 0.00201827
2223 0.00201809
2224 0.00201791
2225 0.00201773
2226 0.00201755
2227 0.00201737
2228 0.00201719
2229 0.00201701
2230 0.00201683
2231 0.00201665
2232 0.00201647
2233 0.00201629
2234 0.00201611
2235 0.00201593
2236 0.00201575
2237 0.00201557
2238 0.00201539
2239 0.00201521
2240 0.00201503
2241 0.00201485
2242 0.00201467
2243 0.0020145
2245 0.00201449
2246 0.00201432
2247 0.00201415
2248 0.00201399
2249 0.00201384
2250 0.00201371
2251 0.00201361
2252 0.0020134
2253 0.00201321
2254 0.00201304
2255 0.00201292
2256 0.00201288
2257 0.00201269
2258 0.0020125
2259 0.00201232
2260 0.00201214
2261 0.00201196
2262 0.00201178
2263 0.0020116
2264 0.00201142
2265 0.00201124
2266 0.00201106
2267 0.00201088
2268 0.00201071
2271 0.00201053
2272 0.00201036
2273 0.00201019
2274 0.00201003
2275 0.00200988
2276 0.0020097
2277 0.00200951
2278 0.00200934
2279 0.00200917
2280 0.00200904
2281 0.00200897
2282 0.00200878
2283 0.00200859
2284 0.00200841
2285 0.00200823
2286 0.00200805
2287 0.00200787
2288 0.00200769
2289 0.00200751
2290 0.00200733
2291 0.00200715
2292 0.00200697
2293 0.00200679
2294 0.00200661
2295 0.00200643
2296 0.00200625
2297 0.00200607
2298 0.00200589
2299 0.00200572
2301 0.00200571
2302 0.00200554
2303 0.00200537
2304 0.00200521
2305 0.00200507
2306 0.00200492
2307 0.00200479
2308 0.0020046
2309 0.00200441
2310 0.00200424
2311 0.00200406
2312 0.00200389
2313 0.00200375
2314 0.00200358
2315 0.00200339
2316 0.00200323
2317 0.00200306
2318 0.00200289
2319 0.00200271
2320 0.00200253
2321 0.00200235
2322 0.00200217
2323 0.00200199
2324 0.00200181
2325 0.00200164
2326 0.00200153
2327 0.00200151
2328 0.00200142
2329 0.00200123
2330 0.00200105
2331 0.00200087
2332 0.0020007
2333 0.00200054
2334 0.00200037
2335 0.00200019
2336 0.00200001
2337 0.00199983
2338 0.00199965
2339 0.00199947
2340 0.0019993
2341 0.00199919
2342 0.00199903
2343 0.00199885
2344 0.00199867
2345 0.0019985
2346 0.00199835
2347 0.00199817
2348 0.00199799
2349 0.00199781
2350 0.00199764
2351 0.0019975
2352 0.0019974
2353 0.00199721
2354 0.00199703
2355 0.00199685
2356 0.00199667
2357 0.00199649
2358 0.00199632
2359 0.00199615
2360 0.00199599
2361 0.00199582
2362 0.00199564
2363 0.00199548
2364 0.00199531
2365 0.00199517
2366 0.001995
2367 0.00199484
2368 0.00199466
2369 0.00199448
2370 0.0019943
2371 0.00199413
2372 0.00199405
2373 0.00199389
2374 0.0019937
2375 0.00199351
2376 0.00199333
2377 0.00199316
2378 0.00199303
2379 0.00199285
2380 0.00199267
2381 0.00199249
2382 0.00199231
2383 0.00199214
2384 0.00199198
2385 0.0019918
2386 0.00199162
2387 0.00199144
2388 0.00199126
2389 0.00199108
2390 0.0019909
2391 0.00199072
2392 0.00199055
2393 0.00199038
2394 0.0019902
2395 0.00199003
2396 0.00198985
2397 0.00198968
2398 0.00198951
2399 0.00198933
2400 0.00198915
2401 0.00198897
2402 0.0019888
2403 0.00198863
2404 0.00198845
2405 0.0019883
2406 0.00198812
2407 0.00198794
2408 0.00198776
2409 0.00198758
2410 0.00198741
2411 0.00198724
2412 0.00198706
2413 0.00198693
2414 0.00198675
2415 0.00198657
2416 0.00198639
2417 0.00198621
2418 0.00198604
2419 0.00198589
2420 0.00198573
2421 0.00198555
2422 0.00198537
2423 0.00198519
2424 0.00198502
2425 0.00198486
2426 0.00198469
2427 0.00198451
2428 0.00198434
2429 0.00198416
2430 0.00198401
2431 0.00198383
2432 0.00198365
2433 0.00198348
2434 0.00198331
2435 0.00198313
2436 0.00198295
2437 0.00198278
2438 0.0019826
2439 0.00198243
2440 0.00198225
2441 0.00198208
2442 0.0019819
2443 0.00198173
2444 0.00198156
2445 0.00198138
2446 0.00198122
2447 0.00198104
2448 0.00198087
2449 0.00198069
2450 0.00198052
2451 0.00198035
2452 0.00198021
2453 0.00198003
2454 0.00197985
2455 0.00197967
2456 0.0019795
2457 0.00197933
2458 0.00197915
2459 0.00197898
2460 0.0019788
2461 0.00197863
2462 0.00197845
2463 0.00197828
2464 0.0019781
2465 0.00197794
2466 0.00197777
2467 0.00197759
2468 0.00197743
2469 0.00197725
2470 0.00197708
2471 0.00197691
2472 0.00197675
2473 0.00197657
2474 0.0019764
2475 0.00197622
2476 0.00197607
2477 0.00197589
2478 0.00197572
2479 0.00197554
2480 0.00197538
2481 0.0019752
2482 0.00197503
2483 0.00197486
2484 0.00197469
2485 0.00197452
2486 0.00197437
2487 0.00197419
2488 0.00197405
2489 0.00197388
2490 0.00197376
2491 0.00197358
2492 0.0019734
2493 0.00197322
2494 0.00197305
2495 0.00197288
2496 0.00197272
2497 0.00197254
2498 0.0019724
2499 0.00197223
2500 0.00197212
2501 0.00197194
2502 0.00197176
2503 0.00197158
2504 0.00197141
2505 0.00197124
2506 0.00197109
2507 0.00197091
2508 0.00197075
2509 0.00197058
2510 0.00197044
2511 0.00197027
2512 0.0019701
2513 0.00196993
2514 0.00196977
2515 0.00196959
2516 0.00196941
2517 0.00196924
2518 0.00196907
2519 0.00196895
2520 0.00196884
2521 0.00196866
2522 0.00196848
2523 0.00196829
2524 0.00196811
2525 0.00196793
2526 0.00196775
2527 0.00196757
2528 0.0019674
2529 0.00196726
2530 0.00196713
2531 0.00196695
2532 0.00196677
2533 0.00196659
2534 0.00196641
2535 0.00196623
2536 0.00196605
2537 0.00196587
2538 0.00196569
2539 0.00196551
2540 0.00196534
2541 0.00196523
2542 0.0019651
2543 0.00196491
2544 0.00196473
2545 0.00196456
2546 0.00196441
2547 0.00196423
2548 0.00196405
2549 0.00196387
2550 0.00196369
2551 0.00196351
2552 0.00196333
2553 0.00196316
2554 0.00196303
2555 0.00196294
2556 0.00196276
2557 0.00196258
2558 0.0019624
2559 0.00196222
2560 0.00196204
2561 0.00196186
2562 0.00196168
2563 0.0019615
2564 0.00196132
2565 0.00196114
2566 0.00196097
2567 0.00196083
2568 0.0019607
2569 0.00196052
2570 0.00196034
2571 0.00196016
2572 0.00195998
2573 0.0019598
2574 0.00195962
2575 0.00195945
2576 0.0019593
2577 0.00195913
2578 0.00195896
2579 0.0019588
2580 0.00195863
2581 0.00195847
2582 0.00195828
2583 0.00195811
2584 0.00195793
2585 0.00195776
2586 0.00195759
2587 0.00195742
2588 0.00195725
2589 0.00195709
2590 0.00195691
2591 0.00195674
2592 0.00195659
2593 0.00195645
2594 0.00195627
2595 0.00195609
2596 0.00195591
2597 0.00195573
2598 0.00195555
2599 0.00195538
2600 0.00195522
2601 0.00195505
2602 0.00195487
2603 0.0019547
2604 0.00195452
2605 0.00195437
2606 0.00195419
2607 0.00195401
2608 0.00195383
2609 0.00195366
2610 0.00195349
2611 0.00195331
2612 0.00195313
2613 0.00195295
2614 0.00195278
2615 0.00195261
2616 0.00195243
2617 0.00195225
2618 0.00195208
2619 0.0019519
2620 0.00195173
2621 0.00195155
2622 0.00195138
2623 0.0019512
2624 0.00195103
2625 0.00195086
2626 0.00195068
2627 0.00195051
2628 0.00195033
2629 0.00195015
2630 0.00194998
2631 0.00194981
2632 0.00194963
2633 0.00194945
2634 0.00194928
2635 0.00194911
2636 0.00194893
2637 0.00194876
2638 0.00194858
2639 0.00194841
2640 0.00194823
2641 0.00194806
2642 0.00194788
2643 0.00194771
2644 0.00194754
2645 0.00194736
2646 0.00194718
2647 0.00194701
2648 0.00194683
2649 0.00194666
2650 0.00194649
2651 0.00194631
2652 0.00194614
2653 0.00194596
2654 0.00194579
2655 0.00194561
2656 0.00194544
2657 0.00194527
2658 0.00194509
2659 0.00194492
2660 0.00194475
2661 0.00194457
2662 0.0019444
2663 0.00194423
2664 0.00194406
2665 0.00194388
2666 0.0019437
2667 0.00194353
2668 0.00194336
2669 0.00194318
2670 0.001943
2671 0.00194283
2672 0.00194266
2673 0.00194248
2674 0.00194231
2675 0.00194213
2676 0.00194196
2677 0.00194178
2678 0.00194161
2679 0.00194144
2680 0.00194126
2681 0.00194109
2682 0.00194091
2683 0.00194074
2684 0.00194057
2685 0.0019404
2686 0.00194022
2687 0.00194006
2688 0.00193988
2689 0.00193973
2690 0.00193955
2691 0.00193938
2692 0.00193921
2693 0.00193913
2694 0.00193895
2696 0.00193878
2697 0.00193862
2698 0.00193847
2699 0.00193836
2701 0.0019383
2702 0.00193813
2703 0.00193798
2704 0.00193789
2705 0.00193771
2706 0.00193753
2707 0.00193736
2708 0.00193719
2709 0.00193701
2710 0.00193685
2711 0.00193668
2712 0.0019365
2713 0.00193633
2714 0.00193615
2715 0.00193598
2716 0.0019358
2717 0.00193563
2718 0.00193545
2719 0.00193528
2720 0.00193511
2721 0.00193498
2722 0.00193484
2723 0.00193467
2724 0.00193449
2725 0.00193431
2726 0.00193414
2727 0.00193396
2728 0.00193382
2729 0.00193364
2730 0.00193347
2731 0.0019333
2732 0.00193313
2733 0.00193296
2734 0.00193279
2735 0.00193263
2736 0.0019325
2738 0.00193232
2739 0.00193217
2740 0.00193213
2741 0.00193202
2743 0.00193183
2744 0.00193165
2745 0.00193148
2746 0.00193134
2747 0.00193116
2748 0.00193098
2749 0.00193081
2750 0.00193066
2751 0.00193057
2752 0.00193038
2753 0.0019302
2754 0.00193002
2755 0.00192985
2756 0.00192968
2757 0.0019295
2758 0.00192936
2759 0.00192918
2760 0.00192902
2761 0.00192886
2762 0.00192868
2763 0.00192851
2764 0.00192834
2765 0.00192817
2766 0.001928
2767 0.00192782
2768 0.00192767
2769 0.0019275
2770 0.00192733
2771 0.00192716
2772 0.00192699
2773 0.00192684
2774 0.00192677
2775 0.00192662
2776 0.00192646
2777 0.00192631
2780 0.00192613
2781 0.00192597
2782 0.00192585
2783 0.00192575
2784 0.00192558
2785 0.0019254
2786 0.00192523
2787 0.00192506
2788 0.0019249
2789 0.00192472
2790 0.00192454
2791 0.00192437
2792 0.0019242
2793 0.00192403
2794 0.00192387
2795 0.0019237
2796 0.00192354
2797 0.00192337
2798 0.00192321
2799 0.00192312
2800 0.00192295
2801 0.00192278
2802 0.00192263
2803 0.00192246
2804 0.00192229
2805 0.00192212
2806 0.00192196
2807 0.00192178
2808 0.00192163
2809 0.00192146
2810 0.00192128
2811 0.00192111
2812 0.00192093
2813 0.00192079
2814 0.00192064
2815 0.00192047
2816 0.0019203
2817 0.00192013
2818 0.00191996
2819 0.0019198
2820 0.00191964
2821 0.00191951
2822 0.00191934
2823 0.0019192
2824 0.00191916
2825 0.00191896
2826 0.00191878
2827 0.00191861
2828 0.00191845
2829 0.00191827
2830 0.0019181
2831 0.00191792
2832 0.00191775
2833 0.00191758
2834 0.00191741
2835 0.00191724
2836 0.00191708
2837 0.00191691
2838 0.00191673
2839 0.00191658
2840 0.00191642
2841 0.00191624
2842 0.00191607
2843 0.00191589
2844 0.00191573
2845 0.00191555
2846 0.00191538
2847 0.00191521
2848 0.00191504
2849 0.00191487
2850 0.00191476
2851 0.00191469
2852 0.00191451
2853 0.00191433
2854 0.00191416
2855 0.00191399
2856 0.00191382
2857 0.00191365
2858 0.00191348
2859 0.00191331
2860 0.00191314
2861 0.00191297
2862 0.0019128
2863 0.00191263
2864 0.00191246
2865 0.00191229
2866 0.00191212
2867 0.00191196
2870 0.00191178
2871 0.0019116
2872 0.00191143
2873 0.00191126
2874 0.00191109
2875 0.00191092
2876 0.00191076
2877 0.00191061
2878 0.00191051
2879 0.00191033
2880 0.00191016
2881 0.00191
2882 0.00190985
2883 0.00190967
2884 0.0019095
2885 0.00190933
2886 0.00190915
2887 0.00190898
2888 0.0019088
2889 0.00190866
2890 0.00190849
2891 0.00190832
2892 0.00190814
2893 0.00190799
2894 0.00190782
2895 0.00190765
2896 0.00190748
2897 0.00190731
2898 0.00190716
2899 0.00190698
2900 0.00190681
2901 0.00190663
2902 0.00190646
2903 0.00190629
2904 0.00190612
2905 0.00190595
2906 0.00190581
2907 0.00190563
2908 0.00190545
2909 0.00190527
2910 0.0019051
2911 0.00190493
2912 0.00190479
2913 0.00190465
2914 0.00190448
2915 0.0019043
2916 0.00190412
2917 0.00190395
2918 0.00190378
2919 0.00190361
2920 0.00190344
2921 0.00190326
2922 0.00190309
2923 0.00190292
2924 0.00190276
2925 0.00190259
2926 0.00190241
2927 0.00190225
2928 0.00190208
2929 0.0019019
2930 0.00190173
2931 0.00190156
2932 0.00190139
2933 0.00190121
2934 0.00190104
2935 0.00190087
2936 0.00190077
2937 0.00190061
2938 0.00190044
2939 0.00190028
2940 0.00190015
2941 0.00189997
2942 0.0018998
2943 0.00189964
2944 0.00189949
2945 0.00189934
2946 0.00189917
2947 0.00189899
2948 0.00189883
2949 0.00189865
2950 0.0018985
2951 0.00189833
2952 0.00189816
2953 0.00189798
2954 0.00189781
2955 0.00189767
2956 0.0018975
2957 0.00189732
2958 0.00189715
2959 0.00189698
2960 0.00189681
2961 0.00189664
2962 0.00189646
2963 0.00189634
2964 0.00189618
2965 0.00189601
2966 0.00189584
2967 0.00189572
2968 0.0018956
2969 0.00189542
2970 0.00189524
2971 0.00189507
2972 0.00189491
2973 0.00189475
2974 0.00189458
2975 0.0018944
2976 0.00189424
2977 0.00189408
2978 0.0018939
2979 0.00189373
2980 0.00189356
2981 0.00189339
2982 0.00189321
2983 0.00189307
2984 0.00189293
2985 0.00189275
2986 0.00189258
2987 0.0018924
2988 0.00189225
2989 0.00189209
2990 0.00189191
2991 0.00189174
2992 0.00189157
2993 0.00189139
2994 0.00189123
2995 0.00189106
2996 0.00189088
2997 0.00189079
2998 0.00189067
2999 0.00189049
3000 0.00189031
3001 0.00189014
3002 0.00188997
3003 0.00188979
3004 0.00188963
3005 0.00188947
3006 0.0018893
3007 0.00188912
3008 0.00188897
3009 0.00188882
3010 0.00188865
3011 0.00188847
3012 0.00188831
3013 0.00188814
3014 0.00188796
3015 0.0018878
3016 0.00188763
3017 0.00188747
3018 0.00188729
3019 0.00188713
3020 0.00188695
3021 0.00188678
3022 0.00188661
3023 0.00188644
3024 0.00188627
3025 0.0018861
3026 0.00188593
3027 0.00188575
3028 0.00188558
3029 0.00188541
3030 0.00188523
3031 0.00188507
3032 0.00188494
3033 0.00188477
3034 0.0018846
3035 0.00188443
3036 0.00188426
3037 0.00188408
3038 0.00188391
3039 0.00188379
3040 0.00188362
3041 0.00188344
3042 0.00188329
3043 0.00188312
3044 0.00188299
3045 0.00188282
3046 0.00188266
3047 0.00188249
3048 0.00188231
3049 0.00188214
3050 0.00188198
3051 0.00188181
3052 0.00188163
3053 0.00188148
3054 0.00188131
3055 0.00188113
3056 0.00188097
3057 0.0018808
3058 0.00188063
3059 0.00188046
3060 0.00188032
3061 0.00188015
3062 0.00187999
3063 0.00187982
3064 0.00187968
3065 0.00187951
3066 0.00187937
3067 0.00187921
3068 0.00187912
3069 0.00187896
3070 0.00187882
3071 0.00187864
3072 0.00187846
3073 0.00187829
3074 0.00187812
3075 0.00187795
3076 0.00187778
3077 0.00187762
3078 0.00187744
3079 0.00187727
3080 0.0018771
3081 0.00187692
3082 0.00187676
3083 0.00187659
3084 0.00187641
3085 0.0018763
3086 0.00187618
3087 0.001876
3088 0.00187582
3089 0.00187565
3090 0.00187547
3091 0.00187531
3092 0.00187514
3093 0.00187496
3094 0.00187487
3095 0.00187472
3096 0.00187454
3097 0.00187437
3098 0.00187419
3099 0.00187403
3100 0.00187386
3101 0.00187368
3102 0.00187354
3103 0.00187339
3104 0.00187321
3105 0.00187305
3106 0.00187288
3107 0.00187271
3108 0.00187254
3109 0.00187236
3110 0.00187222
3111 0.00187205
3112 0.00187189
3113 0.00187173
3114 0.00187156
3115 0.00187141
3116 0.00187125
3117 0.00187109
3118 0.00187092
3119 0.00187076
3120 0.00187068
3121 0.00187051
3122 0.00187034
3123 0.00187017
3124 0.00187001
3125 0.00186993
3126 0.00186988
3127 0.00186968
3128 0.0018695
3129 0.00186932
3130 0.00186915
3131 0.00186898
3132 0.0018688
3133 0.00186863
3134 0.00186846
3135 0.00186829
3136 0.00186812
3137 0.00186795
3138 0.00186778
3139 0.00186762
3140 0.00186745
3141 0.00186727
3142 0.0018671
3143 0.00186693
3144 0.00186676
3145 0.00186659
3146 0.00186641
3147 0.00186625
3148 0.00186608
3149 0.00186591
3150 0.00186574
3151 0.00186556
3152 0.0018654
3153 0.00186523
3154 0.00186506
3155 0.00186491
3156 0.00186473
3157 0.00186455
3158 0.00186438
3159 0.00186421
3160 0.00186404
3161 0.00186388
3162 0.00186371
3163 0.00186354
3164 0.00186337
3165 0.0018632
3166 0.00186303
3167 0.00186286
3168 0.00186269
3169 0.00186253
3170 0.00186248
3171 0.00186247
3172 0.0018623
3173 0.00186213
3174 0.00186196
3175 0.0018618
3176 0.00186167
3177 0.00186153
3178 0.00186134
3179 0.00186117
3180 0.001861
3181 0.00186082
3182 0.00186065
3183 0.00186048
3184 0.00186031
3185 0.00186014
3186 0.00185997
3187 0.0018598
3188 0.00185963
3189 0.00185946
3190 0.00185929
3191 0.00185912
3192 0.00185894
3193 0.00185881
3194 0.00185873
3195 0.00185855
3196 0.00185838
3197 0.0018582
3198 0.00185803
3199 0.00185786
3200 0.00185769
