1 0.00531317
13 0.00489982
16 0.00362311
19 0.00311923
24 0.00263033
25 0.000959092
26 0.00084965
27 0.000811751
31 0.000666138
38 0.00065087
41 0.000639667
43 0.000628055
44 0.000618678
45 0.000612525
46 0.000609522
47 0.000597422
48 0.000590504
49 0.00058397
50 0.000579315
56 0.000578493
57 0.000577287
60 0.000575898
61 0.00057464
63 0.000574043
64 0.000572833
65 0.0005722
68 0.000570647
69 0.000569983
72 0.000568417
73 0.000567212
75 0.000566924
76 0.000565853
77 0.000565285
79 0.000564042
80 0.000563959
83 0.000563588
84 0.000563066
85 0.000562453
86 0.000561905
87 0.000561897
89 0.000561436
90 0.00056076
91 0.000560216
92 0.00055988
93 0.000559484
94 0.000558935
95 0.000558523
96 0.000557928
97 0.000557445
98 0.000557138
99 0.000556701
101 0.00055668
102 0.000556128
103 0.000555925
104 0.000555767
105 0.000555722
106 0.000555408
107 0.000554861
108 0.000554392
109 0.000554035
110 0.000553524
111 0.000553065
112 0.000552591
113 0.000552093
114 0.000551597
115 0.000551121
116 0.000550676
117 0.000550279
118 0.000549879
119 0.000549391
120 0.000548912
121 0.000548443
122 0.000547989
123 0.000547553
124 0.000547108
125 0.000546794
126 0.000546329
127 0.000545992
128 0.000545656
129 0.000545454
131 0.000545372
132 0.000544896
134 0.000544719
135 0.000544698
137 0.000544514
138 0.000544334
139 0.00054416
140 0.000543996
141 0.000543849
142 0.000543833
143 0.000543777
144 0.000543561
145 0.000543366
146 0.000543193
147 0.000543115
149 0.000543078
150 0.000542887
151 0.000542699
152 0.000542514
153 0.000542335
154 0.000542152
155 0.000541969
156 0.000541797
157 0.000541615
158 0.000541435
159 0.000541316
160 0.000541199
161 0.00054103
162 0.000540842
163 0.000540665
164 0.000540601
165 0.000540486
166 0.000540428
167 0.000540218
168 0.000540022
169 0.000539832
170 0.000539644
171 0.000539462
172 0.000539275
173 0.000539088
174 0.0005389
175 0.000538713
176 0.000538616
177 0.000538525
178 0.00053834
179 0.000538159
180 0.000537973
181 0.000537789
182 0.000537612
183 0.000537434
184 0.000537255
185 0.000537078
186 0.000536902
187 0.000536741
188 0.000536551
189 0.000536365
190 0.00053618
191 0.000536004
192 0.000535824
193 0.000535644
194 0.000535459
195 0.000535274
196 0.000535089
197 0.000534905
198 0.000534743
199 0.00053456
200 0.000534375
201 0.00053419
202 0.000534006
203 0.000533827
204 0.000533644
205 0.000533468
206 0.000533285
207 0.000533107
208 0.000532923
209 0.00053274
210 0.000532558
211 0.000532384
212 0.000532202
213 0.000532022
214 0.00053184
215 0.000531665
216 0.000531483
217 0.000531302
218 0.00053112
219 0.000530948
220 0.000530767
221 0.000530606
222 0.000530426
223 0.000530244
224 0.000530062
225 0.000529883
226 0.000529705
227 0.000529529
228 0.00052935
229 0.000529169
230 0.000528989
231 0.000528812
232 0.000528633
233 0.000528468
234 0.000528295
235 0.000528115
236 0.00052794
237 0.000527764
238 0.000527593
239 0.000527414
240 0.00052725
241 0.000527072
242 0.0005269
243 0.000526722
244 0.000526574
245 0.0005264
246 0.000526228
247 0.000526076
248 0.000525899
249 0.000525725
250 0.000525555
251 0.000525402
252 0.000525217
253 0.000525038
254 0.000524891
255 0.000524751
256 0.00052465
257 0.000524465
258 0.000524283
259 0.000524102
260 0.000523922
261 0.000523743
262 0.000523565
263 0.000523402
264 0.000523248
265 0.000523107
266 0.000522925
267 0.000522745
268 0.000522566
269 0.000522388
270 0.00052221
271 0.000522032
272 0.000521854
273 0.000521676
274 0.000521499
275 0.000521328
276 0.000521152
277 0.000520975
278 0.000520798
279 0.000520621
280 0.000520449
281 0.000520272
282 0.000520097
283 0.000519921
284 0.000519746
285 0.000519571
286 0.000519396
287 0.000519225
288 0.00051905
289 0.000518876
290 0.0005187
291 0.000518525
292 0.000518351
293 0.000518177
294 0.000518008
295 0.000517834
296 0.000517659
297 0.000517484
298 0.000517311
299 0.000517139
300 0.000516974
301 0.000516801
302 0.000516626
303 0.000516452
304 0.000516293
305 0.000516119
306 0.000515947
307 0.000515774
308 0.000515603
309 0.00051543
310 0.00051527
311 0.000515098
312 0.000514925
313 0.000514753
314 0.000514586
315 0.000514417
316 0.000514245
317 0.000514073
318 0.000513901
319 0.000513732
320 0.000513565
321 0.000513408
322 0.000513236
323 0.000513065
324 0.000512893
325 0.000512736
326 0.000512565
327 0.000512424
328 0.000512287
329 0.000512115
330 0.000511946
331 0.000511827
332 0.000511651
333 0.000511476
334 0.000511303
335 0.000511131
336 0.000510959
337 0.000510787
338 0.000510615
339 0.000510444
340 0.000510276
341 0.000510106
342 0.000510026
343 0.000509885
344 0.000509714
345 0.000509543
346 0.000509372
347 0.000509201
348 0.000509031
349 0.000508861
350 0.000508692
351 0.000508532
352 0.000508387
353 0.000508216
354 0.000508049
355 0.000507879
356 0.000507709
357 0.00050754
358 0.000507371
359 0.000507203
360 0.000507072
361 0.000506916
362 0.000506744
363 0.000506574
364 0.000506404
365 0.000506236
366 0.00050608
367 0.000505927
368 0.00050578
369 0.000505609
370 0.000505439
371 0.00050527
372 0.000505101
373 0.000504932
374 0.000504764
375 0.000504598
376 0.000504429
377 0.000504261
378 0.000504093
379 0.000503926
380 0.000503758
381 0.00050359
382 0.000503423
383 0.000503257
384 0.000503089
385 0.000502922
386 0.000502761
387 0.000502593
388 0.000502426
389 0.000502271
390 0.000502102
391 0.000501934
392 0.000501767
393 0.000501602
394 0.000501438
395 0.000501272
396 0.000501155
397 0.000501056
398 0.00050089
399 0.000500725
400 0.000500562
401 0.000500412
402 0.000500243
403 0.000500077
404 0.000499912
405 0.000499747
406 0.000499582
407 0.000499419
408 0.000499254
409 0.000499089
410 0.000498924
411 0.00049876
412 0.00049861
413 0.000498453
414 0.00049829
415 0.000498125
416 0.00049796
417 0.000497795
418 0.00049763
419 0.000497466
420 0.000497306
421 0.000497143
422 0.000496979
423 0.000496816
424 0.00049666
425 0.000496561
426 0.000496424
427 0.000496256
428 0.00049609
429 0.000495926
430 0.000495762
431 0.000495599
432 0.000495448
433 0.000495285
434 0.000495121
435 0.000494958
436 0.000494796
437 0.000494635
438 0.000494473
439 0.000494312
440 0.000494156
441 0.000493994
442 0.000493835
443 0.000493676
444 0.000493516
445 0.000493355
446 0.000493194
447 0.000493034
448 0.000492874
449 0.000492714
450 0.000492555
451 0.000492396
452 0.000492235
453 0.000492075
454 0.000491949
455 0.000491807
456 0.000491645
457 0.000491486
458 0.000491326
459 0.000491168
460 0.000491025
461 0.000490868
462 0.00049071
463 0.00049055
464 0.000490389
465 0.00049023
466 0.00049007
467 0.000489912
468 0.000489755
469 0.000489596
470 0.000489437
471 0.000489277
472 0.000489119
473 0.000488964
474 0.000488805
475 0.000488647
476 0.000488488
477 0.000488338
478 0.000488179
479 0.000488021
480 0.000487871
481 0.000487714
482 0.000487554
483 0.000487396
484 0.000487238
485 0.00048708
486 0.000486923
487 0.000486766
488 0.000486611
489 0.000486454
490 0.000486297
491 0.000486143
492 0.000485986
493 0.000485832
494 0.000485675
495 0.000485519
496 0.000485364
497 0.00048521
498 0.000485054
499 0.000484899
500 0.000484742
501 0.000484587
502 0.000484431
503 0.000484277
504 0.000484122
505 0.000483969
506 0.000483814
507 0.000483664
508 0.000483509
509 0.000483354
510 0.000483199
511 0.000483045
512 0.000482896
513 0.000482749
514 0.000482593
515 0.00048244
516 0.000482286
517 0.000482137
518 0.000481982
519 0.000481843
520 0.000481708
521 0.000481552
522 0.000481397
523 0.000481242
524 0.000481088
525 0.000480934
526 0.00048078
527 0.000480627
528 0.000480476
529 0.000480323
530 0.00048017
531 0.000480016
532 0.000479863
533 0.000479736
534 0.000479586
535 0.000479434
536 0.000479282
537 0.00047913
538 0.000479019
539 0.000478912
540 0.000478764
541 0.000478665
542 0.000478498
543 0.000478341
544 0.000478188
545 0.000478039
546 0.000477895
547 0.000477743
548 0.000477595
549 0.000477445
550 0.000477305
551 0.000477154
552 0.000477012
553 0.000476868
554 0.000476719
555 0.000476573
556 0.000476428
557 0.000476285
558 0.000476139
559 0.000476002
560 0.000475855
561 0.000475718
562 0.000475569
563 0.00047542
564 0.000475273
565 0.00047514
566 0.000474993
567 0.000474849
568 0.000474736
569 0.000474635
570 0.000474458
571 0.000474303
572 0.00047416
573 0.000474035
574 0.000473934
575 0.000473839
576 0.000473683
577 0.000473533
578 0.000473383
579 0.000473234
580 0.000473087
581 0.000472937
582 0.000472788
583 0.000472639
584 0.00047249
585 0.000472342
586 0.000472218
587 0.00047211
588 0.000471965
589 0.000471813
590 0.000471662
591 0.000471512
592 0.000471364
593 0.000471227
594 0.000471079
595 0.000470936
596 0.000470787
597 0.000470639
598 0.000470491
599 0.000470344
600 0.000470199
601 0.000470058
602 0.000469924
603 0.000469773
604 0.000469625
605 0.000469478
606 0.000469331
607 0.000469185
608 0.00046904
609 0.000468894
610 0.000468747
611 0.000468601
612 0.000468455
613 0.00046831
614 0.000468176
615 0.000468054
616 0.00046791
617 0.000467765
618 0.00046762
619 0.000467474
620 0.000467329
621 0.000467185
622 0.000467041
623 0.000466896
624 0.000466751
625 0.000466607
626 0.000466489
627 0.00046638
628 0.000466238
629 0.000466092
630 0.000465945
631 0.000465799
632 0.000465653
633 0.000465508
634 0.000465366
635 0.000465221
636 0.000465077
637 0.000464973
638 0.000464863
639 0.000464718
640 0.000464575
641 0.000464431
642 0.000464288
643 0.000464146
644 0.000464003
645 0.000463863
646 0.000463721
647 0.000463582
648 0.000463439
649 0.000463296
650 0.000463153
651 0.000463024
652 0.000462881
653 0.000462743
654 0.000462601
655 0.000462461
656 0.000462323
657 0.000462182
658 0.00046204
659 0.000461901
660 0.000461759
661 0.000461619
662 0.000461486
663 0.000461346
664 0.000461206
665 0.000461066
666 0.000460927
667 0.000460788
668 0.000460656
669 0.000460516
670 0.000460376
671 0.000460239
672 0.000460101
673 0.000459962
674 0.000459823
675 0.000459683
676 0.000459543
677 0.000459403
678 0.000459263
679 0.000459124
680 0.000458985
681 0.000458846
682 0.000458707
683 0.000458568
684 0.000458434
685 0.000458296
686 0.000458158
687 0.000458022
688 0.000457885
689 0.00045776
690 0.000457619
691 0.00045748
692 0.000457341
693 0.000457203
694 0.000457064
695 0.00045693
696 0.000456794
697 0.000456655
698 0.000456516
699 0.000456378
700 0.000456245
701 0.00045611
702 0.000455973
703 0.000455834
704 0.000455696
705 0.000455558
706 0.000455421
707 0.000455284
708 0.000455147
709 0.000455011
710 0.000454875
711 0.000454739
712 0.000454608
713 0.000454471
714 0.000454335
715 0.000454198
716 0.000454062
717 0.000453931
718 0.000453799
719 0.000453663
720 0.000453527
721 0.000453391
722 0.000453256
723 0.00045312
724 0.000452984
725 0.000452848
726 0.000452713
727 0.000452586
728 0.000452459
729 0.000452322
730 0.000452187
731 0.000452051
732 0.000451916
733 0.000451781
734 0.000451646
735 0.000451511
736 0.000451376
737 0.000451241
738 0.000451108
739 0.000450974
740 0.000450839
741 0.000450705
742 0.000450571
743 0.000450455
744 0.000450336
745 0.00045021
746 0.000450075
747 0.000449941
748 0.000449807
749 0.000449674
750 0.000449547
751 0.000449416
752 0.000449284
753 0.000449152
754 0.000449021
755 0.00044889
756 0.000448758
757 0.00044863
758 0.000448503
759 0.000448381
760 0.000448249
761 0.000448116
762 0.000447984
763 0.000447854
764 0.000447722
765 0.000447589
766 0.000447457
767 0.000447326
768 0.000447207
769 0.000447102
770 0.000446976
771 0.000446844
772 0.000446713
773 0.000446583
774 0.000446455
775 0.000446325
776 0.000446196
777 0.000446077
778 0.000445952
779 0.000445825
780 0.000445695
781 0.000445566
782 0.00044544
783 0.000445318
784 0.000445194
785 0.000445064
786 0.000444934
787 0.000444809
788 0.00044468
789 0.000444561
790 0.000444433
791 0.00044431
792 0.000444181
793 0.000444052
794 0.000443924
795 0.000443842
796 0.000443764
798 0.000443709
799 0.000443584
800 0.000443537
801 0.000443526
802 0.000443476
803 0.00044334
804 0.00044321
805 0.000443082
806 0.000442954
807 0.000442826
808 0.000442699
809 0.000442572
810 0.000442444
811 0.000442316
812 0.000442188
813 0.000442062
814 0.000441935
815 0.000441808
816 0.000441681
817 0.000441553
818 0.000441427
819 0.0004413
820 0.000441174
821 0.000441046
822 0.000440919
823 0.000440794
824 0.000440667
825 0.000440541
826 0.000440415
827 0.000440289
828 0.000440171
829 0.000440055
830 0.000439926
831 0.000439798
832 0.000439673
833 0.000439547
834 0.00043942
835 0.000439294
836 0.000439179
837 0.000439054
838 0.000438928
839 0.000438802
840 0.000438676
841 0.000438551
842 0.000438436
843 0.000438327
844 0.00043821
845 0.000438083
846 0.000437956
847 0.000437831
848 0.000437705
849 0.00043758
850 0.000437456
851 0.000437332
852 0.000437207
853 0.000437083
854 0.000436958
855 0.000436834
856 0.000436713
857 0.000436589
858 0.000436465
859 0.000436341
860 0.000436219
861 0.000436095
862 0.000435971
863 0.000435855
864 0.000435734
865 0.000435611
866 0.000435503
867 0.000435388
868 0.000435262
869 0.000435138
870 0.000435015
871 0.000434892
872 0.000434771
873 0.000434652
874 0.00043453
875 0.000434409
876 0.000434286
877 0.000434164
878 0.000434085
879 0.000433964
880 0.00043384
881 0.000433717
882 0.000433596
883 0.000433475
884 0.000433354
885 0.000433233
886 0.000433111
887 0.00043299
888 0.00043287
889 0.000432749
890 0.000432632
891 0.000432517
892 0.000432398
893 0.000432283
894 0.000432165
895 0.000432055
896 0.000431946
897 0.000431842
898 0.00043173
899 0.000431615
900 0.000431519
901 0.000431432
904 0.000431309
905 0.000431217
906 0.000431188
908 0.000431145
909 0.000431017
910 0.000430907
911 0.000430852
912 0.00043074
913 0.000430679
914 0.000430555
915 0.000430432
916 0.000430313
917 0.000430199
918 0.00043008
919 0.000429961
920 0.000429844
921 0.000429728
922 0.000429615
923 0.000429495
924 0.000429376
925 0.000429258
926 0.000429151
927 0.000429038
928 0.000428922
929 0.000428808
930 0.000428692
931 0.000428594
932 0.000428502
933 0.000428377
934 0.000428262
935 0.000428155
936 0.000428041
937 0.000427928
938 0.000427815
939 0.000427699
940 0.000427583
941 0.00042747
942 0.000427358
943 0.000427245
944 0.000427141
945 0.000427037
946 0.000426943
947 0.000426817
948 0.000426704
949 0.000426592
950 0.000426506
951 0.000426407
952 0.000426303
953 0.000426194
954 0.000426091
955 0.000426
956 0.000425945
957 0.000425826
958 0.00042571
959 0.000425614
960 0.000425508
961 0.000425392
962 0.000425279
963 0.000425166
964 0.000425055
965 0.000424941
966 0.000424827
967 0.000424713
968 0.000424599
969 0.00042449
970 0.000424375
971 0.00042426
972 0.000424145
973 0.000424031
974 0.000423918
975 0.000423805
976 0.000423691
977 0.000423577
978 0.000423466
979 0.000423353
980 0.000423241
981 0.000423129
982 0.000423019
983 0.000422906
984 0.000422794
985 0.000422682
986 0.000422574
987 0.000422462
988 0.000422349
989 0.000422237
990 0.000422129
991 0.000422017
992 0.000421907
993 0.000421803
994 0.000421691
995 0.000421578
996 0.000421466
997 0.000421394
998 0.00042128
999 0.000421168
1000 0.000421056
1001 0.000420944
1002 0.000420833
1003 0.000420723
1004 0.000420612
1005 0.000420505
1006 0.000420394
1007 0.000420285
1008 0.000420174
1009 0.000420063
1010 0.000419952
1011 0.000419842
1012 0.000419732
1013 0.000419621
1014 0.000419511
1015 0.000419404
1016 0.000419301
1017 0.000419199
1018 0.000419086
1019 0.000418976
1020 0.000418867
1021 0.000418761
1022 0.000418651
1023 0.000418542
1024 0.000418436
1025 0.000418329
1026 0.00041822
1027 0.000418111
1028 0.000418003
1029 0.000417896
1030 0.000417787
1031 0.000417678
1032 0.000417571
1033 0.000417464
1034 0.000417359
1035 0.000417251
1036 0.000417143
1037 0.000417035
1038 0.000416934
1039 0.000416827
1040 0.000416724
1041 0.000416615
1042 0.000416508
1043 0.000416401
1044 0.000416299
1045 0.000416216
1046 0.00041616
1047 0.000416039
1048 0.00041593
1049 0.000415825
1050 0.000415719
1051 0.000415615
1052 0.000415517
1053 0.000415412
1054 0.000415306
1055 0.000415202
1056 0.000415095
1057 0.000414989
1058 0.000414899
1059 0.000414833
1060 0.000414723
1061 0.000414618
1062 0.000414511
1063 0.000414406
1064 0.000414311
1065 0.000414219
1066 0.000414125
1067 0.00041402
1068 0.000413915
1069 0.000413811
1070 0.000413708
1071 0.000413617
1072 0.000413514
1073 0.000413414
1074 0.000413348
1075 0.000413235
1076 0.000413132
1077 0.000413031
1078 0.000412933
1079 0.000412831
1080 0.000412729
1081 0.000412626
1082 0.000412522
1083 0.000412418
1084 0.000412316
1085 0.000412214
1086 0.000412111
1087 0.000412008
1088 0.000411906
1089 0.000411803
1090 0.0004117
1091 0.000411597
1092 0.000411494
1093 0.000411394
1094 0.000411294
1095 0.000411201
1096 0.000411096
1097 0.000410995
1098 0.000410892
1099 0.00041079
1100 0.000410687
1101 0.000410586
1102 0.000410484
1103 0.000410383
1104 0.000410282
1105 0.000410181
1106 0.000410081
1107 0.00040998
1108 0.000409889
1109 0.000409786
1110 0.000409685
1111 0.00040959
1112 0.000409501
1113 0.000409397
1114 0.000409299
1115 0.000409204
1116 0.000409103
1117 0.000409001
1118 0.000408902
1119 0.000408801
1120 0.0004087
1121 0.0004086
1122 0.000408502
1123 0.000408402
1124 0.000408322
1125 0.000408225
1126 0.000408125
1127 0.000408027
1128 0.000407927
1129 0.000407827
1130 0.000407728
1131 0.00040763
1132 0.00040753
1133 0.00040743
1134 0.000407331
1135 0.000407233
1136 0.000407135
1137 0.000407038
1138 0.000406939
1139 0.00040684
1140 0.000406766
1141 0.000406673
1142 0.000406574
1143 0.000406478
1144 0.000406382
1145 0.000406287
1146 0.000406193
1147 0.000406114
1148 0.000406023
1149 0.000405946
1150 0.000405844
1151 0.000405759
1152 0.000405685
1153 0.000405668
1155 0.000405559
1156 0.000405501
1157 0.000405468
1158 0.000405375
1159 0.000405276
1160 0.00040518
1161 0.000405112
1162 0.000405009
1163 0.000404916
1164 0.000404823
1165 0.00040475
1166 0.000404702
1167 0.0004046
1168 0.000404505
1169 0.000404421
1170 0.000404342
1171 0.00040425
1172 0.000404155
1173 0.000404062
1174 0.000403968
1175 0.000403873
1176 0.00040379
1177 0.000403713
1178 0.000403618
1179 0.000403526
1180 0.000403437
1181 0.000403349
1182 0.000403258
1183 0.000403171
1184 0.00040309
1185 0.000402991
1186 0.000402913
1187 0.000402845
1188 0.000402751
1189 0.000402659
1190 0.000402569
1191 0.000402476
1192 0.000402382
1193 0.00040229
1194 0.000402197
1195 0.000402105
1196 0.000402015
1197 0.000401929
1198 0.000401838
1199 0.000401751
1200 0.000401667
1201 0.000401598
1202 0.000401523
1203 0.000401485
1204 0.000401369
1205 0.000401282
1206 0.000401195
1207 0.000401122
1208 0.00040104
1209 0.000400967
1210 0.000400903
1211 0.000400799
1212 0.000400717
1213 0.000400624
1214 0.000400532
1215 0.000400445
1216 0.000400385
1217 0.000400299
1218 0.000400207
1219 0.000400118
1220 0.000400036
1221 0.000399953
1222 0.000399861
1223 0.000399769
1224 0.000399678
1225 0.000399588
1226 0.000399497
1227 0.000399406
1228 0.000399326
1229 0.000399236
1230 0.000399146
1231 0.000399056
1232 0.000398965
1233 0.000398878
1234 0.000398791
1235 0.000398701
1236 0.000398616
1237 0.000398525
1238 0.000398434
1239 0.000398343
1240 0.000398253
1241 0.000398165
1242 0.000398075
1243 0.000397986
1244 0.000397897
1245 0.000397807
1246 0.000397717
1247 0.000397629
1248 0.00039754
1249 0.00039745
1250 0.000397361
1251 0.000397277
1252 0.000397187
1253 0.000397098
1254 0.000397017
1255 0.000396926
1256 0.000396838
1257 0.000396749
1258 0.000396661
1259 0.000396573
1260 0.000396486
1261 0.000396398
1262 0.000396311
1263 0.000396227
1264 0.000396139
1265 0.000396053
1266 0.000395966
1267 0.000395878
1268 0.000395802
1269 0.000395726
1270 0.00039564
1271 0.000395559
1272 0.000395468
1273 0.000395384
1274 0.000395299
1275 0.000395214
1276 0.000395127
1277 0.00039504
1278 0.000394954
1279 0.000394867
1280 0.000394781
1281 0.000394694
1282 0.000394607
1283 0.000394521
1284 0.000394447
1285 0.000394383
1286 0.000394369
1287 0.000394337
1288 0.000394241
1289 0.000394163
1290 0.000394105
1293 0.000394021
1294 0.000393965
1295 0.000393927
1296 0.000393839
1297 0.000393763
1298 0.000393687
1299 0.000393611
1300 0.000393551
1301 0.000393459
1302 0.000393375
1303 0.000393335
1304 0.000393244
1305 0.000393156
1306 0.000393071
1307 0.000392986
1308 0.000392901
1309 0.000392817
1310 0.000392739
1311 0.000392659
1312 0.000392584
1313 0.000392504
1314 0.000392426
1315 0.000392367
1316 0.000392304
1317 0.000392228
1318 0.000392186
1319 0.000392129
1321 0.000392126
1322 0.000392036
1323 0.000391963
1324 0.000391895
1325 0.000391815
1326 0.000391731
1327 0.000391648
1328 0.000391564
1329 0.000391481
1330 0.000391398
1331 0.000391316
1332 0.000391233
1333 0.00039115
1334 0.000391068
1335 0.000390986
1336 0.000390904
1337 0.000390834
1338 0.000390769
1339 0.000390738
1340 0.000390651
1341 0.000390566
1342 0.000390483
1343 0.0003904
1344 0.000390318
1345 0.000390237
1346 0.000390157
1347 0.000390077
1348 0.000389995
1349 0.000389914
1350 0.000389835
1351 0.000389756
1352 0.000389675
1353 0.000389594
1354 0.000389513
1355 0.000389438
1356 0.000389367
1357 0.000389284
1358 0.000389205
1359 0.000389125
1360 0.000389085
1361 0.000389023
1362 0.000388943
1363 0.000388896
1364 0.000388804
1365 0.000388731
1366 0.000388654
1367 0.000388587
1368 0.000388509
1369 0.000388432
1370 0.000388356
1371 0.000388279
1372 0.000388202
1373 0.000388145
1374 0.000388065
1375 0.000387991
1376 0.000387916
1377 0.00038784
1378 0.00038777
1379 0.000387694
1380 0.000387631
1381 0.000387551
1382 0.000387474
1383 0.000387396
1384 0.000387318
1385 0.000387241
1386 0.000387163
1387 0.000387086
1388 0.000387011
1389 0.000386936
1390 0.000386861
1391 0.000386783
1392 0.000386705
1393 0.000386628
1394 0.000386557
1395 0.000386478
1396 0.000386401
1397 0.000386324
1398 0.000386254
1399 0.000386176
1400 0.000386098
1401 0.000386022
1402 0.000385947
1403 0.00038587
1404 0.000385793
1405 0.000385722
1406 0.000385646
1407 0.000385572
1408 0.000385503
1409 0.00038543
1410 0.000385357
1411 0.000385293
1412 0.000385213
1413 0.000385138
1414 0.000385065
1415 0.000385012
1416 0.00038495
1417 0.000384887
1418 0.000384808
1419 0.000384732
1420 0.000384659
1421 0.000384584
1422 0.000384509
1423 0.000384434
1424 0.00038436
1425 0.000384286
1426 0.000384212
1427 0.000384138
1428 0.000384063
1429 0.000383989
1430 0.000383918
1431 0.000383844
1432 0.000383772
1433 0.0003837
1434 0.000383627
1435 0.000383554
1436 0.000383488
1437 0.000383414
1438 0.00038334
1439 0.000383266
1440 0.000383192
1441 0.000383118
1442 0.000383045
1443 0.000382995
1444 0.000382954
1445 0.000382934
1446 0.000382856
1447 0.00038278
1448 0.000382706
1449 0.000382632
1450 0.000382559
1451 0.000382488
1452 0.000382417
1453 0.000382346
1454 0.000382274
1455 0.000382202
1456 0.000382144
1457 0.000382077
1458 0.000382003
1459 0.000381935
1460 0.000381864
1461 0.000381793
1462 0.000381728
1463 0.000381659
1464 0.000381587
1465 0.000381517
1466 0.000381446
1467 0.000381375
1468 0.000381304
1469 0.000381233
1470 0.000381164
1471 0.000381097
1472 0.00038104
1473 0.000380987
1474 0.00038091
1475 0.000380842
1476 0.000380774
1477 0.000380718
1478 0.000380649
1479 0.000380579
1480 0.00038051
1481 0.000380444
1482 0.000380398
1483 0.000380342
1484 0.000380277
1485 0.00038021
1486 0.000380144
1487 0.000380092
1488 0.000380037
1489 0.000379988
1490 0.00037991
1491 0.000379844
1492 0.000379782
1493 0.000379714
1494 0.000379652
1495 0.000379588
1496 0.000379529
1497 0.00037948
1498 0.000379405
1499 0.000379352
1500 0.000379303
1503 0.000379239
1504 0.000379205
1505 0.000379147
1506 0.000379096
1507 0.000379044
1508 0.000378983
1509 0.000378918
1510 0.000378855
1511 0.000378794
1512 0.00037873
1513 0.000378666
1514 0.000378602
1515 0.000378545
1516 0.00037849
1517 0.000378426
1518 0.000378358
1519 0.000378294
1520 0.000378242
1521 0.000378201
1522 0.000378151
1523 0.000378084
1524 0.000378017
1525 0.000377951
1526 0.000377884
1527 0.000377818
1528 0.000377751
1529 0.000377686
1530 0.00037762
1531 0.000377555
1532 0.000377503
1533 0.000377446
1534 0.000377379
1535 0.000377313
1536 0.000377247
1537 0.000377182
1538 0.000377118
1539 0.000377052
1540 0.000376987
1541 0.000376922
1542 0.000376857
1543 0.000376792
1544 0.00037673
1545 0.000376678
1546 0.000376612
1547 0.000376548
1548 0.000376493
1549 0.000376439
1550 0.000376377
1551 0.000376312
1552 0.000376249
1553 0.000376185
1554 0.000376121
1555 0.000376057
1556 0.000375994
1557 0.000375933
1558 0.000375869
1559 0.000375805
1560 0.000375742
1561 0.00037568
1562 0.000375616
1563 0.000375553
1564 0.00037549
1565 0.000375429
1566 0.000375366
1567 0.000375307
1568 0.000375244
1569 0.000375183
1570 0.000375133
1571 0.000375113
1572 0.000375067
1573 0.000375014
1574 0.000374974
1575 0.000374962
1576 0.000374882
1577 0.000374838
1578 0.000374809
1579 0.000374803
1581 0.000374727
1582 0.000374686
1584 0.00037468
1585 0.000374635
1586 0.000374627
1588 0.000374583
1589 0.000374528
1590 0.00037449
1591 0.000374448
1592 0.000374379
1593 0.000374339
1594 0.000374306
1595 0.000374241
1596 0.000374177
1597 0.000374121
1598 0.000374072
1599 0.000374012
1600 0.00037395
1601 0.000373889
1602 0.00037383
1603 0.000373799
1604 0.000373763
1605 0.000373691
1606 0.000373638
1607 0.000373588
1608 0.000373527
1609 0.000373468
1610 0.000373409
1611 0.000373351
1612 0.000373297
1613 0.000373241
1614 0.000373192
1615 0.000373151
1616 0.000373094
1617 0.000373037
1618 0.000372984
1619 0.000372939
1620 0.000372891
1621 0.000372853
1622 0.000372819
1625 0.000372764
1627 0.000372742
1628 0.000372709
1630 0.000372698
1631 0.000372623
1632 0.000372579
1633 0.000372569
1634 0.000372566
1635 0.0003725
1636 0.000372439
1637 0.000372385
1638 0.000372332
1639 0.000372274
1640 0.00037222
1641 0.000372162
1642 0.000372104
1643 0.000372046
1644 0.000372005
1645 0.000371967
1646 0.000371909
1647 0.00037185
1648 0.000371791
1649 0.000371733
1650 0.000371678
1651 0.00037162
1652 0.000371563
1653 0.000371508
1654 0.000371451
1655 0.000371396
1656 0.000371348
1657 0.000371328
1658 0.000371268
1659 0.000371211
1660 0.000371155
1661 0.000371099
1662 0.000371043
1663 0.000370988
1664 0.000370948
1665 0.000370896
1666 0.000370841
1667 0.000370786
1668 0.000370733
1669 0.000370684
1670 0.000370637
1671 0.000370584
1672 0.000370532
1673 0.000370491
1674 0.000370452
1675 0.000370396
1676 0.000370365
1677 0.000370356
1680 0.000370293
1682 0.000370243
1683 0.000370192
1684 0.000370146
1685 0.00037011
1686 0.000370099
1687 0.00037009
1688 0.000370034
1689 0.000369977
1690 0.000369922
1691 0.000369866
1692 0.000369811
1693 0.000369757
1694 0.000369706
1695 0.000369654
1696 0.000369604
1697 0.00036955
1698 0.000369496
1699 0.000369444
1700 0.00036939
1701 0.000369336
1702 0.000369283
1703 0.000369237
1704 0.00036921
1705 0.000369162
1706 0.000369107
1707 0.000369065
1708 0.000369047
1711 0.000369001
1714 0.000368962
1715 0.000368958
