1 162440.0
10 158521.0
11 154601.0
12 150681.0
13 146762.0
14 142842.0
15 138922.0
16 135002.0
17 131082.0
18 127162.0
19 123242.0
20 119322.0
21 115402.0
22 111482.0
23 107561.0
24 103642.0
25 99721.4
26 95801.4
27 91880.6
28 87960.3
29 84039.3
30 80118.8
31 76197.6
32 72277.0
33 68355.5
34 64435.1
35 60513.2
36 56593.6
37 52671.2
38 48754.9
39 44831.9
40 40969.0
41 37045.2
42 33444.5
43 31000.4
44 28183.8
45 26067.4
46 23990.5
47 22774.2
48 22342.9
49 20208.6
50 19803.1
53 19486.8
54 16534.0
55 15321.8
56 14839.7
58 13403.4
60 12875.3
64 12047.1
65 8995.32
66 8554.14
67 7484.4
68 6506.69
70 6048.73
71 4786.27
73 4375.49
75 4304.61
79 4159.9
82 3797.34
88 3725.3
89 3652.71
90 3196.93
93 2576.54
96 2403.17
98 2401.02
102 2375.87
104 2247.03
105 2161.65
107 2135.25
111 1964.53
113 1820.22
114 1723.5
117 1637.22
120 1553.66
127 1462.59
128 1385.35
131 1358.19
134 1335.56
136 1299.56
137 1284.36
138 1273.38
140 1265.51
141 1205.81
142 1195.65
143 1150.36
148 1136.41
153 1112.64
160 1106.35
162 1103.4
165 1085.78
170 1085.02
173 1078.5
174 1075.12
176 1073.77
178 1068.39
179 1060.85
180 1054.4
181 1045.09
185 1041.63
194 1041.2
196 1039.14
203 1039.01
205 1039.0
208 1038.39
209 1038.05
210 1038.04
211 1038.01
212 1037.75
213 1037.69
214 1037.56
218 1037.28
219 1037.27
222 1037.22
226 1037.19
229 1037.18
