1 0.028883
34 0.0260635
36 0.0226195
37 0.0218238
38 0.0197485
43 0.0188774
44 0.0181031
51 0.0150675
55 0.0135704
57 0.0131542
58 0.012216
59 0.0120192
64 0.0116338
65 0.0112657
66 0.0110792
69 0.0106214
70 0.010163
71 0.00997807
73 0.00960397
76 0.00932651
77 0.00922487
80 0.0090329
83 0.00853317
86 0.00850759
88 0.0084984
89 0.00835446
91 0.00825094
93 0.00815073
94 0.00799575
95 0.0078086
97 0.00775176
98 0.00767082
100 0.00760522
101 0.00754583
102 0.00730845
103 0.0070796
104 0.00693608
105 0.00678492
106 0.00668463
108 0.00662822
109 0.00657695
110 0.00645101
111 0.00634835
112 0.0061963
113 0.0060069
116 0.00585905
118 0.00580837
119 0.00580555
123 0.0055464
124 0.00553614
126 0.00533943
129 0.00523967
131 0.00512409
132 0.00507323
133 0.00505574
134 0.00498037
137 0.00468131
138 0.00457873
139 0.00452206
141 0.00445711
142 0.00423661
143 0.00407631
144 0.0037949
145 0.00355148
146 0.00328712
147 0.00302349
148 0.00277294
149 0.00258687
150 0.00235745
151 0.00214798
152 0.00204487
154 0.00196342
155 0.00193154
157 0.00173574
158 0.00171431
160 0.00162598
165 0.00136251
166 0.00134396
168 0.00128026
169 0.00116814
170 0.00109789
172 0.00102665
173 0.000963776
175 0.000787288
176 0.000707134
177 0.00065709
183 0.000571604
184 0.000475664
187 0.000463468
189 0.000409694
192 0.000401157
194 0.000368101
197 0.000348796
198 0.000343682
199 0.000326556
201 0.00030338
204 0.000281124
206 0.00027573
208 0.000269246
209 0.000257902
210 0.0002442
213 0.000229386
215 0.000215021
220 0.000213986
221 0.000203592
222 0.000200848
223 0.000199394
228 0.000184543
231 0.000177687
232 0.000169618
233 0.000164133
239 0.000154639
240 0.00014584
241 0.00014179
242 0.000137897
243 0.000133608
245 0.000132204
246 0.000126051
247 0.000125518
248 0.000124682
249 0.000117255
250 0.000112954
252 0.000110464
255 0.000105934
257 0.000105414
259 0.000105218
262 0.000104454
263 0.00010098
264 0.000100852
266 9.97246e-05
267 9.76785e-05
268 9.56504e-05
272 9.55209e-05
273 9.52976e-05
275 9.13122e-05
276 9.11538e-05
277 9.09077e-05
278 8.95067e-05
281 8.93266e-05
282 8.7102e-05
283 8.43546e-05
284 8.4166e-05
286 8.12988e-05
287 7.93418e-05
290 7.9132e-05
292 7.84613e-05
294 7.6941e-05
295 7.36647e-05
296 7.25823e-05
297 7.19066e-05
298 6.90801e-05
299 6.77126e-05
300 6.66661e-05
301 6.66005e-05
302 6.59268e-05
303 6.5464e-05
305 6.3765e-05
306 6.31068e-05
308 6.16815e-05
309 6.04062e-05
310 5.96282e-05
311 5.95534e-05
312 5.90861e-05
316 5.8855e-05
317 5.72101e-05
318 5.57266e-05
321 5.40536e-05
322 5.32204e-05
323 5.2155e-05
324 5.10391e-05
325 5.04077e-05
327 4.97494e-05
328 4.7845e-05
331 4.68543e-05
332 4.61572e-05
333 4.49991e-05
334 4.49967e-05
335 4.44788e-05
337 4.42223e-05
338 4.38973e-05
339 4.38415e-05
340 4.23464e-05
343 4.18616e-05
345 4.07535e-05
347 4.04606e-05
350 3.8201e-05
352 3.81931e-05
353 3.79071e-05
355 3.64562e-05
358 3.47151e-05
359 3.46742e-05
363 3.41858e-05
364 3.40795e-05
367 3.37976e-05
370 3.35571e-05
371 3.31361e-05
372 3.22401e-05
374 3.16881e-05
376 3.16289e-05
377 3.1037e-05
378 3.05371e-05
379 3.04545e-05
381 3.03343e-05
383 2.9885e-05
384 2.92085e-05
385 2.88591e-05
387 2.87666e-05
388 2.82314e-05
389 2.80859e-05
390 2.77657e-05
392 2.74868e-05
393 2.70804e-05
394 2.67218e-05
397 2.61263e-05
398 2.58109e-05
399 2.5318e-05
400 2.50796e-05
401 2.48363e-05
403 2.48029e-05
404 2.462e-05
405 2.45621e-05
407 2.38849e-05
408 2.35653e-05
411 2.33304e-05
412 2.328e-05
415 2.31044e-05
416 2.25383e-05
418 2.24644e-05
419 2.19929e-05
420 2.16953e-05
421 2.16924e-05
425 2.12795e-05
426 2.09657e-05
431 2.06238e-05
432 2.06008e-05
433 2.04342e-05
434 2.03075e-05
435 2.01107e-05
436 1.97062e-05
439 1.93436e-05
441 1.92122e-05
443 1.92096e-05
444 1.91209e-05
445 1.89398e-05
447 1.87523e-05
448 1.84402e-05
449 1.83931e-05
455 1.80896e-05
457 1.79687e-05
458 1.77748e-05
460 1.75601e-05
461 1.73218e-05
462 1.73066e-05
467 1.71135e-05
468 1.67014e-05
471 1.66062e-05
473 1.6393e-05
474 1.60857e-05
475 1.59866e-05
476 1.59811e-05
477 1.58938e-05
483 1.54292e-05
484 1.53058e-05
485 1.5058e-05
487 1.50397e-05
490 1.4921e-05
491 1.48749e-05
492 1.48732e-05
493 1.48319e-05
494 1.44434e-05
495 1.43815e-05
498 1.39854e-05
499 1.39259e-05
500 1.39214e-05
501 1.38585e-05
502 1.37812e-05
505 1.35608e-05
507 1.33112e-05
508 1.30788e-05
513 1.29097e-05
518 1.25377e-05
520 1.25267e-05
521 1.23834e-05
526 1.23231e-05
