1 1306.23
3 1304.69
4 1303.4
5 1040.08
6 806.748
7 604.998
8 457.432
9 332.149
10 224.829
11 130.975
12 71.6371
13 32.0399
14 15.1724
15 14.2588
18 12.3357
23 12.2816
24 12.27
26 12.2507
30 12.2459
33 12.2422
35 12.2405
36 12.2364
37 12.2358
38 12.2296
39 12.2259
40 12.2235
41 12.2187
42 12.2139
43 12.2091
44 12.2043
45 12.1995
46 12.1947
47 12.1898
48 12.185
49 12.1801
50 12.1753
51 12.1704
52 12.1657
53 12.1607
54 12.1551
55 12.1507
56 12.1473
57 12.1438
58 12.1386
59 12.1332
60 12.1283
61 12.1233
62 12.1183
63 12.1133
64 12.1083
65 12.1055
66 12.0995
67 12.0958
68 12.0944
69 12.0881
70 12.0832
71 12.0785
72 12.0748
73 12.0719
74 12.066
75 12.0625
76 12.0569
77 12.0519
78 12.0467
79 12.0415
80 12.0363
81 12.0311
82 12.0259
83 12.0207
84 12.0155
85 12.0103
86 12.0051
87 11.9998
88 11.9954
89 11.9928
90 11.9871
91 11.9819
92 11.9768
93 11.9716
94 11.9666
95 11.9616
96 11.9573
97 11.9517
98 11.947
99 11.9415
100 11.9361
101 11.9308
102 11.9254
103 11.92
104 11.9147
105 11.9092
106 11.9039
107 11.8984
108 11.8929
109 11.8875
110 11.8825
111 11.8768
112 11.8714
113 11.8659
114 11.8605
115 11.8588
116 11.8534
117 11.8473
118 11.8432
119 11.8405
120 11.8353
121 11.8302
122 11.8252
123 11.8204
124 11.8158
125 11.8132
126 11.806
127 11.8025
130 11.7973
131 11.7923
132 11.7878
135 11.7828
137 11.7822
138 11.7813
139 11.7781
140 11.7753
141 11.7727
142 11.7699
143 11.7673
144 11.7645
145 11.7616
146 11.7588
147 11.7563
148 11.7546
149 11.7515
150 11.7486
151 11.7457
152 11.7429
153 11.7401
154 11.7372
155 11.7344
156 11.7317
157 11.729
158 11.7262
159 11.7234
160 11.7205
161 11.7184
162 11.7165
163 11.7135
164 11.7106
165 11.7076
166 11.7047
167 11.7017
168 11.6989
169 11.6959
170 11.693
171 11.6901
172 11.6872
173 11.6842
174 11.6816
175 11.6787
176 11.6758
177 11.6728
178 11.6699
179 11.667
180 11.664
181 11.661
182 11.658
183 11.6551
184 11.6522
185 11.6492
186 11.6463
187 11.6434
188 11.6405
189 11.6386
190 11.6362
191 11.6329
192 11.6298
193 11.6268
194 11.6239
195 11.6209
196 11.6179
197 11.6148
198 11.6119
199 11.6089
200 11.6059
201 11.6029
202 11.5999
203 11.5973
204 11.5943
205 11.5915
206 11.5884
207 11.5854
208 11.5824
209 11.5794
210 11.5766
211 11.5736
212 11.5706
213 11.5676
214 11.5646
215 11.5617
216 11.5603
217 11.5578
218 11.5546
219 11.5519
220 11.5501
222 11.547
223 11.5447
224 11.5417
225 11.5394
226 11.5362
227 11.533
228 11.5299
229 11.5267
230 11.5239
231 11.5209
232 11.5178
233 11.5146
234 11.5118
235 11.5093
236 11.5061
237 11.5031
238 11.4999
239 11.4969
240 11.4938
241 11.4907
242 11.4876
243 11.4845
244 11.4815
245 11.4785
246 11.4753
247 11.4721
248 11.4689
249 11.4657
250 11.4625
251 11.4593
252 11.4561
253 11.453
254 11.4505
255 11.4485
256 11.4453
257 11.4421
258 11.4389
259 11.4357
260 11.4325
261 11.4294
262 11.4264
263 11.4232
264 11.4199
265 11.4166
266 11.4135
267 11.4113
268 11.4099
269 11.4067
270 11.4034
271 11.4002
272 11.397
273 11.3939
274 11.3909
275 11.3877
276 11.3843
277 11.3811
278 11.3778
279 11.3746
280 11.3716
281 11.3683
282 11.3652
283 11.3619
284 11.3586
285 11.3553
286 11.3521
287 11.349
288 11.3462
289 11.3428
290 11.3395
291 11.3363
292 11.333
293 11.3297
294 11.3264
295 11.3231
296 11.3198
297 11.3165
298 11.3132
299 11.3099
300 11.3066
301 11.3033
302 11.3
303 11.2966
304 11.2945
305 11.2942
306 11.2927
307 11.2892
308 11.2857
309 11.2824
310 11.2803
311 11.2769
312 11.2735
313 11.2702
314 11.2668
315 11.2635
316 11.2601
317 11.2567
318 11.2532
319 11.2499
320 11.2465
321 11.2431
322 11.2397
323 11.2363
324 11.2328
325 11.2298
326 11.2269
327 11.2234
328 11.2199
329 11.2165
330 11.213
331 11.2096
332 11.2061
333 11.2027
334 11.1992
335 11.1958
336 11.1924
337 11.1892
338 11.1859
339 11.1824
340 11.1789
341 11.1754
342 11.1719
343 11.1685
344 11.1655
345 11.1621
346 11.1586
347 11.1552
348 11.1524
349 11.1501
350 11.1463
351 11.1427
352 11.1392
353 11.1357
354 11.1323
355 11.1289
356 11.1254
357 11.1218
358 11.1186
359 11.115
360 11.1114
361 11.1079
362 11.1043
363 11.1008
364 11.0973
365 11.0937
366 11.0902
367 11.0866
368 11.083
369 11.0795
370 11.0759
371 11.0724
372 11.0688
373 11.0651
374 11.0617
375 11.0581
376 11.0546
377 11.051
378 11.0473
379 11.0437
380 11.04
381 11.0366
382 11.0329
383 11.0293
384 11.0257
385 11.022
386 11.0187
387 11.0154
388 11.0117
389 11.008
390 11.0043
391 11.0006
392 10.9969
393 10.9933
394 10.9899
395 10.9863
396 10.9826
397 10.9789
398 10.9752
399 10.9715
400 10.9678
401 10.9642
402 10.9621
403 10.9588
404 10.955
405 10.9513
406 10.9478
407 10.9442
408 10.9411
409 10.9373
410 10.9335
411 10.9297
412 10.9259
413 10.9221
414 10.9184
415 10.9147
416 10.9109
417 10.9071
418 10.9034
419 10.8998
420 10.896
421 10.8922
422 10.8885
423 10.8848
424 10.881
425 10.8772
426 10.8733
427 10.8697
428 10.8667
429 10.8627
430 10.8588
431 10.855
432 10.8512
433 10.8474
434 10.8436
435 10.8398
436 10.836
437 10.8322
438 10.8283
439 10.8246
440 10.8207
441 10.8167
442 10.8129
443 10.809
444 10.8052
445 10.8032
446 10.7995
447 10.7955
448 10.7916
449 10.7877
450 10.7837
451 10.7801
452 10.7762
453 10.7722
454 10.7683
455 10.7643
456 10.7605
457 10.7567
458 10.7527
459 10.7487
460 10.7448
461 10.741
462 10.737
463 10.733
464 10.7291
465 10.7252
466 10.7212
467 10.7172
468 10.7132
469 10.7091
470 10.7052
471 10.7012
472 10.6971
473 10.6936
474 10.6896
475 10.6856
476 10.6815
477 10.6782
478 10.6742
479 10.6701
480 10.666
481 10.6619
482 10.6578
483 10.6537
484 10.6496
485 10.6455
486 10.6414
487 10.6373
488 10.6332
489 10.6291
490 10.6249
491 10.6215
492 10.6177
493 10.6136
494 10.6095
495 10.6054
496 10.6014
497 10.5988
498 10.5965
499 10.592
500 10.5876
501 10.5835
502 10.5793
503 10.5751
504 10.5709
505 10.5668
506 10.5642
507 10.562
508 10.5574
509 10.553
510 10.5488
511 10.5445
512 10.5403
513 10.5362
514 10.5322
515 10.528
516 10.5237
517 10.5199
518 10.5156
519 10.5113
520 10.5071
521 10.5028
522 10.4987
523 10.4944
524 10.4901
525 10.4858
526 10.4815
527 10.4773
528 10.4729
529 10.4688
530 10.4644
531 10.4605
532 10.4561
533 10.452
534 10.4476
535 10.444
536 10.4397
537 10.4353
538 10.431
539 10.4266
540 10.4223
541 10.4179
542 10.4136
543 10.4092
544 10.4049
545 10.4005
546 10.3962
547 10.3917
548 10.388
549 10.3835
550 10.3808
551 10.3762
552 10.3717
553 10.3673
554 10.3628
555 10.3584
556 10.354
557 10.3495
558 10.3451
559 10.3407
560 10.3363
561 10.3318
562 10.3275
563 10.3231
564 10.3187
565 10.3142
566 10.3104
567 10.3061
568 10.3015
569 10.297
570 10.2926
571 10.289
572 10.2861
573 10.2814
574 10.2767
575 10.2721
576 10.2676
577 10.263
578 10.2584
579 10.2539
580 10.2493
581 10.2448
582 10.2402
583 10.2356
584 10.231
585 10.2264
586 10.2218
587 10.2172
588 10.2126
589 10.208
590 10.2033
591 10.1994
592 10.1947
593 10.19
594 10.1853
595 10.1807
596 10.1761
597 10.1714
598 10.1701
599 10.17
600 10.1653
601 10.1606
602 10.1559
603 10.1512
604 10.1465
605 10.1419
606 10.1375
607 10.1328
608 10.128
609 10.1233
610 10.1185
611 10.1139
612 10.1091
613 10.1044
614 10.0996
615 10.0949
616 10.0901
617 10.0855
618 10.0807
619 10.076
620 10.0712
621 10.0665
622 10.0616
623 10.0571
624 10.0523
625 10.0475
626 10.0427
627 10.0379
628 10.0331
629 10.0282
630 10.0238
631 10.0193
632 10.0144
633 10.0095
634 10.0046
635 9.99969
636 9.99479
637 9.98989
638 9.98497
639 9.98013
640 9.97518
641 9.97041
642 9.96556
643 9.96062
644 9.95576
645 9.9508
646 9.94587
647 9.94091
648 9.93595
649 9.93098
650 9.926
651 9.92102
652 9.91604
653 9.91105
654 9.90606
655 9.90107
656 9.89609
657 9.89109
658 9.88614
659 9.88113
660 9.87615
661 9.87114
662 9.86618
663 9.86114
664 9.85616
665 9.85114
666 9.84614
667 9.84112
668 9.83613
669 9.83112
670 9.82609
671 9.8211
672 9.81609
673 9.81103
674 9.80602
675 9.80103
676 9.79594
677 9.79096
678 9.78595
679 9.78089
680 9.77598
681 9.77129
682 9.76605
683 9.76193
684 9.75649
685 9.75116
686 9.7459
687 9.74068
688 9.73553
689 9.73033
690 9.72514
691 9.71995
692 9.71477
693 9.70955
694 9.70427
695 9.69898
696 9.69369
697 9.68841
698 9.68315
699 9.67786
700 9.67257
701 9.66727
702 9.66196
703 9.65665
704 9.65133
705 9.64599
706 9.64063
707 9.63527
708 9.6299
709 9.62453
710 9.61915
711 9.61379
712 9.60841
713 9.60305
714 9.59768
715 9.5923
716 9.58695
717 9.58155
718 9.57619
719 9.57085
720 9.56542
721 9.56008
722 9.55468
723 9.54927
724 9.54387
725 9.53846
726 9.53305
727 9.52763
728 9.52223
729 9.51679
730 9.51284
731 9.50733
732 9.50187
733 9.4964
734 9.49095
735 9.48551
736 9.48007
737 9.47463
738 9.4692
739 9.46375
740 9.4585
741 9.453
742 9.44751
743 9.44203
744 9.43655
745 9.43107
746 9.42559
747 9.42012
748 9.41464
749 9.40917
750 9.40369
751 9.39823
752 9.39273
753 9.38776
754 9.38225
755 9.37666
756 9.37118
757 9.36567
758 9.36016
759 9.35465
760 9.34914
761 9.34364
762 9.33827
763 9.33272
764 9.32728
765 9.3217
766 9.31632
767 9.31079
768 9.30526
769 9.29974
770 9.2942
771 9.28881
772 9.2833
773 9.2777
774 9.27224
775 9.26669
776 9.26114
777 9.25559
778 9.25003
779 9.2445
780 9.23891
781 9.23384
782 9.22836
783 9.2227
784 9.21769
785 9.21172
786 9.20573
787 9.19975
788 9.19378
789 9.18781
790 9.18185
791 9.17592
792 9.1703
793 9.16423
794 9.15816
795 9.1521
796 9.14604
797 9.13998
798 9.13391
799 9.12788
800 9.12181
801 9.11574
802 9.10965
803 9.10357
804 9.09748
805 9.09138
806 9.0853
807 9.07919
808 9.07316
809 9.06702
810 9.06091
811 9.05477
812 9.04864
813 9.0425
814 9.03637
815 9.03022
816 9.02409
817 9.01795
818 9.01179
819 9.0058
820 8.99963
821 8.99345
822 8.98726
823 8.98108
824 8.97489
825 8.96871
826 8.96252
827 8.95634
828 8.95015
829 8.94398
830 8.93777
831 8.93184
832 8.92564
833 8.91941
834 8.91323
835 8.90698
836 8.90153
837 8.89509
838 8.88865
839 8.8822
840 8.87574
841 8.86929
842 8.86282
843 8.85637
844 8.8499
845 8.84345
846 8.83698
847 8.83055
848 8.82405
849 8.81759
850 8.81109
851 8.80462
852 8.79807
853 8.79162
854 8.7851
855 8.77858
856 8.77206
857 8.76554
858 8.75903
859 8.75254
860 8.74602
861 8.73951
862 8.733
863 8.72648
864 8.71995
865 8.7134
866 8.70684
867 8.70028
868 8.6937
869 8.68711
870 8.6805
871 8.67389
872 8.66726
873 8.66063
874 8.65399
875 8.64735
876 8.64071
877 8.63406
878 8.62742
879 8.62077
880 8.61412
881 8.60747
882 8.60083
883 8.59417
884 8.58754
885 8.58087
886 8.57428
887 8.56759
888 8.56159
889 8.5553
890 8.5484
891 8.54145
892 8.53451
893 8.52758
894 8.52066
895 8.51376
896 8.50693
897 8.50103
898 8.49427
899 8.48727
900 8.48025
901 8.47322
902 8.46617
903 8.45911
904 8.45205
905 8.44497
906 8.43792
907 8.43083
908 8.42382
909 8.41671
910 8.4114
911 8.40433
912 8.39711
913 8.38995
914 8.38277
915 8.37561
916 8.36844
917 8.36129
918 8.35413
919 8.34698
920 8.33981
921 8.33274
922 8.32553
923 8.31836
924 8.31115
925 8.30395
926 8.29674
927 8.28954
928 8.28233
929 8.27512
930 8.26792
931 8.2607
932 8.25354
933 8.24626
934 8.23913
935 8.23229
936 8.22487
937 8.2177
938 8.21042
939 8.20315
940 8.1959
941 8.18866
942 8.1814
943 8.17416
944 8.16692
945 8.15968
946 8.15247
947 8.14525
948 8.13801
949 8.13081
950 8.12355
951 8.11625
952 8.10894
953 8.10161
954 8.09426
955 8.08688
956 8.07948
957 8.07207
958 8.06466
959 8.05725
960 8.04983
961 8.04242
962 8.03501
963 8.0276
964 8.02019
965 8.01277
966 8.00536
967 7.99795
968 7.99054
969 7.98313
970 7.97572
971 7.96831
972 7.96089
973 7.9535
974 7.94607
975 7.93884
976 7.93137
977 7.92404
978 7.91657
979 7.90915
980 7.90168
981 7.89428
982 7.8868
983 7.87954
984 7.87199
985 7.86607
986 7.85972
987 7.85174
988 7.84375
989 7.83575
990 7.82773
991 7.81971
992 7.81167
993 7.80363
994 7.79558
995 7.78753
996 7.77946
997 7.77141
998 7.76332
999 7.75529
1000 7.74717
1001 7.7393
1002 7.73113
1003 7.72296
1004 7.71476
1005 7.70658
1006 7.69844
1007 7.69029
1008 7.68214
1009 7.67419
1010 7.666
1011 7.65788
1012 7.64969
1013 7.64167
1014 7.63344
1015 7.62522
1016 7.61698
1017 7.60872
1018 7.60045
1019 7.59217
1020 7.58387
1021 7.57558
1022 7.56728
1023 7.55898
1024 7.55069
1025 7.54239
1026 7.5341
1027 7.5258
1028 7.51751
1029 7.50921
1030 7.50093
1031 7.49261
1032 7.4856
1033 7.47753
1034 7.46888
1035 7.4602
1036 7.45153
1037 7.44288
1038 7.43426
1039 7.42568
1040 7.41752
1041 7.40889
1042 7.40019
1043 7.39147
1044 7.38276
1045 7.37402
1046 7.36532
1047 7.35656
1048 7.34797
1049 7.33917
1050 7.33146
1051 7.32265
1052 7.31383
1053 7.305
1054 7.29617
1055 7.28732
1056 7.27847
1057 7.26961
1058 7.26074
1059 7.25186
1060 7.24297
1061 7.23407
1062 7.22516
1063 7.21624
1064 7.2073
1065 7.19836
1066 7.18941
1067 7.18044
1068 7.17147
1069 7.16249
1070 7.1535
1071 7.1445
1072 7.1355
1073 7.12649
1074 7.11748
1075 7.10846
1076 7.09945
1077 7.09042
1078 7.08141
1079 7.07236
1080 7.06339
1081 7.05429
1082 7.04568
1083 7.03646
1084 7.0283
1085 7.02108
1086 7.01176
1087 7.00244
1088 6.99311
1089 6.98376
1090 6.9744
1091 6.96502
1092 6.95564
1093 6.94624
1094 6.93683
1095 6.92742
1096 6.91799
1097 6.90856
1098 6.89912
1099 6.88967
1100 6.88022
1101 6.87075
1102 6.8613
1103 6.8518
1104 6.84237
1105 6.83284
1106 6.82351
1107 6.81391
1108 6.80634
1109 6.79901
1110 6.78934
1111 6.77966
1112 6.76998
1113 6.7603
1114 6.75061
1115 6.7409
1116 6.73116
1117 6.72139
1118 6.71157
1119 6.70171
1120 6.69182
1121 6.68192
1122 6.67201
1123 6.6621
1124 6.65217
1125 6.64225
1126 6.63232
1127 6.62239
1128 6.61246
1129 6.60252
1130 6.59259
1131 6.58265
1132 6.57272
1133 6.56277
1134 6.55286
1135 6.54287
1136 6.53316
1137 6.52298
1138 6.51479
1139 6.50694
1140 6.4968
1141 6.48667
1142 6.47655
1143 6.46644
1144 6.45634
1145 6.44625
1146 6.43618
1147 6.42615
1148 6.41651
1149 6.40647
1150 6.39644
1151 6.38649
1152 6.37799
1153 6.3672
1154 6.35652
1155 6.34593
1156 6.3354
1157 6.32492
1158 6.31443
1159 6.30391
1160 6.2934
1161 6.28308
1162 6.27263
1163 6.26317
1164 6.25255
1165 6.24193
1166 6.2313
1167 6.22065
1168 6.21
1169 6.19933
1170 6.18868
1171 6.17799
1172 6.16737
1173 6.15665
1174 6.146
1175 6.13541
1176 6.12466
1177 6.11398
1178 6.10323
1179 6.09247
1180 6.0817
1181 6.07091
1182 6.0601
1183 6.04928
1184 6.03843
1185 6.02757
1186 6.01669
1187 6.0058
1188 5.99489
1189 5.98398
1190 5.97305
1191 5.96211
1192 5.95118
1193 5.94023
1194 5.92928
1195 5.91833
1196 5.90738
1197 5.89641
1198 5.88548
1199 5.87448
1200 5.86366
1201 5.8526
1202 5.84177
1203 5.83077
1204 5.81983
1205 5.80875
1206 5.79788
1207 5.78705
1208 5.77583
1209 5.76508
1210 5.75405
1211 5.74294
1212 5.73205
1213 5.72087
1214 5.71023
1215 5.69943
1216 5.68814
1217 5.67799
1218 5.66629
1219 5.65459
1220 5.64292
1221 5.63124
1222 5.61958
1223 5.60791
1224 5.59626
1225 5.58459
1226 5.57292
1227 5.56125
1228 5.54958
1229 5.5379
1230 5.5262
1231 5.51449
1232 5.50272
1233 5.49089
1234 5.47904
1235 5.46719
1236 5.45534
1237 5.4435
1238 5.43167
1239 5.41987
1240 5.40802
1241 5.39619
1242 5.38432
1243 5.3725
1244 5.36074
1245 5.34879
1246 5.33693
1247 5.325
1248 5.31304
1249 5.30101
1250 5.28892
1251 5.27681
1252 5.26467
1253 5.25251
1254 5.24034
1255 5.22816
1256 5.21597
1257 5.20379
1258 5.19159
1259 5.1794
1260 5.16721
1261 5.15502
1262 5.14282
1263 5.13063
1264 5.11843
1265 5.10624
1266 5.09404
1267 5.08186
1268 5.06963
1269 5.05764
1270 5.04532
1271 5.03316
1272 5.02081
1273 5.00851
1274 4.99617
1275 4.98385
1276 4.97151
1277 4.95918
1278 4.94685
1279 4.93451
1280 4.92218
1281 4.90984
1282 4.89752
1283 4.88515
1284 4.87291
1285 4.86044
1286 4.8496
1287 4.83903
1288 4.82593
1289 4.81286
1290 4.79979
1291 4.78675
1292 4.77373
1293 4.76073
1294 4.74779
1295 4.73521
1296 4.72226
1297 4.70929
1298 4.6964
1299 4.68452
1300 4.67122
1301 4.65792
1302 4.64462
1303 4.63132
1304 4.61802
1305 4.60472
1306 4.59142
1307 4.57812
1308 4.56482
1309 4.55152
1310 4.53822
1311 4.52492
1312 4.51162
1313 4.49832
1314 4.48503
1315 4.47184
1316 4.4585
1317 4.44515
1318 4.43179
1319 4.41843
1320 4.40505
1321 4.39166
1322 4.37825
1323 4.36483
1324 4.3514
1325 4.33795
1326 4.32448
1327 4.311
1328 4.29749
1329 4.28397
1330 4.27042
1331 4.25686
1332 4.24327
1333 4.22967
1334 4.21604
1335 4.20239
1336 4.18873
1337 4.17504
1338 4.16133
1339 4.14761
1340 4.13387
1341 4.1201
1342 4.10633
1343 4.09254
1344 4.07873
1345 4.06491
1346 4.05108
1347 4.03723
1348 4.02338
1349 4.00951
1350 3.99564
1351 3.98175
1352 3.96786
1353 3.95397
1354 3.94006
1355 3.92615
1356 3.91223
1357 3.89831
1358 3.88439
1359 3.87045
1360 3.85653
1361 3.84258
1362 3.82865
1363 3.8147
1364 3.80076
1365 3.7868
1366 3.77287
1367 3.75889
1368 3.74497
1369 3.73098
1370 3.71708
1371 3.70304
1372 3.68927
1373 3.67511
1374 3.66222
1375 3.64779
1376 3.63839
1377 3.62722
1378 3.61243
1379 3.59764
1380 3.58283
1381 3.568
1382 3.55315
1383 3.53829
1384 3.52341
1385 3.50853
1386 3.49362
1387 3.47871
1388 3.46378
1389 3.44885
1390 3.4339
1391 3.41895
1392 3.40398
1393 3.38901
1394 3.37402
1395 3.35904
1396 3.34403
1397 3.32904
1398 3.314
1399 3.29903
1400 3.28395
1401 3.26905
1402 3.25392
1403 3.23938
1404 3.22417
1405 3.20941
1406 3.19405
1407 3.17868
1408 3.16331
1409 3.14794
1410 3.13256
1411 3.11716
1412 3.10174
1413 3.0863
1414 3.07085
1415 3.05537
1416 3.03989
1417 3.02438
1418 3.00887
1419 2.99334
1420 2.97781
1421 2.96226
1422 2.94671
1423 2.93114
1424 2.91559
1425 2.90001
1426 2.88445
1427 2.86886
1428 2.8533
1429 2.83769
1430 2.82217
1431 2.80652
1432 2.79128
1433 2.77552
1434 2.76261
1435 2.7509
1436 2.73511
1437 2.71931
1438 2.7035
1439 2.68768
1440 2.67186
1441 2.65602
1442 2.64017
1443 2.62432
1444 2.60845
1445 2.59259
1446 2.57671
1447 2.56082
1448 2.54494
1449 2.52903
1450 2.51315
1451 2.49723
1452 2.48134
1453 2.46541
1454 2.44951
1455 2.43357
1456 2.41767
1457 2.40172
1458 2.38583
1459 2.36986
1460 2.35402
1461 2.33802
1462 2.32248
1463 2.30645
1464 2.29045
1465 2.27428
1466 2.25815
1467 2.24221
1468 2.22607
1469 2.20995
1470 2.19387
1471 2.17779
1472 2.16177
1473 2.14575
1474 2.12963
1475 2.11349
1476 2.09737
1477 2.08124
1478 2.06513
1479 2.04902
1480 2.03291
1481 2.0169
1482 2.00082
1483 1.98483
1484 1.96879
1485 1.95279
1486 1.93817
1487 1.92207
1488 1.90591
1489 1.88975
1490 1.8736
1491 1.85745
1492 1.84132
1493 1.82531
1494 1.80917
1495 1.79304
1496 1.77694
1497 1.76138
1498 1.7453
1499 1.72929
1500 1.71319
1501 1.6971
1502 1.68121
1503 1.66515
1504 1.64916
1505 1.63314
1506 1.6172
1507 1.6012
1508 1.58525
1509 1.56929
1510 1.55333
1511 1.53785
1512 1.52189
1513 1.50595
1514 1.49002
1515 1.47414
1516 1.45826
1517 1.44246
1518 1.42664
1519 1.41089
1520 1.39531
1521 1.37954
1522 1.36379
1523 1.3482
1524 1.33256
1525 1.31713
1526 1.30145
1527 1.28582
1528 1.27021
1529 1.25465
1530 1.23959
1531 1.22409
1532 1.20858
1533 1.1931
1534 1.17769
1535 1.16235
1536 1.14742
1537 1.13209
1538 1.11678
1539 1.10152
1540 1.08641
1541 1.07126
1542 1.05653
1543 1.04141
1544 1.02642
1545 1.01138
1546 0.996421
1547 0.982013
1548 0.967765
1549 0.9529
1550 0.938093
1551 0.923372
1552 0.909308
1553 0.894728
1554 0.880122
1555 0.865567
1556 0.851178
1557 0.836935
1558 0.822866
1559 0.808537
1560 0.79432
1561 0.780161
1562 0.766183
1563 0.752162
1564 0.738183
1565 0.724398
1566 0.710655
1567 0.697387
1568 0.683701
1569 0.670374
1570 0.656792
1571 0.643408
1572 0.630109
1573 0.616824
1574 0.604281
1575 0.591749
1576 0.578642
1577 0.565639
1578 0.55288
1579 0.541158
1580 0.528746
1581 0.516093
1582 0.503551
1583 0.491473
1584 0.479479
1585 0.471112
1586 0.458841
1587 0.446749
1588 0.434894
1589 0.423608
1590 0.411928
1591 0.400328
1592 0.38878
1593 0.377832
1594 0.366909
1595 0.355758
1596 0.344713
1597 0.335155
1598 0.324646
1599 0.313961
1600 0.303398
1601 0.293561
1602 0.283314
1603 0.273227
1604 0.263231
1605 0.253907
1606 0.244584
1607 0.235027
1608 0.225626
1609 0.216673
1610 0.207776
1611 0.19926
1612 0.191741
1613 0.18365
1614 0.175157
1615 0.166911
1616 0.161518
1617 0.153617
1618 0.145741
1619 0.138051
1620 0.130741
1621 0.123776
1622 0.116809
1623 0.109925
1624 0.10339
1625 0.0973085
1626 0.0913883
1627 0.0853368
1628 0.0795096
1629 0.0741828
1630 0.0689295
1631 0.0637937
1632 0.0588619
1633 0.0543569
1634 0.0499454
1635 0.0457423
1636 0.0417536
1637 0.0382466
1638 0.0347443
1639 0.0315032
1640 0.0284992
1641 0.0260736
1642 0.023514
1643 0.0212651
1644 0.0192778
1645 0.0182716
1646 0.0165135
1647 0.0152708
1648 0.0144484
1650 0.0138698
1652 0.0132072
1653 0.0130711
1654 0.0128477
1661 0.0128272
1663 0.0128269
1665 0.0128217
1666 0.0128164
1667 0.0128158
1670 0.0128139
1676 0.0128131
1677 0.0128122
1678 0.012812
1679 0.0128112
1680 0.0128107
1682 0.0128102
1683 0.01281
1684 0.0128096
1686 0.0128093
1687 0.0128091
1688 0.0128089
1690 0.0128084
1691 0.0128081
1692 0.0128079
1693 0.0128075
1694 0.0128071
1695 0.0128067
1696 0.0128064
1697 0.0128061
1698 0.012806
1699 0.0128056
1700 0.0128052
1701 0.0128048
1702 0.0128044
1703 0.012804
1704 0.0128036
1705 0.0128032
1706 0.0128029
1707 0.0128027
1709 0.0128023
1710 0.0128022
1711 0.0128018
1713 0.0128015
1714 0.0128012
1715 0.0128009
1718 0.0128005
1719 0.0128002
1722 0.0127998
1723 0.0127994
1724 0.0127991
1725 0.012799
1726 0.0127986
1727 0.0127983
1729 0.0127982
1730 0.0127978
1731 0.0127975
1732 0.0127974
1734 0.0127972
1735 0.0127969
