1 308106000000.0
4 307603000000.0
5 307416000000.0
6 298382000000.0
7 289564000000.0
8 280963000000.0
9 272597000000.0
10 264573000000.0
11 259392000000.0
12 254911000000.0
13 247439000000.0
14 240041000000.0
15 232682000000.0
16 225683000000.0
17 219110000000.0
18 213325000000.0
19 208014000000.0
20 201517000000.0
21 195217000000.0
22 189148000000.0
23 183297000000.0
24 177703000000.0
25 172343000000.0
26 167253000000.0
27 162599000000.0
28 158868000000.0
29 153663000000.0
30 148705000000.0
31 143840000000.0
32 139222000000.0
33 134816000000.0
34 130505000000.0
35 126671000000.0
36 122914000000.0
37 120522000000.0
38 116412000000.0
39 112468000000.0
40 108689000000.0
41 105096000000.0
42 102504000000.0
43 99097900000.0
44 96066100000.0
45 92722000000.0
46 89514600000.0
47 86622800000.0
48 83627200000.0
49 80923500000.0
50 78528600000.0
51 75737800000.0
52 73482600000.0
53 70987700000.0
54 68453000000.0
55 66099100000.0
56 64125000000.0
57 62124900000.0
58 59926900000.0
59 57778600000.0
60 55701600000.0
61 53906700000.0
62 52097800000.0
63 50386000000.0
64 48559900000.0
65 46802700000.0
66 45157700000.0
67 43555700000.0
68 42075900000.0
69 40570700000.0
70 39111300000.0
71 37738200000.0
72 36375900000.0
73 35120400000.0
74 33870100000.0
75 32663100000.0
76 31515500000.0
77 30382700000.0
78 29330500000.0
79 28285600000.0
80 27279400000.0
81 26337900000.0
82 25393200000.0
83 24519300000.0
84 23655800000.0
85 22825000000.0
86 22037900000.0
87 21258900000.0
88 20534100000.0
89 19816000000.0
90 19124600000.0
91 18481300000.0
92 17833500000.0
93 17233700000.0
94 16642500000.0
95 16072700000.0
96 15533400000.0
97 14999600000.0
98 14502200000.0
99 14009700000.0
100 13534500000.0
101 13093200000.0
102 12647900000.0
103 12234400000.0
104 11827500000.0
105 11434300000.0
106 11061800000.0
107 10692700000.0
108 10347800000.0
109 10006600000.0
110 9676300000.0
111 9369340000.0
112 9059350000.0
113 8770030000.0
114 8485950000.0
115 8210580000.0
116 7949480000.0
117 7690410000.0
118 7447680000.0
119 7207810000.0
120 6975030000.0
121 6758810000.0
122 6540420000.0
123 6336010000.0
124 6135830000.0
125 5941720000.0
126 5757760000.0
127 5575430000.0
128 5404930000.0
129 5236870000.0
130 5073740000.0
131 4923870000.0
132 4772100000.0
133 4630790000.0
134 4493410000.0
135 4361030000.0
136 4235720000.0
137 4112650000.0
138 3998860000.0
139 3887150000.0
140 3778990000.0
141 3683650000.0
142 3585200000.0
143 3494990000.0
144 3408580000.0
145 3326540000.0
146 3247320000.0
147 3171310000.0
148 3101590000.0
149 3032510000.0
150 2964850000.0
151 2908470000.0
152 2846390000.0
153 2788390000.0
154 2731980000.0
155 2677300000.0
156 2622040000.0
157 2568070000.0
158 2516580000.0
159 2464570000.0
160 2412740000.0
161 2364700000.0
162 2314900000.0
163 2266560000.0
164 2218870000.0
165 2171630000.0
166 2130290000.0
167 2085270000.0
168 2039830000.0
169 1995940000.0
170 1952030000.0
171 1912710000.0
172 1873230000.0
173 1832180000.0
174 1791210000.0
175 1750800000.0
176 1714750000.0
177 1677410000.0
178 1640590000.0
179 1603020000.0
180 1566110000.0
181 1532080000.0
182 1496760000.0
183 1463550000.0
184 1430780000.0
185 1396860000.0
186 1366890000.0
187 1335570000.0
188 1303540000.0
189 1273420000.0
190 1246470000.0
191 1217510000.0
192 1188040000.0
193 1158800000.0
194 1130250000.0
195 1103820000.0
196 1078150000.0
197 1052310000.0
198 1025750000.0
199 999783000.0
200 975153000.0
201 951453000.0
202 930295000.0
203 907125000.0
204 884928000.0
205 861608000.0
206 839269000.0
207 818282000.0
208 798631000.0
209 777728000.0
210 756803000.0
211 736270000.0
212 718484000.0
213 699379000.0
214 681172000.0
215 662190000.0
216 643553000.0
217 628982000.0
218 612446000.0
219 594833000.0
220 578046000.0
221 561220000.0
222 545535000.0
223 529905000.0
224 515015000.0
225 501731000.0
226 490417000.0
227 477596000.0
228 463069000.0
229 449348000.0
230 435905000.0
231 423221000.0
232 410752000.0
233 399975000.0
234 387414000.0
235 375285000.0
236 363458000.0
237 352131000.0
238 341849000.0
239 330725000.0
240 320139000.0
241 309545000.0
242 299916000.0
243 290079000.0
244 281009000.0
245 271441000.0
246 262141000.0
247 253654000.0
248 244921000.0
249 238228000.0
250 230138000.0
251 221956000.0
252 213997000.0
253 206262000.0
254 199576000.0
255 194438000.0
256 187394000.0
257 180276000.0
258 173440000.0
259 167156000.0
260 161151000.0
261 155193000.0
262 149175000.0
263 143302000.0
264 137889000.0
265 133091000.0
266 127979000.0
267 122982000.0
268 117840000.0
269 113083000.0
270 109252000.0
271 104968000.0
272 100659000.0
273 96251300.0
274 92060000.0
275 89170000.0
276 86004600.0
277 82215600.0
278 78437800.0
279 74831000.0
280 71906400.0
281 69080200.0
282 65874900.0
283 62830800.0
284 59802700.0
285 57476300.0
286 55048700.0
287 52581400.0
288 49938100.0
289 47403000.0
290 45174300.0
291 42971600.0
292 40836600.0
293 38719400.0
294 36647400.0
295 34989300.0
296 33226700.0
297 31484200.0
298 29712200.0
299 28007400.0
300 26528200.0
301 25089500.0
302 23677600.0
303 22298400.0
304 20936900.0
305 19738900.0
306 18637800.0
307 17490400.0
308 16423300.0
309 15360500.0
310 14445300.0
311 13705200.0
312 12744400.0
313 11923100.0
314 11131300.0
315 10597900.0
316 10531400.0
317 10210800.0
318 9401870.0
319 8847600.0
320 8799720.0
321 8484980.0
322 7878970.0
323 7354880.0
324 7171640.0
325 6574060.0
326 6401870.0
327 5848800.0
328 5433550.0
329 5009950.0
330 4830850.0
331 4399960.0
332 4071480.0
333 3776030.0
334 3503150.0
335 3188490.0
336 2934690.0
337 2708700.0
338 2513370.0
339 2341030.0
340 2113330.0
341 1943810.0
342 1786050.0
343 1683510.0
344 1627700.0
345 1459210.0
346 1333420.0
349 1235720.0
352 1185060.0
353 1164600.0
355 1155520.0
356 1101250.0
357 1066090.0
361 1010090.0
362 966588.0
364 963063.0
365 921476.0
368 899092.0
369 897328.0
371 873508.0
372 851414.0
373 829403.0
374 807778.0
375 789544.0
376 770700.0
377 753242.0
378 735068.0
379 716376.0
380 704820.0
381 684807.0
382 667831.0
383 655184.0
384 643111.0
385 624998.0
386 608845.0
387 593979.0
388 578822.0
389 570972.0
390 556756.0
391 542466.0
392 530046.0
393 516294.0
394 506034.0
395 494261.0
396 481578.0
397 470968.0
398 458655.0
399 449075.0
400 438681.0
401 427535.0
402 419301.0
403 408462.0
404 398503.0
405 392337.0
406 382382.0
407 375630.0
408 370548.0
411 360624.0
412 360113.0
414 355292.0
416 344787.0
417 336315.0
418 333598.0
419 325625.0
420 317209.0
421 310612.0
422 303610.0
423 297394.0
424 295632.0
425 287300.0
426 282445.0
427 275853.0
428 271485.0
429 266330.0
432 260776.0
435 257837.0
436 256033.0
437 252971.0
438 249964.0
439 247015.0
440 244370.0
441 241613.0
442 240852.0
443 237623.0
444 234824.0
445 232039.0
446 229343.0
447 226966.0
448 224530.0
449 221800.0
450 219119.0
451 216546.0
452 214326.0
453 211819.0
454 209590.0
455 207087.0
456 204685.0
457 202323.0
458 200307.0
459 198536.0
460 195995.0
461 193780.0
462 191613.0
463 189543.0
464 187878.0
465 185704.0
466 183499.0
467 181417.0
468 179729.0
469 178261.0
470 177238.0
471 174885.0
472 173057.0
473 171067.0
474 169206.0
475 167757.0
476 166200.0
477 164370.0
478 162442.0
479 160576.0
480 158775.0
481 157017.0
482 155260.0
483 153590.0
484 151931.0
485 150257.0
486 148938.0
487 148239.0
488 146930.0
489 145356.0
490 143951.0
491 143808.0
492 143572.0
493 142515.0
494 140767.0
495 139192.0
496 137643.0
497 136478.0
498 135332.0
499 134226.0
500 132733.0
501 131413.0
502 130166.0
503 129675.0
504 128829.0
505 127214.0
506 126043.0
507 125414.0
508 124213.0
509 122848.0
510 121591.0
511 120543.0
512 120219.0
513 118851.0
514 117592.0
515 116584.0
516 116382.0
517 115075.0
518 114453.0
519 113249.0
520 112562.0
521 111751.0
524 110691.0
526 109784.0
528 109774.0
529 108717.0
531 108147.0
532 108057.0
533 108056.0
536 108036.0
537 107237.0
538 106760.0
539 106388.0
540 106366.0
541 106174.0
542 105769.0
543 105218.0
544 104733.0
545 104282.0
546 103928.0
547 103514.0
549 103437.0
550 103003.0
551 102811.0
552 102342.0
553 101993.0
554 101652.0
555 101232.0
557 101170.0
558 100784.0
559 100560.0
560 100224.0
561 100032.0
562 99973.5
563 99369.4
564 99055.1
565 98695.9
566 98349.7
567 97989.3
568 97741.2
569 97374.1
570 97148.0
571 96836.6
572 96544.0
574 96467.9
575 96142.2
576 96084.2
577 95964.2
580 95545.1
581 95371.9
582 95044.9
583 94810.4
584 94459.9
585 94128.8
586 93832.5
587 93621.0
588 93340.2
589 93063.1
590 92807.3
591 92776.2
593 92340.6
594 92116.3
596 92000.0
597 91891.1
598 91644.9
599 91537.0
600 91449.0
601 91138.7
602 90991.9
603 90912.0
604 90871.2
605 90514.8
606 90309.1
607 90201.1
608 89921.8
609 89709.9
610 89491.5
611 89364.5
613 89363.3
614 89107.7
615 88915.0
616 88785.0
617 88611.9
619 88575.0
620 88456.9
621 88439.4
623 88222.3
624 88033.0
625 87858.4
626 87726.6
627 87569.7
628 87415.3
629 87379.1
630 87312.7
632 87242.4
634 87199.4
637 87117.3
638 87047.2
639 86987.3
640 86964.9
641 86896.1
642 86841.3
643 86784.5
644 86733.8
645 86674.3
646 86621.0
647 86569.5
648 86529.5
649 86486.2
650 86438.3
651 86394.3
652 86353.0
653 86345.9
654 86291.4
655 86261.3
656 86232.8
657 86228.7
658 86204.4
659 86163.9
662 86148.1
665 86127.8
666 86125.6
667 86119.1
668 86102.3
669 86086.2
670 86069.7
671 86054.6
672 86041.2
673 86026.9
674 86013.8
675 86000.6
676 85988.3
677 85981.2
678 85967.1
679 85959.4
680 85957.7
681 85948.8
682 85941.5
683 85936.7
685 85931.4
686 85923.8
688 85916.2
690 85908.4
692 85906.1
693 85901.5
696 85898.7
698 85898.2
699 85896.6
701 85893.0
702 85888.8
703 85885.1
704 85882.1
706 85881.7
707 85878.8
708 85878.3
710 85878.1
711 85875.9
712 85874.5
713 85872.8
714 85871.5
715 85870.1
716 85869.4
718 85868.6
719 85866.9
720 85865.9
722 85865.5
723 85863.9
724 85862.6
725 85862.3
726 85860.5
727 85859.4
728 85858.2
729 85857.7
730 85856.1
731 85854.7
732 85853.5
733 85852.8
735 85852.4
736 85851.1
738 85850.6
740 85850.5
741 85849.9
742 85849.3
743 85848.8
744 85848.6
746 85848.5
747 85847.9
748 85847.3
749 85846.9
750 85846.8
751 85846.6
752 85846.5
753 85845.9
754 85845.3
755 85844.7
756 85844.1
757 85843.6
758 85843.2
759 85842.7
760 85842.2
761 85841.9
762 85841.3
763 85840.9
764 85840.5
767 85840.0
768 85839.5
769 85839.1
770 85838.8
771 85838.6
772 85838.2
773 85837.7
774 85837.3
775 85837.1
776 85836.9
778 85836.7
779 85836.2
780 85835.8
781 85835.7
782 85835.5
783 85835.1
784 85834.7
785 85834.4
786 85834.0
788 85833.9
789 85833.6
791 85833.4
792 85833.0
793 85832.6
794 85832.2
795 85831.8
796 85831.5
797 85831.4
799 85831.3
800 85830.9
801 85830.6
802 85830.3
803 85830.0
804 85829.7
805 85829.4
806 85829.1
807 85828.9
808 85828.6
811 85828.4
813 85828.2
814 85828.1
816 85828.0
817 85827.9
818 85827.7
821 85827.5
824 85827.2
825 85826.9
826 85826.7
829 85826.5
830 85826.3
831 85826.2
833 85826.1
834 85826.0
836 85825.9
839 85825.8
