1 903.152
10 136.525
11 41.0063
13 18.7124
23 16.5632
25 14.145
26 13.6352
27 13.6315
29 11.9797
34 11.9008
36 11.2972
38 11.1251
39 10.9979
40 10.7852
43 10.4113
47 10.3894
50 10.3673
54 10.3513
56 10.3388
57 10.3084
70 10.3055
72 10.3012
75 10.2997
76 10.2928
77 10.287
84 10.2866
86 10.2837
89 10.2823
90 10.2818
96 10.2812
97 10.2811
100 10.2808
104 10.2806
107 10.2804
108 10.2803
109 10.2801
112 10.2799
115 10.2797
116 10.2796
121 10.2794
122 10.2793
125 10.2791
126 10.279
127 10.2788
128 10.2787
129 10.2785
130 10.2784
131 10.2783
132 10.2782
