1 904.0
10 136.396
11 41.0087
13 18.6953
23 16.5408
25 14.1453
26 13.6218
29 12.705
33 12.2759
36 12.0283
38 11.4687
39 11.4036
43 10.7641
46 10.7518
49 10.6456
53 10.4322
56 10.4028
57 10.3913
59 10.3572
60 10.3135
62 10.3099
64 10.3027
66 10.3008
67 10.2921
68 10.2829
72 10.2695
74 10.2654
77 10.2643
80 10.2634
82 10.2605
83 10.2575
86 10.2564
89 10.2552
93 10.2546
95 10.2535
98 10.2527
100 10.2523
101 10.2515
104 10.2511
105 10.2505
108 10.2503
110 10.2495
113 10.2494
114 10.2493
116 10.2491
122 10.2489
123 10.2488
125 10.2483
126 10.2481
127 10.2478
130 10.2476
133 10.2475
134 10.2472
137 10.2471
138 10.247
140 10.2468
142 10.2466
144 10.2463
145 10.2462
150 10.2461
151 10.2459
154 10.2455
159 10.2453
160 10.2451
163 10.2449
169 10.2448
170 10.2447
171 10.2445
173 10.2444
174 10.2441
177 10.244
181 10.2438
183 10.2437
188 10.2436
193 10.2435
194 10.2434
198 10.2432
203 10.2431
208 10.2429
211 10.2427
212 10.2426
213 10.2425
218 10.2424
223 10.2423
224 10.2422
229 10.2421
231 10.242
236 10.2418
240 10.2417
248 10.2416
