1 215.057
3 174.043
5 39.0093
6 31.803
9 28.6463
11 25.539
14 19.0642
15 11.5163
17 10.283
19 8.81241
20 8.00665
21 6.87263
22 6.56685
24 6.01768
27 5.11255
28 5.10646
30 4.8697
32 4.78377
35 4.40577
36 4.27942
37 3.89719
38 3.7791
40 3.62581
41 3.5397
42 3.43612
45 3.27232
48 3.1427
49 3.1352
51 2.98254
52 2.84308
53 2.71503
54 2.59385
55 2.50641
56 2.49465
57 2.4249
58 2.30508
59 2.23952
61 2.21457
62 2.11157
64 2.06546
66 2.06395
68 2.04125
69 1.99943
70 1.97661
73 1.91416
74 1.87089
75 1.85039
77 1.84088
78 1.7856
79 1.77438
80 1.72025
81 1.68609
84 1.64157
85 1.61662
86 1.61071
89 1.54803
90 1.52887
91 1.48765
92 1.46472
93 1.41945
94 1.37744
95 1.34367
96 1.33313
97 1.27501
98 1.23787
99 1.23092
100 1.2227
102 1.17476
103 1.16344
104 1.12301
105 1.10321
106 1.05967
107 1.0218
108 0.991881
109 0.958493
111 0.957384
112 0.931024
117 0.916069
118 0.904044
119 0.89992
122 0.877638
123 0.863429
124 0.850702
125 0.839594
127 0.835812
128 0.819259
129 0.805857
130 0.794676
131 0.782427
132 0.766994
133 0.753185
134 0.743012
135 0.728576
136 0.716436
137 0.702567
138 0.68929
139 0.674129
140 0.66237
141 0.647438
142 0.636068
143 0.621456
144 0.608851
145 0.596587
146 0.584913
147 0.574554
148 0.564975
149 0.552017
150 0.539562
151 0.527696
152 0.518778
154 0.515543
155 0.505681
156 0.498337
159 0.486183
160 0.480622
161 0.470187
162 0.467964
163 0.458109
164 0.445062
165 0.441137
166 0.432851
167 0.432702
168 0.427465
169 0.416458
170 0.407834
171 0.400516
172 0.389368
173 0.38322
174 0.374469
175 0.364636
176 0.357231
177 0.347647
178 0.338078
179 0.329895
182 0.321977
183 0.316529
185 0.314266
186 0.309928
187 0.302441
189 0.295945
190 0.293908
193 0.289055
194 0.285936
195 0.285781
196 0.284257
197 0.279813
198 0.275956
199 0.272157
200 0.269915
201 0.265371
202 0.26131
203 0.256904
204 0.252707
205 0.248741
206 0.245156
207 0.241401
208 0.23768
209 0.23374
210 0.230059
211 0.229962
212 0.229287
213 0.227006
214 0.222866
215 0.219634
216 0.217118
217 0.215002
218 0.212412
220 0.209166
221 0.207513
222 0.207428
224 0.202614
225 0.199058
226 0.197726
228 0.197035
229 0.193833
230 0.190814
231 0.18882
232 0.186345
233 0.182783
234 0.180454
235 0.179279
238 0.175702
239 0.17498
240 0.172048
241 0.171631
243 0.168318
244 0.165241
245 0.162368
246 0.161992
248 0.15829
249 0.155679
250 0.154447
251 0.152745
253 0.152023
254 0.149012
256 0.146527
257 0.145966
259 0.143526
260 0.141903
262 0.140973
263 0.138622
264 0.137454
265 0.136135
267 0.13537
268 0.132611
270 0.13031
273 0.127683
274 0.126343
275 0.123994
276 0.12241
277 0.120841
278 0.119673
281 0.116829
283 0.114913
284 0.114839
287 0.111693
288 0.110067
289 0.108704
290 0.108133
291 0.105791
292 0.10365
293 0.101589
294 0.0998812
295 0.0974695
296 0.0964509
297 0.0958154
300 0.09328
301 0.0918757
302 0.0911294
305 0.0891626
308 0.087919
311 0.0870161
312 0.0867483
313 0.0865738
316 0.0853496
317 0.0845451
318 0.083738
319 0.0831818
320 0.082294
321 0.0816505
322 0.0806952
323 0.0798621
324 0.0794915
325 0.078771
327 0.0787585
328 0.0777562
329 0.0769108
330 0.0761252
331 0.0757104
332 0.0753737
333 0.0743914
334 0.0734502
335 0.0726525
336 0.0719265
337 0.0710098
338 0.070103
339 0.0692186
340 0.0683624
341 0.0676156
342 0.0670868
343 0.0667523
344 0.0659169
345 0.0650874
346 0.0642473
347 0.0634108
348 0.0626049
349 0.061836
350 0.0614342
351 0.0610489
352 0.0607201
353 0.0598984
354 0.0591219
355 0.058423
356 0.0579425
357 0.0572988
360 0.0565872
361 0.0565334
363 0.0558931
364 0.0552231
365 0.0546829
366 0.0540008
367 0.0533493
368 0.0528188
369 0.0520417
370 0.0513271
371 0.0506362
372 0.050202
373 0.0495702
374 0.0491454
375 0.0486036
376 0.0482103
378 0.0480466
379 0.047353
380 0.0471223
381 0.0468019
383 0.0467689
384 0.0460153
385 0.0454924
386 0.0451533
387 0.044521
388 0.0438788
389 0.0432444
390 0.0426113
391 0.0419772
392 0.0413535
393 0.0407674
394 0.0402157
395 0.03966
396 0.0391077
397 0.0385487
398 0.0379872
399 0.0374221
400 0.03686
401 0.0363622
402 0.0358214
403 0.0354076
404 0.0348623
405 0.034336
406 0.0338803
407 0.0337762
408 0.0334989
409 0.032857
410 0.0326146
412 0.0323323
413 0.032066
414 0.0316987
417 0.0312772
419 0.0308594
421 0.0305366
422 0.0303606
424 0.0300009
426 0.0296273
427 0.0292852
430 0.0288411
432 0.0284315
433 0.0283282
434 0.0281701
435 0.0279028
437 0.027447
438 0.0270527
439 0.0265787
440 0.026147
441 0.0257058
442 0.0253336
443 0.0250285
444 0.0249257
445 0.0246898
446 0.0242862
447 0.0238985
448 0.02357
450 0.0234629
451 0.0232268
454 0.0231475
455 0.0229732
456 0.0228849
457 0.0227263
458 0.0226339
459 0.0225602
460 0.022315
461 0.0221208
462 0.021929
463 0.0217488
464 0.0216245
465 0.0215701
466 0.0213334
467 0.0211438
468 0.0209577
469 0.0208
470 0.0206209
471 0.0205041
473 0.0204973
474 0.020333
475 0.0202196
478 0.0200808
479 0.0199803
482 0.0198102
483 0.0197119
485 0.0196438
486 0.0194971
487 0.0194087
489 0.0193353
490 0.019196
491 0.0191663
492 0.0189964
494 0.0189899
495 0.018799
496 0.0186556
499 0.0185273
500 0.0184355
503 0.0182808
504 0.0182077
507 0.0180307
508 0.0178966
511 0.0177406
512 0.0176495
514 0.0175955
515 0.0174834
516 0.0174618
519 0.0172764
520 0.017179
521 0.0170604
522 0.0169647
523 0.0167945
524 0.0166319
525 0.0164703
526 0.0163086
527 0.0161482
528 0.015989
529 0.0158354
530 0.0156862
531 0.0155364
532 0.0154092
533 0.0152617
534 0.0151299
535 0.0149865
536 0.0148437
537 0.014775
538 0.0147482
539 0.014728
540 0.0145614
541 0.0144192
542 0.01432
543 0.0141758
544 0.0140354
545 0.0139191
546 0.0137805
547 0.0137095
548 0.0135793
549 0.0134363
550 0.0133529
551 0.0132518
552 0.0132046
554 0.0131899
555 0.0130437
557 0.0129862
558 0.0129467
559 0.0129401
561 0.0128721
562 0.0128093
563 0.0127816
564 0.012759
565 0.0126805
566 0.0126255
567 0.0125702
568 0.0125083
569 0.0124501
570 0.0123998
571 0.0123609
572 0.0122988
573 0.0122443
574 0.0121872
575 0.0121333
576 0.0120821
577 0.0120616
578 0.011999
579 0.0119327
580 0.011876
581 0.0118314
582 0.0117694
583 0.0117077
584 0.0116467
585 0.0115886
586 0.0115288
587 0.0114743
588 0.0114128
589 0.0113534
590 0.0112937
591 0.0112345
593 0.0112309
594 0.0111777
595 0.011121
596 0.0110686
597 0.0110176
598 0.0109957
599 0.0109611
600 0.0108995
601 0.0108444
602 0.0107948
603 0.0107796
604 0.0107122
605 0.010658
606 0.0106129
607 0.0105797
608 0.0105206
609 0.0104678
610 0.0104259
611 0.0103635
612 0.0103169
613 0.0102665
614 0.0102243
617 0.0101687
618 0.0101357
619 0.0101202
621 0.0101039
622 0.01004
623 0.0100186
624 0.00997244
625 0.00994282
626 0.00990314
628 0.00988499
629 0.009834
631 0.0097967
632 0.00975967
633 0.0097339
634 0.00970065
636 0.00968826
637 0.00963262
638 0.00962366
639 0.00960354
640 0.00955075
641 0.00950205
642 0.00946747
643 0.00942832
644 0.00939101
645 0.00934349
646 0.0092971
647 0.0092691
648 0.00925206
649 0.00919805
650 0.0091475
651 0.00910927
652 0.00906201
653 0.00905239
654 0.00902446
655 0.00896211
656 0.00891183
657 0.00886893
658 0.00883161
659 0.00877831
660 0.00874114
661 0.00869574
662 0.00864539
663 0.00859542
664 0.008546
665 0.00850376
666 0.00846965
667 0.00841345
668 0.00836875
669 0.0083396
670 0.0082962
671 0.00824538
672 0.00819631
673 0.00814753
674 0.00810069
675 0.00805313
676 0.00801275
677 0.00796818
678 0.00792981
679 0.00788998
680 0.0078482
681 0.00781677
682 0.00780171
683 0.00778803
684 0.00773023
685 0.00768735
686 0.00764484
687 0.00761217
688 0.0075708
689 0.0075418
690 0.00751822
691 0.0074783
692 0.0074547
693 0.00740742
694 0.00736799
695 0.0073412
696 0.00730902
697 0.00727552
698 0.00726826
699 0.00720575
700 0.00716837
701 0.00715837
702 0.00714458
703 0.00711943
704 0.00707308
705 0.00703597
706 0.00699581
707 0.00696352
708 0.00691653
709 0.00687129
710 0.00682684
711 0.00678327
712 0.00674126
713 0.00670282
714 0.00666723
715 0.00662439
716 0.00658537
717 0.00654455
718 0.00650499
719 0.00646512
720 0.00642574
721 0.00639394
722 0.00635808
723 0.00631815
724 0.00627881
725 0.00624253
726 0.00620454
727 0.00616793
728 0.00613231
729 0.00609756
730 0.00606056
731 0.00602365
732 0.00598844
733 0.00595536
734 0.00592098
736 0.00591331
737 0.00587879
738 0.00586385
739 0.00586142
741 0.00581684
742 0.00578497
743 0.00578316
744 0.00577044
745 0.0057286
746 0.00570154
747 0.00567727
748 0.00564358
750 0.00563995
751 0.00560559
752 0.00559589
753 0.00555214
754 0.00552166
755 0.00550712
756 0.00550381
758 0.00545764
759 0.00544304
761 0.00543129
762 0.00539824
763 0.00537048
765 0.00536214
766 0.00533728
767 0.00531951
770 0.00529541
771 0.0052812
772 0.0052738
775 0.00523525
776 0.00522357
777 0.00520322
779 0.00518824
780 0.0051523
781 0.00511842
782 0.00508489
783 0.00505411
784 0.00502532
785 0.00499199
786 0.00495865
787 0.00492588
788 0.00489609
789 0.0048676
790 0.00484474
791 0.00481041
792 0.00477803
793 0.00474595
794 0.0047135
795 0.00468114
796 0.00464899
797 0.00461656
798 0.00458412
799 0.00455181
800 0.00452001
801 0.00448829
802 0.00445654
803 0.00442726
804 0.00440394
805 0.00437118
806 0.00434137
807 0.00431432
808 0.00428491
809 0.00426054
810 0.00423729
811 0.00420884
812 0.00417993
813 0.00415193
814 0.00412713
815 0.00409943
816 0.00407696
817 0.00404772
818 0.00401786
819 0.00398946
820 0.00395991
821 0.00393543
822 0.00390796
823 0.00388121
824 0.00386266
825 0.00383891
826 0.00381655
827 0.00381256
828 0.00377689
829 0.00375877
830 0.00373146
831 0.00370527
832 0.00368055
833 0.00367122
834 0.00365312
835 0.00362831
836 0.00360219
837 0.00358252
840 0.00356457
841 0.00355644
842 0.00353691
843 0.00353581
845 0.00349808
846 0.00349114
847 0.00346949
848 0.00345425
851 0.00343545
854 0.00341555
855 0.00339905
857 0.00337732
858 0.00337371
859 0.00337228
860 0.00336519
861 0.00333584
862 0.00331254
863 0.00328885
864 0.00327378
865 0.00325071
866 0.00323759
867 0.00322835
868 0.00322576
870 0.00321555
871 0.00318607
872 0.00318328
874 0.00317824
876 0.00317032
877 0.00316761
878 0.00316533
880 0.00315853
881 0.00314795
882 0.00314314
883 0.00314032
884 0.00312616
885 0.00312074
886 0.0031086
887 0.00309793
888 0.00308749
889 0.0030756
890 0.0030639
891 0.00305234
892 0.0030411
893 0.00302985
894 0.00301863
895 0.00301368
896 0.0030016
897 0.00299091
898 0.00297934
899 0.00296913
900 0.00295844
901 0.00295084
902 0.00294238
903 0.00292924
904 0.00291954
905 0.00291583
908 0.00290358
909 0.00289974
910 0.002889
912 0.00288606
913 0.00287459
914 0.00286366
915 0.00285389
916 0.00284497
917 0.00284069
918 0.00283429
919 0.00282353
920 0.00281296
921 0.00280313
922 0.00280026
923 0.00278489
924 0.00277693
925 0.00277256
927 0.00276673
928 0.00275667
929 0.00274888
932 0.00273807
933 0.00272891
934 0.0027245
935 0.00271741
936 0.00271246
937 0.00270069
938 0.00269181
939 0.00268516
940 0.00268173
941 0.00267862
943 0.00267591
944 0.00266364
945 0.00265603
946 0.00264802
948 0.00264748
949 0.00263731
950 0.00263024
951 0.00261986
952 0.00261122
953 0.00260144
954 0.00259218
955 0.00258919
956 0.00258631
957 0.00257868
958 0.002567
959 0.00255635
960 0.00254688
961 0.0025385
962 0.00252842
963 0.00251837
964 0.00250831
965 0.0024983
966 0.00248867
967 0.00247971
968 0.00246969
969 0.00245994
970 0.00244985
971 0.00243973
972 0.00242961
973 0.00241949
974 0.00240936
975 0.00239924
976 0.00238912
977 0.00237901
978 0.00236896
979 0.00235898
980 0.00234891
981 0.00233934
982 0.00232997
983 0.0023203
984 0.00231225
985 0.00230289
986 0.00229329
987 0.00228448
988 0.00227576
989 0.00226807
990 0.00225814
991 0.00225007
992 0.00224165
993 0.00223294
994 0.00222959
995 0.00222329
996 0.00221196
997 0.00220465
998 0.00220402
999 0.00219827
1000 0.00219014
1001 0.0021834
1003 0.00218023
1004 0.00217386
1005 0.00217172
1008 0.00216191
1009 0.00215837
1010 0.00215124
1011 0.00214862
1012 0.00213738
1013 0.00212884
1014 0.00212062
1015 0.00211581
1018 0.00210844
1020 0.002101
1021 0.00210012
1022 0.0020986
1023 0.002095
1024 0.00208508
1025 0.00207714
1026 0.00206825
1027 0.00205936
1028 0.00205053
1029 0.00204176
1030 0.00203317
1031 0.00202469
1032 0.00201602
1033 0.00200891
1034 0.00200253
1035 0.00199674
1036 0.00198758
1037 0.00197924
1038 0.0019713
1039 0.00196357
1040 0.00196
1041 0.00195132
1042 0.00194259
1043 0.00193631
1044 0.00193129
1045 0.00192838
1047 0.00192533
1048 0.00191868
1050 0.00191534
1051 0.00191461
1053 0.00191142
1054 0.00190995
1055 0.00190664
1056 0.00190427
1057 0.00190403
1058 0.00190397
1059 0.00190025
1060 0.00189674
1061 0.00189331
1062 0.00188988
1063 0.00188645
1064 0.00188303
1065 0.00187968
1066 0.00187628
1067 0.00187293
1068 0.00187097
1069 0.00186802
1070 0.00186457
1071 0.00186113
1072 0.00185769
1073 0.00185426
1074 0.00185083
1075 0.00184741
1076 0.00184399
1077 0.00184059
1078 0.00183723
1079 0.00183383
1080 0.00183046
1081 0.00182707
1082 0.0018237
1083 0.00182035
1084 0.00181698
1085 0.00181367
1086 0.00181031
1087 0.001807
1088 0.00180367
1089 0.00180035
1090 0.0017971
1091 0.00179377
1092 0.00179078
1093 0.0017879
1094 0.00178455
1095 0.00178126
1096 0.00177802
1097 0.00177486
1098 0.00177161
1099 0.00176849
1100 0.0017652
1101 0.00176199
1102 0.00175881
1103 0.00175563
1104 0.00175241
1105 0.00174929
1106 0.00174606
1107 0.00174327
1108 0.00174003
1109 0.00173689
1110 0.00173365
1111 0.00173218
1112 0.00173044
1113 0.00172719
1114 0.00172398
1115 0.00172082
1116 0.0017178
1117 0.00171651
1118 0.00171305
1119 0.00170981
1120 0.00170681
1121 0.00170451
1122 0.00170184
1123 0.00170126
1124 0.0016975
1125 0.00169417
1126 0.0016914
1127 0.00168837
1128 0.00168527
1129 0.00168254
1130 0.0016794
1131 0.0016763
1132 0.00167333
1133 0.00167128
1134 0.00166791
1135 0.00166483
1136 0.00166231
1137 0.001662
1139 0.00165856
1140 0.00165548
1141 0.00165285
1142 0.00165132
1143 0.00164844
1144 0.00164796
1145 0.00164422
1146 0.00164096
1147 0.0016384
1148 0.00163559
1149 0.00163255
1150 0.00162948
1151 0.00162645
1152 0.00162348
1153 0.00162045
1154 0.00161756
1155 0.00161456
1156 0.00161159
1157 0.00160909
1158 0.00160605
1159 0.00160302
1160 0.00159999
1161 0.00159698
1162 0.001594
1163 0.00159124
1164 0.00158845
1165 0.00158598
1166 0.00158281
1167 0.00157981
1168 0.00157684
1169 0.0015741
1170 0.00157112
1171 0.00156814
1172 0.00156518
1173 0.00156232
1174 0.00155946
1175 0.00155651
1176 0.00155356
1177 0.00155068
1178 0.00154775
1179 0.0015449
1180 0.00154202
1181 0.00153928
1182 0.0015364
1183 0.00153354
1184 0.00153067
1185 0.00152814
1186 0.00152574
1187 0.00152283
1188 0.00151994
1189 0.00151711
1190 0.00151422
1191 0.00151135
1192 0.00150849
1193 0.00150581
1194 0.00150306
1195 0.00150023
1196 0.00149742
1197 0.00149458
1198 0.00149176
1199 0.0014891
1200 0.00148659
1201 0.00148375
1202 0.00148099
1203 0.00147818
1204 0.00147539
1205 0.00147388
1206 0.00147155
1207 0.0014688
1208 0.00146631
1209 0.00146368
1210 0.00146119
1211 0.00145928
1213 0.00145859
1214 0.00145611
1215 0.00145473
1216 0.00145407
1217 0.00145365
1218 0.001452
1219 0.00144905
1220 0.00144732
1223 0.00144454
1224 0.00144191
1225 0.00143957
1226 0.00143747
1227 0.00143549
1228 0.00143265
1229 0.00142989
1230 0.00142719
1231 0.00142469
1232 0.00142209
1233 0.0014195
1234 0.00141737
1235 0.00141465
1236 0.00141202
1237 0.00140937
1238 0.00140704
1239 0.00140525
1240 0.00140336
1241 0.00140026
1242 0.00139758
1243 0.00139502
1244 0.00139255
1245 0.00139004
1246 0.00138753
1247 0.00138495
1248 0.00138236
1249 0.00137991
1250 0.00137803
1251 0.00137526
1252 0.00137288
1253 0.00137064
1254 0.00136817
1255 0.00136626
1256 0.00136345
1257 0.00136084
1258 0.00135874
1259 0.00135632
1260 0.00135579
1261 0.00135301
1262 0.00135015
1263 0.00134754
1264 0.00134517
1265 0.00134306
1266 0.00134263
1267 0.0013424
1268 0.00133948
1269 0.00133665
1270 0.00133398
1271 0.00133143
1272 0.00132878
1273 0.00132613
1274 0.0013235
1275 0.00132088
1276 0.00131823
1277 0.00131572
1278 0.0013131
1279 0.00131044
1280 0.00130779
1281 0.00130521
1282 0.00130257
1283 0.00129995
1284 0.00129736
1285 0.00129478
1286 0.00129216
1287 0.00128972
1288 0.00128733
1289 0.00128471
1290 0.0012821
1291 0.0012795
1292 0.0012769
1293 0.00127431
1294 0.00127201
1295 0.00126942
1296 0.00126686
1297 0.00126434
1298 0.00126178
1299 0.00125921
1300 0.00125665
1301 0.00125421
1302 0.00125168
1303 0.00124915
1304 0.00124675
1305 0.00124424
1306 0.00124171
1307 0.0012392
1308 0.00123669
1309 0.00123423
1310 0.00123178
1311 0.00122936
1312 0.0012269
1313 0.00122442
1314 0.00122196
1315 0.00121956
1316 0.00121711
1317 0.00121467
1318 0.00121223
1319 0.00120978
1320 0.00120741
1321 0.00120499
1322 0.00120285
1323 0.00120042
1324 0.00119797
1325 0.00119554
1326 0.00119311
1327 0.00119072
1328 0.00118836
1329 0.00118613
1330 0.00118375
1331 0.00118137
1332 0.00117902
1333 0.00117663
1334 0.00117429
1335 0.00117191
1336 0.00116955
1337 0.0011673
1338 0.00116492
1339 0.00116263
1340 0.00116027
1341 0.00115801
1342 0.00115567
1343 0.00115339
1344 0.00115117
1345 0.0011496
1346 0.00114705
1347 0.00114478
1348 0.0011425
1349 0.00114046
1350 0.00113842
1351 0.0011361
1352 0.00113392
1353 0.00113167
1354 0.00112942
1355 0.00112729
1356 0.0011251
1357 0.00112289
1358 0.00112076
1359 0.00111877
1360 0.00111646
1361 0.00111415
1362 0.00111189
1363 0.00110973
1364 0.00110749
1365 0.00110523
1366 0.00110297
1367 0.00110091
1368 0.00109861
1369 0.00109649
1370 0.00109446
1371 0.00109237
1372 0.00109074
1373 0.00108828
1374 0.001086
1375 0.00108385
1376 0.00108158
1377 0.00107934
1378 0.0010771
1379 0.00107487
1380 0.00107264
1381 0.00107043
1382 0.00106825
1383 0.00106608
1384 0.00106386
1385 0.00106166
1386 0.00105964
1387 0.00105742
1388 0.00105521
1389 0.00105301
1390 0.00105117
1391 0.00105041
1392 0.00104747
1393 0.00104533
1394 0.00104335
1395 0.00104145
1396 0.0010398
1397 0.0010381
1398 0.0010359
1399 0.00103368
1400 0.00103144
1401 0.00102919
1402 0.00102694
1403 0.0010247
1404 0.00102248
1405 0.00102028
1406 0.0010182
1407 0.00101681
1408 0.00101503
1409 0.0010127
1410 0.00101064
1411 0.00100893
1412 0.00100723
1414 0.00100701
1415 0.00100486
1416 0.00100415
1417 0.00100364
1418 0.00100112
1420 0.000998925
1421 0.000996883
1422 0.000995259
1423 0.00099451
1424 0.000992729
1425 0.000990663
1426 0.000989051
1427 0.000987035
1428 0.000985646
1429 0.000984195
1430 0.000981925
1431 0.000979982
1432 0.000978036
1433 0.000976624
1434 0.000974494
1435 0.00097251
1436 0.000970684
1437 0.000968652
1438 0.000967036
1439 0.000965032
1440 0.00096353
1441 0.000962425
1442 0.000960015
1443 0.000958005
1444 0.000956107
1445 0.000954786
1446 0.000953028
1447 0.000951363
1448 0.000949265
1449 0.000947432
1450 0.000945457
1451 0.000943542
1452 0.000943403
1454 0.00094109
1455 0.0009391
1456 0.000937954
1457 0.000937426
1458 0.00093652
1459 0.000934032
1460 0.000931939
1461 0.00093007
1462 0.00092908
1463 0.000928958
1465 0.000926744
1466 0.000924779
1467 0.000923961
1468 0.000922544
1469 0.00092057
1470 0.000918595
1471 0.000916681
1472 0.000915256
1473 0.000913728
1474 0.000913683
1475 0.000912985
1476 0.000910897
1477 0.000909422
1478 0.000907553
1479 0.000906526
1480 0.000906495
1481 0.000906346
1482 0.000904184
1483 0.000902242
1484 0.000900298
1485 0.000898492
1486 0.000896518
1487 0.00089464
1488 0.000892655
1489 0.0008907
1490 0.000888738
1491 0.00088679
1492 0.000884952
1493 0.000883264
1494 0.00088139
1495 0.00087991
1496 0.000877977
1497 0.000876049
1498 0.000874128
1499 0.000872236
1500 0.000870325
1501 0.000868417
1502 0.000866669
1503 0.000864808
1504 0.00086305
1505 0.000861262
1506 0.000859327
1507 0.000857416
1508 0.000855519
1509 0.000853694
1510 0.000851794
1511 0.000849925
1512 0.000848537
1513 0.000847125
1514 0.00084514
1515 0.000843238
1516 0.000841365
1517 0.000839503
1518 0.000837774
1519 0.000836082
1520 0.000834217
1521 0.000832442
1522 0.000830587
1523 0.000828787
1524 0.000826961
1525 0.000825126
1526 0.000823299
1527 0.000821497
1528 0.000819691
1529 0.000818065
1530 0.000816387
1531 0.00081473
1532 0.00081302
1533 0.000811355
1534 0.000809971
1535 0.000808099
1536 0.000806852
1537 0.000805489
1538 0.000804419
1540 0.000804363
1541 0.000802351
1542 0.000801622
1543 0.000800331
1545 0.000799736
1546 0.000798003
1547 0.000796352
1548 0.000794821
1549 0.000794597
1550 0.000792682
1551 0.000790837
1552 0.000789645
1553 0.000788781
1554 0.000787503
1556 0.000787157
1557 0.000785412
1558 0.000785041
1560 0.000784289
1561 0.000782889
1562 0.000782804
1564 0.00078097
1565 0.00077922
1566 0.000777448
1567 0.000775751
1568 0.000774096
1569 0.000772442
1570 0.00077074
1571 0.000769031
1572 0.000767312
1573 0.000765588
1574 0.000763908
1575 0.000762189
1576 0.000760482
1577 0.000758837
1578 0.000757267
1579 0.000755876
1580 0.000754297
1581 0.000752681
1582 0.000751089
1583 0.000749403
1584 0.000747946
1585 0.000746397
1586 0.000745242
1587 0.000743686
1588 0.000742074
1589 0.000740664
1590 0.000738887
1591 0.000737622
1592 0.000736162
1593 0.000735506
1595 0.000735189
1596 0.000733285
1597 0.000732481
1598 0.000731573
1601 0.000729682
1603 0.000728113
1604 0.000726807
1605 0.000725248
1606 0.000724788
1607 0.000724002
1608 0.000722166
1609 0.000720549
1610 0.000719628
1611 0.000717799
1612 0.00071654
1613 0.000715526
1614 0.000714331
1615 0.000712549
1616 0.000710919
1617 0.000709272
1618 0.000707698
1619 0.000706144
1620 0.00070477
1621 0.000703129
1622 0.000701469
1623 0.000699833
1624 0.000698237
1625 0.000697598
1626 0.000697336
1627 0.000696855
1628 0.000695113
1629 0.000693727
1630 0.000693528
1633 0.000691951
