1 3735120000.0
12 3567950000.0
13 3405600000.0
14 3255670000.0
15 3116800000.0
16 2975400000.0
17 2847210000.0
18 2733550000.0
19 2633640000.0
20 2545630000.0
21 2467430000.0
22 2397160000.0
23 2333240000.0
24 2204220000.0
25 2097890000.0
26 1994540000.0
27 1881650000.0
28 1774400000.0
29 1676210000.0
30 1589310000.0
31 1514120000.0
32 1449640000.0
33 1394220000.0
34 1346200000.0
35 1250300000.0
36 1181810000.0
37 1116370000.0
38 1037710000.0
39 960439000.0
40 887956000.0
41 823145000.0
42 767580000.0
43 721179000.0
44 682708000.0
45 650652000.0
46 585570000.0
47 544681000.0
48 507415000.0
49 459895000.0
50 412164000.0
51 366749000.0
52 326270000.0
53 292499000.0
54 265666000.0
55 244752000.0
56 228403000.0
57 191571000.0
58 171247000.0
59 154032000.0
60 131807000.0
61 109741000.0
62 89015700.0
63 71206700.0
64 57389600.0
65 47476400.0
66 40556200.0
67 39879500.0
68 26374300.0
69 20359200.0
70 15877800.0
71 15721200.0
72 8638980.0
73 4969600.0
74 2714740.0
76 1042160.0
78 1005340.0
89 855917.0
91 766677.0
93 683632.0
95 469430.0
96 348232.0
98 146379.0
100 90392.5
108 89084.0
114 61085.1
117 43928.7
118 36680.1
122 29001.4
126 20525.7
128 14467.5
130 9795.38
133 8141.8
135 7126.97
137 6881.6
139 6053.74
141 5477.11
143 2928.77
146 1746.08
148 1580.68
158 1395.8
159 1319.62
160 971.104
161 672.73
165 599.399
170 501.977
176 338.106
178 314.644
180 192.537
183 144.834
185 118.091
189 113.371
192 98.6554
195 92.0287
196 70.2033
197 50.8758
202 34.2803
203 34.0434
205 24.4666
207 17.7383
208 13.2152
210 8.01947
213 6.30004
216 5.84156
218 4.66051
219 4.42899
220 4.08451
221 2.95296
224 2.42137
225 2.23614
229 1.83766
233 1.4332
235 0.985496
237 0.367718
238 0.298441
246 0.273229
252 0.164298
257 0.116694
259 0.10884
261 0.102494
265 0.0798351
268 0.0714087
269 0.035312
270 0.017975
272 0.017835
277 0.0156798
