1 33634100000.0
2 32387600000.0
3 25557700000.0
5 19234000000.0
6 18698400000.0
9 17376500000.0
10 10352700000.0
11 7039210000.0
12 4175720000.0
13 3340600000.0
15 1198140000.0
16 635045000.0
17 627929000.0
18 352967000.0
20 99086200.0
25 33843000.0
26 9656560.0
27 8168970.0
34 7844960.0
35 6248500.0
37 3890800.0
42 3099720.0
46 2237620.0
50 2208130.0
55 2195230.0
67 2193450.0
70 2138540.0
73 2131400.0
74 2131070.0
76 2127740.0
77 2123950.0
78 2119310.0
80 2118210.0
83 2117660.0
84 2117420.0
86 2111620.0
89 2111280.0
90 2109040.0
91 2109020.0
93 2108050.0
94 2106650.0
95 2106330.0
99 2105570.0
100 2105320.0
103 2104090.0
105 2103730.0
106 2102880.0
107 2101790.0
108 2101160.0
109 2099910.0
110 2099480.0
113 2099340.0
114 2099030.0
118 2098620.0
120 2098100.0
121 2096970.0
122 2096490.0
123 2096310.0
124 2096070.0
125 2096050.0
126 2095650.0
127 2095370.0
129 2094420.0
130 2093580.0
131 2093190.0
133 2093010.0
134 2092370.0
135 2091900.0
138 2091290.0
139 2091240.0
140 2090850.0
141 2090730.0
142 2090690.0
145 2089820.0
146 2089250.0
147 2089170.0
148 2088790.0
150 2088560.0
151 2088050.0
154 2087740.0
156 2087630.0
159 2087210.0
161 2086950.0
162 2086530.0
163 2086300.0
165 2085860.0
166 2085540.0
169 2084630.0
170 2084320.0
173 2084030.0
175 2083660.0
176 2083260.0
177 2082400.0
178 2081830.0
179 2081430.0
181 2081280.0
182 2080800.0
183 2080570.0
184 2080230.0
186 2079940.0
187 2079690.0
189 2079460.0
190 2078570.0
191 2078130.0
192 2078020.0
193 2077910.0
194 2077450.0
195 2077170.0
196 2076750.0
199 2075660.0
200 2074920.0
201 2074580.0
202 2074390.0
205 2074310.0
208 2073260.0
209 2073160.0
211 2072270.0
212 2071310.0
214 2071260.0
215 2070760.0
216 2070490.0
218 2069390.0
219 2068470.0
221 2068350.0
222 2067990.0
223 2067550.0
224 2065930.0
225 2064900.0
226 2064350.0
227 2063460.0
228 2063420.0
230 2061980.0
231 2060410.0
232 2058980.0
233 2057640.0
234 2056520.0
235 2055130.0
236 2054060.0
237 2052790.0
238 2051710.0
239 2050300.0
240 2048930.0
241 2047690.0
242 2046600.0
243 2045670.0
244 2045250.0
245 2044330.0
246 2043740.0
247 2043370.0
248 2042320.0
249 2041340.0
250 2040510.0
251 2039630.0
252 2039330.0
253 2038840.0
254 2038390.0
255 2038080.0
257 2037610.0
258 2036140.0
259 2034960.0
260 2034160.0
261 2033320.0
262 2032410.0
263 2031520.0
264 2030390.0
265 2029690.0
266 2028580.0
267 2028040.0
268 2026130.0
269 2024420.0
270 2023380.0
271 2022220.0
272 2022120.0
273 2021950.0
274 2020620.0
275 2018850.0
276 2017160.0
277 2015580.0
278 2014460.0
279 2013190.0
280 2011860.0
281 2011080.0
282 2010070.0
283 2009220.0
284 2008700.0
285 2007800.0
286 2007400.0
288 2006650.0
289 2005640.0
290 2004910.0
291 2003820.0
292 2003760.0
293 2003230.0
294 2002140.0
295 2001370.0
296 2001190.0
298 2000780.0
300 2000620.0
301 1999590.0
302 1998690.0
303 1997960.0
304 1997570.0
305 1997170.0
307 1996960.0
310 1996270.0
311 1996010.0
316 1995080.0
318 1994880.0
319 1994550.0
320 1993830.0
321 1992940.0
323 1992880.0
324 1991720.0
325 1990470.0
326 1989220.0
327 1987970.0
328 1986890.0
331 1986130.0
333 1985820.0
335 1984290.0
336 1983370.0
339 1982440.0
340 1981990.0
341 1981950.0
342 1980910.0
343 1980740.0
344 1980530.0
345 1979650.0
346 1979200.0
347 1978130.0
348 1977020.0
349 1975900.0
350 1974670.0
351 1973530.0
352 1972640.0
353 1970720.0
354 1969200.0
355 1967480.0
356 1965840.0
357 1964700.0
358 1963380.0
359 1962210.0
360 1961900.0
361 1960810.0
364 1960120.0
365 1959910.0
366 1959890.0
368 1959100.0
369 1957680.0
370 1956090.0
371 1954590.0
372 1953190.0
373 1951970.0
374 1951720.0
378 1951610.0
379 1950920.0
381 1950240.0
382 1950180.0
385 1949830.0
386 1949490.0
388 1948620.0
389 1948350.0
391 1947960.0
392 1947490.0
393 1947200.0
394 1947120.0
395 1946880.0
396 1946680.0
397 1946290.0
399 1945880.0
400 1945200.0
401 1945010.0
403 1944990.0
404 1944970.0
406 1944270.0
409 1943610.0
410 1943150.0
411 1943000.0
412 1942830.0
413 1942820.0
414 1942260.0
415 1942120.0
418 1941020.0
419 1940330.0
421 1940280.0
422 1939970.0
424 1939580.0
425 1939570.0
426 1939250.0
427 1938680.0
430 1938040.0
431 1937920.0
433 1937650.0
434 1937560.0
435 1937300.0
436 1936980.0
437 1936690.0
439 1936520.0
440 1935510.0
441 1935090.0
442 1934460.0
443 1934250.0
444 1933710.0
445 1932640.0
446 1931740.0
447 1930940.0
448 1930350.0
449 1929670.0
450 1928730.0
451 1927660.0
452 1926600.0
453 1925540.0
454 1924460.0
455 1923440.0
456 1922410.0
457 1921620.0
458 1920750.0
459 1920530.0
462 1919930.0
463 1918290.0
464 1917330.0
465 1916840.0
468 1915780.0
469 1914830.0
470 1914190.0
472 1913520.0
474 1913360.0
475 1911810.0
476 1910540.0
477 1908920.0
478 1907320.0
479 1905750.0
480 1904300.0
481 1903250.0
482 1902500.0
483 1902300.0
487 1902100.0
488 1901500.0
489 1899530.0
490 1898340.0
491 1897390.0
492 1896190.0
494 1895930.0
495 1894790.0
496 1894000.0
497 1893290.0
498 1893180.0
499 1893040.0
500 1891960.0
501 1891180.0
502 1890670.0
503 1890050.0
504 1889690.0
507 1888590.0
508 1888410.0
509 1888260.0
510 1887720.0
513 1887020.0
514 1886820.0
516 1886600.0
517 1885730.0
518 1885490.0
521 1885450.0
523 1885190.0
524 1884190.0
525 1883950.0
527 1882950.0
528 1882020.0
529 1880870.0
530 1879680.0
531 1878510.0
532 1877330.0
533 1876180.0
534 1875050.0
535 1873840.0
536 1873060.0
537 1871590.0
538 1870170.0
539 1868930.0
540 1867610.0
541 1866340.0
542 1865260.0
543 1864490.0
544 1863460.0
545 1862150.0
546 1860900.0
547 1859460.0
548 1858060.0
549 1856730.0
550 1855620.0
551 1854540.0
555 1854060.0
556 1853000.0
557 1852370.0
558 1851970.0
563 1850860.0
564 1850070.0
565 1849550.0
568 1848730.0
570 1848640.0
571 1847840.0
572 1847320.0
573 1847170.0
576 1847130.0
577 1846070.0
578 1845630.0
579 1845310.0
582 1845070.0
583 1844500.0
586 1844010.0
589 1843330.0
590 1842900.0
591 1842280.0
592 1842040.0
597 1840830.0
598 1840410.0
601 1839670.0
603 1839330.0
604 1838800.0
605 1838440.0
606 1838330.0
607 1837420.0
608 1836420.0
609 1835630.0
610 1835090.0
611 1835060.0
613 1833130.0
614 1832070.0
615 1831670.0
616 1831590.0
617 1830610.0
618 1830010.0
620 1829600.0
621 1829560.0
622 1829400.0
623 1828010.0
624 1826610.0
625 1825220.0
626 1823880.0
627 1822740.0
628 1821480.0
629 1820290.0
630 1819240.0
631 1818580.0
632 1817840.0
634 1817760.0
635 1816820.0
636 1816010.0
637 1815170.0
638 1814740.0
639 1814450.0
640 1814340.0
642 1812940.0
643 1812500.0
644 1811230.0
645 1810740.0
646 1810240.0
649 1809710.0
650 1808690.0
651 1808490.0
653 1807190.0
654 1806530.0
655 1805580.0
656 1805350.0
657 1804220.0
658 1804200.0
660 1803240.0
661 1801730.0
662 1800270.0
663 1798840.0
664 1797340.0
665 1795880.0
666 1794470.0
667 1793080.0
668 1791810.0
669 1790630.0
670 1789990.0
671 1788940.0
672 1787780.0
673 1786710.0
674 1786410.0
675 1785580.0
676 1784440.0
677 1783440.0
678 1783110.0
682 1782920.0
683 1782660.0
684 1780950.0
685 1780260.0
687 1780210.0
688 1779080.0
689 1778660.0
690 1778450.0
691 1778040.0
692 1777920.0
693 1776840.0
694 1775890.0
695 1774920.0
696 1774190.0
697 1773110.0
698 1772390.0
699 1771830.0
700 1771600.0
702 1771360.0
703 1770950.0
706 1769910.0
707 1769750.0
708 1769610.0
709 1769460.0
711 1769000.0
715 1767510.0
716 1766510.0
717 1766470.0
718 1766180.0
719 1765680.0
721 1765480.0
722 1764420.0
723 1763830.0
724 1762860.0
725 1762150.0
726 1761170.0
727 1760880.0
729 1760510.0
730 1759660.0
731 1758770.0
732 1758500.0
733 1758420.0
736 1758100.0
738 1757520.0
739 1756200.0
740 1755280.0
741 1755040.0
743 1754810.0
744 1753540.0
747 1752140.0
748 1750240.0
749 1748550.0
750 1747250.0
751 1745800.0
752 1745380.0
753 1744440.0
756 1743180.0
757 1742150.0
758 1740900.0
759 1740140.0
760 1739030.0
761 1738040.0
764 1737150.0
765 1736190.0
766 1735650.0
767 1735100.0
770 1734690.0
773 1733380.0
774 1732680.0
775 1732370.0
777 1732250.0
778 1732030.0
781 1731750.0
782 1730780.0
783 1730670.0
784 1730330.0
785 1729840.0
786 1729190.0
787 1728670.0
788 1728180.0
789 1728080.0
790 1727910.0
791 1727190.0
792 1726350.0
793 1725620.0
794 1725060.0
795 1724640.0
799 1724450.0
801 1724180.0
802 1723630.0
806 1723260.0
807 1723110.0
808 1723060.0
809 1722810.0
810 1722590.0
811 1722540.0
812 1722530.0
813 1722050.0
814 1721670.0
815 1721310.0
816 1721130.0
817 1720920.0
818 1720880.0
819 1720850.0
820 1720640.0
821 1720210.0
822 1719900.0
824 1719870.0
825 1719450.0
826 1719330.0
827 1719300.0
828 1719260.0
829 1719140.0
830 1719110.0
831 1718980.0
832 1718960.0
834 1718440.0
835 1718000.0
836 1717620.0
837 1717410.0
838 1716980.0
839 1716650.0
840 1716340.0
841 1716140.0
842 1715960.0
843 1715640.0
844 1715430.0
845 1715050.0
846 1714650.0
847 1714250.0
848 1713870.0
849 1713600.0
850 1713360.0
851 1712970.0
852 1712640.0
853 1712400.0
856 1712200.0
857 1711920.0
858 1711710.0
859 1711680.0
861 1711380.0
862 1711190.0
865 1710680.0
866 1710550.0
867 1710530.0
868 1710260.0
869 1710180.0
871 1709980.0
873 1709890.0
874 1709480.0
875 1709240.0
876 1709050.0
879 1708720.0
880 1708360.0
881 1708180.0
882 1708080.0
883 1707620.0
884 1707200.0
885 1706800.0
886 1706420.0
887 1706040.0
888 1705640.0
889 1705270.0
890 1704880.0
891 1704500.0
892 1704220.0
893 1703870.0
894 1703470.0
895 1703090.0
896 1702700.0
897 1702300.0
898 1701900.0
899 1701510.0
900 1701130.0
901 1700740.0
902 1700410.0
903 1700080.0
904 1699790.0
905 1699360.0
906 1698960.0
907 1698570.0
908 1698200.0
909 1697810.0
910 1697410.0
911 1697020.0
912 1696680.0
913 1696450.0
914 1696060.0
915 1695640.0
916 1695240.0
917 1694840.0
918 1694500.0
919 1694100.0
920 1693670.0
921 1693240.0
922 1692820.0
923 1692400.0
924 1692000.0
925 1691590.0
926 1691180.0
927 1690720.0
928 1690310.0
929 1689860.0
930 1689370.0
931 1688900.0
932 1688420.0
933 1687940.0
934 1687470.0
935 1686990.0
936 1686520.0
937 1686280.0
938 1685800.0
939 1685370.0
940 1684790.0
941 1684240.0
942 1683750.0
943 1683250.0
944 1682820.0
945 1682310.0
946 1681800.0
947 1681320.0
948 1680800.0
949 1680290.0
950 1679780.0
951 1679290.0
952 1678740.0
953 1678210.0
954 1677670.0
955 1677140.0
956 1676600.0
957 1676060.0
958 1675510.0
959 1674990.0
960 1674560.0
961 1674320.0
962 1673760.0
963 1673210.0
964 1672670.0
965 1672150.0
966 1671610.0
967 1671060.0
968 1670500.0
969 1669950.0
970 1669420.0
971 1669240.0
972 1668900.0
973 1668870.0
975 1668200.0
976 1668100.0
977 1667420.0
978 1666680.0
979 1666070.0
980 1665730.0
983 1665300.0
984 1664730.0
985 1664460.0
986 1663900.0
987 1663180.0
988 1662500.0
989 1662070.0
990 1661350.0
991 1660750.0
992 1660170.0
993 1659660.0
994 1658970.0
995 1658280.0
996 1657710.0
997 1657180.0
998 1656700.0
999 1656270.0
1000 1655720.0
1001 1655300.0
1002 1654880.0
1003 1654410.0
1004 1653850.0
1005 1653360.0
1006 1652900.0
1007 1652550.0
1008 1652170.0
1009 1651700.0
1010 1651370.0
1011 1651020.0
1012 1650640.0
1013 1650280.0
1014 1649830.0
1015 1649410.0
1016 1649080.0
1017 1648690.0
1018 1648360.0
1019 1648030.0
1020 1647770.0
1021 1647510.0
1022 1647030.0
1023 1646610.0
1024 1646150.0
1025 1645710.0
1026 1645240.0
1027 1644800.0
1028 1644340.0
1029 1643850.0
1030 1643350.0
1031 1642850.0
1032 1642340.0
1033 1641840.0
1034 1641330.0
1035 1640830.0
1036 1640310.0
1037 1639960.0
1038 1639460.0
1039 1638910.0
1040 1638380.0
1041 1637850.0
1042 1637330.0
1043 1636820.0
1044 1636300.0
1045 1635770.0
1046 1635260.0
1047 1634740.0
1048 1634210.0
1049 1633690.0
1050 1633160.0
1051 1632680.0
1052 1632180.0
1053 1631580.0
1054 1631020.0
1055 1630470.0
1056 1630140.0
1057 1629540.0
1058 1628950.0
1059 1628360.0
1060 1627790.0
1061 1627270.0
1062 1626790.0
1063 1626190.0
1064 1625610.0
1065 1625190.0
1066 1624630.0
1067 1624090.0
1068 1623700.0
1069 1623330.0
1070 1623060.0
1071 1622600.0
1072 1622070.0
1073 1621560.0
1074 1621090.0
1075 1620690.0
1076 1620240.0
1077 1619790.0
1078 1619450.0
1079 1619240.0
1080 1618810.0
1081 1618380.0
1082 1617920.0
1083 1617480.0
1084 1617130.0
1085 1616690.0
1086 1616240.0
1087 1615830.0
1088 1615410.0
1089 1615070.0
1090 1614830.0
1091 1614720.0
1092 1614560.0
1093 1614130.0
1094 1613780.0
1095 1613340.0
1096 1613000.0
1097 1612590.0
1098 1612470.0
1099 1612270.0
1100 1612240.0
1101 1611960.0
1102 1611390.0
1103 1611020.0
1104 1610450.0
1105 1610130.0
1106 1609660.0
1107 1609240.0
1108 1608900.0
1109 1608500.0
1111 1608450.0
1112 1607860.0
1113 1607260.0
1114 1606740.0
1115 1606430.0
1116 1605970.0
1117 1605660.0
1118 1605200.0
1119 1604900.0
1120 1604280.0
1121 1603620.0
1122 1602940.0
1123 1602260.0
1124 1601580.0
1125 1600900.0
1126 1600210.0
1127 1599520.0
1128 1598830.0
1129 1598130.0
1130 1597450.0
1131 1596770.0
1132 1596190.0
1133 1595590.0
1134 1594980.0
1135 1594560.0
1136 1593900.0
1137 1593230.0
1138 1592640.0
1139 1591890.0
1140 1591220.0
1141 1590830.0
1142 1590250.0
1143 1589680.0
1144 1589520.0
1147 1589500.0
1148 1588890.0
1149 1588260.0
1150 1587740.0
1151 1587310.0
1153 1587290.0
1154 1586790.0
1155 1586450.0
1156 1586150.0
1157 1585690.0
1158 1585130.0
1159 1584640.0
1160 1584130.0
1161 1583780.0
1162 1583270.0
1163 1582750.0
1164 1582210.0
1165 1581730.0
1166 1581410.0
1167 1581220.0
1168 1580970.0
1169 1580630.0
1170 1580400.0
1171 1579850.0
1172 1579460.0
1173 1578990.0
1174 1578680.0
1175 1578500.0
1180 1578040.0
1181 1577920.0
1182 1577550.0
1183 1577310.0
1186 1576910.0
1187 1576730.0
1188 1576420.0
1189 1576110.0
1190 1575970.0
1191 1575850.0
1194 1575540.0
1195 1575100.0
1196 1575060.0
1198 1574780.0
1199 1574560.0
1202 1574280.0
1203 1573990.0
1204 1573640.0
1205 1573240.0
1206 1572870.0
1207 1572680.0
1208 1572640.0
1209 1572630.0
1210 1572390.0
1211 1572120.0
1212 1571810.0
1213 1571470.0
1214 1571110.0
1215 1570880.0
1216 1570570.0
1217 1570480.0
1218 1570380.0
1221 1570260.0
1222 1570050.0
1223 1569740.0
1225 1569720.0
1226 1569330.0
1227 1569090.0
1228 1568960.0
1229 1568950.0
1230 1568940.0
1232 1568760.0
1234 1568570.0
1235 1568200.0
1236 1567920.0
1237 1567620.0
1238 1567240.0
1239 1566950.0
1240 1566670.0
1241 1566280.0
1242 1565900.0
1243 1565540.0
1244 1565230.0
1245 1564920.0
1246 1564640.0
1248 1564580.0
1249 1564430.0
1250 1564090.0
1251 1563940.0
1254 1563750.0
1255 1563570.0
1256 1563490.0
1258 1563290.0
1259 1562890.0
1260 1562630.0
1263 1562380.0
1264 1562190.0
1265 1562160.0
1267 1561820.0
1268 1561520.0
1269 1561340.0
1270 1561260.0
1271 1561130.0
1272 1560730.0
1273 1560440.0
1275 1560410.0
1276 1560130.0
1277 1560040.0
1280 1559980.0
1281 1559900.0
1282 1559490.0
1283 1559380.0
1284 1559330.0
1286 1558960.0
1287 1558680.0
1288 1558490.0
1289 1558290.0
1291 1558280.0
1292 1558220.0
1293 1558130.0
1294 1557700.0
1295 1557380.0
1296 1557340.0
1298 1557000.0
1299 1556700.0
1300 1556650.0
1301 1556620.0
1302 1556540.0
1304 1556150.0
1305 1555770.0
1306 1555460.0
1307 1555140.0
1308 1554920.0
1311 1554830.0
1313 1554820.0
1314 1554710.0
1315 1554340.0
1316 1554070.0
1317 1553880.0
1318 1553490.0
1319 1553220.0
1320 1553060.0
1321 1552860.0
1322 1552690.0
1323 1552520.0
1324 1552130.0
1325 1551840.0
1326 1551730.0
1327 1551360.0
1328 1551190.0
1329 1551140.0
1330 1551070.0
1332 1551050.0
1333 1550650.0
1334 1550430.0
1335 1550170.0
1336 1550110.0
1337 1549970.0
1339 1549850.0
1340 1549520.0
1341 1549160.0
1342 1548770.0
1343 1548520.0
1344 1548290.0
1347 1548140.0
1348 1547980.0
1349 1547920.0
1350 1547490.0
1351 1547100.0
1352 1546720.0
1353 1546360.0
1354 1546120.0
1355 1545780.0
1356 1545750.0
1357 1545690.0
1358 1545290.0
1359 1545000.0
1360 1544530.0
1361 1544060.0
1362 1543580.0
1363 1543140.0
1364 1542650.0
1365 1542150.0
1366 1541670.0
1367 1541170.0
1368 1540660.0
1369 1540150.0
1370 1539640.0
1371 1539130.0
1372 1538620.0
1373 1538100.0
1374 1537630.0
1375 1537110.0
1376 1536600.0
1377 1536090.0
1378 1535590.0
1379 1535130.0
1380 1534670.0
1381 1534240.0
1382 1533880.0
1383 1533850.0
1384 1533660.0
1385 1533620.0
1386 1533310.0
1387 1532410.0
1388 1531690.0
1389 1531240.0
1390 1530690.0
1391 1530330.0
1392 1529870.0
1393 1529590.0
1396 1529090.0
1397 1528630.0
1398 1527920.0
1399 1527220.0
1400 1526560.0
1401 1525980.0
1402 1525420.0
1403 1524930.0
1404 1524660.0
1405 1524590.0
1407 1523870.0
1408 1523170.0
1409 1522660.0
1410 1522220.0
1411 1521740.0
1412 1521130.0
1413 1520640.0
1414 1520390.0
1415 1520170.0
1416 1519810.0
1417 1519650.0
1419 1518960.0
1421 1518630.0
1422 1517720.0
1423 1517040.0
1424 1516580.0
1425 1516330.0
1426 1516160.0
1427 1516090.0
1430 1515760.0
1431 1515190.0
1432 1514630.0
1433 1514070.0
1434 1513500.0
1435 1512990.0
1436 1512530.0
1437 1512270.0
1438 1512180.0
1440 1511680.0
1441 1511190.0
1442 1510740.0
1443 1510340.0
1444 1510030.0
1445 1509710.0
1448 1509680.0
1449 1509630.0
1450 1509210.0
1451 1508880.0
1452 1508650.0
1453 1508580.0
1454 1508420.0
1455 1507960.0
1456 1507760.0
1457 1507630.0
1459 1507280.0
1460 1507060.0
1464 1507020.0
1465 1506600.0
1466 1506420.0
1467 1506370.0
1468 1506350.0
1469 1506150.0
1472 1505660.0
1473 1505290.0
1474 1504890.0
1475 1504590.0
1476 1504470.0
1481 1504000.0
1482 1503710.0
1483 1503400.0
1484 1503310.0
1485 1502820.0
1486 1502780.0
1487 1502680.0
1488 1502360.0
1489 1502170.0
1490 1501720.0
1491 1501190.0
1492 1500660.0
1493 1500130.0
1494 1499610.0
1495 1499090.0
1496 1498570.0
1497 1498060.0
1498 1497650.0
1499 1497550.0
1503 1497260.0
1504 1496720.0
1505 1496170.0
1506 1495860.0
1507 1495580.0
1508 1495450.0
1510 1495400.0
1512 1495050.0
1513 1494510.0
1514 1493900.0
1515 1493490.0
1516 1493030.0
1517 1492400.0
1518 1491840.0
1519 1491250.0
1520 1490690.0
1521 1490020.0
1522 1489330.0
1523 1488640.0
1524 1487940.0
1525 1487250.0
1526 1486550.0
1527 1485880.0
1528 1485180.0
1529 1484500.0
1530 1483820.0
1531 1483160.0
1532 1482520.0
1533 1481850.0
1534 1481200.0
1535 1480540.0
1536 1479910.0
1537 1479370.0
1538 1478950.0
1539 1478450.0
1540 1478170.0
1541 1477490.0
1542 1476900.0
1543 1476500.0
1544 1476060.0
1545 1475800.0
1546 1475330.0
1547 1474940.0
1548 1474390.0
1549 1474180.0
1550 1473920.0
1552 1473860.0
1554 1473780.0
1555 1473230.0
1556 1472900.0
1557 1472620.0
1558 1472350.0
1559 1471870.0
1560 1471650.0
1561 1471360.0
1562 1471200.0
1563 1470860.0
1564 1470660.0
1565 1470430.0
1566 1470100.0
1567 1469860.0
1568 1469610.0
1569 1469210.0
1573 1469160.0
1574 1468730.0
1575 1468390.0
1576 1468100.0
1577 1467840.0
1578 1467410.0
1579 1467010.0
1580 1466620.0
1581 1466360.0
1582 1466100.0
1583 1465790.0
1584 1465510.0
1585 1465180.0
1586 1464610.0
1587 1464190.0
1588 1463780.0
1589 1463330.0
1590 1462940.0
1591 1462550.0
1592 1462150.0
1593 1461790.0
1594 1461430.0
1595 1461170.0
1596 1460900.0
1597 1460240.0
1598 1459650.0
1599 1459250.0
1600 1458910.0
1601 1458750.0
1603 1458550.0
1604 1458490.0
1606 1457910.0
1607 1457320.0
1608 1456760.0
1609 1456230.0
1610 1455840.0
1611 1455350.0
1612 1455040.0
1613 1454610.0
1614 1454380.0
1615 1453790.0
1616 1453330.0
1617 1452770.0
1618 1452290.0
1619 1451970.0
1620 1451450.0
1621 1451270.0
1622 1450860.0
1625 1450200.0
1626 1449620.0
1627 1449100.0
1628 1448690.0
1631 1448340.0
1632 1448050.0
1633 1447690.0
1634 1447160.0
1635 1446670.0
1636 1446200.0
1637 1445730.0
1638 1445380.0
1639 1444950.0
1640 1444670.0
1641 1444470.0
1643 1443810.0
1644 1443200.0
1645 1442650.0
1646 1442420.0
1647 1442150.0
1648 1441870.0
1649 1441680.0
1650 1441660.0
1653 1441350.0
1654 1440750.0
1655 1440160.0
1656 1439740.0
1657 1439190.0
1658 1438720.0
1659 1438410.0
1660 1438170.0
1661 1437610.0
1662 1437030.0
1663 1436490.0
1664 1435970.0
1665 1435590.0
1666 1435320.0
1667 1434720.0
1668 1434200.0
1669 1433660.0
1670 1433140.0
1671 1432640.0
1672 1432160.0
1673 1431820.0
1674 1431590.0
1675 1431290.0
1676 1431060.0
1677 1430960.0
1678 1430700.0
1679 1430130.0
1680 1429630.0
1681 1429250.0
1682 1429040.0
1685 1428990.0
1686 1428820.0
1687 1428680.0
1688 1428170.0
1689 1427750.0
1690 1427440.0
1691 1427350.0
1692 1427330.0
1693 1426850.0
1696 1426380.0
1697 1425900.0
1698 1425560.0
1699 1425510.0
1700 1425380.0
1701 1425120.0
1702 1424610.0
1703 1424570.0
1705 1424040.0
1706 1423540.0
1707 1423140.0
1708 1422830.0
1709 1422360.0
1711 1422320.0
1712 1421800.0
1713 1421480.0
1714 1421000.0
1715 1420520.0
1716 1420110.0
1717 1419980.0
1718 1419380.0
1719 1418930.0
1720 1418540.0
1721 1417960.0
1722 1417600.0
1723 1417110.0
1724 1416770.0
1725 1416590.0
1726 1416030.0
1727 1415880.0
1728 1415560.0
1729 1415260.0
1730 1414600.0
1731 1414060.0
1732 1413470.0
1733 1412930.0
1734 1412400.0
1735 1411980.0
1736 1411890.0
1737 1411800.0
1738 1411420.0
1739 1411250.0
1740 1410800.0
1741 1410300.0
1742 1409780.0
1743 1409290.0
1744 1408850.0
1745 1408540.0
1746 1408410.0
1747 1407900.0
1748 1407520.0
1749 1407100.0
1750 1406700.0
1751 1406320.0
1752 1405920.0
1753 1405560.0
1754 1405440.0
1755 1405330.0
1757 1404970.0
1758 1404550.0
1759 1404240.0
1760 1403860.0
1761 1403470.0
1762 1403090.0
1763 1402760.0
1764 1402520.0
1765 1402380.0
1768 1401830.0
1769 1401350.0
1770 1401110.0
1771 1400870.0
1772 1400610.0
1773 1400440.0
1776 1400010.0
1777 1399540.0
1778 1399090.0
1779 1398570.0
1780 1398050.0
1781 1397550.0
1782 1397110.0
1783 1396530.0
1784 1395960.0
1785 1395420.0
1786 1394880.0
1787 1394350.0
1788 1393880.0
1789 1393300.0
1790 1392710.0
1791 1392130.0
1792 1391530.0
1793 1390970.0
1794 1390370.0
1795 1389770.0
1796 1389150.0
1797 1388540.0
1798 1387910.0
1799 1387280.0
1800 1386640.0
1801 1386000.0
1802 1385340.0
1803 1384670.0
1804 1384010.0
1805 1383350.0
1806 1382700.0
1807 1382090.0
1808 1381490.0
1809 1380860.0
1810 1380240.0
1811 1379650.0
1812 1379190.0
1813 1379040.0
1814 1378720.0
1815 1378330.0
1816 1377730.0
1817 1377240.0
1818 1376680.0
1819 1376120.0
1820 1375590.0
1821 1375180.0
1822 1374810.0
1823 1374590.0
1826 1374090.0
1827 1373630.0
1828 1373290.0
1829 1372940.0
1830 1372870.0
1832 1372290.0
1833 1372020.0
1834 1371750.0
1835 1371340.0
1836 1370930.0
1837 1370880.0
1839 1370560.0
1840 1370060.0
1841 1369730.0
1842 1369310.0
1843 1369020.0
1844 1368800.0
1845 1368790.0
1846 1368710.0
1847 1368590.0
1848 1368480.0
1849 1368030.0
1850 1367840.0
1851 1367450.0
1852 1367210.0
1853 1367110.0
1854 1366760.0
1855 1366690.0
1858 1366680.0
1859 1366280.0
1860 1366020.0
1861 1365950.0
1864 1365570.0
1865 1365250.0
1866 1365040.0
1867 1364720.0
1868 1364370.0
1869 1364010.0
1870 1363640.0
1871 1363260.0
1872 1362880.0
1873 1362490.0
1874 1362110.0
1875 1361720.0
1876 1361470.0
1877 1361440.0
1879 1361010.0
1880 1360510.0
1881 1359980.0
1882 1359430.0
1883 1358930.0
1884 1358760.0
1885 1358690.0
1887 1358210.0
1890 1357640.0
1891 1356920.0
1892 1356310.0
1893 1355720.0
1894 1355510.0
1896 1355360.0
1898 1354830.0
1899 1354440.0
1900 1353810.0
1901 1353260.0
1902 1352830.0
1903 1352690.0
1904 1352190.0
1905 1352110.0
1907 1351920.0
1908 1351900.0
1909 1351560.0
1910 1351130.0
1911 1350880.0
1912 1350500.0
1913 1350280.0
1915 1350260.0
1917 1350250.0
1918 1349940.0
1919 1349520.0
1920 1349360.0
1921 1348940.0
1922 1348830.0
1923 1348610.0
1924 1348500.0
1925 1348490.0
1926 1348420.0
1927 1348400.0
1928 1347980.0
1929 1347590.0
1930 1347290.0
1931 1346970.0
1932 1346630.0
1933 1346240.0
1934 1345820.0
1935 1345380.0
1936 1344890.0
1937 1344430.0
1938 1343880.0
1939 1343590.0
1941 1343510.0
1942 1342650.0
1943 1341820.0
1944 1341130.0
1945 1340650.0
1946 1340480.0
1948 1340060.0
1949 1339500.0
1950 1338940.0
1951 1338410.0
1952 1338060.0
1953 1338030.0
1955 1337370.0
1956 1336820.0
1957 1336420.0
1959 1336380.0
1960 1335880.0
1961 1335650.0
1962 1335610.0
1963 1335460.0
1964 1335270.0
1965 1334850.0
1966 1334510.0
1967 1334270.0
1968 1333940.0
1969 1333500.0
1970 1333060.0
1971 1332590.0
1972 1332190.0
1973 1331780.0
1974 1331570.0
1975 1331080.0
1976 1330450.0
1977 1329840.0
1978 1329310.0
1979 1328700.0
1980 1328180.0
1981 1327690.0
1982 1327510.0
1983 1327360.0
1985 1326860.0
1986 1326540.0
1987 1326280.0
1988 1326220.0
1989 1326130.0
1990 1325830.0
1991 1325630.0
1994 1325480.0
1996 1325100.0
1997 1324810.0
1998 1324540.0
1999 1324430.0
2001 1324380.0
2002 1324290.0
2005 1323860.0
2006 1323630.0
2007 1323540.0
2008 1323290.0
2010 1323240.0
2011 1323100.0
2014 1323080.0
2015 1322700.0
2016 1322400.0
2017 1322220.0
2018 1321900.0
2019 1321580.0
2020 1321390.0
2021 1321140.0
2022 1321020.0
2023 1321010.0
2024 1320750.0
2025 1320550.0
2027 1320420.0
2028 1320060.0
2029 1319910.0
2030 1319760.0
2031 1319730.0
2032 1319690.0
2033 1319680.0
2034 1319470.0
2035 1319140.0
2036 1318890.0
2037 1318600.0
2038 1318260.0
2039 1317940.0
2040 1317700.0
2041 1317520.0
2042 1317460.0
2043 1317210.0
2044 1317200.0
2046 1316770.0
2047 1316470.0
2048 1316350.0
2050 1316310.0
2053 1315980.0
2054 1315670.0
2055 1315470.0
2056 1315210.0
2058 1315160.0
2059 1314870.0
2060 1314710.0
2061 1314670.0
2062 1314600.0
2063 1314330.0
2064 1314030.0
2065 1313930.0
2066 1313780.0
2067 1313420.0
2068 1313170.0
2069 1312890.0
2070 1312680.0
2071 1312370.0
2072 1312110.0
2073 1311810.0
2074 1311480.0
2075 1311190.0
2076 1310880.0
2077 1310640.0
2078 1310340.0
2079 1310060.0
2080 1309880.0
2081 1309700.0
2082 1309540.0
2083 1309320.0
2084 1309220.0
2087 1309100.0
2088 1308800.0
2089 1308630.0
2090 1308620.0
2094 1308250.0
2095 1308040.0
2096 1307840.0
2097 1307700.0
2100 1307360.0
2101 1307200.0
2104 1306920.0
2105 1306770.0
2106 1306410.0
2107 1306220.0
2108 1305950.0
2109 1305550.0
2110 1305230.0
2111 1304990.0
2112 1304880.0
2113 1304870.0
2114 1304760.0
2115 1304390.0
2116 1304070.0
2117 1303700.0
2118 1303390.0
2119 1303120.0
2120 1303050.0
2121 1303010.0
2124 1302590.0
2125 1302370.0
2126 1301990.0
2127 1301780.0
2128 1301730.0
2129 1301590.0
2130 1301150.0
2131 1301050.0
2132 1300970.0
2133 1300620.0
2135 1300610.0
2136 1300210.0
2137 1299840.0
2138 1299760.0
2139 1299730.0
2140 1299370.0
2141 1298930.0
2142 1298690.0
2143 1298350.0
2144 1297830.0
2145 1297300.0
2146 1296800.0
2147 1296300.0
2148 1295830.0
2149 1295330.0
2150 1294840.0
2151 1294370.0
2152 1293950.0
2153 1293450.0
2154 1292950.0
2155 1292440.0
2156 1291930.0
2157 1291420.0
2158 1290910.0
2159 1290390.0
2160 1289900.0
2161 1289380.0
2162 1288850.0
2163 1288320.0
2164 1287810.0
2165 1287310.0
2166 1286810.0
2167 1286360.0
2168 1285880.0
2169 1285450.0
2170 1284980.0
2171 1284550.0
2172 1284120.0
2173 1283710.0
2174 1283290.0
2175 1282890.0
2176 1282520.0
2177 1282140.0
2178 1281730.0
2179 1281390.0
2180 1281030.0
2181 1280710.0
2182 1280290.0
2183 1280090.0
2184 1279570.0
2186 1279360.0
2187 1279110.0
2189 1279090.0
2190 1278390.0
2191 1278150.0
2193 1278140.0
2194 1277630.0
2195 1277250.0
2196 1277190.0
2198 1277080.0
2200 1276530.0
2201 1276030.0
2202 1275600.0
2203 1275260.0
2204 1274960.0
2205 1274640.0
2206 1274280.0
2208 1274190.0
2209 1273840.0
2210 1273310.0
2211 1272910.0
2212 1272660.0
2213 1272450.0
2214 1272150.0
2215 1271610.0
2216 1271220.0
2217 1270990.0
2218 1270540.0
2219 1270310.0
2220 1270000.0
2221 1269510.0
2222 1269050.0
2223 1268680.0
2224 1268310.0
2225 1268110.0
2226 1268100.0
2228 1267690.0
2229 1267280.0
2230 1266770.0
2231 1266300.0
2232 1265930.0
2233 1265650.0
2234 1265540.0
2235 1265380.0
2236 1265280.0
2237 1265010.0
2238 1264750.0
2239 1264260.0
2240 1263810.0
2241 1263460.0
2242 1263090.0
2243 1262980.0
2244 1262820.0
2246 1262500.0
2247 1262080.0
2248 1261580.0
2249 1261180.0
2250 1260980.0
2251 1260700.0
2252 1260470.0
2253 1260340.0
2255 1260190.0
2256 1259630.0
2257 1259080.0
2258 1258670.0
2259 1258590.0
2260 1258540.0
2261 1258430.0
2262 1257870.0
2263 1257380.0
2264 1257140.0
2265 1256840.0
2266 1256290.0
2267 1255760.0
2268 1255220.0
2269 1254710.0
2270 1254220.0
2271 1253730.0
2272 1253290.0
2273 1253130.0
2274 1252610.0
2275 1252160.0
2276 1251620.0
2277 1251150.0
2278 1250860.0
2279 1250520.0
2280 1250180.0
2281 1249930.0
2282 1249440.0
2283 1249210.0
2284 1248860.0
2285 1248340.0
2286 1247850.0
2287 1247370.0
2288 1246950.0
2289 1246540.0
2290 1246130.0
2291 1245730.0
2292 1245470.0
2293 1245320.0
2294 1244960.0
2295 1244700.0
2296 1244240.0
2297 1243780.0
2298 1243340.0
2299 1242920.0
2300 1242510.0
2301 1242190.0
2302 1241860.0
2303 1241630.0
2304 1241260.0
2305 1241130.0
2306 1241020.0
2307 1240530.0
2308 1240030.0
2309 1239530.0
2310 1239040.0
2311 1238550.0
2312 1238080.0
2313 1237670.0
2314 1237340.0
2315 1236840.0
2316 1236410.0
2317 1235910.0
2318 1235410.0
2319 1234910.0
2320 1234400.0
2321 1233910.0
2322 1233390.0
2323 1233030.0
2324 1232700.0
2325 1232380.0
2326 1232150.0
2327 1231840.0
2328 1231670.0
2329 1231110.0
2330 1230560.0
2331 1230010.0
2332 1229460.0
2333 1228920.0
2334 1228410.0
2335 1227880.0
2336 1227420.0
2337 1226920.0
2338 1226590.0
2339 1226270.0
2340 1226070.0
2341 1225980.0
2343 1225620.0
2344 1225000.0
2345 1224520.0
2346 1224160.0
2347 1223850.0
2349 1223780.0
2352 1223480.0
2353 1222980.0
2354 1222520.0
2355 1222140.0
2356 1221790.0
2357 1221280.0
2358 1220900.0
2359 1220720.0
2360 1220670.0
2361 1220250.0
2362 1219790.0
2363 1219550.0
2366 1218970.0
2367 1218550.0
2368 1218410.0
2370 1218090.0
2371 1217780.0
2372 1217450.0
2374 1217260.0
2375 1216730.0
2376 1216270.0
2377 1215750.0
2378 1215260.0
2379 1214800.0
2380 1214340.0
2381 1213940.0
2382 1213740.0
2383 1213590.0
2384 1213170.0
2385 1212640.0
2386 1212110.0
2387 1211660.0
2388 1211250.0
2389 1211000.0
2390 1210770.0
2391 1210630.0
2392 1210600.0
2395 1210140.0
2396 1209870.0
2397 1209520.0
2398 1209420.0
2399 1209260.0
2400 1208780.0
2401 1208550.0
2402 1208270.0
2403 1208200.0
2404 1208120.0
2405 1207730.0
2406 1207600.0
2407 1207260.0
2408 1206860.0
2409 1206500.0
2410 1206160.0
2411 1205890.0
2412 1205600.0
2413 1205290.0
2414 1204930.0
2415 1204700.0
2416 1204500.0
2417 1204360.0
2418 1204000.0
2419 1203650.0
2420 1203360.0
2421 1203050.0
2422 1202740.0
2423 1202600.0
2424 1202230.0
2425 1201840.0
2426 1201440.0
2427 1201030.0
2428 1200690.0
2429 1200300.0
2430 1199910.0
2431 1199620.0
2432 1199130.0
2433 1198710.0
2434 1198380.0
2435 1197890.0
2436 1197400.0
2437 1196920.0
2438 1196460.0
2439 1196040.0
2440 1195590.0
2441 1195230.0
2442 1194700.0
2443 1194220.0
2444 1193800.0
2445 1193550.0
2446 1193500.0
2447 1193480.0
2448 1193300.0
2449 1193180.0
2450 1193090.0
2451 1192500.0
2452 1191910.0
2453 1191370.0
2454 1190840.0
2455 1190290.0
2456 1189740.0
2457 1189180.0
2458 1188620.0
2459 1188070.0
2460 1187540.0
2461 1187000.0
2462 1186470.0
2463 1185960.0
2464 1185550.0
2466 1185520.0
2467 1185430.0
2469 1184560.0
2470 1183810.0
2471 1183220.0
2472 1182610.0
2473 1182180.0
2474 1181870.0
2475 1181540.0
2476 1181330.0
2477 1181010.0
2478 1180820.0
2479 1180290.0
2480 1179830.0
2481 1179320.0
2482 1178890.0
2483 1178600.0
2484 1178360.0
2485 1178280.0
2487 1177690.0
2488 1177180.0
2489 1176820.0
2490 1176390.0
2491 1175990.0
2492 1175640.0
2495 1175590.0
2496 1175430.0
2497 1174940.0
2498 1174550.0
2499 1174160.0
2500 1173830.0
2501 1173520.0
2502 1173210.0
2503 1172880.0
2504 1172640.0
2507 1172230.0
2508 1171850.0
2509 1171650.0
2510 1171570.0
2511 1171450.0
2512 1171340.0
2513 1171040.0
2515 1170920.0
2516 1170670.0
2517 1170300.0
2520 1170020.0
2523 1169710.0
2524 1169550.0
2525 1169470.0
2526 1169310.0
2527 1169130.0
2528 1168930.0
2530 1168840.0
2531 1168460.0
2532 1168210.0
2533 1168020.0
2534 1167850.0
2536 1167840.0
2539 1167570.0
2540 1167240.0
2541 1167140.0
2543 1167060.0
2544 1166710.0
2545 1166540.0
2546 1166510.0
2548 1166300.0
2549 1166040.0
2550 1165920.0
2552 1165760.0
2553 1165460.0
2554 1165220.0
2555 1165010.0
2556 1164950.0
2557 1164890.0
2558 1164580.0
2559 1164240.0
2560 1163990.0
2561 1163910.0
2562 1163590.0
2563 1163270.0
2564 1162960.0
2565 1162680.0
2566 1162380.0
2567 1162080.0
2568 1161850.0
2569 1161530.0
2570 1161330.0
2571 1161000.0
2572 1160730.0
2573 1160610.0
2574 1160590.0
2576 1160210.0
2577 1160080.0
2578 1159920.0
2580 1159820.0
2581 1159550.0
2582 1159350.0
2585 1159070.0
2586 1158800.0
2587 1158610.0
2590 1158300.0
2591 1158050.0
2592 1157820.0
2593 1157570.0
2594 1157290.0
2595 1157000.0
2596 1156760.0
2597 1156600.0
2598 1156390.0
2599 1156140.0
2600 1155890.0
2601 1155610.0
2602 1155400.0
2603 1155050.0
2604 1154710.0
2605 1154390.0
2606 1154120.0
2607 1153850.0
2608 1153660.0
2609 1153530.0
2610 1153520.0
2613 1153230.0
2614 1152870.0
2615 1152510.0
2616 1152150.0
2617 1151790.0
2618 1151440.0
2619 1151050.0
2620 1150690.0
2621 1150410.0
2622 1150140.0
2623 1149810.0
2624 1149200.0
2625 1148510.0
2626 1147830.0
2627 1147180.0
2628 1146560.0
2629 1145950.0
2630 1145510.0
2631 1145110.0
2633 1144940.0
2634 1144830.0
2635 1144730.0
2636 1144060.0
2637 1143920.0
2638 1143430.0
2639 1143240.0
2640 1142960.0
2641 1142770.0
2642 1142710.0
2643 1142500.0
2644 1142410.0
2646 1142110.0
2647 1141810.0
2648 1141550.0
2649 1141240.0
2650 1141010.0
2651 1140850.0
2652 1140690.0
2653 1140410.0
2654 1140310.0
2655 1140270.0
2656 1140030.0
2657 1139830.0
2658 1139620.0
2659 1139520.0
2662 1139130.0
2663 1138800.0
2664 1138540.0
2665 1138280.0
2666 1138030.0
2667 1137780.0
2668 1137560.0
2669 1137290.0
2670 1137190.0
2671 1137180.0
2673 1136810.0
2674 1136530.0
2675 1136260.0
2676 1135930.0
2677 1135580.0
2678 1135190.0
2679 1134780.0
2680 1134340.0
2681 1133900.0
2682 1133450.0
2683 1133000.0
2684 1132550.0
2685 1132110.0
2686 1131660.0
2687 1131250.0
2688 1130720.0
2689 1130280.0
2690 1129890.0
2691 1129430.0
2692 1129140.0
2693 1128810.0
2694 1128400.0
2696 1128260.0
2697 1127590.0
2698 1127000.0
2699 1126790.0
2700 1126370.0
2701 1126330.0
2703 1125900.0
2704 1125500.0
2705 1125190.0
2706 1124720.0
2707 1124510.0
2708 1124150.0
2709 1124140.0
2710 1124060.0
2711 1123560.0
2712 1123170.0
2713 1122770.0
2714 1122550.0
2715 1122160.0
2717 1122090.0
2718 1121950.0
2719 1121940.0
2720 1121820.0
2721 1121290.0
2722 1120880.0
2723 1120550.0
2724 1120290.0
2725 1120260.0
2727 1119770.0
2729 1119720.0
2730 1119160.0
2731 1118820.0
2732 1118610.0
2734 1118510.0
2735 1118140.0
2736 1117740.0
2737 1117460.0
2738 1117240.0
2739 1116860.0
2740 1116580.0
2741 1116450.0
2742 1116400.0
2743 1116250.0
2744 1115890.0
2745 1115710.0
2746 1115690.0
2748 1115430.0
2751 1115420.0
2752 1115270.0
2753 1114960.0
2754 1114940.0
2755 1114850.0
2756 1114630.0
2757 1114590.0
2758 1114530.0
2759 1114150.0
2760 1113960.0
2761 1113920.0
2763 1113710.0
2764 1113620.0
2766 1113440.0
2767 1113300.0
2768 1113040.0
2769 1112980.0
2772 1112900.0
2773 1112850.0
2775 1112440.0
2776 1112340.0
2778 1111990.0
2779 1111750.0
2780 1111520.0
2782 1111490.0
2784 1111470.0
2785 1111130.0
2786 1110950.0
2787 1110790.0
2788 1110530.0
2789 1110330.0
2790 1110280.0
2793 1109700.0
2794 1109300.0
2795 1109020.0
2796 1108930.0
2798 1108850.0
2799 1108700.0
2801 1108620.0
2802 1108200.0
2803 1107770.0
2804 1107390.0
2805 1106960.0
2806 1106690.0
2807 1106550.0
2809 1106090.0
2810 1105570.0
2811 1105070.0
2812 1104610.0
2813 1104180.0
2814 1103740.0
2815 1103350.0
2816 1102920.0
2817 1102790.0
2819 1102770.0
2820 1102340.0
2821 1101870.0
2822 1101750.0
2823 1101620.0
2824 1101590.0
2826 1101130.0
2827 1100970.0
2830 1100400.0
2831 1099990.0
2832 1099530.0
2833 1099080.0
2834 1098630.0
2835 1098150.0
2836 1097680.0
2837 1097240.0
2838 1096690.0
2839 1096120.0
2840 1095540.0
2841 1094970.0
2842 1094380.0
2843 1093920.0
2844 1093460.0
2845 1093210.0
2846 1093100.0
2847 1092640.0
2848 1092080.0
2849 1091640.0
2850 1091070.0
2851 1090720.0
2852 1090660.0
2853 1090580.0
2854 1090360.0
2855 1089990.0
2857 1089900.0
2858 1089330.0
2859 1088800.0
2860 1088470.0
2861 1088050.0
2862 1087980.0
2863 1087940.0
2864 1087680.0
2865 1087280.0
2866 1087070.0
2867 1086610.0
2868 1086170.0
2869 1085750.0
2870 1085480.0
2871 1085450.0
2873 1085120.0
2874 1084570.0
2875 1084180.0
2876 1083920.0
2877 1083690.0
2878 1083500.0
2880 1083320.0
2881 1083240.0
2882 1083220.0
2883 1082790.0
2884 1082510.0
2885 1082370.0
2887 1082240.0
2888 1081850.0
2889 1081660.0
2890 1081520.0
2891 1081230.0
2892 1080980.0
2893 1080900.0
2896 1080520.0
2897 1080170.0
2898 1080050.0
2901 1079930.0
2902 1079820.0
2903 1079670.0
2905 1079380.0
2906 1079140.0
2907 1078820.0
2908 1078720.0
2910 1078710.0
2913 1078340.0
2914 1078150.0
2915 1078070.0
2916 1077760.0
2919 1077390.0
2920 1077080.0
2921 1076820.0
2922 1076640.0
2923 1076550.0
2925 1076310.0
2926 1075940.0
2927 1075780.0
2928 1075510.0
2929 1075380.0
2930 1075290.0
2932 1075200.0
2933 1074760.0
2934 1074720.0
2935 1074660.0
2936 1074290.0
2937 1074030.0
2939 1073920.0
2940 1073620.0
2941 1073380.0
2942 1073050.0
2943 1073000.0
2944 1072830.0
2945 1072710.0
2947 1072240.0
2948 1071880.0
2949 1071570.0
2950 1071240.0
2951 1071110.0
2952 1071100.0
2953 1071030.0
2954 1070500.0
2955 1070090.0
2956 1069630.0
2957 1069350.0
2958 1069130.0
2959 1069090.0
2960 1068970.0
2961 1068880.0
2962 1068390.0
2963 1068110.0
2964 1067600.0
2965 1067110.0
2966 1066690.0
2967 1066250.0
2968 1065840.0
2969 1065500.0
2970 1065310.0
2971 1065170.0
2972 1064760.0
2975 1064220.0
2976 1063740.0
2977 1063370.0
2978 1063080.0
2981 1062610.0
2982 1062300.0
2983 1062110.0
2985 1061590.0
2986 1061200.0
2987 1060870.0
2988 1060460.0
2989 1060090.0
2990 1059560.0
2991 1059090.0
2992 1058550.0
2993 1058070.0
2994 1057610.0
2995 1057280.0
2996 1057010.0
2997 1056540.0
2998 1056080.0
2999 1055610.0
3000 1055210.0
3001 1054700.0
3002 1054320.0
3003 1054050.0
3006 1053540.0
3007 1053120.0
3008 1052760.0
3009 1052520.0
3010 1052090.0
3011 1051890.0
3014 1051480.0
3015 1051070.0
3016 1050730.0
3017 1050470.0
3018 1050390.0
3019 1050310.0
3020 1049980.0
3021 1049790.0
3022 1049450.0
3023 1049000.0
3024 1048580.0
3025 1048240.0
3026 1048010.0
3027 1047910.0
3028 1047700.0
3030 1047540.0
3031 1047460.0
3032 1047000.0
3033 1046630.0
3034 1046370.0
3037 1046170.0
3039 1046140.0
3041 1046040.0
3042 1045700.0
3043 1045480.0
3044 1045200.0
3045 1044970.0
3046 1044770.0
3047 1044640.0
3048 1044380.0
3049 1044250.0
3050 1043990.0
3051 1043710.0
3052 1043510.0
3055 1043120.0
3056 1043020.0
3057 1042960.0
3058 1042890.0
3059 1042730.0
3060 1042520.0
3061 1042420.0
3062 1042390.0
3063 1041970.0
3064 1041590.0
3065 1041190.0
3066 1040800.0
3067 1040370.0
3068 1039950.0
3069 1039530.0
3070 1039140.0
3071 1038750.0
3072 1038320.0
3073 1037900.0
3074 1037480.0
3075 1037100.0
3076 1036690.0
3077 1036290.0
3078 1035880.0
3079 1035470.0
3080 1035080.0
3081 1034700.0
3082 1034340.0
3083 1034160.0
3084 1033670.0
3086 1033580.0
3087 1033020.0
3088 1032660.0
3089 1032310.0
3090 1032140.0
3093 1031840.0
3094 1031500.0
3095 1031380.0
3097 1030880.0
3098 1030400.0
3099 1029930.0
3100 1029520.0
3101 1029120.0
3102 1028680.0
3103 1028300.0
3104 1028030.0
3105 1027620.0
3106 1027610.0
3108 1027170.0
3109 1026590.0
3110 1026120.0
3111 1025790.0
3112 1025720.0
3114 1025490.0
3115 1025090.0
3116 1024850.0
3117 1024360.0
3118 1023970.0
3119 1023430.0
3120 1022930.0
3121 1022460.0
3122 1022000.0
3123 1021570.0
3124 1021200.0
3125 1020760.0
3126 1020350.0
3127 1019920.0
3128 1019620.0
3129 1019300.0
3130 1019060.0
3131 1018630.0
3132 1018190.0
3133 1017790.0
3134 1017500.0
3135 1017330.0
3137 1017290.0
3138 1017270.0
3139 1016690.0
3140 1016220.0
3141 1015840.0
3142 1015470.0
3143 1015150.0
3144 1015100.0
3146 1014630.0
3147 1014360.0
3148 1013920.0
3149 1013730.0
3150 1013540.0
3151 1013250.0
3152 1012980.0
3153 1012870.0
3154 1012410.0
3155 1012160.0
3156 1011870.0
3157 1011440.0
3158 1011040.0
3159 1010760.0
3160 1010350.0
3161 1010040.0
3162 1009640.0
3163 1009250.0
3164 1008920.0
3165 1008640.0
3166 1008460.0
3167 1008170.0
3168 1007790.0
3169 1007460.0
3170 1007080.0
3171 1006650.0
3172 1006230.0
3173 1005870.0
3174 1005640.0
3175 1005270.0
3176 1005030.0
3177 1004740.0
3178 1004250.0
3179 1003880.0
3180 1003460.0
3181 1003260.0
3184 1003060.0
3185 1002960.0
3187 1002440.0
3188 1002100.0
3189 1001700.0
3190 1001440.0
3191 1001250.0
3194 1000930.0
3195 1000840.0
3196 1000750.0
3197 1000270.0
3198 999924.0
3200 999836.0
3201 999384.0
3202 999073.0
3203 998910.0
3204 998737.0
3206 998449.0
3207 998049.0
3208 997690.0
3209 997361.0
3210 997100.0
3211 996948.0
3212 996346.0
3213 995855.0
3214 995458.0
3215 995120.0
3216 994874.0
3217 994534.0
3218 994352.0
3219 994328.0
3220 994278.0
3221 994113.0
3222 993576.0
3223 993115.0
3224 992691.0
3225 992431.0
3226 992051.0
3227 991957.0
3228 991921.0
3229 991793.0
3231 991313.0
3232 990900.0
3233 990466.0
3234 990060.0
3235 989576.0
3236 989095.0
3237 988616.0
3238 988141.0
3239 987685.0
3240 987257.0
3241 986841.0
3242 986597.0
3243 986239.0
3244 986119.0
3246 985830.0
3247 985371.0
3248 984998.0
3249 984729.0
3250 984415.0
3252 984362.0
3253 984152.0
3254 983887.0
3255 983700.0
3256 983412.0
3257 983237.0
3260 982794.0
3261 982413.0
3262 982017.0
3263 981622.0
3264 981318.0
3265 981082.0
3266 980785.0
3267 980434.0
3268 980166.0
3269 979942.0
3270 979576.0
3271 979131.0
3272 978726.0
3273 978429.0
3274 978267.0
3275 978246.0
3277 978100.0
3278 978010.0
3280 977476.0
3281 977039.0
3282 976791.0
3284 976744.0
3285 976541.0
3287 976166.0
3288 975798.0
3289 975599.0
3290 975215.0
3291 974968.0
3292 974722.0
3293 974230.0
3294 974000.0
3295 973624.0
3296 973295.0
3297 973167.0
3299 972982.0
3300 972821.0
3301 972629.0
3302 972142.0
3303 971914.0
3304 971570.0
3305 971384.0
3306 971085.0
3307 970778.0
3308 970685.0
3310 970471.0
3311 969978.0
3312 969614.0
3313 969386.0
3314 969143.0
3315 968978.0
3317 968872.0
3318 968452.0
3319 968391.0
3320 968299.0
3321 967963.0
3322 967809.0
3323 967626.0
3324 967495.0
3327 967017.0
3328 966573.0
3329 966352.0
3330 966056.0
3333 965750.0
3334 965387.0
3335 965058.0
3336 964834.0
3337 964389.0
3338 964027.0
3339 963611.0
3340 963187.0
3341 962772.0
3342 962409.0
3343 962020.0
3344 961670.0
3345 961274.0
3346 960866.0
3347 960404.0
3348 959944.0
3349 959485.0
3350 959027.0
3351 958569.0
3352 958112.0
3353 957654.0
3354 957195.0
3355 956733.0
3356 956265.0
3357 955797.0
3358 955335.0
3359 954883.0
3360 954425.0
3361 953969.0
3362 953515.0
3363 953134.0
3364 952951.0
3365 952707.0
3366 952429.0
3367 952212.0
3368 952027.0
3369 951614.0
3370 951403.0
3371 951044.0
3372 950684.0
3373 950362.0
3374 950095.0
3377 949685.0
3378 949382.0
3379 949053.0
3380 948938.0
3381 948663.0
3382 948509.0
3385 948162.0
3386 947793.0
3387 947449.0
3388 947184.0
3389 946990.0
3390 946954.0
3391 946733.0
3392 946381.0
3393 946037.0
3394 945679.0
3395 945345.0
3396 945048.0
3397 944831.0
3398 944814.0
3399 944634.0
3400 944128.0
3401 943716.0
3402 943383.0
3403 943027.0
3404 942723.0
3405 942667.0
3406 942548.0
3407 942527.0
3408 942348.0
3409 941805.0
3410 941415.0
3411 941159.0
3412 940918.0
3413 940838.0
3414 940614.0
3415 940536.0
3416 940424.0
3417 940065.0
3418 939636.0
3419 939345.0
3420 939215.0
3423 938749.0
3424 938494.0
3425 938222.0
3426 938170.0
3427 938121.0
3428 937806.0
3429 937525.0
3431 937371.0
3432 936938.0
3433 936519.0
3434 936121.0
3435 935831.0
3436 935596.0
3437 935286.0
3440 935067.0
3441 934701.0
3442 934349.0
3443 934091.0
3446 933863.0
3447 933618.0
3448 933450.0
3450 933424.0
3451 933113.0
3452 933025.0
3453 932799.0
3455 932723.0
3456 932395.0
3457 932257.0
3458 931952.0
3459 931897.0
3460 931841.0
3461 931526.0
3462 931228.0
3463 930896.0
3464 930557.0
3465 930182.0
3466 929873.0
3467 929532.0
3468 929158.0
3469 928762.0
3470 928358.0
3471 927958.0
3472 927548.0
3473 927164.0
3474 926746.0
3475 926355.0
3476 925936.0
3477 925548.0
3478 925123.0
3479 924717.0
3480 924293.0
3481 923880.0
3482 923458.0
3483 923039.0
3484 922618.0
3485 922198.0
3486 921776.0
3487 921360.0
3488 920938.0
3489 920517.0
3490 920093.0
3491 919671.0
3492 919248.0
3493 918824.0
3494 918401.0
3495 917979.0
3496 917560.0
3497 917160.0
3498 916745.0
3499 916335.0
3500 915966.0
3501 915461.0
3502 914955.0
3503 914483.0
3504 914071.0
3505 913646.0
3506 913231.0
3507 912885.0
3508 912394.0
3509 911910.0
3510 911451.0
3511 910991.0
3512 910562.0
3513 910181.0
3514 909830.0
3515 909393.0
3516 908945.0
3517 908814.0
3518 908346.0
3521 907888.0
3522 907550.0
3523 907270.0
3524 907158.0
3526 906786.0
3529 906573.0
3530 906092.0
3531 905961.0
3532 905784.0
3534 905742.0
3535 905297.0
3536 904966.0
3537 904963.0
3539 904494.0
3540 904105.0
3541 903775.0
3544 903407.0
3545 903268.0
3546 903124.0
3547 902804.0
3549 902787.0
3550 902518.0
3552 902377.0
3553 902035.0
3554 901810.0
3557 901528.0
3558 901479.0
3560 901145.0
3561 900849.0
3562 900603.0
3563 900409.0
3564 900123.0
3565 900038.0
3566 899862.0
3567 899463.0
3568 899121.0
3569 898888.0
3570 898678.0
3573 898422.0
3574 898137.0
3575 897956.0
3576 897894.0
3577 897639.0
3578 897533.0
3579 897446.0
3581 897312.0
3582 896896.0
3583 896564.0
3584 896378.0
3585 896344.0
3587 896265.0
3589 896184.0
3590 896060.0
3591 895657.0
3592 895327.0
3593 895052.0
3594 894960.0
3595 894686.0
3596 894501.0
3597 894455.0
3599 894454.0
3600 894393.0
3601 893955.0
3602 893531.0
3603 893115.0
3604 892722.0
3605 892346.0
3606 891960.0
3607 891740.0
3608 891415.0
3609 891070.0
3612 890597.0
3613 890155.0
3614 889985.0
3615 889823.0
3616 889469.0
3617 889269.0
3618 889092.0
3621 889083.0
3623 888549.0
3624 888179.0
3625 887942.0
3626 887788.0
3627 887451.0
3629 887372.0
3630 887316.0
3631 887260.0
3632 886870.0
3633 886504.0
3634 886265.0
3635 886049.0
3636 885645.0
3637 885364.0
3638 885062.0
3639 884684.0
3640 884507.0
3641 884289.0
3642 883991.0
3643 883602.0
3644 883274.0
3646 883186.0
3647 882669.0
3648 882169.0
3649 881798.0
3650 881602.0
3652 881529.0
3653 881110.0
3654 880877.0
3655 880386.0
3656 880218.0
3657 880145.0
3658 879578.0
3659 879058.0
3660 878665.0
3661 878508.0
3662 878148.0
3663 877954.0
3665 877454.0
3666 877006.0
3667 876820.0
3668 876485.0
3669 876189.0
3670 876150.0
3671 876105.0
3672 875766.0
3673 875397.0
3674 874976.0
3675 874598.0
3676 874363.0
3677 874232.0
3678 874086.0
3679 874025.0
3680 873983.0
3681 873533.0
3682 873065.0
3683 872652.0
3684 872385.0
3685 872380.0
3686 872312.0
3689 872235.0
3691 871779.0
3692 871410.0
3693 871199.0
3694 870926.0
3695 870642.0
3696 870428.0
3699 870210.0
3700 869850.0
3701 869566.0
3704 869275.0
3705 869121.0
3706 869000.0
3708 868912.0
3709 868820.0
3710 868692.0
3712 868647.0
3713 868284.0
3714 868011.0
3715 867822.0
3716 867643.0
3718 867575.0
3719 867547.0
3721 867336.0
3722 867027.0
3723 866785.0
3724 866760.0
3726 866494.0
3727 866190.0
3728 866055.0
3730 866037.0
3731 865810.0
3733 865692.0
3734 865655.0
3736 865412.0
3737 865138.0
3738 865041.0
3739 864914.0
3740 864767.0
3741 864730.0
3742 864583.0
3743 864264.0
3744 864174.0
3746 863942.0
3747 863742.0
3748 863543.0
3749 863282.0
3750 863006.0
3751 862670.0
3752 862362.0
3753 862068.0
3754 861837.0
3755 861595.0
3756 861279.0
3757 860906.0
3758 860542.0
3759 860263.0
3760 859976.0
3761 859835.0
3762 859483.0
3763 859085.0
3764 858706.0
3765 858328.0
3766 857956.0
3767 857601.0
3768 857253.0
3769 856950.0
3770 856732.0
3771 856265.0
3772 855874.0
3773 855530.0
3774 855298.0
3775 855092.0
3776 854927.0
3778 854890.0
3780 854726.0
3781 854220.0
3782 854004.0
3783 853997.0
3785 853622.0
3786 853397.0
3787 853186.0
3791 853184.0
3792 852686.0
3793 852334.0
3794 852060.0
3795 851991.0
3799 851664.0
3800 851481.0
3801 851160.0
3802 850879.0
3803 850724.0
3804 850414.0
3806 850377.0
3807 850196.0
3808 849941.0
3809 849835.0
3810 849807.0
3811 849716.0
3814 849305.0
3815 849222.0
3816 849193.0
3817 849091.0
3818 849067.0
3819 849008.0
3820 848690.0
3821 848487.0
3822 848069.0
3823 847679.0
3824 847312.0
3825 846973.0
3826 846658.0
3827 846327.0
3828 846073.0
3829 845757.0
3830 845474.0
3831 845232.0
3832 844983.0
3833 844922.0
3834 844749.0
3835 844723.0
3837 844128.0
3838 843462.0
3839 843105.0
3840 842597.0
3841 842191.0
3842 841712.0
3843 841688.0
3844 841611.0
3845 841209.0
3846 840820.0
3847 840254.0
3848 839775.0
3849 839570.0
3850 839295.0
3851 838945.0
3852 838735.0
3853 838656.0
3855 838429.0
3856 838063.0
3857 837774.0
3858 837448.0
3859 837329.0
3860 836925.0
3861 836573.0
3862 836260.0
3863 836130.0
3864 836056.0
3865 835999.0
3867 835923.0
3869 835750.0
3870 835291.0
3871 834924.0
3872 834798.0
3875 834627.0
3876 834328.0
3877 834052.0
3878 833795.0
3879 833447.0
3880 833246.0
3881 832758.0
3882 832620.0
3883 832453.0
3884 832275.0
3885 832150.0
3886 831848.0
3887 831760.0
3888 831629.0
3890 831605.0
3891 831313.0
3892 831123.0
3893 831064.0
3894 831002.0
3895 830934.0
3896 830603.0
3897 830556.0
3899 830285.0
3900 830043.0
3903 830001.0
3905 829755.0
3906 829483.0
3907 829215.0
3908 829083.0
3909 828912.0
3910 828835.0
3911 828547.0
3912 828298.0
3913 828039.0
3914 827865.0
3915 827522.0
3916 827249.0
3917 826960.0
3918 826691.0
3919 826450.0
3920 826281.0
3921 826144.0
3924 825823.0
3925 825485.0
3926 825134.0
3927 824787.0
3928 824411.0
3929 824135.0
3930 823704.0
3931 823215.0
3932 822738.0
3933 822171.0
3934 821619.0
3935 821067.0
3936 820552.0
3937 820413.0
3938 820391.0
3940 819827.0
3941 819502.0
3942 819217.0
3943 819198.0
3944 819196.0
3947 818764.0
3948 818402.0
3949 818162.0
3950 817930.0
3951 817750.0
3952 817720.0
3953 817587.0
3954 817306.0
3955 817044.0
3956 816812.0
3957 816642.0
3958 816634.0
3961 816472.0
3962 816310.0
3963 816175.0
3964 816035.0
3965 815991.0
3967 815899.0
3968 815668.0
3970 815588.0
3971 815313.0
3972 815212.0
3974 815151.0
3975 814936.0
3976 814776.0
3977 814739.0
3979 814542.0
3980 814375.0
3981 814137.0
3983 814083.0
3984 813957.0
3985 813866.0
3986 813836.0
3988 813710.0
3991 813412.0
3992 813155.0
3993 812956.0
3994 812788.0
3995 812730.0
3996 812472.0
3997 812329.0
4001 812311.0
4002 812017.0
4005 811851.0
4006 811575.0
4009 811417.0
4010 811280.0
4011 810988.0
4012 810692.0
4013 810372.0
4014 810069.0
4015 809718.0
4016 809625.0
4018 809521.0
4019 809160.0
4021 809136.0
4022 808587.0
4023 808133.0
4024 808099.0
4025 807960.0
4026 807507.0
4027 807141.0
4028 806527.0
4029 806368.0
4030 806298.0
4031 805713.0
4032 805169.0
4033 804668.0
4034 804260.0
4035 803926.0
4036 803661.0
4037 803386.0
4038 803226.0
4039 803041.0
4040 802906.0
4042 802865.0
4043 802710.0
4044 802653.0
4045 802410.0
4046 802403.0
4048 802238.0
4051 801949.0
4052 801599.0
4053 801520.0
4054 801443.0
4055 801175.0
4056 800927.0
4057 800652.0
4058 800607.0
4060 800243.0
4061 799854.0
4062 799494.0
4063 799143.0
4064 798827.0
4065 798599.0
4066 798197.0
4067 797863.0
4068 797468.0
4069 797076.0
4070 796703.0
4071 796359.0
4072 796086.0
4073 795848.0
4074 795482.0
4075 795219.0
4076 794918.0
4077 794575.0
4078 794236.0
4079 793990.0
4080 793714.0
4081 793496.0
4082 793383.0
4083 793085.0
4084 792786.0
4085 792606.0
4086 792364.0
4087 792146.0
4088 791938.0
4089 791721.0
4090 791566.0
4091 791295.0
4092 791072.0
4093 790991.0
4094 790896.0
4095 790757.0
4096 790560.0
4097 790388.0
4098 790099.0
4099 789977.0
4100 789852.0
4102 789784.0
4103 789758.0
4104 789507.0
4105 789215.0
4106 788979.0
4107 788711.0
4108 788447.0
4109 788157.0
4110 787846.0
4111 787579.0
4112 787268.0
4113 786946.0
4114 786642.0
4115 786315.0
4116 786025.0
4117 785750.0
4118 785423.0
4119 785086.0
4120 784748.0
4121 784410.0
4122 784073.0
4123 783737.0
4124 783406.0
4125 783083.0
4126 782916.0
4127 782530.0
4128 782183.0
4129 781902.0
4130 781605.0
4131 781316.0
4132 781006.0
4133 780901.0
4134 780549.0
4135 780173.0
4136 779784.0
4137 779406.0
4138 779071.0
4139 778690.0
4140 778318.0
4141 777949.0
4142 777619.0
4143 777252.0
4144 776926.0
4145 776583.0
4146 776227.0
4147 775885.0
4148 775499.0
4149 775111.0
4150 774724.0
4151 774338.0
4152 773951.0
4153 773561.0
4154 773173.0
4155 772779.0
4156 772386.0
4157 771996.0
4158 771621.0
4159 771230.0
4160 770841.0
4161 770453.0
4162 770082.0
4163 769688.0
4164 769294.0
4165 768901.0
4166 768509.0
4167 768122.0
4168 767777.0
4169 767417.0
4170 767018.0
4171 766654.0
4172 766219.0
4173 765769.0
4174 765323.0
4175 764883.0
4176 764456.0
4177 764054.0
4178 763662.0
4179 763267.0
4180 762951.0
4181 762521.0
4182 762111.0
4183 761716.0
4184 761375.0
4185 761055.0
4186 760709.0
4187 760325.0
4188 759950.0
4189 759574.0
4190 759254.0
4191 758878.0
4192 758501.0
4193 758171.0
4194 757873.0
4195 757638.0
4196 757279.0
4197 756942.0
4198 756700.0
4199 756434.0
4200 756067.0
4201 755719.0
4202 755362.0
4203 755033.0
4204 754763.0
4205 754450.0
4206 754206.0
4207 753972.0
4208 753892.0
4209 753874.0
4210 753546.0
4211 753268.0
4212 752969.0
4213 752733.0
4214 752537.0
4215 752311.0
4216 752220.0
4217 751848.0
4218 751660.0
4219 751389.0
4220 751294.0
4221 751207.0
4223 751198.0
4226 750861.0
4227 750838.0
4228 750819.0
4229 750512.0
4230 750258.0
4233 749968.0
4234 749767.0
4235 749564.0
4236 749274.0
4237 748971.0
4238 748764.0
4239 748564.0
4240 748418.0
4241 748215.0
4242 748043.0
4245 747722.0
4246 747415.0
4249 747282.0
4250 747098.0
4251 747064.0
4253 746676.0
4254 746441.0
4255 746108.0
4256 745822.0
4257 745565.0
4258 745230.0
4259 745127.0
4260 744884.0
4261 744684.0
4262 744316.0
4263 743973.0
4264 743708.0
4265 743440.0
4266 743136.0
4267 742765.0
4268 742721.0
4269 742707.0
4270 742589.0
4271 742179.0
4272 741801.0
4273 741729.0
4274 741496.0
4275 741264.0
4276 740956.0
4277 740633.0
4278 740556.0
4279 740429.0
4280 740233.0
4281 739860.0
4282 739666.0
4283 739383.0
4286 739031.0
4287 738890.0
4288 738576.0
4290 738490.0
4291 738218.0
4292 737896.0
4293 737699.0
4294 737407.0
4295 737002.0
4296 736586.0
4297 736308.0
4298 735876.0
4299 735428.0
4300 735149.0
4301 734666.0
4302 734193.0
4303 733710.0
4304 733295.0
4305 732828.0
4306 732370.0
4307 731946.0
4308 731616.0
4309 731317.0
4310 730969.0
4311 730859.0
4312 730730.0
4313 730724.0
4314 730287.0
4315 729884.0
4316 729538.0
4317 729346.0
4318 729104.0
4319 729021.0
4320 728695.0
4321 728377.0
4322 728060.0
4323 727818.0
4324 727497.0
4325 727335.0
4327 727198.0
4328 727139.0
4330 726830.0
4331 726551.0
4332 726456.0
4333 726295.0
4335 726194.0
4336 725848.0
4337 725808.0
4339 725630.0
4340 725450.0
4341 725179.0
4342 725140.0
4344 724954.0
4345 724623.0
4346 724479.0
4347 724258.0
4350 724091.0
4351 723941.0
4352 723720.0
4353 723540.0
4354 723356.0
4355 723354.0
4357 722957.0
4358 722756.0
4361 722546.0
4364 722357.0
4365 722093.0
4366 721935.0
4367 721785.0
4368 721463.0
4369 721218.0
4370 721029.0
4371 720770.0
4372 720564.0
4373 720407.0
4374 720263.0
4377 719907.0
4378 719698.0
4380 719674.0
4381 719406.0
4382 719263.0
4385 718975.0
4386 718754.0
4389 718565.0
4390 718429.0
4391 718262.0
4392 717981.0
4393 717965.0
4394 717878.0
4395 717776.0
4396 717510.0
4398 717347.0
4399 717203.0
4400 716968.0
4401 716643.0
4402 716346.0
4403 716250.0
4405 715888.0
4406 715686.0
4407 715454.0
4408 715136.0
4409 715124.0
4411 714781.0
4412 714478.0
4413 714073.0
4414 713684.0
4415 713330.0
4416 713046.0
4417 712873.0
4418 712645.0
4419 712392.0
4420 712195.0
4423 711807.0
4424 711609.0
4425 711418.0
4426 711242.0
4427 711081.0
4428 710988.0
4429 710970.0
4430 710963.0
4431 710427.0
4432 709959.0
4433 709612.0
4434 709227.0
4435 708917.0
4436 708552.0
4437 708204.0
4438 707934.0
4441 707451.0
4442 707020.0
4443 706696.0
4444 706336.0
4445 706181.0
4446 705844.0
4447 705549.0
4448 705083.0
4449 704859.0
4450 704652.0
4451 704255.0
4452 704083.0
4453 704023.0
4455 703832.0
4456 703586.0
4457 703142.0
4458 703133.0
4460 702671.0
4461 702285.0
4462 702053.0
4463 701880.0
4466 701721.0
4467 701708.0
4468 701555.0
4469 701152.0
4470 700870.0
4471 700760.0
4472 700741.0
4473 700694.0
4474 700448.0
4476 700376.0
4477 700002.0
4478 699680.0
4479 699544.0
4481 699478.0
4482 699443.0
4483 699352.0
4484 699011.0
4485 698735.0
4486 698507.0
4487 698361.0
4488 698072.0
4489 697837.0
4490 697528.0
4491 697271.0
4492 697061.0
4493 696784.0
4494 696495.0
4495 696236.0
4496 695991.0
4497 695826.0
4498 695736.0
4501 695387.0
4502 695138.0
4503 694941.0
4505 694894.0
4507 694867.0
4510 694577.0
4511 694522.0
4513 694518.0
4514 694205.0
4515 694173.0
4516 694085.0
4517 693873.0
4518 693800.0
4520 693523.0
4521 693325.0
4522 693010.0
4523 692741.0
4524 692506.0
4525 692155.0
4526 691844.0
4527 691518.0
4528 691188.0
4529 690845.0
4530 690536.0
4531 690212.0
4532 689895.0
4533 689627.0
4534 689269.0
4535 688914.0
4536 688560.0
4537 688205.0
4538 687846.0
4539 687485.0
4540 687124.0
4541 686764.0
4542 686405.0
4543 686044.0
4544 685690.0
4545 685325.0
4546 685041.0
4547 684990.0
4552 684938.0
4553 684498.0
4554 684098.0
4555 683740.0
4556 683461.0
4557 683218.0
4558 682887.0
4559 682709.0
4560 682431.0
4563 682109.0
4564 681810.0
4565 681560.0
4566 681318.0
4567 681208.0
4568 680862.0
4569 680814.0
4570 680675.0
4571 680583.0
4573 680289.0
4574 680224.0
4575 679982.0
4576 679662.0
4577 679575.0
4578 679244.0
4581 678979.0
4582 678668.0
4583 678500.0
4584 678366.0
4585 678173.0
4586 677922.0
4587 677837.0
4588 677626.0
4589 677210.0
4590 676890.0
4591 676590.0
4592 676354.0
4593 676159.0
4594 676153.0
4598 675712.0
4599 675485.0
4600 675371.0
4601 675295.0
4603 674933.0
4604 674717.0
4605 674541.0
4606 674137.0
4607 673775.0
4608 673406.0
4609 673068.0
4610 672716.0
4611 672418.0
4612 672112.0
4613 671872.0
4614 671707.0
4616 671703.0
4617 671380.0
4618 671081.0
4619 670854.0
4620 670712.0
4621 670574.0
4623 670406.0
4624 670143.0
4625 670061.0
4627 669735.0
4628 669584.0
4631 669370.0
4632 669040.0
4633 668911.0
4634 668848.0
4636 668700.0
4637 668421.0
4639 668418.0
4640 668276.0
4641 667931.0
4642 667651.0
4643 667592.0
4645 667497.0
4647 667143.0
4648 666868.0
4649 666723.0
4650 666497.0
4651 666262.0
4652 665903.0
4653 665573.0
4654 665281.0
4655 664975.0
4656 664819.0
4657 664493.0
4659 664432.0
4660 664108.0
4661 663866.0
4662 663684.0
4664 663576.0
4665 663380.0
4666 663109.0
4668 663047.0
4669 662870.0
4671 662722.0
4672 662394.0
4673 662202.0
4674 662045.0
4675 661853.0
4676 661546.0
4678 661455.0
4679 661329.0
4680 660912.0
4681 660543.0
4682 660272.0
4683 660217.0
4685 660057.0
4686 659710.0
4687 659507.0
4688 659395.0
4689 659316.0
4690 659008.0
4691 658905.0
4692 658608.0
4695 658258.0
4696 658028.0
4697 657823.0
4698 657722.0
4699 657696.0
4702 657349.0
4703 657197.0
4704 657047.0
4705 657001.0
4706 656963.0
4708 656793.0
4709 656475.0
4710 656322.0
4711 656137.0
4714 655896.0
4715 655715.0
4716 655417.0
4717 655282.0
4718 654994.0
4719 654894.0
4722 654551.0
4723 654449.0
4724 654305.0
4725 654076.0
4727 654016.0
4728 653881.0
4729 653737.0
4731 653630.0
4732 653283.0
4733 653080.0
4734 652818.0
4735 652560.0
4736 652443.0
4737 652244.0
4738 652171.0
4740 651963.0
4741 651606.0
4742 651312.0
4743 651047.0
4744 650771.0
4745 650645.0
4746 650606.0
4747 650520.0
4749 650465.0
4750 650176.0
4751 649877.0
4752 649866.0
4753 649795.0
4754 649714.0
4755 649425.0
4756 649119.0
4758 649107.0
4759 648820.0
4760 648537.0
4761 648313.0
4762 648173.0
4765 647769.0
4766 647408.0
4767 647044.0
4768 646680.0
4769 646353.0
4770 645998.0
4771 645641.0
4772 645280.0
4773 644986.0
4774 644732.0
4775 644673.0
4776 644451.0
4777 644307.0
4778 643775.0
4779 643437.0
4780 643239.0
4781 643081.0
4782 642886.0
4783 642835.0
4785 642785.0
4786 642550.0
4787 642255.0
4788 641827.0
4789 641611.0
4790 641573.0
4791 641550.0
4792 641514.0
4794 641079.0
4795 640972.0
4797 640556.0
4798 640223.0
4799 639942.0
4800 639676.0
4801 639401.0
4802 639391.0
4803 639330.0
4805 639311.0
4806 638930.0
4807 638662.0
4808 638479.0
4809 638376.0
4810 638115.0
4811 638078.0
4812 637964.0
4813 637584.0
4814 637336.0
4815 636992.0
4816 636779.0
4819 636577.0
4820 636307.0
4821 636287.0
4823 635934.0
4824 635672.0
4825 635559.0
4826 635382.0
4828 635325.0
4829 634987.0
4831 634935.0
4832 634674.0
4835 634321.0
4836 634187.0
4837 634158.0
4838 634147.0
4839 633852.0
4840 633500.0
4841 633317.0
4842 633047.0
4843 632717.0
4844 632383.0
4845 632104.0
4846 631970.0
4847 631794.0
4849 631725.0
4850 631435.0
4853 631111.0
4854 630932.0
4855 630657.0
4856 630653.0
4858 630488.0
4859 630293.0
4860 629955.0
4861 629709.0
4862 629528.0
4865 629235.0
4866 629102.0
4869 628869.0
4870 628712.0
4871 628448.0
4873 628420.0
4874 628173.0
4875 628018.0
4876 627933.0
4878 627840.0
4881 627503.0
4882 627222.0
4883 626948.0
4884 626656.0
4885 626381.0
4886 626101.0
4887 625822.0
4888 625566.0
4889 625292.0
4890 625041.0
4891 624782.0
4892 624594.0
4893 624274.0
4894 623985.0
4895 623688.0
4896 623386.0
4897 623126.0
4898 622926.0
4899 622632.0
4900 622230.0
4901 621896.0
4902 621574.0
4903 621283.0
4904 621074.0
4905 620901.0
4906 620627.0
4907 620280.0
4908 620038.0
4909 619995.0
4910 619987.0
4913 619614.0
4914 619444.0
4915 619192.0
4916 618975.0
4917 618849.0
4919 618828.0
4921 618810.0
4922 618443.0
4923 618359.0
4925 618300.0
4926 617880.0
4929 617591.0
4930 617413.0
4931 617077.0
4932 616707.0
4933 616356.0
4934 615993.0
4935 615641.0
4936 615367.0
4937 614992.0
4938 614565.0
4939 614141.0
4940 613725.0
4941 613327.0
4942 613001.0
4943 612897.0
4944 612809.0
4947 612750.0
4948 612739.0
4949 612293.0
4950 611923.0
4951 611686.0
4952 611453.0
4953 611354.0
4956 611074.0
4957 610726.0
4958 610402.0
4959 610126.0
4962 609906.0
4963 609707.0
4964 609542.0
4966 609360.0
4967 609020.0
4968 608653.0
4969 608312.0
4970 608075.0
4971 607845.0
4972 607527.0
4973 607285.0
4974 607242.0
4975 607191.0
4976 606907.0
4977 606628.0
4978 606502.0
4981 606121.0
4982 605899.0
4985 605761.0
4986 605644.0
4987 605390.0
4989 605302.0
4990 604981.0
4991 604808.0
4992 604706.0
4994 604678.0
4996 604545.0
4997 604219.0
4998 603984.0
4999 603810.0
5000 603607.0
5001 603490.0
5004 603382.0
5006 603092.0
5007 602841.0
5008 602605.0
5009 602375.0
5010 602137.0
5011 601892.0
5012 601652.0
5013 601398.0
5014 601147.0
5015 600891.0
5016 600631.0
5017 600382.0
5018 600210.0
5019 600120.0
5020 599771.0
5021 599636.0
5023 599463.0
5024 599377.0
5026 599217.0
5029 598905.0
5030 598712.0
5031 598626.0
5032 598600.0
5033 598424.0
5034 598140.0
5035 597909.0
5036 597542.0
5037 597240.0
5038 596906.0
5039 596610.0
5040 596325.0
5041 596054.0
5042 595763.0
5043 595461.0
5044 595161.0
5045 594847.0
5046 594536.0
5047 594282.0
5048 593941.0
5049 593720.0
5051 593702.0
5054 593362.0
5055 593241.0
5058 592914.0
5059 592657.0
5060 592567.0
5061 592496.0
5063 592290.0
5064 591944.0
5067 591567.0
5068 591376.0
5069 591243.0
5070 591222.0
5074 590804.0
5075 590648.0
5076 590365.0
5079 590042.0
5081 590040.0
5082 589786.0
5083 589510.0
5084 589439.0
5086 589034.0
5087 588735.0
5088 588512.0
5089 588145.0
5090 587782.0
5091 587461.0
5092 587257.0
5093 586915.0
5094 586751.0
5095 586606.0
5096 586575.0
5097 586569.0
5099 586135.0
5100 586038.0
5102 586034.0
5103 585576.0
5104 585360.0
5105 585318.0
5106 585282.0
5108 585268.0
5109 584924.0
5110 584685.0
5111 584340.0
5112 584012.0
5113 583767.0
5114 583488.0
5115 583166.0
5116 582928.0
5117 582749.0
5118 582706.0
5120 582319.0
5121 581966.0
5122 581691.0
5123 581575.0
5124 581347.0
5125 581168.0
5126 581038.0
5129 580723.0
5130 580443.0
5131 580287.0
5134 580201.0
5135 580026.0
5136 579774.0
5137 579638.0
5138 579538.0
5139 579516.0
5140 579353.0
5141 579046.0
5142 579034.0
5143 578979.0
5144 578745.0
5145 578635.0
5146 578495.0
5148 578380.0
5149 578163.0
5150 578068.0
5151 577969.0
5152 577851.0
5153 577770.0
5155 577505.0
5157 577468.0
5158 577232.0
5159 577062.0
5161 577049.0
5162 577038.0
5163 576938.0
5164 576713.0
5166 576626.0
5167 576468.0
5168 576346.0
5169 576101.0
5170 575995.0
5171 575770.0
5172 575660.0
5173 575435.0
5174 575188.0
5175 575011.0
5176 574847.0
5177 574506.0
5178 574304.0
5179 574158.0
5180 574146.0
5181 574131.0
5182 574130.0
5183 573935.0
5184 573708.0
5186 573654.0
5187 573308.0
5188 573212.0
5189 572916.0
5190 572649.0
5191 572596.0
5192 572444.0
5193 572294.0
5194 572174.0
5195 571949.0
5196 571740.0
5198 571619.0
5199 571331.0
5200 571176.0
5201 571099.0
5203 570839.0
5204 570605.0
5205 570412.0
5206 570150.0
5207 569951.0
5208 569696.0
5209 569590.0
5210 569222.0
5211 568922.0
5212 568636.0
5213 568337.0
5214 568077.0
5215 567800.0
5216 567671.0
5217 567592.0
5218 567123.0
5219 566739.0
5220 566365.0
5221 566045.0
5222 565677.0
5223 565306.0
5224 564937.0
5225 564567.0
5226 564201.0
5227 563881.0
5228 563639.0
5229 563219.0
5230 562806.0
5231 562411.0
5232 562028.0
5233 561724.0
5234 561378.0
5235 561033.0
5236 560717.0
5237 560411.0
5238 560139.0
5239 560054.0
5241 559821.0
5242 559410.0
5243 559039.0
5244 558681.0
5245 558455.0
5246 558447.0
5247 558431.0
5248 558217.0
5249 557995.0
5250 557807.0
5251 557564.0
5252 557434.0
5253 557201.0
5254 557010.0
5256 556874.0
5257 556617.0
5258 556502.0
5259 556297.0
5260 556058.0
5261 555970.0
5262 555914.0
5263 555855.0
5264 555721.0
5265 555363.0
5266 555057.0
5267 554984.0
5268 554761.0
5269 554697.0
5270 554584.0
5271 554196.0
5272 553939.0
5273 553839.0
5275 553833.0
5276 553643.0
5278 553531.0
5279 553291.0
5280 553095.0
5281 552923.0
5283 552910.0
5284 552885.0
5286 552667.0
5287 552439.0
5288 552306.0
5289 552295.0
5291 552062.0
5292 551890.0
5293 551700.0
5294 551566.0
5295 551515.0
5296 551462.0
5297 551346.0
5298 551117.0
5299 550868.0
5300 550659.0
5301 550479.0
5302 550203.0
5303 549989.0
5304 549734.0
5305 549485.0
5306 549210.0
5307 548930.0
5308 548649.0
5309 548365.0
5310 548085.0
5311 547795.0
5312 547561.0
5313 547223.0
5314 546932.0
5315 546636.0
5316 546339.0
5317 546047.0
5318 545736.0
5319 545427.0
5320 545107.0
5321 544821.0
5322 544513.0
5323 544231.0
5324 543937.0
5325 543675.0
5326 543413.0
5327 543141.0
5328 542853.0
5329 542584.0
5330 542398.0
5331 542134.0
5332 541937.0
5333 541793.0
5334 541491.0
5335 541228.0
5336 540975.0
5337 540814.0
5338 540744.0
5340 540449.0
5341 540153.0
5342 539928.0
5343 539686.0
5344 539386.0
5345 539103.0
5346 538751.0
5347 538446.0
5348 538114.0
5349 537787.0
5350 537442.0
5351 537130.0
5352 536911.0
5353 536830.0
5354 536766.0
5355 536413.0
5357 536259.0
5358 535851.0
5359 535704.0
5361 535679.0
5363 535611.0
5364 535279.0
5366 535146.0
5367 534838.0
5368 534766.0
5369 534461.0
5370 534404.0
5371 534285.0
5372 534093.0
5373 533870.0
5374 533771.0
5375 533694.0
5376 533514.0
5378 533473.0
5379 533210.0
5380 533026.0
5381 532981.0
5382 532947.0
5385 532714.0
5388 532578.0
5390 532341.0
5391 532197.0
5392 532161.0
5393 532136.0
5396 531802.0
5397 531665.0
5400 531541.0
5401 531258.0
5402 531037.0
5403 530817.0
5404 530538.0
5405 530234.0
5406 529911.0
5407 529672.0
5408 529524.0
5409 529292.0
5410 529002.0
5411 528826.0
5412 528545.0
5413 528390.0
5414 528203.0
5415 527986.0
5418 527726.0
5419 527457.0
5420 527289.0
5421 527224.0
5426 526923.0
5427 526754.0
5428 526523.0
5429 526396.0
5430 526233.0
5431 526070.0
5434 526050.0
5435 526038.0
5437 526012.0
5438 525680.0
5439 525614.0
5442 525463.0
5444 525368.0
5445 525267.0
5446 525265.0
5447 525146.0
5450 525048.0
5452 524946.0
5453 524733.0
5454 524719.0
5456 524520.0
5458 524475.0
5459 524336.0
5460 524195.0
5461 524113.0
5462 524069.0
5463 524022.0
5466 523766.0
5467 523583.0
5468 523539.0
5470 523313.0
5471 523178.0
5472 523094.0
5473 522957.0
5474 522708.0
5475 522463.0
5476 522229.0
5477 522004.0
5478 521775.0
5479 521541.0
5480 521307.0
5481 521071.0
5482 520841.0
5483 520602.0
5484 520372.0
5485 520133.0
5486 519893.0
5487 519652.0
5488 519410.0
5489 519169.0
5490 518927.0
5491 518685.0
5492 518444.0
5493 518200.0
5494 518012.0
5495 517754.0
5496 517519.0
5497 517276.0
5498 517034.0
5499 516793.0
5500 516548.0
5501 516305.0
5502 516063.0
5503 515818.0
5504 515576.0
5505 515337.0
5506 515119.0
5507 514879.0
5508 514659.0
5509 514424.0
5510 514193.0
5511 513988.0
5512 513764.0
5513 513536.0
5514 513317.0
5515 513101.0
5516 512879.0
5517 512664.0
5518 512442.0
5519 512224.0
5520 512106.0
5521 511860.0
5522 511646.0
5523 511435.0
5524 511209.0
5526 511112.0
5527 510737.0
5529 510615.0
5530 510551.0
5532 510242.0
5537 509887.0
5538 509646.0
5539 509509.0
5540 509414.0
5541 509291.0
5542 509047.0
5543 508769.0
5544 508601.0
5545 508599.0
5546 508390.0
5547 508326.0
5552 508011.0
5553 507936.0
5554 507928.0
5556 507708.0
5557 507626.0
5559 507608.0
5560 507570.0
5561 507324.0
5562 507128.0
5565 506862.0
5566 506803.0
5568 506735.0
5569 506596.0
5570 506526.0
5572 506448.0
5574 506425.0
5575 506048.0
5576 505964.0
5577 505956.0
5578 505744.0
5579 505483.0
5580 505141.0
5581 505104.0
5584 505011.0
5585 504656.0
5586 504289.0
5587 503907.0
5588 503535.0
5589 503149.0
5590 502762.0
5591 502375.0
5592 501998.0
5593 501625.0
5594 501257.0
5595 500982.0
5596 500799.0
5597 500751.0
5598 500698.0
5599 500474.0
5600 500410.0
5602 500067.0
5603 499857.0
5604 499749.0
5605 499721.0
5606 499662.0
5607 499642.0
5608 499609.0
5609 499198.0
5610 499071.0
5611 498698.0
5613 498653.0
5615 498649.0
5616 498577.0
5618 498237.0
5619 498002.0
5620 497781.0
5621 497651.0
5622 497300.0
5623 497100.0
5624 496859.0
5625 496691.0
5626 496545.0
5627 496438.0
5628 496394.0
5629 496380.0
5631 496020.0
5632 495752.0
5633 495542.0
5636 495417.0
5637 495191.0
5638 494935.0
5639 494804.0
5642 494633.0
5643 494525.0
5644 494388.0
5645 494192.0
5647 494037.0
5648 493930.0
5650 493779.0
5651 493575.0
5652 493451.0
5653 493344.0
5654 493222.0
5655 493188.0
5656 493165.0
5658 493102.0
5659 492843.0
5660 492781.0
5661 492733.0
5664 492718.0
5665 492454.0
5667 492445.0
5668 492343.0
5669 492183.0
5672 491955.0
5673 491866.0
5674 491801.0
5675 491621.0
5676 491511.0
5677 491399.0
5679 491290.0
5680 491241.0
5682 490907.0
5683 490760.0
5686 490556.0
5687 490439.0
5688 490367.0
5689 490303.0
5691 490273.0
5692 490028.0
5693 489803.0
5694 489666.0
5695 489351.0
5696 489168.0
5697 489085.0
5698 489011.0
5699 488890.0
5701 488877.0
5702 488713.0
5704 488682.0
5705 488322.0
5706 488039.0
5707 487838.0
5708 487611.0
5709 487505.0
5710 487471.0
5711 487345.0
5714 486985.0
5715 486765.0
5716 486759.0
5717 486673.0
5718 486647.0
5719 486566.0
5720 486258.0
5721 486009.0
5722 485910.0
5723 485846.0
5724 485535.0
5725 485287.0
5726 485155.0
5728 485142.0
5729 484822.0
5730 484514.0
5731 484234.0
5732 483946.0
5733 483661.0
5734 483367.0
5735 483161.0
5736 483072.0
5737 482816.0
5738 482518.0
5739 482204.0
5740 481877.0
5741 481552.0
5742 481223.0
5743 480891.0
5744 480555.0
5745 480217.0
5746 479877.0
5747 479537.0
5748 479198.0
5749 478861.0
5750 478527.0
5751 478210.0
5752 477887.0
5753 477562.0
5754 477317.0
5755 476950.0
5756 476617.0
5757 476382.0
5758 476130.0
5759 475793.0
5760 475473.0
5761 475271.0
5762 475173.0
5763 475143.0
5766 475006.0
5767 474679.0
5768 474391.0
5769 474204.0
5770 474041.0
5771 473964.0
5773 473909.0
5775 473847.0
5776 473496.0
5777 473271.0
5779 473191.0
5780 473099.0
5781 473011.0
5782 473002.0
5783 472821.0
5784 472799.0
5785 472695.0
5786 472390.0
5787 472109.0
5788 471853.0
5789 471595.0
5790 471418.0
5791 471284.0
5792 471017.0
5793 470856.0
5795 470822.0
5796 470560.0
5797 470534.0
5799 470519.0
5801 470382.0
5803 470302.0
5804 470017.0
5805 469848.0
5806 469819.0
5807 469808.0
5808 469612.0
5812 469596.0
5813 469357.0
5814 469322.0
5815 469278.0
5816 469123.0
5819 468871.0
5820 468724.0
5821 468678.0
5822 468646.0
5823 468443.0
5824 468232.0
5825 468093.0
5826 467948.0
5827 467943.0
5828 467928.0
5829 467638.0
5830 467434.0
5831 467432.0
5833 467166.0
5834 467071.0
5836 466947.0
5837 466831.0
5838 466774.0
5839 466599.0
5840 466511.0
5841 466432.0
5842 466241.0
5845 465988.0
5846 465933.0
5847 465928.0
5848 465793.0
5850 465730.0
5852 465641.0
5853 465437.0
5854 465366.0
5855 465084.0
5856 464968.0
5859 464768.0
5860 464637.0
5861 464406.0
5862 464269.0
5863 463996.0
5864 463778.0
5867 463534.0
5868 463385.0
5869 463283.0
5871 463251.0
5872 463172.0
5873 463063.0
5876 462781.0
5877 462679.0
5878 462389.0
5880 462364.0
5882 462336.0
5883 462062.0
5884 461940.0
5885 461785.0
5888 461477.0
5889 461404.0
5890 461211.0
5891 460926.0
5892 460619.0
5893 460346.0
5894 460116.0
5895 460059.0
5896 459743.0
5897 459432.0
5898 459127.0
5899 458827.0
5900 458529.0
5901 458231.0
5902 457931.0
5903 457655.0
5904 457428.0
5905 457056.0
5906 456744.0
5907 456442.0
5908 456182.0
5909 455844.0
5910 455535.0
5911 455217.0
5912 454904.0
5913 454682.0
5914 454319.0
5915 453999.0
5916 453727.0
5917 453412.0
5918 453100.0
5919 452788.0
5920 452478.0
5921 452318.0
5923 452211.0
5924 452192.0
5925 452153.0
5926 451849.0
5927 451708.0
5928 451560.0
5929 451491.0
5930 451320.0
5933 451016.0
5934 450997.0
5935 450975.0
5936 450792.0
5937 450680.0
5938 450572.0
5940 450370.0
5941 450063.0
5942 449789.0
5943 449493.0
5944 449208.0
5945 448941.0
5946 448694.0
5947 448424.0
5948 448164.0
5949 448121.0
5950 448115.0
5951 448007.0
5952 447740.0
5953 447546.0
5954 447314.0
5955 447172.0
5958 446947.0
5959 446713.0
5962 446658.0
5963 446480.0
5964 446437.0
5965 446415.0
5966 446162.0
5967 446076.0
5968 445933.0
5969 445688.0
5970 445554.0
5972 445531.0
5973 445378.0
5974 445344.0
5975 445230.0
5976 444997.0
5977 444919.0
5978 444703.0
5979 444641.0
5980 444517.0
5981 444494.0
5982 444410.0
5983 444303.0
5984 444044.0
5985 443867.0
5986 443784.0
5987 443711.0
5991 443585.0
5992 443403.0
5993 443209.0
5994 443174.0
5996 443111.0
5998 443075.0
5999 442840.0
6000 442593.0
6001 442445.0
6002 442432.0
6003 442341.0
6004 442048.0
6005 441919.0
6007 441913.0
6008 441709.0
6009 441608.0
6011 441453.0
6012 441260.0
6013 441069.0
6014 440927.0
6015 440885.0
6016 440858.0
6017 440853.0
6019 440728.0
6020 440353.0
6021 440166.0
6022 440136.0
6023 440113.0
6025 440062.0
6026 439771.0
6027 439547.0
6028 439408.0
6029 439343.0
6030 439209.0
6031 438907.0
6032 438810.0
6035 438486.0
6036 438370.0
6041 438080.0
6042 437974.0
6043 437905.0
6044 437679.0
6045 437416.0
6046 437283.0
6047 437122.0
6048 436826.0
6049 436558.0
6050 436349.0
6051 436105.0
6052 435877.0
6053 435599.0
6054 435516.0
6055 435201.0
6056 434929.0
6057 434860.0
6058 434559.0
6059 434359.0
6062 434268.0
6063 433939.0
6064 433904.0
6065 433756.0
6066 433460.0
6067 433157.0
6068 432847.0
6069 432547.0
6070 432206.0
6071 431878.0
6072 431610.0
6073 431415.0
6076 431212.0
6077 431012.0
6078 430701.0
6079 430416.0
6080 430203.0
6081 430193.0
6083 429948.0
6085 429922.0
6086 429769.0
6087 429466.0
6088 429254.0
6090 429194.0
6091 429044.0
6092 428888.0
6093 428696.0
6094 428634.0
6095 428631.0
6096 428407.0
6097 428203.0
6098 428055.0
6099 428038.0
6100 427884.0
6101 427553.0
6102 427390.0
6103 427196.0
6106 427126.0
6108 427075.0
6109 426820.0
6110 426645.0
6113 426438.0
6114 426222.0
6115 426207.0
6117 426122.0
6118 425934.0
6120 425915.0
6121 425679.0
6122 425559.0
6123 425474.0
6124 425372.0
6125 425281.0
6126 425247.0
6127 425174.0
6130 424885.0
6131 424741.0
6134 424706.0
6135 424629.0
6136 424465.0
6137 424412.0
6139 424321.0
6140 424102.0
6141 423883.0
6142 423723.0
6143 423619.0
6144 423512.0
6145 423334.0
6146 423089.0
6147 422912.0
6148 422801.0
6149 422720.0
6152 422664.0
6155 422579.0
6156 422336.0
6159 422223.0
6160 421980.0
6161 421862.0
6162 421755.0
6163 421731.0
6166 421468.0
6167 421297.0
6168 421168.0
6169 420939.0
6170 420718.0
6171 420558.0
6172 420437.0
6173 420305.0
6174 420051.0
6175 419989.0
6177 419692.0
6178 419509.0
6179 419321.0
6184 419154.0
6185 418931.0
6186 418751.0
6189 418546.0
6190 418416.0
6191 418201.0
6192 418024.0
6193 417963.0
6194 417933.0
6195 417669.0
6196 417591.0
6198 417377.0
6200 417326.0
6204 417072.0
6207 416948.0
6210 416714.0
6211 416656.0
6213 416475.0
6214 416468.0
6215 416438.0
6216 416090.0
6217 415984.0
6219 415791.0
6220 415585.0
6221 415576.0
6222 415536.0
6223 415328.0
6224 415057.0
6225 414760.0
6226 414471.0
6227 414174.0
6228 413884.0
6229 413584.0
6230 413350.0
6231 413123.0
6232 412917.0
6235 412676.0
6236 412320.0
6237 411963.0
6238 411625.0
6239 411294.0
6240 411066.0
6241 410793.0
6242 410586.0
6243 410430.0
6244 410235.0
6245 410015.0
6246 409816.0
6247 409512.0
6248 409253.0
6251 408967.0
6252 408877.0
6253 408685.0
6254 408527.0
6256 408509.0
6257 408307.0
6258 408153.0
6259 407974.0
6260 407933.0
6261 407693.0
6263 407668.0
6264 407390.0
6265 407318.0
6266 407307.0
6267 407190.0
6269 407089.0
6270 406852.0
6271 406823.0
6272 406805.0
6273 406593.0
6274 406299.0
6275 406084.0
6276 405810.0
6277 405621.0
6278 405393.0
6279 405150.0
6280 405007.0
6281 404777.0
6282 404695.0
6283 404492.0
6284 404280.0
6285 404108.0
6286 403883.0
6287 403684.0
6288 403567.0
6289 403532.0
6291 403303.0
6292 403124.0
6293 402941.0
6294 402810.0
6296 402779.0
6297 402626.0
6300 402544.0
6301 402479.0
6303 402237.0
6304 402167.0
6305 402160.0
6306 402065.0
6307 401892.0
6310 401636.0
6311 401505.0
6312 401470.0
6313 401448.0
6314 401329.0
6317 401106.0
6318 401012.0
6319 400879.0
6324 400584.0
6325 400555.0
6326 400518.0
6327 400419.0
6328 400151.0
6331 399886.0
6332 399699.0
6333 399555.0
6334 399363.0
6335 399096.0
6336 398897.0
6337 398623.0
6338 398376.0
6339 398110.0
6340 397859.0
6341 397834.0
6342 397727.0
6343 397651.0
6345 397391.0
6346 397264.0
6347 397146.0
6348 397129.0
6349 397059.0
6351 397030.0
6352 396902.0
6353 396681.0
6354 396564.0
6357 396261.0
6358 396107.0
6360 396100.0
6363 395848.0
6364 395708.0
6366 395656.0
6367 395442.0
6368 395189.0
6369 394954.0
6370 394742.0
6371 394581.0
6372 394309.0
6373 394200.0
6374 394158.0
6376 393912.0
6377 393765.0
6378 393610.0
6381 393363.0
6385 393242.0
6386 393010.0
6387 392788.0
6388 392575.0
6391 392254.0
6392 392120.0
6393 392013.0
6394 392004.0
6395 391941.0
6396 391765.0
6399 391454.0
6400 391156.0
6401 390908.0
6402 390900.0
6403 390891.0
6404 390864.0
6406 390795.0
6407 390784.0
6408 390406.0
6409 390111.0
6410 389968.0
6411 389664.0
6412 389479.0
6413 389310.0
6414 389191.0
6416 389115.0
6418 389059.0
6419 388828.0
6420 388661.0
6423 388655.0
6425 388311.0
6426 388111.0
6427 388093.0
6428 388004.0
6429 387845.0
6430 387736.0
6431 387714.0
6432 387634.0
6433 387449.0
6434 387221.0
6435 387009.0
6436 386847.0
6437 386592.0
6438 386443.0
6439 386402.0
6440 386312.0
6442 386010.0
6443 385907.0
6444 385867.0
6446 385684.0
6450 385669.0
6451 385388.0
6452 385324.0
6453 385274.0
6454 385069.0
6456 385065.0
6457 384905.0
6458 384816.0
6459 384755.0
6460 384591.0
6462 384563.0
6463 384498.0
6466 384302.0
6468 384301.0
6469 384265.0
6470 384201.0
6471 383980.0
6472 383877.0
6474 383828.0
6475 383627.0
6476 383519.0
6478 383467.0
6479 383395.0
6480 383198.0
6481 382992.0
6482 382813.0
6483 382644.0
6484 382480.0
6485 382325.0
6486 382229.0
6487 382023.0
6488 381939.0
6489 381862.0
6490 381758.0
6492 381668.0
6494 381657.0
6495 381613.0
6497 381378.0
6498 381361.0
6500 381232.0
6502 381226.0
6503 380997.0
6505 380935.0
6506 380788.0
6508 380750.0
6509 380546.0
6511 380539.0
6512 380361.0
6513 380296.0
6514 380252.0
6515 380212.0
6516 380191.0
6517 380011.0
6518 379910.0
6519 379599.0
6520 379400.0
6521 379268.0
6522 379106.0
6523 379091.0
6524 378973.0
6525 378931.0
6528 378886.0
6529 378611.0
6531 378597.0
6532 378590.0
6534 378324.0
6535 378125.0
6538 377875.0
6539 377665.0
6540 377412.0
6541 377185.0
6542 376906.0
6543 376630.0
6544 376375.0
6545 376101.0
6546 375828.0
6547 375552.0
6548 375271.0
6549 375077.0
6550 374838.0
6551 374550.0
6552 374265.0
6553 373995.0
6554 373712.0
6555 373435.0
6556 373166.0
6557 372868.0
6558 372586.0
6559 372293.0
6560 372001.0
6561 371710.0
6562 371421.0
6563 371149.0
6564 370900.0
6565 370599.0
6566 370307.0
6567 370020.0
6568 369748.0
6569 369473.0
6570 369188.0
6571 368919.0
6572 368677.0
6573 368421.0
6574 368270.0
6575 367991.0
6576 367701.0
6577 367420.0
6578 367180.0
6579 367005.0
6581 366997.0
6582 366923.0
6584 366641.0
6585 366376.0
6586 366325.0
6588 366071.0
6589 365832.0
6590 365762.0
6591 365646.0
6593 365377.0
6594 365153.0
6595 365106.0
6597 364937.0
6598 364712.0
6599 364510.0
6601 364498.0
6602 364257.0
6603 364092.0
6604 363967.0
6606 363931.0
6607 363748.0
6608 363676.0
6610 363640.0
6611 363560.0
6613 363476.0
6614 363250.0
6615 363080.0
6616 362968.0
6617 362947.0
6618 362910.0
6619 362903.0
6620 362794.0
6621 362570.0
6622 362403.0
6623 362234.0
6624 362128.0
6626 362066.0
6627 361974.0
6628 361919.0
6629 361764.0
6630 361619.0
6631 361547.0
6634 361334.0
6635 361212.0
6636 361176.0
6639 361142.0
6640 361010.0
6641 360927.0
6643 360873.0
6645 360834.0
6646 360750.0
6647 360548.0
6648 360522.0
6649 360504.0
6650 360379.0
6651 360332.0
6652 360284.0
6653 360181.0
6655 359948.0
6656 359620.0
6657 359552.0
6659 359535.0
6661 359507.0
6664 359270.0
6665 359033.0
6666 358795.0
6667 358566.0
6668 358337.0
6669 358122.0
6670 357888.0
6671 357683.0
6672 357543.0
6673 357392.0
6674 357061.0
6675 356923.0
6676 356719.0
6678 356718.0
6679 356716.0
6680 356690.0
6681 356630.0
6683 356363.0
6684 356274.0
6685 356217.0
6687 356215.0
6688 356078.0
6689 355777.0
6690 355660.0
6691 355507.0
6692 355386.0
6695 355265.0
6696 354988.0
6698 354985.0
6699 354720.0
6700 354571.0
6701 354532.0
6703 354256.0
6706 354000.0
6707 353828.0
6708 353767.0
6710 353639.0
6711 353525.0
6713 353236.0
6714 353142.0
6715 353018.0
6716 353005.0
6717 352835.0
6718 352622.0
6719 352322.0
6720 352223.0
6721 352043.0
6722 351910.0
6723 351653.0
6724 351471.0
6728 351465.0
6729 351150.0
6730 351093.0
6732 350993.0
6733 350825.0
6734 350569.0
6735 350404.0
6737 350356.0
6738 350321.0
6739 350027.0
6740 349789.0
6741 349740.0
6742 349487.0
6743 349230.0
6744 349056.0
6745 348815.0
6746 348532.0
6747 348280.0
6748 348091.0
6749 347956.0
6752 347755.0
6753 347531.0
6754 347357.0
6755 347099.0
6756 346870.0
6758 346866.0
6759 346768.0
6760 346634.0
6761 346551.0
6763 346498.0
6767 346207.0
6768 345956.0
6769 345786.0
6770 345559.0
6771 345370.0
6772 345211.0
6774 345185.0
6776 345170.0
6777 345048.0
6778 345000.0
6779 344924.0
6782 344902.0
6784 344644.0
6785 344621.0
6787 344593.0
6789 344487.0
6790 344423.0
6792 344400.0
6793 344137.0
6794 343965.0
6795 343943.0
6797 343833.0
6800 343674.0
6802 343657.0
6803 343434.0
6804 343356.0
6805 343353.0
6806 343278.0
6809 343087.0
6810 342996.0
6811 342984.0
6812 342810.0
6813 342768.0
6814 342705.0
6816 342703.0
6817 342503.0
6818 342344.0
6819 342323.0
6822 342274.0
6823 342067.0
6824 342038.0
6825 342023.0
6826 342018.0
6828 341769.0
6829 341560.0
6830 341445.0
6831 341426.0
6832 341391.0
6833 341262.0
6834 341084.0
6835 340848.0
6836 340587.0
6837 340352.0
6838 340150.0
6839 339979.0
6840 339813.0
6845 339591.0
6846 339566.0
6850 339332.0
6851 339234.0
6854 339059.0
6855 339034.0
6857 338940.0
6859 338905.0
6860 338614.0
6861 338601.0
6862 338569.0
6863 338438.0
6864 338222.0
6865 338103.0
6868 338072.0
6870 337758.0
6871 337527.0
6872 337349.0
6873 337233.0
6874 337173.0
6875 336908.0
6876 336757.0
6877 336476.0
6880 336248.0
6881 336054.0
6882 336040.0
6886 335761.0
6887 335527.0
6888 335298.0
6889 335080.0
6890 334896.0
6892 334857.0
6893 334607.0
6895 334597.0
6896 334415.0
6897 334402.0
6898 334390.0
6899 334272.0
6900 333988.0
6901 333932.0
6903 333603.0
6904 333429.0
6905 333352.0
6906 333322.0
6907 333241.0
6908 333195.0
6909 333083.0
6910 332786.0
6911 332497.0
6912 332223.0
6913 331937.0
6914 331655.0
6915 331383.0
6916 331104.0
6917 330842.0
6918 330567.0
6919 330312.0
6920 330040.0
6921 329784.0
6922 329516.0
6923 329261.0
6924 328998.0
6925 328741.0
6926 328490.0
6927 328234.0
6928 327997.0
6929 327891.0
6930 327768.0
6931 327664.0
6932 327642.0
6933 327555.0
6934 327524.0
6935 327305.0
6936 327116.0
6937 326945.0
6938 326784.0
6941 326550.0
6942 326487.0
6945 326416.0
6946 326370.0
6947 326143.0
6948 326048.0
6949 325996.0
6950 325892.0
6951 325765.0
6953 325704.0
6954 325512.0
6955 325505.0
6956 325504.0
6957 325425.0
6958 325283.0
6959 325141.0
6962 324954.0
6963 324833.0
6964 324785.0
6965 324732.0
6968 324578.0
6969 324378.0
6970 324357.0
6972 324347.0
6973 324313.0
6974 324043.0
6975 323895.0
6976 323863.0
6978 323842.0
6979 323776.0
6982 323521.0
6983 323397.0
6984 323391.0
6985 323274.0
6986 323172.0
6989 323161.0
6990 322983.0
6991 322813.0
6993 322752.0
6994 322624.0
6995 322619.0
6997 322370.0
6998 322302.0
6999 322279.0
7000 322138.0
7001 322017.0
7002 321914.0
7003 321913.0
7004 321838.0
7005 321512.0
7006 321430.0
7007 321286.0
7008 321192.0
7010 321003.0
7011 320753.0
7012 320510.0
7013 320297.0
7014 320086.0
7015 319882.0
7016 319680.0
7017 319487.0
7018 319317.0
7019 319308.0
7021 319239.0
7022 319045.0
7023 318726.0
7024 318562.0
7025 318539.0
7026 318506.0
7027 318499.0
7028 318497.0
7029 318252.0
7032 317952.0
7033 317857.0
7034 317721.0
7035 317607.0
7036 317556.0
7039 317309.0
7040 317143.0
7041 316960.0
7044 316820.0
7045 316648.0
7046 316561.0
7047 316537.0
7048 316450.0
7051 316173.0
7052 315967.0
7053 315741.0
7054 315543.0
7055 315412.0
7056 315224.0
7057 315072.0
7058 314835.0
7059 314768.0
7060 314739.0
7061 314726.0
7062 314529.0
7065 314384.0
7066 314203.0
7067 313938.0
7068 313709.0
7069 313594.0
7070 313489.0
7076 313229.0
7079 313078.0
7080 312907.0
7081 312866.0
7082 312802.0
7083 312617.0
7084 312504.0
7085 312344.0
7086 312186.0
7088 312105.0
7089 311872.0
7090 311682.0
7091 311675.0
7092 311639.0
7093 311529.0
7094 311500.0
7095 311484.0
7098 311136.0
7099 311056.0
7100 310943.0
7102 310822.0
7103 310695.0
7105 310652.0
7108 310479.0
7110 310418.0
7111 310201.0
7112 310053.0
7113 309986.0
7114 309929.0
7118 309684.0
7119 309622.0
7120 309602.0
7123 309577.0
7124 309302.0
7125 309158.0
7126 309056.0
7127 308946.0
7128 308876.0
7130 308786.0
7131 308653.0
7132 308640.0
7133 308467.0
7135 308437.0
7138 308255.0
7139 308228.0
7143 308067.0
7144 308014.0
7145 307895.0
7146 307666.0
7147 307619.0
7149 307435.0
7150 307284.0
7151 307250.0
7152 307231.0
7153 307149.0
7154 307147.0
7156 306985.0
7159 306848.0
7160 306703.0
7166 306507.0
7169 306377.0
7170 306202.0
7171 306169.0
7174 306147.0
7175 306077.0
7176 305849.0
7179 305731.0
7180 305602.0
7182 305545.0
7183 305456.0
7184 305451.0
7185 305350.0
7186 305331.0
7187 305324.0
7188 305061.0
7189 305016.0
7190 304759.0
7192 304756.0
7193 304700.0
7194 304680.0
7196 304664.0
7197 304521.0
7198 304351.0
