1 26.75
10 11.1059
14 6.25625
25 3.94761
26 3.84914
27 3.63329
31 3.51053
32 3.46559
35 2.83459
39 2.53932
41 2.46198
43 2.36248
45 2.13224
49 2.02234
55 1.9195
57 1.89069
59 1.79753
60 1.75746
61 1.71781
64 1.47054
65 1.43238
66 1.39187
68 1.38242
76 1.35334
77 1.31498
80 1.20083
81 1.19058
83 1.18638
88 1.18625
92 1.18444
94 1.14897
96 1.13886
97 1.13736
100 1.11665
101 1.09278
103 1.07384
108 1.05398
117 1.04941
120 1.04748
123 1.03831
126 1.03729
127 1.03174
128 1.02588
129 1.02234
132 1.01741
136 1.01606
137 1.01434
138 1.01393
139 1.01231
141 1.01192
142 1.01054
150 1.01031
151 1.00982
152 1.00913
153 1.00809
154 1.0071
155 1.00618
156 1.00491
157 1.00388
163 1.00372
165 1.00288
166 1.00257
167 1.00219
174 1.00124
