1 16.4338
11 15.379
16 6.70008
21 6.11854
22 5.38068
23 5.00416
25 3.85144
29 3.82547
31 3.79713
34 3.32737
37 2.40433
38 1.8263
39 1.6989
40 1.54212
41 1.48621
42 1.42713
44 0.979525
45 0.909861
46 0.676154
48 0.625579
50 0.617431
56 0.564507
57 0.557443
59 0.517999
61 0.514342
62 0.469758
63 0.448811
64 0.415681
65 0.383342
66 0.380179
70 0.33795
71 0.327018
73 0.294762
74 0.287377
75 0.284982
78 0.273257
80 0.273168
82 0.268959
83 0.256441
84 0.253711
85 0.244115
86 0.244076
88 0.22581
89 0.212817
90 0.203544
92 0.200076
93 0.196674
94 0.196625
95 0.185583
96 0.182413
98 0.179068
99 0.166307
100 0.16509
101 0.164637
102 0.158494
103 0.149041
106 0.138394
107 0.128422
108 0.121931
109 0.117102
110 0.113724
111 0.110489
112 0.101965
113 0.093981
114 0.0900564
115 0.0848946
116 0.0815903
119 0.076858
120 0.0716888
123 0.0682974
124 0.0640117
126 0.0639198
127 0.0581293
130 0.05528
134 0.0550713
136 0.0523481
137 0.0522374
139 0.0493384
140 0.0475754
141 0.0451823
142 0.0437316
143 0.0425836
144 0.0412186
146 0.0411821
147 0.0395069
149 0.039216
151 0.0381852
152 0.0377238
153 0.0376981
155 0.0368118
156 0.036449
157 0.0356427
158 0.0350606
159 0.0349686
160 0.0346908
161 0.0336361
162 0.0327994
163 0.0320258
164 0.0315864
165 0.0311043
168 0.0302023
169 0.0298248
170 0.0294412
173 0.0287893
174 0.0284164
175 0.0283865
176 0.0276925
179 0.0269535
180 0.0265481
181 0.0261579
182 0.0255941
183 0.0250336
184 0.0245357
185 0.0241694
186 0.0237601
187 0.0232343
188 0.0226868
189 0.0223333
190 0.0220683
191 0.0219008
194 0.0211641
195 0.0206852
196 0.0205806
200 0.0205139
201 0.020325
202 0.0198699
203 0.0196122
205 0.0195319
206 0.0194104
207 0.0192761
208 0.0190332
209 0.0188356
210 0.0184777
212 0.0184713
213 0.0180726
214 0.0180049
215 0.0178018
216 0.0176707
217 0.0173877
220 0.0171688
221 0.0167736
222 0.0166484
225 0.016286
226 0.0160137
228 0.0159635
229 0.0157637
231 0.0157297
233 0.0156878
235 0.015657
238 0.0155229
239 0.0154894
241 0.0154167
242 0.0153859
243 0.01524
246 0.015102
247 0.0150802
248 0.0150359
249 0.0150182
251 0.0150155
252 0.0148915
253 0.0148819
254 0.0148173
255 0.0147941
258 0.0147268
259 0.0146715
260 0.0146283
263 0.0145755
264 0.0145627
265 0.0145569
266 0.0145166
267 0.0144585
268 0.0144038
269 0.0143574
270 0.0143093
271 0.0142848
273 0.0142793
274 0.0142428
275 0.0141933
276 0.0141584
277 0.014107
278 0.0140616
279 0.0140269
280 0.0139838
281 0.0139521
282 0.0139321
283 0.0139199
284 0.0139086
285 0.0138555
286 0.0138105
287 0.0137673
288 0.0137282
289 0.0137061
290 0.0136963
294 0.0136558
295 0.0136176
296 0.0135856
297 0.0135501
298 0.0135475
299 0.0135457
300 0.0135265
301 0.0134855
302 0.0134612
303 0.0134606
304 0.0134393
305 0.0134209
306 0.0133963
307 0.0133926
308 0.0133796
309 0.0133641
310 0.0133269
311 0.0132999
312 0.0132831
313 0.0132688
314 0.0132508
317 0.0132236
318 0.0132222
319 0.0132123
322 0.0131829
325 0.0131683
326 0.0131458
327 0.0131321
328 0.0131265
330 0.0131006
331 0.0130975
333 0.0130887
336 0.0130542
337 0.0130518
338 0.0130453
339 0.0130388
340 0.0130272
341 0.0130146
342 0.0130145
344 0.0130026
345 0.0129951
350 0.0129858
351 0.0129811
352 0.0129749
353 0.0129737
355 0.0129588
356 0.0129464
357 0.0129366
358 0.0129338
359 0.012931
363 0.0129161
364 0.0129101
365 0.0129061
367 0.0129043
368 0.0128921
369 0.0128887
370 0.012879
372 0.0128771
373 0.0128682
374 0.0128664
376 0.0128633
378 0.0128582
379 0.0128473
380 0.0128448
381 0.0128347
382 0.0128261
383 0.0128163
384 0.0128138
385 0.0128129
386 0.0128096
387 0.0127984
388 0.0127883
389 0.0127779
390 0.0127672
391 0.0127579
392 0.0127482
393 0.0127376
394 0.0127282
395 0.0127183
396 0.0127091
397 0.0127006
398 0.0126907
399 0.0126834
400 0.0126722
401 0.0126642
402 0.0126567
403 0.0126529
405 0.0126521
407 0.0126499
408 0.0126413
409 0.01264
412 0.0126289
415 0.0126204
416 0.0126151
417 0.0126128
419 0.0126107
420 0.0126016
422 0.0125993
424 0.0125961
425 0.0125943
426 0.0125938
428 0.0125909
429 0.0125884
430 0.0125864
431 0.0125854
432 0.0125802
433 0.0125764
434 0.0125734
435 0.012571
437 0.0125708
439 0.0125697
440 0.012566
441 0.0125626
442 0.0125596
443 0.0125574
444 0.0125538
445 0.0125511
446 0.0125487
447 0.0125461
448 0.0125426
449 0.0125391
450 0.0125359
451 0.0125325
452 0.0125291
453 0.0125264
454 0.0125249
455 0.012521
456 0.0125174
457 0.012514
458 0.0125111
459 0.0125087
460 0.0125057
461 0.0125039
462 0.0125008
463 0.0124984
464 0.0124953
465 0.0124946
466 0.0124938
467 0.0124905
468 0.0124889
469 0.0124848
470 0.0124817
471 0.0124788
472 0.0124763
473 0.0124743
474 0.0124725
477 0.0124688
478 0.0124665
479 0.0124648
480 0.0124642
481 0.0124628
482 0.0124589
483 0.0124563
484 0.0124529
485 0.0124506
486 0.0124498
489 0.0124459
490 0.0124433
491 0.01244
492 0.0124377
493 0.012435
495 0.0124348
496 0.0124313
497 0.0124282
498 0.0124253
499 0.0124221
500 0.0124194
501 0.0124162
502 0.0124134
503 0.01241
504 0.0124067
505 0.0124035
506 0.0124003
507 0.0123977
508 0.0123955
509 0.0123924
510 0.012389
511 0.0123857
512 0.0123825
513 0.0123796
514 0.0123768
515 0.0123744
516 0.0123725
517 0.012371
518 0.0123676
519 0.0123643
520 0.012361
521 0.0123578
522 0.0123563
523 0.012353
524 0.0123498
525 0.0123466
526 0.0123434
527 0.0123401
528 0.0123369
529 0.0123337
530 0.0123304
531 0.0123272
532 0.0123242
533 0.0123212
534 0.0123188
535 0.012317
536 0.0123138
537 0.0123105
538 0.0123073
539 0.0123041
540 0.0123008
541 0.0122976
542 0.0122944
543 0.0122913
544 0.0122883
545 0.0122853
546 0.0122822
547 0.0122791
548 0.0122761
549 0.012273
550 0.0122698
551 0.0122667
552 0.0122641
553 0.012261
554 0.0122581
555 0.012255
556 0.012252
557 0.0122496
558 0.0122484
559 0.0122452
560 0.012242
561 0.0122388
562 0.0122356
563 0.0122325
564 0.0122294
565 0.0122263
566 0.0122232
567 0.0122202
568 0.0122173
569 0.0122142
570 0.0122112
571 0.0122082
572 0.0122052
573 0.0122026
574 0.0122006
575 0.0121978
576 0.0121949
577 0.0121919
578 0.0121889
579 0.0121858
580 0.0121835
581 0.0121809
582 0.0121789
583 0.0121764
584 0.0121735
585 0.0121711
586 0.0121684
587 0.012166
588 0.0121659
590 0.0121624
591 0.01216
592 0.012157
593 0.0121552
594 0.0121544
595 0.0121529
597 0.0121522
598 0.0121495
599 0.0121468
600 0.0121458
602 0.0121451
603 0.012142
604 0.0121393
605 0.012137
606 0.0121351
607 0.0121326
608 0.0121308
609 0.0121288
610 0.0121256
611 0.0121225
612 0.0121195
613 0.0121165
614 0.0121136
615 0.0121107
616 0.0121082
617 0.0121064
618 0.0121052
619 0.0121025
620 0.0120997
621 0.0120972
622 0.0120946
623 0.0120918
624 0.0120892
625 0.0120868
626 0.0120842
627 0.0120821
628 0.0120801
629 0.0120789
632 0.0120752
633 0.0120724
634 0.0120714
635 0.0120711
638 0.0120705
639 0.0120674
640 0.0120649
641 0.0120622
642 0.0120604
643 0.0120588
645 0.0120587
646 0.0120558
647 0.0120536
648 0.0120512
649 0.0120497
650 0.0120484
651 0.0120467
652 0.0120437
653 0.0120409
654 0.0120392
655 0.0120369
656 0.0120365
658 0.0120353
659 0.0120319
660 0.012029
661 0.0120262
662 0.0120236
663 0.0120227
664 0.0120217
665 0.0120197
666 0.0120168
667 0.0120143
668 0.0120115
669 0.0120088
670 0.0120062
671 0.0120037
672 0.012002
673 0.012
674 0.0119972
675 0.0119943
676 0.0119916
677 0.011989
678 0.0119868
679 0.0119839
680 0.011981
681 0.0119781
682 0.0119753
683 0.0119724
684 0.0119696
685 0.0119668
686 0.0119644
687 0.0119619
688 0.0119597
689 0.0119578
690 0.0119551
691 0.0119525
692 0.0119499
693 0.0119475
694 0.0119451
695 0.0119426
696 0.0119398
697 0.0119372
698 0.0119347
699 0.0119322
700 0.0119312
701 0.0119295
702 0.0119274
703 0.0119243
704 0.0119218
705 0.01192
706 0.0119187
707 0.0119166
708 0.0119149
709 0.011912
710 0.0119092
711 0.0119065
712 0.0119039
713 0.0119013
714 0.0118987
715 0.0118961
716 0.0118936
717 0.0118912
718 0.0118889
719 0.0118867
720 0.0118845
721 0.0118824
722 0.011881
723 0.0118772
724 0.0118756
725 0.0118747
726 0.0118744
727 0.0118724
728 0.0118703
729 0.0118678
730 0.0118653
731 0.0118632
732 0.0118603
733 0.0118577
734 0.0118554
735 0.011853
736 0.0118505
737 0.0118484
738 0.0118456
739 0.0118432
740 0.0118406
741 0.0118378
742 0.0118351
743 0.0118324
744 0.0118296
745 0.0118269
746 0.0118242
747 0.0118215
748 0.0118189
749 0.0118163
750 0.0118141
751 0.0118114
752 0.0118089
753 0.0118063
754 0.0118036
755 0.0118009
756 0.0117983
757 0.0117957
758 0.0117932
759 0.0117905
760 0.0117881
761 0.0117855
762 0.0117828
763 0.0117801
764 0.0117775
765 0.0117748
766 0.0117722
767 0.0117695
768 0.0117669
769 0.0117644
770 0.011762
771 0.01176
772 0.0117574
773 0.0117547
774 0.0117521
775 0.011751
776 0.0117482
777 0.0117456
778 0.011743
779 0.0117406
780 0.0117381
781 0.0117355
782 0.011733
783 0.0117315
784 0.0117293
785 0.0117269
786 0.0117248
787 0.0117226
788 0.0117196
789 0.0117168
790 0.0117142
791 0.0117123
792 0.0117098
793 0.0117071
794 0.0117045
795 0.011702
796 0.0116998
797 0.0116977
798 0.0116952
799 0.0116925
800 0.0116899
801 0.0116875
802 0.0116852
803 0.0116826
804 0.0116801
805 0.0116778
806 0.0116752
807 0.0116725
808 0.0116698
809 0.0116672
810 0.0116662
811 0.0116646
812 0.0116619
813 0.0116592
814 0.0116566
815 0.0116542
816 0.0116518
817 0.0116491
818 0.0116465
819 0.0116441
820 0.0116416
821 0.011639
822 0.0116364
823 0.0116337
824 0.0116311
825 0.0116285
826 0.0116258
827 0.0116232
828 0.0116206
829 0.0116184
830 0.0116157
831 0.011613
832 0.0116104
833 0.0116078
834 0.0116053
835 0.0116027
836 0.0116003
837 0.0115978
838 0.0115952
839 0.0115937
840 0.0115931
841 0.0115904
842 0.0115876
843 0.011585
844 0.0115823
845 0.0115797
846 0.0115771
847 0.0115746
848 0.011572
849 0.0115695
850 0.0115673
851 0.0115657
852 0.0115648
853 0.0115642
854 0.0115613
855 0.0115586
856 0.0115558
857 0.0115532
858 0.0115506
859 0.011548
860 0.0115454
861 0.0115428
862 0.0115403
863 0.0115378
864 0.0115352
865 0.0115326
866 0.0115301
867 0.0115275
868 0.0115249
869 0.0115223
870 0.0115197
871 0.0115172
872 0.0115147
873 0.0115124
874 0.0115099
875 0.0115073
876 0.0115047
877 0.0115021
878 0.0114995
879 0.011497
880 0.0114945
881 0.011492
882 0.0114896
883 0.011487
884 0.0114845
885 0.0114822
886 0.01148
887 0.0114777
888 0.0114751
889 0.0114726
890 0.0114707
891 0.0114698
892 0.0114672
893 0.011465
894 0.0114625
895 0.0114601
896 0.0114576
897 0.011455
898 0.0114526
899 0.0114501
900 0.0114475
901 0.011445
902 0.0114425
903 0.0114402
904 0.0114376
905 0.0114351
906 0.0114326
907 0.0114303
908 0.0114279
909 0.0114256
910 0.0114231
911 0.0114205
912 0.0114181
913 0.0114156
914 0.0114131
915 0.011411
916 0.0114084
917 0.0114058
918 0.0114034
919 0.0114009
920 0.0113984
921 0.011396
922 0.0113935
923 0.0113913
924 0.0113887
925 0.0113862
926 0.0113837
927 0.0113812
928 0.0113786
929 0.0113768
930 0.0113756
931 0.0113735
932 0.011372
933 0.0113697
934 0.0113671
935 0.0113646
936 0.0113621
937 0.0113597
938 0.0113577
939 0.011357
940 0.0113563
941 0.0113562
942 0.0113546
943 0.011352
944 0.0113496
945 0.0113472
946 0.0113449
947 0.0113438
948 0.0113417
949 0.0113396
950 0.011338
951 0.0113372
952 0.0113362
953 0.0113352
954 0.0113342
956 0.0113334
957 0.0113307
958 0.0113287
963 0.0113283
964 0.0113271
965 0.0113247
966 0.0113232
967 0.0113208
968 0.0113186
969 0.0113163
970 0.0113141
971 0.0113126
972 0.0113116
973 0.0113104
974 0.01131
976 0.0113073
977 0.0113053
978 0.0113033
982 0.011303
983 0.0113008
984 0.0112993
985 0.0112978
988 0.0112952
989 0.011294
990 0.0112928
993 0.0112909
994 0.0112902
995 0.0112901
996 0.0112878
997 0.0112872
998 0.0112854
1000 0.0112852
1001 0.0112832
1002 0.011281
1003 0.0112794
1004 0.0112775
1005 0.0112758
1006 0.0112741
1009 0.011272
1010 0.0112703
1011 0.0112698
1014 0.0112673
1015 0.0112662
1016 0.0112646
1017 0.0112633
1018 0.0112617
1019 0.0112611
1021 0.0112606
1022 0.011258
1023 0.0112564
1024 0.0112563
1026 0.0112536
1027 0.0112521
1028 0.011252
1029 0.0112519
1030 0.0112493
1031 0.0112472
1032 0.0112468
1033 0.0112461
1034 0.0112443
1035 0.0112422
1036 0.0112402
1037 0.0112384
1038 0.0112367
1039 0.0112342
1040 0.0112331
1041 0.0112319
1042 0.011231
1044 0.0112302
1046 0.01123
1047 0.0112274
1048 0.0112269
1051 0.0112244
1052 0.0112233
1053 0.0112217
1054 0.0112198
1055 0.0112184
1056 0.0112164
1059 0.0112142
1060 0.011213
1061 0.0112126
1063 0.0112113
1065 0.0112103
1066 0.0112079
1067 0.0112066
1068 0.0112045
1069 0.011203
1070 0.0112013
1071 0.0112004
1073 0.0112003
1074 0.0111977
1075 0.0111958
1078 0.0111946
1079 0.0111935
1080 0.0111922
1081 0.0111913
1084 0.0111885
1085 0.0111862
1086 0.0111839
1087 0.0111815
1088 0.0111792
1089 0.011177
1090 0.0111746
1091 0.0111722
1092 0.0111698
1093 0.0111675
1094 0.0111656
1095 0.0111639
1096 0.0111618
1097 0.0111604
1098 0.0111587
1099 0.0111563
1100 0.0111539
1101 0.0111515
1102 0.0111492
1103 0.0111471
1104 0.0111449
1105 0.0111427
1106 0.0111412
1107 0.0111395
1108 0.0111373
1109 0.0111351
1110 0.0111328
1111 0.0111306
1112 0.0111283
1113 0.0111263
1114 0.0111244
1115 0.0111232
1116 0.0111217
1117 0.0111197
1118 0.0111187
1119 0.0111159
1120 0.0111136
1121 0.0111118
1122 0.0111112
1124 0.0111102
1125 0.0111079
1126 0.0111062
1127 0.0111036
1128 0.0111015
1129 0.0110996
1130 0.0110978
1131 0.0110952
1132 0.0110928
1133 0.0110905
1134 0.0110884
1135 0.011086
1136 0.0110837
1137 0.0110815
1138 0.0110792
1139 0.0110769
1140 0.0110745
1141 0.0110722
1142 0.0110698
1143 0.0110675
1144 0.0110652
1145 0.0110629
1146 0.0110606
1147 0.0110583
1148 0.011056
1149 0.0110536
1150 0.0110514
1151 0.0110493
1152 0.0110469
1153 0.0110446
1154 0.0110423
1155 0.01104
1156 0.0110378
1157 0.0110355
1158 0.0110333
1159 0.011031
1160 0.0110287
1161 0.0110264
1162 0.0110245
1163 0.0110224
1164 0.0110203
1165 0.0110184
1166 0.0110161
1167 0.0110139
1168 0.0110117
1169 0.0110099
1170 0.0110087
1171 0.0110086
1173 0.0110057
1174 0.0110032
1175 0.0110014
1176 0.0110007
1177 0.0110005
1179 0.010999
1181 0.0109983
1182 0.0109958
1183 0.0109942
1186 0.0109923
1189 0.0109901
1190 0.0109887
1191 0.0109886
1192 0.0109882
1193 0.0109864
1195 0.0109857
1196 0.0109833
1197 0.0109816
1198 0.0109805
1199 0.0109793
1200 0.0109789
1201 0.0109775
1204 0.0109748
1205 0.0109732
1206 0.010972
1207 0.0109713
1211 0.0109707
1212 0.0109683
1213 0.0109677
1214 0.0109655
1215 0.0109649
1217 0.0109634
1220 0.0109613
1221 0.0109601
1222 0.0109592
1225 0.0109584
1227 0.0109558
1228 0.0109553
1229 0.0109545
1230 0.0109523
1231 0.0109516
1235 0.0109493
1236 0.0109478
1237 0.0109474
1240 0.0109471
1242 0.0109442
1243 0.0109432
1244 0.0109415
1245 0.0109403
1246 0.0109389
1248 0.0109382
1251 0.0109363
1252 0.0109356
1255 0.0109342
1256 0.0109328
1257 0.0109317
1258 0.0109307
1259 0.0109301
1261 0.0109289
1262 0.0109266
1263 0.0109254
1264 0.0109251
1266 0.010923
1267 0.0109211
1268 0.0109205
1269 0.0109185
1270 0.0109177
1271 0.0109153
1272 0.0109132
1273 0.010911
1274 0.0109094
1275 0.0109074
1276 0.0109052
1277 0.010903
1278 0.0109008
1279 0.0108986
1280 0.0108965
1281 0.0108945
1282 0.010893
1283 0.0108919
1284 0.0108913
1285 0.0108896
1286 0.0108872
1287 0.010885
1288 0.0108834
1289 0.0108822
1290 0.0108812
1293 0.0108791
1294 0.0108779
1297 0.0108758
1298 0.0108749
1299 0.0108734
1300 0.0108722
1303 0.01087
1304 0.0108688
1305 0.0108686
1307 0.0108668
1309 0.0108667
1310 0.0108644
1311 0.0108634
1312 0.0108616
1313 0.0108603
1314 0.01086
1315 0.0108596
1316 0.0108574
1317 0.010855
1318 0.0108529
1319 0.010851
1320 0.0108489
1321 0.0108468
1322 0.0108446
1323 0.0108424
1324 0.0108403
1325 0.0108383
1326 0.0108363
1327 0.0108345
1328 0.0108341
1329 0.0108316
1330 0.0108294
1331 0.0108277
1332 0.0108274
1333 0.0108273
1334 0.0108268
1335 0.0108246
1336 0.0108245
1337 0.0108236
1338 0.010821
1339 0.0108191
1340 0.0108186
1341 0.0108172
1342 0.010815
1343 0.0108127
1344 0.0108106
1345 0.0108091
1346 0.0108075
1347 0.0108057
1348 0.0108043
1349 0.0108034
1350 0.0108009
1351 0.0107989
1352 0.0107973
1353 0.0107957
1354 0.0107955
1355 0.0107954
1357 0.0107952
1358 0.0107928
1359 0.0107913
1361 0.010791
1362 0.0107893
1363 0.0107885
1364 0.0107869
1365 0.0107848
1366 0.010783
1367 0.0107812
1368 0.01078
1369 0.0107782
1370 0.010776
1371 0.0107742
1372 0.0107724
1373 0.0107704
1374 0.0107686
1375 0.0107668
1376 0.0107649
1377 0.0107631
1378 0.0107614
1379 0.0107595
1380 0.0107578
1381 0.0107563
1382 0.0107548
1383 0.010753
1384 0.0107513
1385 0.0107499
1386 0.0107482
1387 0.010747
1388 0.0107453
1389 0.0107437
1390 0.010742
1391 0.0107406
1392 0.0107392
1393 0.0107375
1394 0.0107359
1395 0.0107347
1396 0.010733
1397 0.0107319
1398 0.0107307
1399 0.0107291
1400 0.0107276
1401 0.0107262
1402 0.0107248
1403 0.0107232
1404 0.0107217
1405 0.0107213
1408 0.0107212
1409 0.0107183
1410 0.0107158
1411 0.0107135
1412 0.0107115
1413 0.01071
1414 0.0107093
1415 0.0107073
1416 0.0107065
1418 0.0107044
1419 0.0107027
1420 0.0107018
1421 0.0107014
1422 0.0107012
1423 0.0106985
1424 0.0106962
1425 0.0106949
1426 0.0106931
1427 0.0106929
1430 0.0106927
1431 0.0106902
1432 0.0106895
1433 0.0106876
1434 0.010686
1435 0.0106841
1436 0.0106823
1437 0.0106814
1438 0.0106792
1439 0.010677
1440 0.0106748
1441 0.0106727
1442 0.0106706
1443 0.0106685
1444 0.0106664
1445 0.0106644
1446 0.0106626
1447 0.0106612
1448 0.0106593
1449 0.0106575
1450 0.0106557
1451 0.0106539
1452 0.0106522
1453 0.0106512
1454 0.0106505
1455 0.010648
1456 0.010646
1457 0.0106448
1458 0.0106436
1459 0.0106423
1462 0.0106402
1463 0.0106387
1466 0.010637
1467 0.0106355
1468 0.0106352
1469 0.0106345
1470 0.0106326
1471 0.010631
1472 0.0106299
1473 0.0106287
1474 0.010627
1475 0.0106263
1476 0.0106237
1477 0.0106217
1478 0.0106197
1479 0.0106178
1480 0.0106159
1481 0.0106137
1482 0.0106117
1483 0.0106096
1484 0.0106075
1485 0.0106054
1486 0.0106033
1487 0.0106012
1488 0.0105992
1489 0.0105971
1490 0.010595
1491 0.0105929
1492 0.0105909
1493 0.0105888
1494 0.0105867
1495 0.0105847
1496 0.0105826
1497 0.0105805
1498 0.0105784
1499 0.0105764
1500 0.0105744
1501 0.0105724
1502 0.0105703
1503 0.0105683
1504 0.0105663
1505 0.0105643
1506 0.0105622
1507 0.0105602
1508 0.0105581
1509 0.010556
1510 0.010554
1512 0.0105539
1513 0.0105527
1514 0.0105511
1515 0.010549
1516 0.010547
1517 0.0105452
1518 0.0105442
1519 0.0105425
1520 0.0105403
1521 0.0105382
1522 0.0105361
1523 0.010534
1524 0.010532
1525 0.0105307
1526 0.01053
1527 0.0105281
1528 0.0105265
1529 0.0105244
1530 0.0105223
1531 0.0105203
1532 0.0105183
1533 0.0105163
1534 0.0105143
1535 0.0105126
1536 0.0105109
1537 0.010509
1538 0.010507
1539 0.010505
1540 0.0105031
1541 0.0105015
1542 0.0104994
1543 0.0104976
1544 0.0104957
1545 0.0104936
1546 0.0104917
1547 0.0104897
1548 0.0104878
1549 0.0104868
1550 0.0104858
1553 0.0104845
1554 0.0104828
1555 0.0104815
1557 0.0104811
1558 0.0104799
1560 0.0104794
1561 0.0104783
1564 0.0104766
1565 0.0104754
1566 0.0104747
1567 0.0104743
1569 0.0104733
1570 0.0104715
1571 0.0104706
1574 0.0104691
1576 0.010469
1577 0.010467
1580 0.0104655
1581 0.010464
1583 0.0104638
1584 0.0104621
1585 0.0104604
1586 0.0104592
1587 0.0104588
1588 0.0104562
1589 0.0104547
1590 0.0104543
1592 0.0104532
1595 0.0104509
1596 0.0104496
1597 0.010448
1598 0.0104472
1599 0.0104456
1600 0.010445
1601 0.0104438
1603 0.0104434
1604 0.0104411
1605 0.0104402
1606 0.01044
1607 0.0104392
1608 0.0104374
1609 0.0104365
1610 0.010436
1611 0.010434
1612 0.010432
1613 0.0104301
1614 0.0104286
1615 0.0104266
1616 0.0104246
1617 0.0104226
1618 0.0104206
1619 0.0104187
1620 0.0104168
1621 0.0104148
1622 0.0104129
1623 0.0104109
1624 0.0104092
1625 0.0104072
1626 0.0104053
1627 0.0104034
1628 0.0104016
1629 0.0103996
1630 0.0103978
1631 0.0103959
1632 0.0103941
1633 0.0103921
1634 0.0103902
1635 0.0103883
1636 0.0103876
1638 0.0103874
1639 0.0103868
1640 0.0103859
1641 0.0103839
1642 0.0103821
1643 0.0103804
1644 0.0103792
1645 0.0103784
1646 0.0103779
1647 0.0103773
1648 0.0103759
1649 0.0103739
1650 0.010372
1651 0.0103702
1652 0.0103683
1653 0.0103664
1654 0.0103646
1655 0.0103634
1656 0.0103629
1657 0.0103626
1659 0.0103607
1660 0.0103589
1661 0.0103578
1662 0.0103566
1663 0.0103548
1664 0.0103542
1666 0.0103538
1667 0.0103522
1668 0.010351
1669 0.0103507
1671 0.010349
1672 0.0103475
1673 0.0103473
1674 0.0103469
1675 0.0103456
1676 0.0103437
1677 0.0103419
1678 0.0103404
1679 0.0103396
1681 0.0103393
1682 0.0103373
1683 0.0103369
1684 0.0103368
1685 0.0103359
1686 0.0103353
1689 0.0103339
1690 0.0103321
1691 0.0103304
1692 0.0103292
1693 0.0103285
1694 0.0103269
1695 0.0103263
1697 0.0103248
1698 0.010324
1701 0.0103221
1702 0.0103213
1703 0.0103211
1705 0.0103198
1706 0.0103189
1709 0.0103169
1710 0.0103159
1711 0.0103151
1712 0.010314
1716 0.0103121
1719 0.0103106
1720 0.0103098
1721 0.0103091
1722 0.0103089
1724 0.0103068
1725 0.010305
1726 0.0103032
1727 0.0103017
1728 0.0103005
1729 0.010299
1730 0.0102989
1731 0.0102988
1732 0.0102968
1733 0.0102951
1734 0.0102938
1737 0.0102924
1738 0.0102912
1739 0.0102907
1741 0.0102896
1742 0.0102884
1743 0.0102883
1744 0.0102877
1745 0.0102859
1746 0.0102841
1747 0.0102833
1748 0.0102824
1749 0.010281
1750 0.01028
1752 0.0102794
1753 0.0102778
1754 0.0102769
1757 0.0102759
1758 0.0102749
1759 0.0102731
1760 0.010272
1761 0.0102719
1763 0.0102702
1764 0.0102701
1766 0.010268
1767 0.0102672
1768 0.0102655
1769 0.0102639
1770 0.0102631
1771 0.0102617
1772 0.0102614
1773 0.0102611
1774 0.0102591
1775 0.0102573
1776 0.0102558
1777 0.010254
1778 0.0102523
1779 0.0102504
1780 0.0102485
1781 0.0102466
1782 0.0102448
1783 0.010243
1784 0.0102411
1785 0.0102394
1786 0.0102375
1787 0.0102357
1788 0.0102339
1789 0.010232
1790 0.0102302
1791 0.0102284
1792 0.0102266
1793 0.0102248
1794 0.0102244
1795 0.0102235
1796 0.0102224
1797 0.0102217
1798 0.0102198
1799 0.0102181
1800 0.0102164
1801 0.0102149
1806 0.010213
1807 0.0102127
1809 0.0102114
1810 0.0102104
1811 0.0102088
1812 0.0102084
1814 0.0102068
1815 0.0102051
1816 0.0102037
1817 0.0102019
1818 0.0102003
1819 0.0101989
1820 0.0101981
1821 0.0101966
1822 0.010195
1823 0.0101944
1824 0.0101927
1825 0.0101915
1828 0.0101904
1829 0.0101889
1830 0.0101882
1831 0.0101872
1833 0.0101864
1834 0.010185
1835 0.0101846
1836 0.0101841
1839 0.0101821
1840 0.0101808
1841 0.0101806
1842 0.0101804
1843 0.0101791
1844 0.0101782
1845 0.0101762
1846 0.0101743
1847 0.0101726
1848 0.0101711
1849 0.0101698
1850 0.0101687
1851 0.0101682
1852 0.0101661
1853 0.0101643
1854 0.0101626
1855 0.0101608
1856 0.0101592
1857 0.010158
1859 0.0101578
1860 0.0101567
1862 0.0101562
