1 9.3797
17 7.98556
19 5.44322
23 4.05965
25 3.42898
30 3.32667
31 3.28965
32 2.30937
34 0.75595
36 0.206514
37 0.175338
42 0.150942
47 0.146193
49 0.134699
52 0.126118
58 0.120264
59 0.116683
62 0.107754
65 0.0954003
66 0.0943854
68 0.0910991
70 0.0823084
71 0.0766363
72 0.0763028
73 0.0709924
75 0.0690167
77 0.0687199
79 0.0673875
81 0.0671451
82 0.0619341
84 0.0615684
85 0.0589602
87 0.0588807
89 0.0581783
92 0.0578531
94 0.0577826
96 0.0577657
97 0.0560332
98 0.0557392
99 0.0557344
101 0.0553281
102 0.0540322
104 0.0540318
106 0.0529161
107 0.0525309
108 0.0516433
111 0.0507503
114 0.0500106
117 0.0494794
118 0.0492235
122 0.0489466
125 0.0482019
127 0.0475506
128 0.0467337
132 0.0458909
135 0.0451814
136 0.0445027
137 0.0441695
138 0.044113
140 0.0440499
142 0.0431253
143 0.0429709
144 0.0429391
145 0.0429182
148 0.0427909
149 0.042117
152 0.0417144
153 0.0414459
154 0.041143
155 0.04102
156 0.0410182
157 0.040937
160 0.0408264
161 0.0404862
163 0.0404529
164 0.0402043
165 0.0399959
170 0.0397535
171 0.0396896
172 0.0395562
173 0.0393682
175 0.0393244
176 0.0392131
177 0.0391998
181 0.0391629
183 0.0390017
184 0.0387949
186 0.0387942
187 0.038581
190 0.0385439
193 0.0384937
194 0.0382731
195 0.0382164
197 0.0380816
198 0.0379421
199 0.0378452
200 0.0377013
201 0.0374905
202 0.0374727
203 0.0374604
204 0.0374548
205 0.0374258
206 0.0372614
208 0.0371962
210 0.0371417
212 0.0370537
214 0.0369862
217 0.0368145
220 0.0366739
223 0.0365632
224 0.0365254
227 0.0364489
230 0.0364479
234 0.0363459
235 0.0363146
237 0.0362628
238 0.0361806
239 0.0361227
240 0.036021
241 0.0359324
242 0.0358493
243 0.0357638
244 0.0356932
245 0.0356274
246 0.0356025
247 0.0355623
248 0.035513
249 0.0354223
250 0.035415
252 0.035305
253 0.0352754
254 0.0352508
255 0.0352405
256 0.0352198
258 0.0351936
259 0.0351118
260 0.0350302
262 0.0350128
263 0.0350119
264 0.035009
265 0.0349368
266 0.0348847
269 0.0348629
270 0.0347557
271 0.0347309
272 0.0347181
273 0.0347033
275 0.0346487
276 0.0345715
277 0.0344973
279 0.0344809
280 0.0344666
282 0.0343595
283 0.0343262
284 0.0343047
285 0.0342606
286 0.0341894
287 0.0341475
288 0.034131
289 0.0340878
290 0.0340662
291 0.0339599
292 0.0338997
293 0.0338652
294 0.0338322
295 0.0338203
298 0.0337354
299 0.0337162
300 0.0337103
303 0.0336712
304 0.0335756
305 0.0335305
306 0.0335227
308 0.0334345
309 0.0334061
313 0.0333921
314 0.0333433
315 0.0332537
316 0.0332093
317 0.0331866
318 0.033067
319 0.033
320 0.0329823
321 0.0329796
322 0.0329785
324 0.0329188
325 0.0328724
326 0.0327869
328 0.0327814
329 0.0327709
330 0.0327648
331 0.0326823
332 0.0326379
335 0.0325502
336 0.0325342
338 0.032483
339 0.0323916
340 0.0323067
341 0.0322212
342 0.0321362
343 0.0320605
344 0.0319781
345 0.0318971
346 0.0318459
347 0.0317572
348 0.0316967
350 0.0316933
351 0.031657
354 0.0316476
356 0.0316332
358 0.0315679
359 0.0314761
360 0.0314725
364 0.0314139
365 0.0313424
366 0.0312703
369 0.0312197
370 0.0311484
371 0.0311292
374 0.0311252
375 0.031079
376 0.0310524
377 0.0310475
378 0.0310129
379 0.0309016
380 0.0308653
381 0.0308479
383 0.0307525
385 0.0307398
387 0.0307388
388 0.0306573
391 0.0306552
393 0.0305677
394 0.0305568
395 0.0305493
396 0.030534
398 0.0304335
399 0.0304272
400 0.0303966
401 0.0303679
402 0.0303526
403 0.0303478
405 0.0302656
406 0.0302211
408 0.0301843
409 0.0301113
411 0.0300951
412 0.0300848
414 0.0300385
416 0.0300159
417 0.029935
418 0.0298966
419 0.029824
420 0.0297873
422 0.0297761
424 0.0297675
426 0.0297509
427 0.0296944
430 0.0296943
431 0.0296631
432 0.0296372
433 0.0296304
435 0.0296177
436 0.0295906
437 0.0295567
438 0.0295258
439 0.0295006
440 0.0294643
441 0.0294341
442 0.0294013
443 0.0293656
444 0.0293298
445 0.0292944
446 0.0292587
447 0.0292246
448 0.0291901
449 0.0291542
450 0.0291187
451 0.0290832
452 0.0290477
453 0.0290129
454 0.0289778
455 0.0289423
456 0.0289072
457 0.0288719
458 0.0288381
459 0.0288028
460 0.028768
461 0.0287327
462 0.028699
463 0.0286639
464 0.0286289
465 0.0285936
466 0.0285589
467 0.0285239
468 0.02849
469 0.0284559
470 0.0284207
471 0.0283864
472 0.0283515
473 0.0283223
474 0.0282963
475 0.0282612
476 0.0282271
477 0.028192
478 0.0281574
479 0.0281242
480 0.0280929
481 0.0280577
482 0.028023
483 0.0279982
484 0.0279729
485 0.0279392
486 0.0279038
487 0.0278685
488 0.0278348
489 0.0278
490 0.0277661
491 0.0277368
492 0.0277061
493 0.0276721
494 0.0276394
495 0.027605
496 0.0275716
497 0.0275389
498 0.027506
499 0.027488
500 0.0274743
501 0.0274644
503 0.0274411
504 0.0274217
505 0.0273892
506 0.027362
507 0.0273354
508 0.0273204
509 0.0272987
512 0.0272936
514 0.0272543
515 0.0272191
516 0.0271992
519 0.0271717
520 0.0271543
522 0.0271523
523 0.0271233
524 0.0270956
525 0.0270792
526 0.0270512
527 0.0270395
528 0.0270189
529 0.0270105
530 0.0269764
531 0.0269677
532 0.0269409
533 0.0269218
535 0.0269201
536 0.0268836
537 0.0268751
539 0.0268678
540 0.0268356
541 0.0268167
543 0.0268123
544 0.0267902
545 0.0267602
546 0.0267373
547 0.0267027
548 0.0266701
549 0.0266381
550 0.0266069
551 0.0265923
552 0.0265889
553 0.026585
554 0.0265461
555 0.0265103
556 0.0264911
557 0.0264835
559 0.0264693
560 0.0264586
561 0.0264446
562 0.0264094
563 0.0264027
564 0.0263658
565 0.0263319
566 0.0263003
567 0.0262727
568 0.0262483
569 0.0262352
570 0.0262158
571 0.0261814
572 0.0261785
574 0.0261617
575 0.0261303
576 0.0261207
577 0.0261025
580 0.0260653
581 0.0260433
582 0.026036
584 0.0260139
585 0.025987
588 0.0259552
589 0.0259228
590 0.0258901
591 0.025857
592 0.025826
593 0.0257942
594 0.0257618
595 0.0257291
596 0.0257053
597 0.0256817
598 0.0256494
599 0.0256198
600 0.0255912
601 0.0255605
602 0.0255298
603 0.0254975
604 0.0254659
605 0.0254353
606 0.0254051
607 0.0253763
608 0.0253489
609 0.0253196
610 0.0252974
611 0.0252747
612 0.0252575
613 0.0252388
614 0.0252268
615 0.0252077
616 0.0251804
617 0.0251561
618 0.0251477
619 0.025137
622 0.0250998
623 0.0250681
624 0.0250422
625 0.0250165
626 0.0250037
627 0.0249945
631 0.0249696
632 0.0249396
633 0.0249121
634 0.0248884
635 0.024857
636 0.0248472
637 0.0248364
638 0.0248108
639 0.0247947
640 0.0247706
641 0.0247378
642 0.0247033
643 0.0246721
644 0.0246413
645 0.0246161
646 0.024593
647 0.0245864
649 0.0245685
650 0.0245478
651 0.0245137
652 0.0244787
653 0.0244454
654 0.0244127
655 0.0243855
656 0.0243566
657 0.0243244
658 0.0242993
659 0.0242744
660 0.0242476
661 0.0242212
662 0.0242049
663 0.0241724
664 0.0241425
665 0.0241159
666 0.0240869
667 0.0240586
668 0.0240347
669 0.0240125
670 0.0240071
671 0.0239723
672 0.0239489
673 0.023918
674 0.0238919
675 0.0238786
676 0.0238636
678 0.0238497
679 0.0238374
680 0.0238103
681 0.0237991
682 0.0237706
683 0.0237423
684 0.0237219
685 0.0237162
686 0.0237011
687 0.0236864
688 0.0236521
689 0.0236279
690 0.0236028
691 0.0235856
692 0.0235606
694 0.0235546
697 0.023524
698 0.023504
699 0.0234835
700 0.0234778
701 0.0234548
702 0.0234386
703 0.023438
705 0.0234049
706 0.0233871
707 0.0233655
708 0.0233384
709 0.0233281
712 0.0233082
713 0.0232778
714 0.0232601
715 0.0232384
716 0.0232094
717 0.0231779
718 0.0231468
719 0.0231166
720 0.0230878
721 0.02306
722 0.0230309
723 0.0230007
724 0.0229707
725 0.0229413
726 0.0229124
727 0.0228845
728 0.0228547
729 0.0228252
730 0.0227955
731 0.0227681
732 0.0227392
733 0.0227107
734 0.0226808
735 0.0226527
736 0.0226266
737 0.0225981
738 0.0225751
739 0.0225466
740 0.022517
741 0.0224896
742 0.0224613
743 0.022433
744 0.0224057
745 0.0223821
746 0.0223545
747 0.0223268
748 0.0223013
749 0.0222749
750 0.0222475
751 0.0222198
752 0.0221913
753 0.0221657
754 0.0221412
755 0.0221229
756 0.0220984
757 0.0220703
758 0.0220414
759 0.0220157
760 0.0219885
761 0.0219691
762 0.0219466
763 0.0219202
764 0.0218923
765 0.0218649
766 0.021838
767 0.0218221
768 0.021813
770 0.0218027
772 0.0217715
773 0.0217409
774 0.0217103
775 0.02168
776 0.0216498
777 0.0216199
778 0.0215988
779 0.0215702
780 0.0215422
781 0.0215129
782 0.0214871
783 0.0214572
784 0.0214282
785 0.0214026
786 0.0213769
787 0.0213556
788 0.0213337
789 0.0213049
790 0.0212979
791 0.0212929
792 0.021264
793 0.0212412
794 0.0212344
795 0.0212257
798 0.0211892
799 0.0211721
800 0.021152
801 0.0211363
802 0.0211269
803 0.0211097
808 0.0210758
809 0.0210597
810 0.0210519
812 0.0210507
813 0.0210193
814 0.0210136
816 0.0210044
817 0.0210017
818 0.0209699
819 0.0209411
820 0.0209226
821 0.0208971
822 0.0208859
823 0.020858
824 0.0208364
825 0.0208078
826 0.0207835
827 0.0207578
828 0.0207348
829 0.0207095
830 0.0206892
832 0.0206797
833 0.0206631
834 0.0206549
835 0.0206506
836 0.0206245
837 0.0206145
838 0.020605
839 0.0206018
841 0.0205687
842 0.0205557
843 0.020546
845 0.0205139
846 0.0204885
847 0.0204625
848 0.0204411
849 0.0204232
850 0.0204149
853 0.0203972
854 0.0203719
855 0.0203587
856 0.0203438
857 0.0203354
858 0.0203244
859 0.0203229
861 0.020303
862 0.0202753
863 0.0202486
864 0.020223
865 0.0202078
866 0.0202012
867 0.0201997
870 0.0201841
871 0.0201577
872 0.0201394
873 0.0201304
875 0.0201269
876 0.0201009
877 0.0200778
878 0.0200652
879 0.0200525
880 0.0200311
881 0.0200185
883 0.0200128
884 0.0199874
885 0.0199648
886 0.0199507
887 0.0199483
888 0.0199481
889 0.0199467
890 0.0199299
891 0.0199026
892 0.0198996
893 0.0198932
894 0.0198635
895 0.0198483
896 0.0198207
897 0.0198016
898 0.0197947
899 0.019783
901 0.0197763
902 0.0197586
903 0.0197317
904 0.0197288
905 0.0197272
906 0.0197051
907 0.0196981
910 0.0196848
911 0.019671
912 0.0196386
913 0.0196149
914 0.0195921
915 0.019579
916 0.0195561
917 0.019529
918 0.0195055
919 0.0194924
920 0.0194922
921 0.0194861
922 0.0194776
923 0.0194493
924 0.0194219
925 0.0193936
926 0.0193678
927 0.0193431
928 0.0193329
929 0.0193163
930 0.0192925
931 0.0192665
932 0.0192413
933 0.0192145
934 0.0191924
935 0.019177
936 0.0191738
937 0.0191709
938 0.0191639
940 0.0191345
941 0.0191099
942 0.0190799
943 0.0190593
944 0.0190574
945 0.0190526
946 0.0190521
947 0.0190496
948 0.0190426
949 0.0190361
950 0.0190053
951 0.0189776
952 0.0189637
953 0.0189398
954 0.0189174
955 0.0189109
956 0.0188942
958 0.018888
959 0.0188853
960 0.0188782
961 0.0188514
962 0.0188393
963 0.0188265
964 0.0188032
967 0.0187813
968 0.0187607
969 0.0187522
970 0.0187476
971 0.0187254
972 0.0187039
975 0.0186788
976 0.0186587
977 0.0186401
978 0.018636
979 0.0186323
980 0.0186176
981 0.0185998
983 0.0185931
984 0.018567
985 0.0185529
986 0.0185379
987 0.0185187
988 0.0185059
989 0.0184935
990 0.0184817
992 0.0184604
993 0.0184476
994 0.0184303
995 0.018416
996 0.0184108
1000 0.0183842
1001 0.0183615
1002 0.0183613
1003 0.0183591
1004 0.0183477
1005 0.018316
1006 0.0182967
1007 0.0182929
1008 0.0182927
1009 0.018266
1010 0.0182414
1011 0.0182171
1012 0.0182132
1013 0.0182122
1014 0.0181837
1015 0.0181582
1016 0.0181441
1017 0.0181227
1018 0.0180963
1019 0.0180744
1020 0.0180591
1021 0.0180393
1022 0.0180169
1023 0.0180121
1024 0.017997
1025 0.017984
1028 0.017953
1029 0.0179267
1030 0.0179075
1031 0.0178916
1032 0.0178708
1033 0.017851
1034 0.0178275
1035 0.0178001
1036 0.0177738
1037 0.0177485
1038 0.0177226
1039 0.0176971
1040 0.0176712
1041 0.0176486
1042 0.0176222
1043 0.0175981
1044 0.0175719
1045 0.0175467
1046 0.0175209
1047 0.0174949
1048 0.0174713
1049 0.0174452
1050 0.0174286
1051 0.0174281
1053 0.0173954
1054 0.0173684
1055 0.0173513
1056 0.0173273
1057 0.0173019
1058 0.0172755
1059 0.0172493
1060 0.0172321
1061 0.017216
1062 0.0172035
1063 0.0171787
1064 0.0171527
1065 0.0171286
1066 0.0171032
1067 0.0170777
1068 0.017053
1069 0.017035
1072 0.0170268
1073 0.0170116
1074 0.0169879
1075 0.0169626
1076 0.0169365
1077 0.0169112
1078 0.0168897
1079 0.0168667
1080 0.0168413
1081 0.0168161
1082 0.0167916
1083 0.0167659
1084 0.0167404
1085 0.0167159
1086 0.0166905
1087 0.0166656
1088 0.0166406
1089 0.0166156
1090 0.0165918
1091 0.0165672
1092 0.0165426
1093 0.0165191
1094 0.0164943
1095 0.0164723
1096 0.0164486
1097 0.0164305
1098 0.016429
1100 0.0163987
1101 0.0163747
1102 0.0163595
1103 0.0163488
1104 0.0163367
1106 0.0163318
1107 0.0163198
1109 0.0163135
1110 0.0162928
1111 0.0162913
1113 0.0162642
1114 0.0162473
1115 0.0162291
1116 0.0162174
1117 0.016196
1118 0.0161856
1119 0.0161674
1120 0.0161517
1121 0.016128
1122 0.0161074
1123 0.0160915
1124 0.0160704
1125 0.0160659
1126 0.0160375
1127 0.0160262
1128 0.0160113
1129 0.0159924
1130 0.0159749
1131 0.0159672
1133 0.0159604
1134 0.015949
1135 0.0159291
1136 0.0159094
1137 0.0158912
1138 0.0158781
1141 0.0158519
1142 0.0158351
1143 0.0158264
1144 0.0158245
1146 0.0158213
1148 0.0158123
1149 0.0157846
1150 0.0157626
1151 0.0157461
1152 0.0157398
1153 0.015731
1157 0.0157087
1158 0.0156888
1159 0.0156783
1161 0.0156724
1162 0.0156505
1163 0.0156384
1164 0.0156314
1166 0.0156253
1167 0.0156228
1168 0.0156099
1169 0.0156037
1171 0.0155898
1172 0.0155628
1173 0.01554
1174 0.0155211
1175 0.0155049
1176 0.0154794
1177 0.0154589
1178 0.0154364
1179 0.0154139
1180 0.0153946
1181 0.0153745
1182 0.0153506
1183 0.0153266
1184 0.0153021
1185 0.0152784
1186 0.0152541
1187 0.0152298
1188 0.0152062
1189 0.0151822
1190 0.0151615
1191 0.0151444
1192 0.0151302
1193 0.0151075
1194 0.0150891
1195 0.0150739
1196 0.0150518
1197 0.0150283
1198 0.0150072
1199 0.0149854
1200 0.0149724
1201 0.0149591
1202 0.0149589
1203 0.0149555
1204 0.0149494
1205 0.0149284
1206 0.0149041
1207 0.0148984
1208 0.0148747
1210 0.0148689
1211 0.0148616
1212 0.0148556
1214 0.0148546
1215 0.0148326
1216 0.01481
1217 0.0147898
1218 0.0147752
1219 0.01476
1220 0.0147422
1221 0.0147314
1222 0.0147114
1223 0.0146947
1224 0.0146795
1225 0.0146579
1226 0.0146464
1227 0.0146198
1228 0.0146039
1229 0.0145896
1230 0.0145824
1231 0.0145777
1234 0.0145665
1235 0.0145448
1236 0.0145241
1237 0.0145106
1238 0.0145031
1241 0.0144892
1242 0.0144748
1243 0.0144632
1244 0.0144464
1245 0.0144383
1247 0.0144271
1248 0.0144061
1249 0.0143939
1250 0.0143833
1251 0.0143711
1253 0.0143668
1254 0.0143639
1255 0.0143551
1256 0.0143327
1257 0.01432
1258 0.0143145
1259 0.0143129
1261 0.0142986
1262 0.0142917
1264 0.0142721
1265 0.0142505
1268 0.0142291
1269 0.0142224
1271 0.0141998
1272 0.0141814
1273 0.0141689
1274 0.0141538
1275 0.0141319
1276 0.0141083
1277 0.014085
1278 0.014063
1279 0.0140401
1280 0.0140177
1281 0.0139954
1282 0.0139732
1283 0.0139511
1284 0.0139311
1285 0.0139098
1286 0.0138906
1287 0.01387
1288 0.0138531
1289 0.0138325
1290 0.0138148
1291 0.0137958
1292 0.013782
1293 0.0137751
1296 0.0137598
1297 0.0137501
1298 0.0137244
1299 0.0137085
1300 0.0136971
1303 0.0136889
1304 0.0136832
1305 0.0136797
1307 0.0136566
1308 0.0136391
1309 0.0136338
1310 0.0136145
1311 0.0136052
1312 0.0135869
1313 0.0135802
1315 0.013575
1316 0.013572
1317 0.0135488
1318 0.0135269
1319 0.0135115
1320 0.0134978
1321 0.0134976
1322 0.013492
1323 0.0134735
1324 0.0134662
1325 0.0134474
1326 0.0134379
1327 0.0134215
1329 0.0134173
1330 0.0134085
1331 0.0133916
1332 0.0133794
1335 0.0133677
1336 0.0133554
1337 0.0133482
1338 0.0133292
1339 0.0133239
1341 0.0133016
1342 0.0132807
1343 0.0132619
1344 0.0132452
1345 0.0132387
1346 0.0132371
1348 0.0132196
1349 0.0131932
1350 0.0131788
1351 0.0131647
1353 0.0131582
1355 0.0131561
1356 0.0131455
1358 0.0131257
1359 0.0131163
1360 0.0131089
1361 0.0130877
1362 0.0130679
1363 0.0130534
1364 0.0130382
1365 0.0130205
1366 0.0130108
1367 0.0129887
1368 0.0129666
1369 0.0129449
1370 0.0129241
1371 0.0129028
1372 0.0128817
1373 0.0128633
1374 0.0128483
1375 0.0128324
1376 0.01281
1377 0.0127914
1378 0.0127804
1379 0.0127724
1380 0.0127518
1381 0.0127373
1382 0.012718
1383 0.0127019
1384 0.0126795
1385 0.0126586
1386 0.0126381
1387 0.012617
1388 0.0125978
1389 0.0125792
1390 0.012558
1391 0.0125367
1392 0.0125152
1393 0.0124938
1394 0.0124731
1395 0.0124519
1396 0.0124331
1397 0.012414
1398 0.0123959
1399 0.0123909
1400 0.0123657
1401 0.0123474
1402 0.0123389
1405 0.0123349
1408 0.0123268
1409 0.012308
1410 0.0122976
1413 0.0122796
1414 0.0122692
1415 0.0122653
1417 0.0122513
1418 0.0122419
1420 0.0122339
1421 0.0122156
1422 0.0122037
1423 0.012199
1424 0.0121986
1427 0.0121821
1429 0.0121799
1430 0.012162
1431 0.0121613
1433 0.0121432
1434 0.0121406
1435 0.0121357
1436 0.0121194
1437 0.0121023
1438 0.0120989
1440 0.012082
1441 0.0120617
1442 0.0120446
1443 0.0120255
1444 0.0120077
1445 0.0119907
1446 0.0119776
1447 0.0119667
1448 0.0119496
1449 0.0119495
1450 0.0119469
1451 0.011929
1452 0.0119222
1453 0.011911
1454 0.011904
1457 0.0118792
1458 0.0118717
1459 0.0118588
1460 0.0118519
1463 0.0118396
1464 0.0118233
1465 0.0118077
1466 0.0117967
1467 0.011777
1468 0.0117653
1469 0.0117513
1470 0.0117458
1471 0.011724
1472 0.0117087
1473 0.0116905
1474 0.0116821
1475 0.0116801
1476 0.0116774
1477 0.0116598
1480 0.0116398
1481 0.0116334
1482 0.0116188
1484 0.0116146
1485 0.011607
1487 0.0115913
1488 0.0115823
1489 0.0115712
1492 0.0115516
1493 0.0115458
1494 0.0115426
1495 0.0115423
1496 0.011541
1498 0.0115252
1500 0.0115175
1501 0.0114978
1502 0.0114832
1503 0.0114829
1507 0.0114734
1508 0.0114688
1509 0.0114651
1510 0.0114432
1511 0.0114272
1512 0.0114218
1513 0.0114085
1514 0.0114017
1515 0.0113972
1516 0.0113944
1518 0.0113937
1519 0.0113894
1520 0.0113724
1522 0.0113714
1523 0.0113513
1524 0.0113363
1525 0.0113323
1526 0.0113201
1528 0.0113149
1529 0.0113145
1531 0.0113052
1532 0.0112861
1533 0.0112762
1534 0.0112628
1537 0.0112446
1538 0.0112387
1539 0.0112364
1540 0.0112363
1541 0.0112269
1542 0.0112066
1543 0.0112007
1544 0.011191
1545 0.0111795
1546 0.0111691
1547 0.01115
1548 0.0111312
1549 0.0111154
1550 0.0110978
1551 0.0110807
1552 0.0110693
1553 0.0110622
1554 0.0110549
1555 0.0110495
1556 0.0110417
1557 0.0110312
1558 0.0110107
1559 0.0109973
1560 0.0109921
1561 0.0109862
1562 0.0109813
1563 0.0109794
1564 0.0109688
1565 0.0109682
1567 0.0109471
1568 0.0109333
1569 0.0109177
1570 0.0109069
1571 0.0108937
1572 0.0108853
1573 0.010883
1577 0.0108657
1578 0.010847
1579 0.0108334
1580 0.0108268
1583 0.0108097
1584 0.0108083
1586 0.0107982
1587 0.0107846
1588 0.0107647
1589 0.0107467
1590 0.0107346
1591 0.0107319
1592 0.0107259
1593 0.0107067
1594 0.0106954
1595 0.0106851
1597 0.0106832
1598 0.0106729
1600 0.0106663
1601 0.0106593
1602 0.0106583
1603 0.0106502
1605 0.0106501
1606 0.0106329
1608 0.0106293
1609 0.0106153
1612 0.0106037
1614 0.0106022
1615 0.0105936
1616 0.0105775
1617 0.0105746
1619 0.0105718
1620 0.0105515
1621 0.0105331
1622 0.0105194
1623 0.0105058
1624 0.0105001
1625 0.01048
1626 0.0104624
1627 0.010444
1628 0.0104255
1629 0.0104071
1630 0.0103893
1631 0.0103731
1632 0.0103567
1633 0.0103385
1634 0.0103203
1635 0.0103033
1636 0.0102849
1637 0.0102668
1638 0.0102488
1639 0.0102308
1640 0.0102129
1641 0.0101952
1642 0.0101775
1643 0.0101607
1644 0.0101442
1645 0.0101263
1646 0.0101085
1647 0.0100908
1648 0.0100736
1649 0.0100566
1650 0.0100388
1651 0.0100218
1652 0.0100041
1653 0.0099888
1654 0.00997306
1655 0.00995514
1656 0.00994159
1657 0.00992731
1658 0.0099107
1659 0.00989397
1660 0.00987648
1661 0.00985928
1662 0.0098478
1663 0.00983211
1664 0.00981835
1665 0.0098054
1666 0.00979051
1667 0.00977328
1668 0.0097565
1669 0.00973867
1670 0.00972102
1671 0.00970606
1672 0.00969569
1673 0.00968077
1674 0.00966714
1675 0.00964982
1676 0.00963543
1677 0.00963247
1678 0.00963193
1679 0.00961608
1680 0.00960149
1681 0.00958224
1682 0.00956431
1683 0.00954692
1684 0.00953178
1685 0.00951715
1686 0.00950003
1687 0.00948364
1688 0.00946744
1689 0.00945098
1690 0.00943582
1691 0.00941849
1692 0.00940187
1693 0.00938513
1694 0.00936889
1695 0.00935179
1696 0.00933533
1697 0.00931865
1698 0.00930496
1699 0.00929477
1700 0.00928524
1701 0.00927018
1702 0.00925333
1703 0.00923689
1704 0.00922448
1705 0.00920834
1706 0.0091917
1707 0.00917524
1708 0.00916043
1709 0.00914825
1710 0.00913664
1711 0.00912563
1712 0.00911862
1713 0.00911754
1714 0.00911555
1715 0.00910291
1716 0.00908878
1717 0.00907831
1718 0.00907568
1719 0.00907172
1720 0.00904976
1721 0.00903844
1722 0.00902976
1723 0.00902946
1724 0.00902406
1725 0.00901554
1727 0.00900744
1728 0.00899254
1729 0.00897967
1730 0.00897094
1731 0.00896555
1732 0.0089543
1736 0.00895048
1737 0.00893896
1738 0.00893761
1742 0.00891921
1743 0.00890374
1744 0.00889067
1745 0.00888121
1746 0.00887369
1749 0.00886674
1751 0.00886151
1752 0.00884787
1753 0.00884529
1756 0.00884074
1757 0.00883897
1758 0.00882528
1759 0.00882195
1760 0.00881832
1761 0.00880897
1762 0.00879853
1763 0.00878511
1764 0.00877713
1767 0.00876319
1768 0.00875128
1769 0.00874525
1770 0.00874105
1771 0.00872865
1772 0.00871243
1773 0.00870654
1776 0.00869447
1781 0.00867945
1784 0.0086706
1786 0.00866953
1787 0.0086584
1788 0.00865737
1792 0.00864208
1793 0.00863562
1794 0.00862625
1795 0.00861577
1798 0.00861467
1800 0.0085975
1801 0.00858459
1802 0.00857733
1806 0.00857676
1809 0.00855913
1810 0.00855453
1811 0.00854464
1814 0.00853215
1815 0.00852195
1816 0.00851988
1818 0.00851277
1819 0.00849872
1820 0.00848599
1821 0.00847776
1822 0.00847219
1823 0.00845158
1824 0.00843543
1825 0.00842471
1826 0.00841511
1827 0.00840654
1828 0.00840199
1830 0.0083924
1831 0.00839131
1833 0.00837709
1834 0.00836785
1835 0.00836695
1838 0.00836315
1839 0.00834749
1840 0.00834726
1843 0.00834292
1845 0.0083386
1846 0.00832523
1847 0.00831703
1848 0.00830669
1851 0.00829439
1852 0.00829388
1854 0.00828196
1855 0.00827076
1856 0.00826256
1859 0.00825053
1860 0.00824077
1861 0.00823989
1863 0.00823949
1865 0.00822466
1867 0.00822346
1868 0.00821255
1869 0.00820819
1870 0.00820535
1871 0.00819427
1872 0.00818658
1873 0.00817197
1874 0.00815954
1875 0.00814481
1876 0.00813096
1877 0.00811737
1878 0.00810577
1879 0.00809533
1880 0.00808588
1881 0.00808165
1882 0.00806431
1883 0.00805686
1884 0.0080494
1885 0.00804812
1887 0.00803609
1888 0.00802123
1889 0.0080086
1890 0.00799606
1891 0.00798592
1892 0.00797689
1893 0.00796349
1894 0.00795284
1895 0.00795065
1897 0.00793749
1898 0.00792129
1899 0.00790677
1900 0.00789286
1901 0.0078781
1902 0.00786389
1903 0.00784966
1904 0.00783503
1905 0.00782089
1906 0.00780638
1907 0.00779401
1908 0.00778495
1909 0.00777117
1910 0.00775867
1911 0.00774392
1912 0.00773022
1913 0.00771551
1914 0.00770216
1915 0.00768921
1916 0.00767543
1917 0.00766401
1918 0.00765475
1919 0.00764327
1920 0.00763009
1921 0.00761611
1922 0.00760168
1923 0.00758772
1924 0.00757382
1925 0.00755999
1926 0.0075463
1927 0.00753447
1928 0.00752436
1929 0.00751193
1930 0.00750567
1931 0.00750388
1933 0.00749307
1935 0.0074865
1936 0.00747832
1938 0.00747613
1939 0.00747109
1944 0.00745808
1945 0.00744938
1946 0.00744153
1947 0.00743769
1948 0.00742891
1951 0.00741821
1952 0.00741102
1953 0.00740872
1956 0.0074085
1958 0.00739317
1959 0.00738909
1960 0.00738794
1963 0.00737871
1965 0.00737733
1966 0.00736791
1967 0.00736738
1969 0.00735547
1970 0.00734281
1971 0.00733371
1972 0.0073219
1973 0.00731201
1974 0.00729989
1975 0.00728488
1976 0.00727149
1977 0.00725844
1978 0.00725298
1979 0.00724522
1980 0.00723344
1981 0.00722164
1982 0.00721008
1983 0.00719785
1984 0.00718599
1985 0.00717313
1986 0.00716114
1987 0.00714882
1988 0.00713628
1989 0.00712448
1990 0.00711448
1991 0.00710176
1992 0.00709038
1993 0.00708093
1996 0.0070653
1997 0.00706224
1998 0.00706126
1999 0.00706104
2000 0.00706059
2002 0.00705493
2003 0.0070443
2005 0.00704257
2006 0.00703304
2007 0.00702207
2008 0.00701436
2009 0.0070098
2010 0.0070085
2011 0.00700456
2012 0.00698769
2013 0.00697814
2016 0.00697237
2018 0.00697028
2020 0.00696857
2021 0.00696104
2024 0.00694901
2025 0.00693806
2026 0.0069276
2027 0.00691487
2028 0.00690636
2029 0.00690247
2030 0.00689663
2031 0.00689476
2033 0.00688682
2034 0.00687502
2036 0.00687433
2037 0.00687145
2038 0.00685966
2043 0.00684697
2044 0.00683994
2047 0.00683819
2049 0.00682633
2050 0.00681677
2051 0.00681362
2052 0.00681067
2053 0.00681047
2054 0.00680452
2055 0.00679017
2056 0.00678425
2058 0.00678292
2059 0.00677558
2060 0.00677502
2061 0.00677267
2062 0.00676641
2063 0.00675179
2064 0.00674167
2065 0.00673641
2066 0.00673114
2067 0.00672984
2070 0.00672305
2072 0.00672047
2073 0.00670888
2074 0.00670221
2077 0.00669225
2078 0.0066881
2081 0.00667699
2082 0.0066688
2084 0.00666875
2085 0.00666548
2087 0.0066528
2088 0.0066412
2089 0.0066345
2090 0.00662514
2091 0.00662253
2093 0.00662011
2094 0.00660639
2095 0.00659808
2096 0.0065926
2097 0.00658655
2098 0.00657947
2100 0.00657529
2101 0.00656852
2102 0.00656729
2104 0.00656624
2105 0.00656227
2108 0.00654999
2109 0.00654472
2111 0.00654181
2112 0.00653772
2113 0.00653128
2114 0.00652221
2115 0.00651492
2116 0.00651285
2117 0.00650971
2118 0.00650783
2119 0.00650391
2120 0.00649316
2122 0.00649041
2123 0.00648281
2126 0.00647825
2129 0.00646798
2130 0.00645898
2131 0.00645895
2133 0.00644695
2136 0.00644259
2139 0.00643981
2141 0.00643558
2142 0.00642831
2144 0.00642705
2145 0.00642594
