1 154575000.0
3 114723000.0
4 83828800.0
5 61018900.0
6 46508600.0
7 32516300.0
8 22351400.0
9 15696600.0
10 10322700.0
11 6611590.0
12 4203580.0
13 2521810.0
14 1451730.0
15 805127.0
16 416209.0
17 200368.0
18 88898.4
19 34826.6
20 11704.0
21 2999.86
22 446.596
23 78.734
26 74.9694
29 68.4679
30 67.2541
35 67.0914
38 67.0881
39 67.063
40 67.0413
41 67.0205
42 66.9988
43 66.9773
44 66.9558
45 66.9343
46 66.9128
47 66.8914
48 66.8703
49 66.8488
50 66.8273
51 66.8059
52 66.7846
53 66.7633
54 66.742
55 66.7208
56 66.6994
57 66.6783
58 66.6575
59 66.6363
60 66.6151
61 66.5939
62 66.5727
63 66.5516
64 66.5314
65 66.5103
66 66.4898
67 66.4739
68 66.4517
69 66.4318
70 66.4105
71 66.3893
72 66.3682
73 66.3473
74 66.3323
75 66.3095
76 66.289
77 66.2684
78 66.2492
79 66.2285
80 66.2085
81 66.1939
82 66.1715
83 66.152
84 66.131
85 66.1101
86 66.0893
87 66.0688
88 66.0615
89 66.0366
90 66.0166
91 65.9968
92 65.9811
93 65.9596
94 65.9405
95 65.9195
96 65.8986
97 65.8777
98 65.8569
99 65.8362
100 65.8155
101 65.7948
102 65.7741
103 65.7535
104 65.7366
105 65.7148
106 65.6946
107 65.6742
108 65.6543
109 65.6456
110 65.6214
111 65.602
112 65.5822
113 65.5646
114 65.5443
115 65.5253
116 65.5161
117 65.4925
118 65.4736
119 65.4536
120 65.4344
121 65.4214
122 65.3983
123 65.38
124 65.3595
125 65.3393
126 65.3196
127 65.3067
128 65.2837
129 65.2651
130 65.2449
131 65.225
132 65.2061
134 65.1887
135 65.1845
137 65.1603
138 65.1405
139 65.1212
140 65.1067
141 65.0854
142 65.067
143 65.0465
144 65.0261
145 65.0059
146 64.9857
147 64.9655
148 64.9454
149 64.926
150 64.9058
151 64.8856
152 64.8654
153 64.8453
154 64.8252
155 64.8051
156 64.7851
157 64.7664
158 64.7461
159 64.726
160 64.706
161 64.686
162 64.666
163 64.6461
164 64.6285
165 64.6079
166 64.5881
167 64.5684
168 64.549
169 64.5291
170 64.5092
171 64.4893
172 64.4695
173 64.4499
174 64.4307
175 64.4111
176 64.3918
177 64.3749
178 64.3542
179 64.3357
180 64.3158
181 64.296
182 64.2763
183 64.2567
184 64.237
185 64.2173
186 64.1976
187 64.178
188 64.1587
189 64.1391
190 64.1195
191 64.0999
192 64.0803
193 64.0607
194 64.0412
195 64.0224
196 64.0026
197 63.9831
198 63.9637
199 63.9449
200 63.9253
201 63.9061
202 63.8866
203 63.8671
204 63.8477
205 63.8284
206 63.809
207 63.7897
208 63.7705
209 63.7511
210 63.7317
211 63.7124
212 63.6932
213 63.674
214 63.6547
215 63.6354
216 63.6162
217 63.5982
218 63.5786
219 63.5597
220 63.5405
221 63.5213
222 63.5022
223 63.4834
224 63.4646
225 63.4457
226 63.4275
227 63.4088
228 63.3902
229 63.3736
230 63.3548
231 63.337
232 63.318
233 63.2992
234 63.2801
235 63.2611
236 63.2421
237 63.2231
238 63.2041
239 63.1852
240 63.1713
241 63.1513
242 63.1322
243 63.1135
244 63.0946
245 63.0757
246 63.0569
247 63.0384
248 63.0195
249 63.0007
250 62.9819
251 62.9633
252 62.9449
253 62.9263
254 62.9078
255 62.8904
256 62.8749
257 62.8571
258 62.84
259 62.8267
260 62.8061
261 62.7905
262 62.7714
263 62.7528
264 62.7342
265 62.7155
266 62.697
267 62.6784
268 62.6599
269 62.6418
270 62.6231
271 62.6045
272 62.5861
273 62.5678
274 62.5494
275 62.531
276 62.5128
277 62.5056
278 62.4838
279 62.4664
280 62.4488
281 62.4335
282 62.4149
283 62.3983
284 62.3799
285 62.3618
286 62.3434
287 62.325
288 62.3068
289 62.2886
290 62.2703
291 62.252
292 62.2338
293 62.217
294 62.1983
295 62.1804
296 62.1622
297 62.1441
298 62.1263
299 62.1079
300 62.0901
301 62.072
302 62.0539
303 62.0357
304 62.0179
305 61.9998
306 61.9817
307 61.9636
308 61.9456
309 61.93
310 61.9115
311 61.8933
312 61.8754
313 61.8574
314 61.8394
315 61.8214
316 61.8034
317 61.7855
318 61.7698
319 61.7513
320 61.7335
321 61.7158
322 61.698
323 61.6802
324 61.6627
325 61.6453
326 61.6277
327 61.6105
328 61.6004
329 61.5801
330 61.5642
331 61.5466
332 61.5292
333 61.5124
334 61.5036
335 61.4824
336 61.4672
337 61.4497
338 61.4325
339 61.4163
341 61.4011
342 61.3944
344 61.3743
345 61.3587
346 61.3412
347 61.3237
348 61.3062
349 61.2887
350 61.2712
351 61.2538
352 61.237
353 61.2191
354 61.2026
355 61.1858
356 61.1685
357 61.1514
358 61.1357
359 61.1242
360 61.1077
361 61.0916
362 61.0767
363 61.0722
364 61.0481
365 61.0335
366 61.0168
367 61.0023
369 60.987
370 60.9846
372 60.9634
373 60.9468
374 60.9305
375 60.9181
376 60.8998
377 60.8847
378 60.8671
379 60.8498
380 60.8326
381 60.8154
382 60.7982
383 60.781
384 60.7638
385 60.7467
386 60.7381
387 60.7191
388 60.7017
389 60.685
390 60.6678
391 60.6507
392 60.6337
393 60.617
394 60.5998
395 60.5828
396 60.5658
397 60.5489
398 60.5319
399 60.5149
400 60.4979
401 60.481
402 60.4673
403 60.4497
404 60.4326
405 60.4159
406 60.3989
407 60.3822
408 60.3653
409 60.3485
410 60.333
411 60.3158
412 60.299
413 60.2824
414 60.2658
415 60.2492
416 60.233
417 60.2162
418 60.1998
419 60.1831
420 60.1664
421 60.1497
422 60.1331
423 60.1164
424 60.0997
425 60.083
426 60.0664
427 60.0503
428 60.0336
429 60.0169
430 60.0005
431 59.9839
432 59.9675
433 59.9515
434 59.9349
435 59.9183
436 59.9018
437 59.8853
438 59.8688
439 59.8524
440 59.8376
441 59.8209
442 59.8043
443 59.7879
444 59.7715
445 59.7555
446 59.739
447 59.7227
448 59.7063
449 59.69
450 59.6737
451 59.6574
452 59.6413
453 59.6255
454 59.6093
455 59.5931
456 59.577
457 59.5615
458 59.5514
459 59.5351
460 59.5186
461 59.5021
462 59.4856
463 59.4692
464 59.453
465 59.4371
466 59.4209
467 59.405
468 59.3889
469 59.3728
470 59.3568
471 59.3413
472 59.3251
473 59.309
474 59.2931
475 59.2771
476 59.2612
477 59.2468
478 59.2305
479 59.2144
480 59.1986
481 59.1826
482 59.1668
483 59.1512
484 59.1352
485 59.1194
486 59.1035
487 59.0876
488 59.0719
489 59.0561
490 59.0403
491 59.0251
492 59.0092
493 58.9934
494 58.9777
495 58.9621
496 58.9463
497 58.9306
498 58.9149
499 58.8992
500 58.8835
501 58.8678
502 58.8521
503 58.8365
505 58.8248
506 58.8199
508 58.8004
509 58.7882
510 58.7725
511 58.7569
512 58.7416
513 58.7271
515 58.7147
517 58.7074
518 58.7029
520 58.695
521 58.689
523 58.6816
524 58.675
525 58.6702
527 58.662
528 58.6544
529 58.6468
530 58.6395
531 58.6317
532 58.6239
533 58.6162
534 58.6085
535 58.6007
536 58.5934
537 58.5857
538 58.5779
539 58.5704
540 58.5627
541 58.555
542 58.5473
543 58.5397
544 58.5321
545 58.5245
546 58.517
547 58.5093
548 58.5015
549 58.4939
550 58.4863
551 58.4787
552 58.4711
553 58.4635
554 58.4559
555 58.4484
556 58.4452
557 58.4375
558 58.4298
559 58.4221
560 58.4144
561 58.4067
562 58.3991
563 58.3915
564 58.3841
566 58.3769
567 58.3711
568 58.3697
569 58.3608
570 58.3529
571 58.3455
572 58.3379
573 58.3303
574 58.3229
575 58.3196
576 58.3112
577 58.3034
578 58.2958
579 58.2883
580 58.281
581 58.2735
582 58.2659
583 58.2583
584 58.2507
585 58.2431
586 58.2355
587 58.228
588 58.2206
589 58.213
590 58.2055
591 58.1979
592 58.1905
593 58.183
594 58.1756
595 58.1686
596 58.161
597 58.1534
598 58.1458
599 58.1384
600 58.1309
601 58.1234
602 58.1159
603 58.1084
604 58.1009
605 58.0935
606 58.086
607 58.0785
608 58.071
609 58.0636
610 58.0566
611 58.0491
612 58.0416
613 58.0341
614 58.0266
615 58.0191
616 58.0116
617 58.0041
618 57.9967
619 57.9896
620 57.9821
621 57.9746
622 57.9671
623 57.9596
624 57.9522
625 57.9448
626 57.9374
627 57.9306
628 57.923
629 57.9155
630 57.9081
631 57.9007
632 57.8935
633 57.886
634 57.8786
635 57.8712
636 57.8638
637 57.8565
638 57.8516
639 57.8437
640 57.8362
641 57.8288
642 57.8214
643 57.814
644 57.8067
645 57.802
646 57.7944
647 57.7868
648 57.7794
649 57.772
650 57.7646
651 57.7573
652 57.75
653 57.7427
654 57.7354
655 57.7282
656 57.7225
657 57.7147
658 57.7073
659 57.7001
660 57.6928
661 57.6855
662 57.6782
663 57.6709
664 57.6637
665 57.6585
666 57.6511
667 57.6437
668 57.6364
669 57.629
670 57.6217
671 57.6144
672 57.6071
673 57.6
674 57.5942
675 57.5869
676 57.5797
677 57.5725
678 57.5654
679 57.5586
680 57.551
681 57.5438
682 57.5365
683 57.5293
684 57.5229
685 57.5155
686 57.5082
687 57.501
688 57.4938
689 57.4866
690 57.4793
691 57.4721
692 57.4649
693 57.4578
694 57.4506
695 57.444
696 57.4366
697 57.4294
698 57.4222
699 57.415
700 57.4078
701 57.4006
702 57.3934
703 57.3862
704 57.379
705 57.3718
706 57.3646
707 57.3574
708 57.3502
709 57.3431
711 57.3364
712 57.3307
713 57.3283
714 57.3199
715 57.3128
716 57.3058
717 57.2998
718 57.2926
719 57.2854
720 57.2783
721 57.2712
722 57.2641
723 57.257
724 57.2499
725 57.2429
726 57.2378
727 57.2306
728 57.2234
729 57.2163
730 57.2091
731 57.202
732 57.1948
733 57.1877
734 57.1806
735 57.1736
736 57.1665
737 57.1594
738 57.1524
739 57.1453
740 57.1383
741 57.1316
742 57.1245
743 57.1174
744 57.1103
745 57.1032
746 57.0961
747 57.089
748 57.082
749 57.0753
750 57.0682
751 57.0611
752 57.054
753 57.047
754 57.0399
755 57.0329
756 57.0259
757 57.0189
758 57.0119
759 57.0051
760 56.998
761 56.9909
762 56.984
763 56.9771
764 56.9701
765 56.9631
766 56.956
767 56.9492
768 56.9422
769 56.9352
770 56.9282
771 56.9212
772 56.9142
773 56.9072
774 56.9002
775 56.8933
776 56.8886
777 56.8815
778 56.8744
779 56.8673
780 56.8603
781 56.8533
782 56.8464
783 56.8398
784 56.8328
785 56.8258
786 56.8188
787 56.8119
788 56.805
789 56.7981
790 56.7912
791 56.7843
792 56.7774
793 56.7706
794 56.7636
795 56.7567
796 56.7498
797 56.743
798 56.7361
799 56.7292
800 56.7223
801 56.7154
802 56.7085
803 56.7016
804 56.6947
805 56.6878
806 56.6809
807 56.674
808 56.6672
810 56.6608
811 56.6553
812 56.6525
813 56.6445
814 56.6377
815 56.631
816 56.6254
817 56.6185
818 56.6118
819 56.6049
820 56.5981
821 56.5912
822 56.5846
823 56.5778
824 56.571
825 56.5642
826 56.5574
827 56.5507
828 56.5494
829 56.5416
830 56.5345
831 56.5278
832 56.521
833 56.5144
834 56.5095
835 56.5023
836 56.4954
837 56.4887
838 56.4819
839 56.4751
840 56.4683
841 56.4616
842 56.4563
843 56.4495
844 56.4426
845 56.4358
846 56.429
847 56.4222
848 56.4154
849 56.4087
850 56.402
851 56.3953
852 56.3902
853 56.3831
854 56.3763
855 56.3696
856 56.3628
857 56.3561
858 56.3494
859 56.3427
860 56.336
861 56.3293
862 56.3226
863 56.3159
864 56.3093
865 56.3047
866 56.2975
867 56.2908
868 56.2841
869 56.2774
870 56.2708
871 56.2643
872 56.2576
873 56.2509
874 56.2443
875 56.2379
876 56.2312
877 56.2245
878 56.2179
879 56.212
880 56.2053
881 56.1986
882 56.1919
883 56.1852
884 56.1786
885 56.172
886 56.1653
887 56.1587
888 56.1521
889 56.1456
890 56.1389
891 56.1323
892 56.1257
893 56.1191
894 56.1125
895 56.1059
896 56.0993
897 56.0928
898 56.0917
899 56.0848
900 56.078
901 56.0712
902 56.0646
903 56.058
904 56.0514
905 56.0448
906 56.0383
907 56.0335
908 56.0265
909 56.0199
910 56.0134
911 56.0068
912 56.0003
913 55.9946
914 55.9878
915 55.9812
916 55.9747
917 55.9682
918 55.9617
919 55.9551
920 55.9486
921 55.9421
922 55.9357
923 55.9291
924 55.9227
925 55.9162
926 55.9097
927 55.9032
928 55.8967
929 55.8902
930 55.8837
931 55.8772
932 55.8707
933 55.8642
934 55.8578
936 55.8515
937 55.8453
938 55.8393
939 55.8337
940 55.8306
941 55.8227
942 55.8163
943 55.81
944 55.8049
945 55.7983
946 55.7919
947 55.7854
948 55.779
949 55.7728
950 55.7664
951 55.76
952 55.7538
953 55.7474
954 55.741
955 55.7348
956 55.7284
957 55.7221
958 55.7162
959 55.7097
960 55.7032
961 55.6968
962 55.6904
963 55.684
964 55.6777
965 55.6735
966 55.6666
967 55.6601
968 55.6538
969 55.6474
970 55.6411
971 55.6363
972 55.6297
973 55.6232
974 55.6168
975 55.6104
976 55.6041
977 55.5983
978 55.5918
979 55.5854
980 55.579
981 55.5727
982 55.5664
983 55.5601
984 55.5538
985 55.5475
986 55.5412
987 55.535
989 55.5291
990 55.5242
991 55.5216
993 55.5143
994 55.508
995 55.5019
996 55.4972
997 55.4907
998 55.4845
999 55.4782
1000 55.472
1001 55.4662
1002 55.4597
1003 55.4534
1004 55.4471
1005 55.441
1006 55.4351
1007 55.4289
1008 55.4227
1009 55.4165
1010 55.4103
1011 55.4041
1012 55.398
1013 55.3931
1014 55.3862
1015 55.38
1016 55.3739
1017 55.3683
1018 55.3619
1019 55.3556
1020 55.3494
1021 55.3432
1022 55.3369
1023 55.3308
1024 55.3246
1025 55.3184
1026 55.3122
1027 55.306
1028 55.2998
1029 55.2938
1030 55.2875
1031 55.2813
1032 55.2751
1033 55.269
1034 55.2629
1035 55.2567
1036 55.2505
1037 55.2443
1038 55.2381
1039 55.2319
1040 55.2257
1041 55.2195
1042 55.2133
1043 55.2072
1044 55.2032
1045 55.1967
1046 55.1903
1047 55.1843
1048 55.1781
1049 55.1719
1050 55.1658
1051 55.1597
1052 55.1536
1053 55.1478
1054 55.1416
1055 55.1355
1056 55.1294
1057 55.1233
1058 55.1173
1059 55.1132
1060 55.1065
1061 55.1004
1062 55.0944
1063 55.0884
1064 55.0822
1065 55.0762
1066 55.0701
1067 55.064
1068 55.0579
1069 55.0518
1070 55.0457
1071 55.0397
1073 55.0342
1074 55.0298
1075 55.0293
1076 55.0215
1077 55.0152
1078 55.0095
1079 55.0073
1080 55.0006
1081 54.9944
1082 54.9885
1083 54.9824
1084 54.9763
1085 54.9703
1086 54.9643
1087 54.9583
1088 54.9526
1089 54.9465
1090 54.9405
1091 54.9345
1092 54.9289
1093 54.9228
1094 54.9168
1095 54.9108
1096 54.9047
1097 54.899
1098 54.8929
1099 54.887
1100 54.881
1101 54.875
1102 54.8691
1103 54.8644
1104 54.8584
1105 54.8523
1106 54.8463
1107 54.8402
1108 54.8342
1109 54.8282
1110 54.8223
1111 54.8165
1112 54.8106
1113 54.8046
1114 54.7986
1115 54.7927
1116 54.787
1117 54.781
1118 54.7751
1119 54.7691
1120 54.7635
1121 54.7577
1122 54.7519
1123 54.7466
1124 54.7408
1125 54.735
1126 54.7298
1127 54.724
1128 54.7183
1129 54.7135
1130 54.7074
1131 54.7017
1132 54.6958
1133 54.6899
1134 54.684
1135 54.6781
1136 54.6722
1137 54.6663
1138 54.6604
1139 54.6545
1140 54.6486
1141 54.6428
1142 54.6394
1143 54.6329
1144 54.627
1145 54.6212
1146 54.6153
1147 54.6095
1148 54.6052
1149 54.5991
1150 54.5931
1151 54.5873
1152 54.5814
1153 54.5756
1154 54.5699
1155 54.5641
1156 54.5582
1157 54.5524
1158 54.5466
1159 54.5408
1160 54.535
1161 54.5291
1162 54.5238
1163 54.5179
1164 54.5121
1165 54.5063
1166 54.5005
1167 54.4947
1168 54.4889
1169 54.4832
1170 54.4783
1171 54.4724
1172 54.4666
1173 54.4608
1174 54.455
1175 54.4492
1176 54.4434
1177 54.4377
1178 54.4324
1179 54.4265
1180 54.4207
1181 54.4149
1182 54.4092
1183 54.4037
1184 54.3979
1185 54.3921
1186 54.3864
1187 54.3807
1188 54.3749
1189 54.3692
1190 54.3635
1191 54.3579
1192 54.3522
1193 54.3466
1194 54.3409
1195 54.3353
1196 54.3303
1197 54.3244
1198 54.3188
1199 54.3131
1200 54.3074
1201 54.3017
1202 54.296
1203 54.2903
1204 54.2846
1205 54.279
1206 54.2761
1207 54.2697
1208 54.264
1209 54.2585
1210 54.2528
1211 54.2472
1212 54.2415
1213 54.236
1214 54.2304
1215 54.2248
1216 54.2193
1217 54.2136
1218 54.2079
1219 54.2023
1220 54.1967
1221 54.1911
1222 54.1855
1223 54.1799
1224 54.1744
1225 54.1708
1226 54.1651
1227 54.1593
1228 54.1536
1229 54.148
1230 54.1424
1231 54.137
1232 54.1319
1233 54.1264
1234 54.121
1235 54.1159
1236 54.1101
1237 54.1045
1238 54.099
1239 54.094
1240 54.0883
1241 54.0828
1242 54.0772
1243 54.0717
1244 54.0663
1245 54.0607
1246 54.0551
1247 54.0495
1248 54.044
1249 54.039
1250 54.0333
1251 54.0278
1252 54.0222
1253 54.0168
1254 54.0112
1255 54.0058
1256 54.0002
1257 53.9947
1258 53.9892
1259 53.9837
1260 53.9781
1261 53.9736
1262 53.968
1263 53.9624
1264 53.9569
1265 53.9514
1266 53.9459
1267 53.9404
1268 53.9349
1269 53.9295
1270 53.9283
1271 53.9224
1272 53.9167
1273 53.9111
1274 53.9056
1275 53.9001
1276 53.8946
1277 53.8891
1278 53.8837
1279 53.8822
1280 53.8761
1281 53.8704
1282 53.865
1283 53.8596
1284 53.8542
1285 53.8488
1286 53.8435
1287 53.838
1288 53.8326
1289 53.8272
1290 53.8219
1291 53.8164
1292 53.811
1293 53.8056
1294 53.8003
1295 53.7949
1296 53.7895
1297 53.7841
1298 53.7787
1299 53.7734
1301 53.7685
1302 53.7647
1303 53.7643
1304 53.7606
1305 53.7544
1306 53.7532
1307 53.7477
1308 53.7422
1309 53.7368
1310 53.7314
1311 53.7261
1312 53.721
1314 53.7162
1315 53.7135
1317 53.7078
1318 53.7025
1319 53.6972
1320 53.6922
1321 53.6869
1322 53.6817
1323 53.6772
1324 53.6717
1325 53.6665
1326 53.6612
1327 53.6559
1328 53.6506
1329 53.6453
1330 53.6401
1331 53.6384
1332 53.6321
1333 53.6268
1334 53.6217
1335 53.6164
1336 53.6111
1337 53.6058
1338 53.6005
1339 53.5952
1340 53.5899
1341 53.5846
1342 53.5793
1343 53.574
1344 53.5688
1346 53.5642
1347 53.5613
1349 53.5557
1350 53.5506
1351 53.5454
1352 53.5404
1353 53.5385
1354 53.5323
1355 53.5272
1356 53.5222
1357 53.5182
1358 53.5127
1359 53.5077
1360 53.5024
1361 53.4972
1362 53.492
1363 53.4868
1364 53.4816
1365 53.4765
1366 53.4764
1367 53.4699
1368 53.4645
1369 53.4596
1370 53.4544
1371 53.4491
1372 53.444
1373 53.4388
1374 53.4336
1375 53.4285
1376 53.4233
1377 53.4181
1378 53.4129
1379 53.4077
1380 53.4026
1381 53.3988
1382 53.3932
1383 53.388
1384 53.383
1385 53.3779
1386 53.3728
1387 53.3678
1388 53.3626
1389 53.3574
1390 53.3522
1391 53.3472
1392 53.3425
1393 53.3373
1394 53.3321
1395 53.3269
1396 53.3218
1397 53.3167
1398 53.3116
1399 53.3065
1400 53.3013
1401 53.2964
1402 53.2912
1403 53.2861
1404 53.281
1405 53.2759
1406 53.2708
1407 53.2656
1408 53.2637
1409 53.2581
1410 53.2528
1411 53.2478
1412 53.2428
1413 53.2378
1414 53.2329
1415 53.2296
1416 53.2239
1417 53.219
1418 53.214
1419 53.2093
1421 53.2048
1422 53.2017
1424 53.1966
1425 53.1938
1427 53.1886
1428 53.1836
1429 53.1785
1430 53.1736
1431 53.1686
1432 53.1635
1433 53.1591
1434 53.154
1435 53.1491
1436 53.1441
1437 53.1391
1438 53.134
1439 53.1296
1440 53.1245
1441 53.1194
1442 53.1144
1443 53.1094
1444 53.1044
1445 53.0994
1446 53.0944
1447 53.0894
1448 53.0844
1449 53.0794
1450 53.0744
1451 53.0694
1452 53.0645
1454 53.0599
1455 53.0558
1456 53.053
1458 53.0473
1459 53.0429
1460 53.0379
1461 53.0331
1462 53.029
1463 53.0249
1464 53.0203
1465 53.0164
1467 53.0116
1468 53.0094
1470 53.004
1471 52.9991
1472 52.9942
1473 52.9893
1474 52.9844
1475 52.9794
1476 52.9746
1477 52.9697
1478 52.9648
1479 52.9598
1480 52.9566
1481 52.9514
1482 52.9464
1483 52.9416
1484 52.9367
1485 52.9318
1486 52.9268
1487 52.9224
1488 52.9174
1489 52.9126
1490 52.9077
1491 52.9028
1492 52.8979
1493 52.8931
1494 52.8887
1495 52.8838
1496 52.8788
1497 52.874
1498 52.8691
1499 52.8642
1500 52.8594
1501 52.8548
1502 52.8499
1503 52.845
1504 52.8402
1505 52.8353
1506 52.8307
1507 52.8258
1508 52.8211
1509 52.8162
1510 52.8115
1511 52.8067
1512 52.8019
1513 52.797
1514 52.7937
1515 52.7886
1516 52.7838
1517 52.7791
1518 52.7743
1519 52.7695
1520 52.7647
1521 52.7599
1522 52.7551
1523 52.7503
1524 52.7455
1525 52.7407
1526 52.7359
1527 52.7311
1528 52.7264
1529 52.7256
1530 52.7201
1531 52.7152
1532 52.7104
1533 52.7057
1534 52.701
1535 52.6962
1536 52.6916
1537 52.6869
1538 52.6822
1539 52.6777
1540 52.6733
1541 52.6686
1542 52.664
1543 52.6596
1544 52.6547
1545 52.65
1546 52.6453
1547 52.6407
1548 52.636
1549 52.6312
1550 52.6268
1551 52.6221
1552 52.6174
1553 52.6127
1554 52.608
1555 52.6034
1556 52.5996
1557 52.5949
1558 52.5902
1559 52.5855
1560 52.5807
1561 52.576
1562 52.5714
1563 52.5669
1564 52.5623
1565 52.5576
1566 52.5529
1567 52.5482
1568 52.5437
1569 52.5401
1570 52.5353
1571 52.5306
1572 52.5259
1573 52.5212
1574 52.5166
1575 52.512
1576 52.5074
1577 52.5028
1578 52.4982
1579 52.4935
1580 52.4889
1581 52.4843
1582 52.4798
1583 52.4752
1584 52.4706
1585 52.466
1586 52.4614
1587 52.4569
1588 52.4527
1589 52.4481
1590 52.4435
1591 52.4389
1592 52.4343
1593 52.4297
1594 52.4252
1595 52.4212
1596 52.4164
1597 52.4119
1598 52.4073
1599 52.4028
1600 52.3988
1601 52.3945
1602 52.3902
1603 52.3867
1604 52.3821
1605 52.3778
1606 52.3733
1607 52.3688
1608 52.3643
1609 52.3598
1610 52.3554
1611 52.3528
1612 52.3476
1613 52.3433
1614 52.339
1615 52.3353
1616 52.3306
1617 52.3263
1618 52.3218
1619 52.3173
1620 52.3128
1621 52.3084
1622 52.3049
1623 52.3001
1624 52.2956
1625 52.2913
1626 52.2872
1627 52.2827
1628 52.2782
1629 52.2737
1630 52.2693
1631 52.265
1632 52.2605
1633 52.256
1634 52.2516
1635 52.2475
1636 52.2431
1637 52.2386
1638 52.2341
1639 52.2296
1640 52.2252
1641 52.2208
1642 52.2164
1643 52.212
1644 52.2076
1645 52.2032
1646 52.1988
1647 52.1944
1648 52.19
1649 52.1857
1651 52.182
1652 52.1802
1654 52.1752
1655 52.1711
1656 52.1668
1657 52.1627
1658 52.1605
1659 52.1553
1660 52.1514
1661 52.1471
1662 52.1429
1663 52.1392
1664 52.1347
1665 52.1307
1666 52.1263
1667 52.1219
1668 52.1175
1669 52.1132
1670 52.1098
1671 52.1053
1672 52.1008
1673 52.0965
1674 52.0922
1675 52.0879
1676 52.0835
1677 52.0796
1678 52.0752
1679 52.0709
1680 52.0666
1681 52.0623
1682 52.058
1683 52.0537
1684 52.0494
1685 52.0451
1686 52.0408
1687 52.0365
1688 52.0323
1690 52.0288
1692 52.0268
1693 52.0251
1694 52.024
1696 52.0217
1697 52.0195
1698 52.0174
1699 52.0153
1700 52.0132
1701 52.011
1702 52.0091
1703 52.007
1704 52.0048
1705 52.0027
1706 52.0006
1707 51.9984
1708 51.9967
1709 51.9945
1710 51.9924
1711 51.9903
1712 51.9881
1713 51.9865
1714 51.9843
1715 51.9822
1716 51.98
1717 51.9781
1718 51.976
1719 51.9738
1720 51.9718
1721 51.9696
1722 51.9675
1723 51.9654
1724 51.9633
1725 51.9612
1726 51.9591
1727 51.957
1728 51.9548
1730 51.9528
1731 51.951
1732 51.9496
1734 51.9474
1735 51.9452
1736 51.9432
1737 51.9412
1738 51.9391
1739 51.9369
1740 51.9348
1741 51.9327
1742 51.9307
1743 51.9286
1744 51.9265
1745 51.9244
1746 51.9222
1747 51.9205
1748 51.9184
1749 51.9162
1750 51.9142
1751 51.9121
1752 51.91
1753 51.9079
1754 51.9058
1755 51.9037
1756 51.9016
1757 51.8996
1758 51.898
1759 51.8959
1760 51.8938
1761 51.8918
1762 51.8899
1763 51.8877
1764 51.8856
1765 51.8835
1766 51.8814
1767 51.8793
1768 51.8772
1769 51.8751
1770 51.873
1771 51.8709
1772 51.8688
1773 51.8668
1775 51.8647
1776 51.8628
1777 51.8613
1779 51.8592
1780 51.8574
1781 51.8563
1783 51.8541
1784 51.852
1785 51.8499
1786 51.8478
1787 51.8457
1788 51.8436
1789 51.8416
1790 51.84
1791 51.8379
1792 51.8358
1793 51.8337
1794 51.8316
1795 51.8295
1796 51.8274
1797 51.8253
1798 51.8232
1799 51.8212
1800 51.8194
1801 51.8174
1802 51.8153
1803 51.8132
1804 51.8111
1805 51.809
1806 51.807
1807 51.805
1808 51.803
1809 51.8011
1810 51.799
1811 51.7969
1812 51.7949
1813 51.7929
1814 51.7909
1815 51.7889
1816 51.7868
1817 51.785
1818 51.7829
1819 51.7808
1820 51.7788
1821 51.7768
1822 51.7748
1823 51.7728
1824 51.7708
1825 51.7689
1826 51.7677
1827 51.7657
1828 51.7638
1829 51.762
1830 51.7609
1831 51.7586
1832 51.7565
1833 51.7545
1834 51.7525
1835 51.7504
1836 51.7483
1837 51.7463
1838 51.7444
1839 51.7423
1840 51.7403
1841 51.7382
1842 51.7362
1843 51.7342
1844 51.7321
1845 51.7303
1846 51.7282
1847 51.7262
1848 51.7242
1849 51.7221
1850 51.7204
1851 51.7184
1852 51.7163
1853 51.7143
1854 51.7123
1855 51.7103
1856 51.7084
1857 51.7079
1858 51.7056
1859 51.7035
1860 51.7014
1861 51.6994
1862 51.6974
1863 51.6955
1864 51.6934
1865 51.6914
1866 51.6894
1867 51.6874
1868 51.6853
1869 51.6842
1870 51.682
1871 51.68
1872 51.678
1873 51.6759
1874 51.6751
1875 51.673
1876 51.6709
1877 51.6689
1878 51.6668
1879 51.665
1880 51.663
1881 51.661
1882 51.659
1883 51.657
1884 51.655
1885 51.653
1886 51.6511
1888 51.6491
1889 51.6474
1890 51.6465
1891 51.6443
1892 51.6423
1893 51.6403
1894 51.6383
1895 51.6363
1896 51.6343
1897 51.6323
1898 51.6303
1899 51.6284
1900 51.6281
1901 51.6261
1902 51.624
1903 51.622
1904 51.62
1905 51.618
1906 51.616
1907 51.6141
1908 51.6126
1909 51.6104
1910 51.6084
1911 51.6064
1912 51.6044
1913 51.6024
1914 51.6004
1915 51.5985
1916 51.5969
1917 51.5948
1918 51.5928
1919 51.5908
1920 51.5888
1921 51.5868
1922 51.5848
1923 51.5828
1924 51.5808
1925 51.5788
1926 51.5768
1927 51.5749
1929 51.573
1930 51.5712
1931 51.5696
1932 51.5692
1933 51.5668
1934 51.5648
1935 51.5628
1936 51.5608
1937 51.5591
1938 51.5571
1939 51.5552
1940 51.5532
1941 51.5513
1942 51.5493
1943 51.5473
1944 51.5454
1945 51.5435
1946 51.5415
1947 51.5396
1948 51.5377
1949 51.5357
1950 51.5337
1951 51.5318
1952 51.53
1953 51.528
1954 51.526
1955 51.524
1956 51.5221
1957 51.5202
1958 51.5183
1959 51.5165
1960 51.5145
1961 51.5126
1962 51.5106
1963 51.5087
1964 51.5067
1965 51.5049
1966 51.503
1967 51.5011
1968 51.4992
1969 51.4974
1970 51.4972
1971 51.4949
1972 51.4928
1973 51.4909
1974 51.4889
1975 51.487
1976 51.4851
1977 51.4833
1978 51.482
1979 51.48
1980 51.4779
1981 51.476
1982 51.4741
1983 51.4722
1984 51.4703
1985 51.4685
1986 51.467
1987 51.4652
1988 51.4634
1989 51.4617
1990 51.4607
1991 51.4585
1992 51.4565
1993 51.4545
1994 51.4526
1995 51.4515
1996 51.4495
1997 51.4475
1998 51.4456
1999 51.4436
2000 51.4419
2001 51.44
2002 51.438
2003 51.4361
2004 51.4342
2005 51.4323
2006 51.4304
2007 51.4286
2008 51.4275
2009 51.4256
2010 51.4237
2011 51.4218
2012 51.4199
2013 51.418
2014 51.4161
2015 51.4142
2016 51.4124
2017 51.4112
2018 51.409
2019 51.407
2020 51.4051
2021 51.4032
2022 51.4013
2023 51.3993
2024 51.3977
2025 51.3958
2026 51.3939
2027 51.392
2028 51.3901
2029 51.3882
2030 51.3864
2031 51.3847
2032 51.3828
2033 51.3809
2034 51.3791
2035 51.3777
2036 51.3756
2037 51.3737
2038 51.3718
2039 51.37
2040 51.3682
2041 51.3662
2042 51.3645
2043 51.3627
2044 51.3608
2045 51.3589
2046 51.357
2047 51.3551
2048 51.3533
2049 51.3523
2050 51.3502
2051 51.3482
2052 51.3464
2053 51.3445
2054 51.3426
2055 51.3407
2056 51.3388
2057 51.337
2058 51.3356
2059 51.3338
2060 51.332
2061 51.3302
2062 51.3284
2063 51.3267
2064 51.3257
2065 51.3235
2066 51.3215
2067 51.3196
2068 51.3177
2069 51.3159
2070 51.314
2071 51.3122
2072 51.3104
2073 51.3085
2074 51.3066
2075 51.3047
2076 51.3029
2077 51.3015
2078 51.2995
2079 51.2976
2080 51.2957
2081 51.2938
2082 51.292
2083 51.2906
2084 51.2887
2085 51.2868
2086 51.2849
2087 51.283
2088 51.2812
2089 51.2794
2090 51.2775
2091 51.2756
2092 51.2738
2093 51.2722
2094 51.2704
2095 51.2686
2096 51.2667
2097 51.2648
2098 51.263
2099 51.2613
2100 51.2595
2101 51.2577
2102 51.2559
2103 51.2542
2104 51.2536
2105 51.2514
2106 51.2495
2107 51.2476
2108 51.2458
2109 51.2448
2110 51.2429
2111 51.241
2112 51.2391
2113 51.2372
2114 51.2354
2115 51.2336
2116 51.2317
2117 51.23
2118 51.2282
2119 51.2263
2120 51.2246
2121 51.2228
2122 51.2209
2123 51.2192
2124 51.2173
2125 51.2155
2126 51.2137
2127 51.2119
2128 51.2101
2129 51.2084
2130 51.2066
2131 51.2049
2132 51.2037
2133 51.2017
2134 51.1999
2135 51.198
2136 51.1962
2137 51.1944
2138 51.1926
2139 51.1908
2140 51.1891
2142 51.1873
2143 51.1857
2144 51.1845
2146 51.1826
2147 51.1811
2149 51.1794
2150 51.1778
2151 51.1765
2153 51.1746
2154 51.1731
2155 51.1724
2156 51.1704
2157 51.1686
2158 51.1668
2159 51.165
2160 51.1631
2161 51.1616
2162 51.1597
2163 51.158
2164 51.1561
2165 51.1544
2166 51.1526
2167 51.1508
2168 51.149
2169 51.1472
2170 51.1454
2171 51.1436
2172 51.1418
2173 51.1401
2174 51.1389
2175 51.1372
2176 51.1355
2177 51.1338
2178 51.1321
2179 51.1305
2180 51.1297
2181 51.1275
2182 51.1256
2183 51.1239
2184 51.1223
2185 51.1205
2186 51.1187
2187 51.1169
2188 51.1151
2189 51.1132
2190 51.1117
2191 51.1099
2192 51.1081
2193 51.1063
2194 51.1045
2195 51.1027
2196 51.1009
2197 51.0991
2198 51.0973
2199 51.0955
2200 51.0937
2201 51.092
2202 51.0913
2203 51.0894
2204 51.0875
2205 51.0857
2206 51.0839
2207 51.0821
2208 51.0803
2209 51.0785
2210 51.0768
2212 51.0751
2213 51.0734
2214 51.0718
2215 51.0704
2217 51.0686
2218 51.0671
2219 51.0666
2221 51.0646
2222 51.0628
2223 51.061
2224 51.0593
2225 51.0576
2226 51.0558
2227 51.054
2228 51.0522
2229 51.0505
2230 51.049
2231 51.0473
2232 51.0455
2233 51.0437
2234 51.0419
2235 51.0401
2236 51.0384
2237 51.0367
2238 51.035
2239 51.0333
2240 51.0316
2241 51.03
2242 51.0288
2243 51.0271
2244 51.0255
2245 51.0242
2247 51.0224
2248 51.0207
2249 51.0189
2250 51.0172
2251 51.0156
2252 51.0139
2253 51.0121
2254 51.0103
2255 51.0086
2256 51.0073
2257 51.0055
2258 51.0037
2259 51.0019
2260 51.0002
2261 50.9985
2262 50.9967
2263 50.9952
2264 50.9935
2265 50.9918
2266 50.99
2267 50.9884
2268 50.9866
2269 50.9849
2270 50.9832
2271 50.9816
2272 50.9798
2273 50.978
2274 50.9763
2275 50.9746
2276 50.9729
2277 50.9711
2278 50.9698
2279 50.9681
2280 50.9663
2281 50.9646
2282 50.9628
2283 50.9615
2284 50.9597
2285 50.958
2286 50.9563
2287 50.9546
2288 50.953
2290 50.9513
2291 50.9499
2292 50.9489
2294 50.9471
2295 50.9453
2296 50.9436
2297 50.9419
2298 50.9402
2299 50.9385
2300 50.9368
2301 50.9351
2302 50.9334
2303 50.9317
2304 50.93
2305 50.9284
2307 50.9267
2308 50.9255
2310 50.9238
2311 50.9225
2313 50.9209
2314 50.9195
2315 50.9191
2316 50.9171
2317 50.9154
2318 50.9137
2319 50.912
2320 50.9104
2321 50.9087
2322 50.907
2323 50.9053
2324 50.9036
2325 50.9019
2326 50.9001
2328 50.8986
2329 50.8971
2330 50.8957
2331 50.8947
2333 50.8928
2334 50.8911
2335 50.8894
2336 50.8879
2337 50.8862
2338 50.8846
2339 50.883
2340 50.8814
2341 50.8799
2342 50.8781
2343 50.8764
2344 50.8747
2345 50.8731
2346 50.8715
2347 50.8699
2348 50.8683
2349 50.8667
2350 50.8652
2351 50.8637
2352 50.8621
2353 50.8607
2355 50.8591
2356 50.8578
2357 50.8576
2358 50.8556
2359 50.8539
2360 50.8522
2361 50.8505
2362 50.8489
2363 50.8485
2364 50.8466
2365 50.8449
2366 50.8432
2367 50.8415
2368 50.8398
2369 50.8381
2370 50.8365
2371 50.835
2372 50.8333
2373 50.8317
2374 50.8301
2375 50.8285
2376 50.827
2377 50.8254
2378 50.8239
2379 50.8229
2380 50.8211
2381 50.8194
2382 50.8177
2383 50.8161
2384 50.8146
2385 50.813
2386 50.8113
2387 50.8096
2388 50.808
2389 50.8066
2390 50.8049
2391 50.8032
2392 50.8016
2393 50.8
2394 50.7984
2395 50.7968
2396 50.7952
2397 50.7937
2398 50.7927
2399 50.7912
2400 50.7898
