1 56.5
7 17.6178
11 3.56054
16 2.49866
19 2.01015
21 1.70986
25 1.15498
26 0.744174
32 0.734954
36 0.729227
37 0.714711
38 0.70489
41 0.68895
42 0.682029
43 0.681822
45 0.67415
46 0.660371
47 0.64952
48 0.646505
51 0.635764
52 0.625346
54 0.621665
55 0.620163
56 0.618068
57 0.611216
58 0.610321
60 0.595786
61 0.592017
62 0.577703
63 0.566741
64 0.556483
65 0.546067
66 0.534928
67 0.531461
68 0.519331
69 0.511553
70 0.509439
71 0.507371
73 0.502219
74 0.495612
78 0.494074
80 0.490304
81 0.486528
82 0.481394
85 0.476654
86 0.472788
87 0.470123
88 0.465893
91 0.460659
92 0.458656
94 0.455557
96 0.454252
97 0.44957
98 0.448273
99 0.445699
100 0.440796
101 0.436921
102 0.432473
103 0.42959
104 0.426963
105 0.424377
106 0.422118
107 0.417535
108 0.413745
109 0.411444
112 0.408521
113 0.40383
114 0.402103
115 0.398413
117 0.397994
118 0.394304
119 0.390321
120 0.388478
121 0.387187
122 0.381893
123 0.37997
124 0.375852
125 0.372313
126 0.36858
127 0.365524
128 0.364518
129 0.35976
130 0.355878
131 0.353088
132 0.35113
133 0.350981
135 0.346429
136 0.342325
137 0.340198
139 0.340033
140 0.335899
141 0.333421
142 0.331135
144 0.330089
145 0.326912
146 0.323945
147 0.323798
149 0.320802
150 0.319864
151 0.31753
152 0.314164
153 0.311258
154 0.309577
157 0.305823
158 0.3044
160 0.303319
161 0.300786
162 0.298983
163 0.298519
165 0.296061
166 0.292534
167 0.290813
169 0.289301
170 0.287428
171 0.28549
172 0.284006
174 0.281777
175 0.278944
176 0.278256
178 0.276565
180 0.275723
181 0.271958
182 0.271137
183 0.26803
184 0.265281
185 0.264046
189 0.260289
191 0.258744
193 0.257722
194 0.254917
195 0.253583
197 0.253573
198 0.251107
199 0.248612
200 0.246454
203 0.244364
204 0.242279
205 0.241297
208 0.238294
209 0.237748
211 0.234363
212 0.2319
214 0.231478
215 0.231269
217 0.22879
219 0.227553
220 0.225601
222 0.225251
223 0.225134
224 0.223465
225 0.222812
227 0.222587
228 0.220808
229 0.219481
230 0.218763
233 0.2182
234 0.216775
235 0.21609
236 0.215947
238 0.214495
239 0.213935
240 0.21292
241 0.21197
244 0.210593
245 0.209472
246 0.208587
250 0.207428
251 0.207404
253 0.206704
255 0.206197
256 0.204698
257 0.20401
258 0.203145
259 0.202719
262 0.201852
263 0.200519
265 0.199834
269 0.198939
271 0.198771
272 0.197727
274 0.197627
275 0.19716
276 0.196159
277 0.195652
279 0.194305
280 0.193055
281 0.191901
282 0.191043
283 0.190384
284 0.189425
285 0.188303
286 0.187096
287 0.185938
288 0.185051
289 0.184018
290 0.183444
292 0.183303
293 0.182341
295 0.182278
296 0.181535
297 0.181412
298 0.181318
299 0.180803
300 0.180216
301 0.179652
302 0.179452
305 0.179219
306 0.178947
307 0.178444
308 0.178167
309 0.177834
310 0.177773
311 0.177531
312 0.176788
313 0.176603
314 0.176051
315 0.175958
316 0.175844
318 0.17521
319 0.174756
320 0.174188
321 0.173607
322 0.173056
323 0.172577
324 0.17222
325 0.172023
326 0.171488
327 0.170907
328 0.170366
329 0.17017
330 0.169774
331 0.169563
333 0.169342
334 0.168835
335 0.168392
338 0.167891
339 0.167603
340 0.167381
341 0.167115
343 0.166904
344 0.166311
345 0.16606
347 0.165976
348 0.165485
349 0.165138
350 0.164673
351 0.164358
352 0.163948
353 0.163724
354 0.163054
355 0.162668
356 0.162275
357 0.161953
358 0.161693
359 0.161177
360 0.160775
361 0.160529
362 0.160008
363 0.159656
365 0.159535
366 0.159077
368 0.158663
369 0.158466
371 0.158232
372 0.157727
373 0.15752
374 0.157107
377 0.156616
378 0.156237
379 0.156102
380 0.155973
381 0.155804
382 0.155137
383 0.154882
384 0.154394
385 0.154062
386 0.153651
387 0.153269
388 0.153179
389 0.152692
390 0.152215
392 0.152205
393 0.151806
394 0.151463
395 0.151364
396 0.150997
397 0.150879
399 0.150742
400 0.150142
401 0.149891
402 0.149759
403 0.149353
406 0.148832
407 0.148736
409 0.148681
410 0.148204
411 0.147981
412 0.147528
413 0.147226
414 0.147076
416 0.14693
417 0.146467
418 0.146109
421 0.145769
422 0.145567
423 0.145236
426 0.144838
427 0.144547
430 0.144112
431 0.143709
432 0.143442
433 0.143414
435 0.142788
436 0.142337
437 0.14216
439 0.142027
440 0.141719
441 0.141299
442 0.140981
443 0.140876
445 0.140422
446 0.140051
447 0.139738
450 0.139285
451 0.139004
452 0.138982
454 0.138566
456 0.138444
457 0.137976
458 0.137563
459 0.137216
462 0.137014
463 0.13666
464 0.136523
465 0.136503
467 0.135988
468 0.135843
469 0.135796
470 0.135274
471 0.134986
472 0.134611
474 0.134596
476 0.134169
478 0.133906
479 0.133766
481 0.133582
483 0.133075
484 0.133071
488 0.132607
489 0.132233
490 0.131905
491 0.131677
492 0.131277
493 0.130847
494 0.130429
495 0.130105
496 0.129943
497 0.129731
498 0.12925
499 0.128787
500 0.128401
501 0.127996
502 0.12784
503 0.127357
504 0.126953
505 0.126564
506 0.126254
507 0.125885
508 0.125534
509 0.125119
510 0.124844
511 0.1245
512 0.124365
513 0.124145
515 0.123965
516 0.123594
517 0.123508
520 0.123097
521 0.122769
522 0.122546
523 0.122223
524 0.122128
527 0.121632
529 0.121419
530 0.121096
533 0.120852
534 0.120722
535 0.12023
536 0.119988
537 0.119766
539 0.119734
541 0.119326
543 0.119041
546 0.118802
547 0.118627
548 0.118282
551 0.117846
554 0.117549
555 0.117476
556 0.117127
557 0.116821
558 0.11669
559 0.116322
561 0.116305
562 0.115936
565 0.115838
566 0.115645
567 0.115348
569 0.115204
570 0.115014
572 0.114996
574 0.114979
576 0.114761
577 0.114641
578 0.114572
581 0.114373
582 0.114208
583 0.114032
584 0.113846
585 0.113695
586 0.113666
587 0.113568
588 0.113376
589 0.113188
590 0.112998
591 0.112855
592 0.112695
593 0.112498
594 0.11232
595 0.112136
596 0.111956
597 0.111763
598 0.111571
599 0.111384
600 0.111199
601 0.11101
602 0.110849
603 0.110665
604 0.110476
605 0.110287
606 0.110098
607 0.10991
608 0.10973
609 0.109545
610 0.10936
611 0.109173
612 0.108988
613 0.108802
614 0.10864
615 0.108482
616 0.108297
617 0.108111
618 0.10793
619 0.107746
620 0.107562
621 0.10738
622 0.107199
623 0.107024
624 0.10685
625 0.106689
626 0.106507
627 0.106344
628 0.106163
629 0.105988
630 0.105816
631 0.105641
632 0.105473
633 0.105312
634 0.105153
635 0.105042
636 0.104862
637 0.104673
638 0.104492
639 0.104312
640 0.104142
641 0.103973
642 0.103807
643 0.103638
644 0.103468
645 0.103291
646 0.103125
647 0.102975
648 0.102823
649 0.102672
650 0.102527
651 0.102353
652 0.102184
653 0.102025
655 0.102
656 0.101845
657 0.101761
658 0.101654
659 0.101641
661 0.101472
662 0.101285
663 0.101213
664 0.101158
665 0.101091
666 0.100902
667 0.100891
669 0.100698
670 0.100522
671 0.100403
672 0.100286
673 0.100117
674 0.0999642
675 0.0998022
676 0.0996475
677 0.0995003
678 0.0993461
679 0.0992452
680 0.0990678
681 0.0989195
682 0.0988102
683 0.0987922
684 0.0987618
685 0.0987394
686 0.0985416
687 0.0983713
688 0.0982161
689 0.0980607
690 0.0979541
691 0.0977729
692 0.0976102
693 0.0974434
694 0.0972757
695 0.0971082
696 0.0969437
697 0.0967772
698 0.0966113
699 0.0964521
700 0.0962995
701 0.0961901
702 0.0960466
703 0.0958843
704 0.0957406
705 0.0956398
706 0.095549
708 0.0955137
709 0.0953536
710 0.0952942
711 0.0952171
712 0.095051
713 0.0949887
714 0.0948758
715 0.0947184
716 0.0946076
717 0.0944811
718 0.0944416
720 0.0942925
721 0.0941466
724 0.0939891
725 0.0939116
726 0.0938277
727 0.093699
728 0.0936129
729 0.0935188
730 0.0933575
731 0.0932205
732 0.0931704
733 0.0930653
736 0.0928831
737 0.0927543
738 0.0926261
739 0.0925158
740 0.0924486
743 0.092335
744 0.0921831
746 0.0921521
747 0.0919968
748 0.0918512
749 0.0917513
750 0.0916398
751 0.0914799
752 0.0913235
753 0.0911763
754 0.0910151
755 0.0908656
756 0.0907235
757 0.0905612
758 0.0904012
759 0.0902441
760 0.090102
761 0.0899461
762 0.089792
763 0.089645
764 0.0894963
765 0.0893469
766 0.0892657
767 0.0891406
768 0.0890207
769 0.0889563
770 0.0887954
771 0.0886517
772 0.0885272
773 0.08847
774 0.0884694
776 0.0882385
777 0.0880914
778 0.0880629
779 0.0880497
781 0.0880177
782 0.0878536
783 0.087723
785 0.0877099
786 0.0875731
787 0.0874938
788 0.0874338
791 0.0873148
792 0.0872244
793 0.0872052
797 0.0870567
798 0.0869828
799 0.0869624
801 0.0869174
802 0.0867536
804 0.0866823
805 0.0865351
806 0.0864194
807 0.0863892
808 0.0862433
809 0.0861113
810 0.0860263
811 0.0858792
812 0.0857304
813 0.085583
814 0.0854429
815 0.0853157
816 0.0851792
817 0.0850456
818 0.0849037
819 0.0847695
820 0.0846654
821 0.0846218
822 0.0844318
823 0.0843062
824 0.0842595
826 0.0842244
828 0.0840717
829 0.0840149
830 0.0838986
833 0.08385
834 0.0836799
835 0.0835816
836 0.083532
837 0.0833996
838 0.0832765
839 0.0832398
840 0.0830903
841 0.0829798
843 0.0829607
844 0.0828302
845 0.082793
848 0.0826302
849 0.0825863
850 0.0825177
851 0.0824088
852 0.0823844
853 0.0822086
854 0.0820543
855 0.0819183
856 0.0818065
857 0.0817293
858 0.0815693
859 0.0814489
860 0.0813311
861 0.0812287
864 0.081089
865 0.0810293
866 0.0809307
867 0.0808767
868 0.0808268
869 0.0806729
870 0.0805435
871 0.0804579
872 0.080311
873 0.080172
874 0.0800375
875 0.0799328
876 0.0797985
877 0.0796706
878 0.0795682
879 0.079443
880 0.0793243
881 0.0792256
882 0.0791121
883 0.0790066
884 0.0788895
885 0.0787845
886 0.078712
887 0.0785922
888 0.0784874
889 0.0783773
890 0.0782779
891 0.0781895
892 0.0780951
893 0.0779961
894 0.0778948
895 0.0778416
897 0.0778072
898 0.0776054
899 0.0774552
900 0.0774125
903 0.0773469
904 0.0771937
906 0.0770814
909 0.0770544
910 0.0769848
911 0.0768347
912 0.0767288
913 0.0765921
914 0.0764663
915 0.0763475
916 0.0762555
917 0.0761577
919 0.0761448
920 0.0760158
921 0.0759294
922 0.0758423
923 0.0757837
924 0.075715
925 0.0756491
926 0.0755501
929 0.0754106
930 0.075384
935 0.0753268
936 0.0752813
937 0.0752547
938 0.0751829
939 0.0751182
940 0.0750581
941 0.0750097
942 0.074962
943 0.0749572
944 0.0749345
945 0.0748659
946 0.0748044
947 0.0747626
948 0.074709
949 0.074697
950 0.0746301
951 0.0745631
952 0.0745061
953 0.0744535
954 0.0744505
956 0.0743762
957 0.0743103
958 0.0742623
959 0.0742212
960 0.0741742
961 0.0741141
962 0.074091
963 0.0740165
964 0.0739526
965 0.0739058
966 0.0738579
967 0.0738129
968 0.0737555
969 0.0737337
970 0.0736559
971 0.0735949
972 0.0735458
973 0.0735154
974 0.0734825
975 0.0734224
976 0.0733872
977 0.0733113
978 0.0732494
979 0.0731929
980 0.0731336
981 0.0730753
982 0.0730103
983 0.0729451
984 0.0728803
985 0.0728196
986 0.0727553
987 0.0726959
988 0.0726318
989 0.0725674
990 0.0725035
991 0.0724404
992 0.0723772
993 0.0723174
994 0.0722558
995 0.0721946
996 0.0721363
997 0.0720818
998 0.0720183
999 0.0719559
1000 0.0718945
1001 0.0718322
1002 0.0717717
1003 0.0717106
1004 0.0716508
1005 0.0715899
1006 0.071531
1007 0.0714746
1008 0.0714145
1009 0.071358
1010 0.0713019
1011 0.0712472
1012 0.0711938
1013 0.0711377
1014 0.0710794
1015 0.0710305
1016 0.0709864
1017 0.0709242
1018 0.070862
1019 0.0708041
1020 0.0707599
1021 0.0707292
1024 0.0706652
1025 0.0706201
1026 0.0706044
1027 0.0705724
1029 0.0705412
1030 0.0704761
1031 0.0704232
1032 0.0703756
1033 0.070322
1034 0.070286
1035 0.0702352
1036 0.0701704
1037 0.0701092
1038 0.0700539
1039 0.069994
1040 0.0699338
1041 0.0698812
1042 0.0698208
1043 0.0697608
1044 0.0697032
1045 0.0696499
1046 0.0696298
1047 0.0695984
1048 0.0695313
1049 0.0694648
1050 0.0694095
1051 0.0693615
1052 0.0693176
1053 0.0692915
1054 0.0692805
1055 0.069216
1056 0.0691542
1057 0.0690958
1058 0.0690391
1059 0.0689892
1060 0.0689524
1061 0.0689123
1062 0.0688701
1063 0.0688043
1064 0.0687418
1065 0.0686839
1066 0.0686452
1067 0.068611
1068 0.0685901
1069 0.0685304
1070 0.0684671
1071 0.0684054
1072 0.0683499
1073 0.0682886
1074 0.0682276
1075 0.068167
1076 0.0681079
1077 0.0680483
1078 0.0679887
1079 0.0679384
1080 0.0678854
1081 0.0678361
1082 0.0677868
1083 0.067723
1084 0.0676602
1085 0.0675984
1086 0.067538
1087 0.0674983
1088 0.0674327
1089 0.0673718
1090 0.0673122
1091 0.0672543
1092 0.0671951
1093 0.0671362
1094 0.0670786
1095 0.0670194
1096 0.0669638
1097 0.066905
1098 0.0668479
1099 0.0667993
1100 0.0667446
1101 0.0666869
1102 0.0666293
1103 0.0665723
1104 0.0665151
1105 0.0664618
1106 0.0664269
1107 0.0663809
1108 0.0663262
1109 0.0662785
1111 0.0662631
1112 0.0662048
1113 0.0661748
1114 0.0661321
1115 0.0661312
1117 0.066115
1118 0.0661092
1119 0.0660372
1120 0.0659833
1121 0.0659468
1122 0.0659231
1123 0.0659145
1124 0.0658443
1125 0.0658187
1126 0.0657512
1127 0.0657155
1130 0.065659
1131 0.0656105
1132 0.0655575
1133 0.0655077
1134 0.0654547
1135 0.0654059
1136 0.0653765
1137 0.0653139
1138 0.0652638
1139 0.0652204
1140 0.0651796
1141 0.0651528
1143 0.0651424
1144 0.065085
1145 0.0650405
1147 0.0650342
1148 0.0649849
1149 0.0649511
1150 0.0648923
1151 0.0648395
1152 0.0647879
1153 0.0647671
1154 0.064758
1155 0.0647306
1156 0.0646647
1157 0.0646054
1158 0.0645565
1159 0.0645378
1160 0.0644905
1161 0.0644596
1163 0.0644429
1164 0.06439
1165 0.0643484
1166 0.0643218
1167 0.0642908
1169 0.0642646
1170 0.0642056
1171 0.0641569
1172 0.0641513
1174 0.064104
1175 0.0640492
1176 0.0639932
1177 0.0639443
1178 0.0639187
1179 0.0638928
1180 0.0638452
1181 0.0638429
1182 0.0638235
1183 0.0637512
1184 0.0636943
1185 0.0636664
1186 0.0636147
1187 0.0635639
1188 0.0635235
1189 0.0634718
1190 0.0634256
1191 0.0633806
1192 0.0633469
1193 0.063316
1194 0.0632386
1195 0.0631864
1196 0.0631697
1197 0.0631562
1200 0.0631416
1201 0.0630778
1202 0.0630212
1203 0.0629667
1204 0.0629152
1205 0.0628608
1206 0.0628109
1207 0.0627583
1208 0.0627079
1209 0.0626639
1210 0.0626074
1211 0.0625546
1212 0.0625042
1213 0.0624523
1214 0.0624178
1215 0.0623584
1216 0.0623035
1217 0.0622644
1218 0.0622355
1219 0.062195
1221 0.06218
1222 0.0621259
1223 0.0621156
1224 0.0620987
1225 0.0620601
1226 0.0620026
1227 0.0619603
1228 0.0619112
1229 0.0618756
1230 0.061866
1232 0.0618291
1233 0.0617703
1234 0.0617444
1236 0.0617354
1237 0.0616801
1238 0.0616609
1239 0.0616102
1240 0.0615835
1241 0.0615602
1242 0.0615376
1243 0.0614718
1244 0.0614495
1245 0.0613954
1246 0.061352
1247 0.0613195
1248 0.0612933
1251 0.0612353
1254 0.061193
1255 0.061145
1256 0.0611278
1257 0.0610737
1258 0.0610241
1259 0.0609791
1260 0.0609339
1261 0.0608958
1262 0.060857
1263 0.060856
1264 0.0608268
1265 0.0607584
1266 0.0607076
1267 0.0606696
1268 0.0606611
1270 0.0606237
1271 0.0605684
1272 0.0605137
1273 0.0604599
1274 0.0604188
1275 0.0603657
1276 0.0603292
1277 0.0603
1278 0.0602455
1279 0.0601959
1280 0.0601546
1281 0.0601413
1282 0.060076
1283 0.0600416
1284 0.0600136
1285 0.0599715
1286 0.0599553
1287 0.059903
1288 0.0598514
1289 0.0598011
1290 0.0597537
1291 0.0597221
1292 0.0596717
1293 0.0596223
1294 0.0595995
1295 0.0595851
1296 0.0595479
1297 0.0595164
1300 0.0594542
1301 0.0594123
1302 0.0593706
1303 0.0593298
1304 0.0592863
1305 0.0592329
1306 0.0591819
1307 0.0591373
1308 0.0590981
1309 0.0590606
1310 0.0590474
1311 0.0590444
1312 0.0590131
1313 0.0589541
1314 0.0589121
1315 0.0588723
1316 0.0588214
1317 0.0587727
1318 0.0587479
1319 0.0586913
1320 0.058649
1321 0.0586318
1322 0.0585938
1323 0.0585499
1325 0.0585403
1326 0.0584913
1327 0.0584406
1328 0.0583927
1329 0.0583447
1330 0.058293
1331 0.0582422
1332 0.0582051
1333 0.0581828
1334 0.0581313
1335 0.0580772
1336 0.0580258
1337 0.0579755
1338 0.0579485
1339 0.0579412
1341 0.0578832
1342 0.0578373
1343 0.0577982
1345 0.0577953
1346 0.0577674
1347 0.0577275
1348 0.0577122
1349 0.0576874
1352 0.0576339
1353 0.0575824
1354 0.0575684
1355 0.0575425
1356 0.0575245
1357 0.057484
1360 0.0574328
1363 0.0573884
1364 0.0573721
1365 0.0573401
1366 0.0573049
1367 0.0572853
1368 0.0572695
1369 0.0571992
1370 0.0571674
1371 0.0571317
1372 0.057131
1375 0.0571303
1376 0.0570651
1377 0.0570267
1378 0.0569824
1379 0.056946
1380 0.0569144
1383 0.0568635
1384 0.0568494
1386 0.0568353
1387 0.0567926
1389 0.0567509
1390 0.0567203
1392 0.0566983
1393 0.05665
1394 0.0566065
1395 0.0565702
1396 0.0565701
1397 0.0565699
1398 0.0565106
1399 0.0564611
1400 0.0564249
1402 0.0564133
1403 0.0563974
1404 0.0563604
1405 0.056343
1406 0.0563408
1408 0.0562687
1409 0.0562369
1410 0.0561996
1411 0.0561876
1412 0.05615
1413 0.0561089
1414 0.0560907
1415 0.0560351
1416 0.0559901
1417 0.0559537
1418 0.0559519
1419 0.0559292
1420 0.0558824
1421 0.055836
1422 0.0557945
1423 0.0557621
1424 0.0557149
1425 0.0557116
1426 0.0557083
1427 0.0556516
1428 0.0556031
1429 0.0555738
1430 0.0555259
1431 0.0554942
1432 0.0554538
1434 0.055447
1435 0.0553973
1436 0.0553572
1439 0.0553191
1440 0.0552983
1441 0.0552675
1442 0.055249
1443 0.0552255
1445 0.0552194
1446 0.0551553
1447 0.0551347
1449 0.0551221
1450 0.0550718
1451 0.0550445
1452 0.055
1453 0.0549474
1454 0.0548984
1455 0.0548532
1456 0.0548047
1457 0.0547595
1458 0.0547135
1459 0.0546697
1460 0.0546224
1461 0.0545747
1462 0.0545352
1463 0.0545131
1464 0.0544602
1465 0.0544109
1466 0.054365
1467 0.0543219
1468 0.0542947
1469 0.0542791
1470 0.0542174
1471 0.0541692
1472 0.0541222
1473 0.0540829
1474 0.0540395
1475 0.0540017
1476 0.0539541
1477 0.0539079
1478 0.0538736
1479 0.053859
1480 0.0538123
1481 0.0537951
1482 0.0537431
1483 0.0537111
1484 0.0536713
1486 0.0536711
1488 0.0536263
1490 0.053599
1493 0.0535637
1494 0.0535401
1496 0.053537
1497 0.0534846
1498 0.0534799
1500 0.0534402
1503 0.0533936
1506 0.0533565
1507 0.0533516
1508 0.0533334
1509 0.0532886
1510 0.0532575
1511 0.0532299
1512 0.0532048
1513 0.0531912
1514 0.0531768
1515 0.0531652
1516 0.0531651
1518 0.0530865
1519 0.0530526
1520 0.0530194
1521 0.0529681
1522 0.0529243
1523 0.0529084
1524 0.0528541
1525 0.052803
1526 0.0527833
1527 0.0527405
1528 0.0527009
1529 0.05265
1530 0.0526019
1531 0.0525542
1532 0.0525087
1533 0.0524616
1534 0.0524146
1535 0.0523676
1536 0.0523204
1537 0.0522758
1538 0.0522322
1539 0.0521961
1540 0.0521452
1541 0.0520985
1542 0.0520527
1543 0.05201
1544 0.0519646
1545 0.0519216
1546 0.0518781
1547 0.0518364
1548 0.0517869
1549 0.0517411
1550 0.051698
1551 0.0516606
1552 0.0516151
1553 0.0515747
1554 0.0515321
1555 0.0514894
1556 0.0514442
1557 0.0513989
1558 0.0513637
1559 0.0513357
1560 0.0513105
1561 0.051266
1562 0.051243
1563 0.0511958
1564 0.0511512
1565 0.0511125
1566 0.0510726
1567 0.0510334
1568 0.0509998
1569 0.0509837
1570 0.0509805
1571 0.0509573
1572 0.0508979
1573 0.0508548
1574 0.0508375
1578 0.05079
1579 0.0507827
1580 0.0507327
1581 0.0506917
1582 0.0506895
1584 0.0506368
1585 0.0505934
1586 0.0505651
1588 0.0505586
1589 0.0505364
1590 0.0505005
1591 0.0504844
1592 0.0504607
1594 0.0504348
1595 0.0503955
1596 0.0503735
1600 0.0503288
1601 0.0502999
1604 0.0502651
1606 0.0502615
1607 0.0502337
1609 0.0501891
1610 0.0501676
1611 0.0501324
1612 0.0500865
1613 0.0500539
1614 0.0500376
1615 0.0500014
1618 0.0499567
1621 0.0499211
1622 0.0498953
1624 0.0498687
1625 0.0498451
1627 0.0498236
1628 0.0497858
1629 0.049755
1632 0.0497253
1633 0.0496963
1634 0.0496923
1635 0.0496665
1636 0.0496193
1637 0.0495926
1638 0.0495749
1640 0.0495577
1641 0.0495209
1642 0.0495025
1645 0.049477
1646 0.049437
1647 0.0494187
1648 0.0494084
1650 0.0493829
1651 0.0493424
1652 0.0493095
1654 0.0492969
1655 0.0492588
1656 0.0492329
1657 0.0492181
1659 0.0492042
1660 0.0491638
1661 0.049157
1663 0.0491356
1664 0.0490919
1665 0.0490781
1666 0.0490509
1667 0.0490138
1669 0.0490105
1670 0.048968
1671 0.0489265
1672 0.0488999
1675 0.0488624
1676 0.0488424
1677 0.0488335
1678 0.0488266
1680 0.048769
1681 0.0487261
1682 0.0487012
1683 0.0486813
1684 0.0486385
1685 0.048617
1686 0.0485992
1687 0.0485496
1688 0.0485138
1689 0.0485016
1690 0.0484613
1691 0.0484158
1692 0.048371
1693 0.0483266
1694 0.0482825
1695 0.0482391
1696 0.0482039
1697 0.0481684
1698 0.048122
1699 0.0480786
1700 0.0480352
1701 0.0479958
1702 0.047952
1703 0.0479083
1704 0.0478689
1705 0.0478247
1706 0.0477809
1707 0.0477376
1708 0.047704
1709 0.0476619
1710 0.0476253
1711 0.0475833
1712 0.0475429
1713 0.0475042
1714 0.047466
1715 0.0474349
1716 0.0474067
1717 0.047363
1718 0.0473285
1719 0.0472925
1721 0.0472913
1722 0.0472825
1723 0.0472728
1724 0.0472363
1726 0.0471996
1729 0.047199
1730 0.0471759
1732 0.0471315
1733 0.0470949
1734 0.0470524
1735 0.0470131
1736 0.0469749
1737 0.046939
1738 0.0469102
1740 0.0469065
1741 0.0468613
1742 0.0468187
1743 0.0467889
1744 0.0467529
1745 0.046723
1746 0.0467131
1747 0.0466829
1748 0.0466467
1750 0.0466406
1751 0.0465981
1752 0.0465921
1754 0.0465761
1755 0.0465728
1756 0.0465489
1757 0.0465049
1758 0.0464663
1759 0.0464372
1760 0.0463905
1761 0.046372
1762 0.0463617
1764 0.046331
1766 0.0463268
1767 0.0462871
1768 0.0462463
1769 0.0462082
1770 0.0461727
1771 0.0461572
1772 0.046136
1773 0.046125
1774 0.046062
1775 0.0460325
1776 0.0459942
1777 0.0459628
1778 0.0459221
1779 0.0458951
1780 0.045861
1781 0.045829
1782 0.0458122
1783 0.0457674
1784 0.0457286
1785 0.0457162
1787 0.0457057
1789 0.0456624
1790 0.0456537
1791 0.0456183
1793 0.0456122
1794 0.0455843
1795 0.0455522
1796 0.0455237
1797 0.0454892
1798 0.0454756
1799 0.0454639
1800 0.0454458
1801 0.0454435
1802 0.04539
1803 0.0453648
1804 0.0453429
1805 0.0453368
1808 0.0452891
1809 0.0452852
1811 0.0452346
1812 0.0452169
1815 0.0451779
1816 0.0451613
1817 0.0451478
1819 0.0451474
1821 0.0450925
1823 0.0450608
1826 0.0450598
1827 0.0450131
1828 0.0449918
1829 0.0449683
1830 0.0449306
1831 0.044899
1832 0.0448835
1834 0.0448729
1835 0.044839
1836 0.0447982
1837 0.0447604
1838 0.0447399
1839 0.0447291
1840 0.0447059
1842 0.0446861
1843 0.0446626
1846 0.0446497
1849 0.0446087
1850 0.0445708
1851 0.0445543
1852 0.0445249
1853 0.044501
1854 0.0444986
1855 0.0444885
1856 0.0444468
1857 0.0444194
1858 0.0443842
1859 0.0443496
1860 0.0443347
1862 0.0443192
1863 0.0442809
1864 0.044269
1865 0.0442312
1867 0.0442247
1868 0.0441931
1869 0.0441767
1872 0.0441392
1874 0.0441364
1875 0.0441286
1876 0.0441141
1878 0.044072
1879 0.0440443
1880 0.0440272
1881 0.0440079
1884 0.0439607
1885 0.0439555
1887 0.0439456
1888 0.0439041
1889 0.0438894
1890 0.0438494
1891 0.0438167
1892 0.0437877
1893 0.043764
1894 0.043729
1895 0.0437078
1896 0.0436832
1897 0.0436682
1900 0.0436239
1901 0.0436156
1903 0.0435895
1904 0.0435514
1905 0.0435147
1906 0.0434796
1907 0.0434411
1908 0.0434185
1909 0.0433946
1910 0.043354
1911 0.0433194
1912 0.0433023
1913 0.0432605
1914 0.0432303
1915 0.0432048
1916 0.0431886
1917 0.0431773
1919 0.0431665
1920 0.0431201
1921 0.0431042
1922 0.0430755
1923 0.0430588
1924 0.0430387
1927 0.0429936
1930 0.0429599
1931 0.0429379
1932 0.0429265
1933 0.0429006
1934 0.0428777
1936 0.0428684
1937 0.0428287
1940 0.0428054
1941 0.0427998
1942 0.0427834
1943 0.0427525
1944 0.0427263
1945 0.0426864
1946 0.0426492
1947 0.0426122
1948 0.0425791
1949 0.0425436
1950 0.0425144
1951 0.0424815
1952 0.0424573
1953 0.0424254
1954 0.0423977
1955 0.0423772
1956 0.0423426
1957 0.0423132
1958 0.0422809
1959 0.0422622
1960 0.0422258
1963 0.0421961
1966 0.0421706
1967 0.0421491
1970 0.0421097
1971 0.0420843
1972 0.0420702
1974 0.0420634
1975 0.0420343
1976 0.0420245
1979 0.0419858
1980 0.0419756
1981 0.0419746
1982 0.0419675
1984 0.041941
1985 0.0418987
1986 0.0418717
1987 0.0418658
1988 0.041861
1989 0.041826
1991 0.0418218
1992 0.0417874
1995 0.041769
1997 0.0417537
1998 0.0417267
2000 0.0417181
2001 0.0416897
2002 0.0416799
2003 0.0416682
2005 0.041629
2006 0.0416051
2007 0.0415619
2008 0.0415304
2009 0.0414931
2010 0.0414578
2011 0.0414343
2012 0.0414007
2013 0.0413778
2014 0.0413386
2015 0.0413095
2016 0.0412777
2017 0.0412472
2020 0.0412135
2021 0.0411807
2022 0.0411708
2024 0.0411647
2025 0.0411252
2026 0.0411154
2028 0.0410886
2029 0.0410666
2030 0.041059
2033 0.0410576
2034 0.0410374
2035 0.04099
2036 0.0409601
2037 0.0409543
2038 0.0409347
2039 0.0409035
2040 0.0408859
2041 0.0408496
2042 0.040829
2043 0.0407858
2044 0.0407709
2045 0.0407571
2047 0.0407356
2048 0.0407093
2049 0.0407
2051 0.0406785
2052 0.0406452
2053 0.0406243
2055 0.0406086
2056 0.0405954
2057 0.0405703
2058 0.0405587
2061 0.0405192
2062 0.0405174
2064 0.040485
2065 0.0404665
2066 0.0404242
2067 0.0403939
2068 0.0403604
2069 0.0403356
2070 0.0403091
2071 0.0402798
2072 0.0402562
2073 0.0402365
2074 0.0402033
2075 0.0401889
2076 0.0401493
2077 0.0401211
2078 0.04011
2079 0.0400997
2080 0.0400943
2081 0.0400522
2082 0.0400207
2083 0.0399832
2084 0.0399501
2085 0.0399133
2086 0.0398774
2087 0.0398426
2088 0.0398087
2089 0.0397736
2090 0.0397409
2091 0.0397061
2092 0.0396818
2093 0.0396568
2094 0.0396186
2095 0.0395904
2096 0.0395726
2098 0.0395607
2099 0.0395494
2100 0.0395234
2103 0.0394925
2104 0.0394867
2106 0.0394505
2107 0.0394464
2109 0.0394017
2110 0.0393703
2111 0.0393428
2112 0.0393307
2115 0.0393018
2119 0.0392872
2120 0.0392815
2121 0.0392791
2122 0.0392636
2123 0.0392512
2124 0.0392396
2125 0.0392282
2126 0.0392198
2127 0.0392143
2128 0.0391991
2129 0.039185
2130 0.03917
2131 0.0391568
2132 0.0391418
2133 0.039127
2134 0.0391135
2135 0.0390999
2136 0.0390859
2137 0.0390778
2138 0.0390759
2140 0.039061
2141 0.0390469
2142 0.0390366
2143 0.039024
2144 0.0390225
2145 0.0390222
2146 0.0390122
2147 0.0389976
2148 0.0389862
2149 0.0389722
2150 0.038964
2151 0.0389577
2152 0.0389471
2153 0.038933
2154 0.0389189
2155 0.0389063
2156 0.0388954
2157 0.0388832
2158 0.0388708
2159 0.0388573
2160 0.0388483
2161 0.0388367
2162 0.0388295
2163 0.0388222
2164 0.0388048
2165 0.0387914
2166 0.0387806
2167 0.0387764
2170 0.0387609
2171 0.038749
2172 0.03874
2173 0.038727
2174 0.038716
2177 0.0387017
2178 0.0386875
2179 0.0386764
2180 0.0386692
2181 0.0386577
2182 0.0386464
2183 0.038632
2184 0.038618
2185 0.0386059
2186 0.0385935
2187 0.0385854
2189 0.0385842
2190 0.0385696
2191 0.0385592
2192 0.0385488
2193 0.0385418
2194 0.0385341
2195 0.0385187
2196 0.0385041
2197 0.0384897
2198 0.0384758
2199 0.038462
2200 0.0384484
2201 0.0384365
2202 0.038424
2203 0.0384166
2204 0.0384033
2205 0.0383889
2206 0.038375
2207 0.0383631
2208 0.0383498
2209 0.0383384
2210 0.0383275
2212 0.0383258
2213 0.0383114
2214 0.0382981
2215 0.0382852
2216 0.0382742
2217 0.038262
2218 0.0382515
2219 0.038244
2220 0.0382285
2221 0.0382138
2222 0.0381993
2223 0.038187
2224 0.0381726
2225 0.0381583
2226 0.0381442
2227 0.0381306
2228 0.0381173
2229 0.0381045
2230 0.038092
2231 0.0380796
2232 0.0380721
2233 0.0380627
2234 0.0380491
2235 0.0380356
2236 0.0380222
2237 0.0380092
2238 0.0379967
2239 0.0379857
2240 0.037978
2241 0.0379631
2242 0.0379493
2243 0.0379364
2244 0.0379258
2245 0.0379213
2246 0.0379098
2247 0.0378971
2248 0.0378835
2249 0.0378714
2250 0.0378633
2251 0.0378544
2252 0.0378429
2253 0.0378335
2254 0.0378195
2255 0.0378061
2256 0.0377946
2257 0.0377846
2258 0.0377748
2259 0.0377654
2260 0.0377534
2261 0.0377415
2262 0.0377354
2263 0.0377206
2264 0.0377076
2265 0.0376973
2266 0.0376877
2267 0.0376801
2268 0.0376667
2269 0.0376574
2270 0.037642
2271 0.0376286
2272 0.0376189
2273 0.0376157
2274 0.0376026
2276 0.0376
2277 0.0375857
2278 0.0375779
2279 0.0375647
2280 0.0375538
2281 0.0375449
2282 0.0375375
2283 0.037522
2284 0.0375108
2285 0.0374964
2286 0.037482
2287 0.0374681
2288 0.037463
2289 0.0374494
2290 0.0374355
2291 0.0374235
2292 0.0374129
2293 0.037403
2294 0.0373998
2296 0.0373984
2297 0.0373823
2298 0.0373758
2299 0.0373736
2300 0.0373594
2301 0.037348
2302 0.0373339
2303 0.03732
2304 0.0373063
2305 0.0372931
2306 0.0372796
2307 0.0372664
2308 0.0372532
2309 0.0372401
2310 0.0372272
2311 0.0372141
2312 0.0372018
2313 0.0371888
2314 0.0371765
2315 0.0371638
2316 0.0371512
2317 0.0371393
2318 0.0371267
2319 0.0371155
2320 0.0371031
2321 0.0370917
2322 0.0370799
2323 0.0370683
2324 0.0370579
2325 0.0370434
2326 0.0370416
2328 0.0370238
2329 0.0370116
2330 0.0370031
2331 0.0369902
2334 0.0369754
2335 0.0369632
2336 0.0369555
2337 0.0369405
2338 0.0369286
2339 0.0369145
2340 0.0369006
2341 0.0368868
2342 0.0368742
2343 0.0368605
2344 0.0368472
2345 0.0368349
2346 0.0368254
2347 0.0368137
2348 0.0368019
2349 0.0367876
2350 0.0367734
2351 0.0367594
2352 0.0367455
2353 0.0367322
2354 0.0367186
2355 0.0367047
2356 0.0366915
2357 0.0366775
2358 0.0366637
2359 0.0366499
2360 0.0366366
2361 0.0366229
2362 0.0366095
2363 0.036596
2364 0.0365858
2365 0.0365715
2366 0.0365579
2367 0.0365442
2368 0.0365307
2369 0.0365169
2370 0.0365032
2371 0.0364897
2372 0.036476
2373 0.0364625
2374 0.0364489
2375 0.0364355
2376 0.0364218
2377 0.0364086
2378 0.0363951
2379 0.0363815
2380 0.0363684
2381 0.0363548
2382 0.0363416
2383 0.0363282
2384 0.0363148
2385 0.0363038
2386 0.0362933
2387 0.0362789
2388 0.0362646
2389 0.0362506
2390 0.0362369
2391 0.0362255
2392 0.0362112
2393 0.0361972
2394 0.0361835
2395 0.0361702
2396 0.0361565
2397 0.0361437
2398 0.0361309
2399 0.036117
2400 0.0361035
2401 0.0360902
2402 0.0360769
2403 0.0360633
2404 0.0360503
2405 0.0360371
2406 0.0360233
2407 0.0360098
2408 0.0359963
2409 0.0359829
2410 0.0359695
2411 0.0359571
2412 0.0359457
2413 0.035934
2414 0.0359241
2415 0.0359097
2416 0.0358964
2417 0.0358834
2418 0.0358716
2419 0.0358603
2420 0.035853
2421 0.0358425
2422 0.0358286
2423 0.0358152
2424 0.0358037
2425 0.0357916
2426 0.0357812
2427 0.03577
2428 0.0357668
2429 0.0357525
2430 0.0357389
2431 0.0357262
2432 0.035714
2433 0.0357085
2434 0.0356965
2435 0.0356917
2436 0.0356824
2437 0.0356683
2438 0.0356549
2439 0.0356432
2440 0.0356328
2441 0.035622
2443 0.0356219
2444 0.0356087
2445 0.0356006
2446 0.0355955
2447 0.0355875
2448 0.0355823
2450 0.0355782
2451 0.0355628
2452 0.0355607
2454 0.0355475
2455 0.0355359
2456 0.0355279
2459 0.0355129
2460 0.035501
2461 0.0354967
2464 0.0354866
2465 0.0354741
2466 0.0354649
2467 0.0354608
2468 0.0354487
2470 0.0354467
2471 0.0354338
2472 0.0354285
2473 0.035417
2474 0.0354075
2475 0.0354001
2476 0.0353957
2477 0.03538
2478 0.0353708
2479 0.0353572
2480 0.0353436
2481 0.0353309
2483 0.0353304
2484 0.0353216
2485 0.0353154
2486 0.0353075
2487 0.0353051
2489 0.0352973
2490 0.0352824
2491 0.0352729
2492 0.0352678
2493 0.0352616
2495 0.0352599
2496 0.0352454
2497 0.0352363
2499 0.0352348
2500 0.0352227
2501 0.035216
2502 0.0352058
2503 0.0351978
2504 0.0351943
2506 0.03519
2507 0.0351736
2508 0.0351616
2511 0.0351611
2512 0.0351603
2513 0.0351473
2514 0.0351352
2515 0.0351253
2516 0.0351162
2517 0.0351076
2519 0.035104
2520 0.0350917
2521 0.0350913
2523 0.0350861
2524 0.0350709
2525 0.0350634
2526 0.0350507
2527 0.0350383
2528 0.0350294
2529 0.0350181
2530 0.035008
2531 0.034999
2532 0.0349985
2533 0.0349922
2534 0.0349817
2535 0.0349685
2536 0.0349629
2537 0.034962
2538 0.0349566
2539 0.0349431
2540 0.0349342
2541 0.0349217
2542 0.0349088
2543 0.0348957
2544 0.034883
2545 0.0348703
2546 0.0348573
2547 0.0348448
2548 0.0348323
2549 0.0348196
2550 0.034807
2551 0.0347961
2552 0.0347847
2553 0.034772
2554 0.0347591
2555 0.0347463
2556 0.0347338
2557 0.0347218
2558 0.0347109
2559 0.0347016
2560 0.0346941
2561 0.0346827
2562 0.0346726
2563 0.0346628
2564 0.0346501
2565 0.0346389
2566 0.0346345
2567 0.0346237
2568 0.0346108
2569 0.0346035
2570 0.0345904
2571 0.0345782
2572 0.0345671
2573 0.034561
2574 0.0345476
2575 0.0345356
2576 0.0345257
2577 0.0345141
2578 0.0345036
2579 0.0344907
2580 0.0344785
2581 0.0344682
2582 0.0344606
2583 0.0344495
2584 0.0344409
2585 0.0344296
2586 0.0344178
2587 0.0344125
2588 0.034406
2589 0.034395
2590 0.0343876
2591 0.0343747
2592 0.0343633
2593 0.0343533
2594 0.034348
2597 0.0343344
2598 0.0343273
2599 0.0343196
2600 0.0343068
2601 0.0343048
2602 0.0343028
2603 0.0342889
2604 0.0342759
2605 0.0342634
2606 0.0342518
2607 0.0342398
2608 0.0342284
2609 0.0342169
2610 0.0342062
2611 0.0341985
2613 0.0341972
2614 0.0341843
2615 0.0341787
2616 0.0341756
2617 0.0341747
2618 0.03417
2619 0.0341553
2620 0.0341424
2621 0.0341307
2622 0.034128
2625 0.0341141
2626 0.0341025
2627 0.034092
2628 0.0340855
2629 0.0340777
2630 0.0340724
2631 0.0340685
2632 0.0340584
2634 0.0340561
2635 0.0340429
2636 0.0340325
2637 0.0340291
2639 0.0340283
2641 0.0340145
2642 0.034002
2643 0.0339932
2644 0.0339826
2645 0.0339735
2646 0.0339658
2647 0.0339636
2648 0.0339498
2649 0.0339487
2650 0.0339485
2651 0.0339364
2652 0.0339326
2653 0.0339181
2654 0.0339056
2655 0.0338936
2656 0.033885
2657 0.0338792
2659 0.0338783
2660 0.0338648
2661 0.0338565
2662 0.0338521
2663 0.0338398
2666 0.0338271
2667 0.0338199
2670 0.0338078
2671 0.0338017
2672 0.0337937
2673 0.0337898
2674 0.0337805
2675 0.0337773
2676 0.0337606
2677 0.0337506
2678 0.0337444
2679 0.0337332
2680 0.0337312
2682 0.0337181
2683 0.0337061
2684 0.0336992
2685 0.033686
2686 0.0336747
2687 0.0336626
2688 0.0336502
2689 0.0336385
2690 0.0336273
2691 0.0336147
2692 0.0336025
2693 0.033591
2694 0.0335803
2695 0.0335673
2696 0.0335548
2697 0.0335435
2698 0.0335305
2699 0.0335178
2700 0.0335054
2701 0.0334927
2702 0.0334806
2703 0.033468
2704 0.0334556
2705 0.0334433
2706 0.0334309
2707 0.0334183
2708 0.0334058
2709 0.0333934
2710 0.033381
2711 0.0333688
2712 0.0333579
2713 0.0333462
2714 0.0333341
2715 0.0333228
2716 0.0333102
2717 0.0332978
2718 0.0332859
2719 0.0332746
2720 0.0332626
2721 0.0332524
2722 0.0332461
2723 0.033234
2724 0.0332226
2725 0.033211
2726 0.0332004
2727 0.0331894
2728 0.033178
2729 0.0331679
2730 0.0331578
2731 0.0331544
2732 0.0331488
2733 0.0331324
2734 0.0331199
2735 0.0331086
2736 0.0330995
2737 0.0330892
2738 0.0330787
2739 0.033074
2740 0.0330624
2741 0.0330534
2742 0.03304
2743 0.0330317
2744 0.033027
2745 0.0330178
2746 0.0330071
2747 0.0330059
2749 0.0329933
2750 0.0329825
2751 0.0329759
2752 0.0329664
2754 0.0329649
2755 0.0329527
2756 0.0329479
2759 0.0329343
2760 0.0329283
2761 0.0329175
2762 0.0329084
2764 0.032905
2765 0.0328939
2766 0.0328926
2768 0.032889
2770 0.0328839
2771 0.0328699
2772 0.0328631
2773 0.032854
2774 0.032844
2777 0.0328314
2778 0.0328195
2779 0.0328075
2780 0.0327958
2781 0.0327843
2782 0.0327734
2783 0.0327617
2784 0.0327509
2785 0.0327393
2786 0.0327293
2787 0.0327215
2788 0.0327159
2789 0.0327015
2790 0.0326882
2791 0.0326758
2792 0.0326657
2793 0.0326557
2794 0.0326458
2795 0.032633
2796 0.0326215
2797 0.0326117
2798 0.0325983
2799 0.0325878
2800 0.0325785
2801 0.032573
2802 0.0325605
2803 0.0325485
2804 0.0325443
2805 0.0325296
2806 0.0325178
2807 0.0325061
2808 0.0325007
2811 0.0324914
2812 0.0324793
2813 0.0324689
2814 0.0324583
2815 0.0324528
2816 0.0324485
2817 0.0324382
2818 0.0324254
2819 0.0324151
2820 0.0324035
2821 0.0323964
2822 0.0323947
2823 0.0323931
2824 0.0323807
2825 0.03237
2826 0.0323589
2827 0.0323481
2828 0.0323366
2829 0.0323245
2830 0.0323125
2831 0.0323007
2832 0.0322884
2833 0.0322763
2834 0.0322645
2835 0.0322529
2836 0.0322416
2837 0.0322301
2838 0.0322183
2839 0.0322075
2840 0.0321952
2841 0.032183
2842 0.032171
2843 0.03216
2844 0.0321519
2845 0.0321408
2846 0.0321293
2847 0.0321187
2848 0.0321108
2849 0.0321061
2851 0.0321049
2852 0.0320919
2853 0.0320886
2855 0.0320853
2856 0.0320734
2857 0.0320694
2858 0.0320599
2859 0.0320478
2860 0.0320417
2861 0.0320295
2862 0.0320183
2863 0.0320074
2864 0.0319982
2865 0.0319934
2866 0.0319796
2867 0.0319684
2868 0.0319592
2869 0.0319519
2870 0.0319515
2872 0.0319377
2873 0.0319273
2874 0.0319215
2875 0.0319158
2876 0.0319041
2877 0.031892
2878 0.0318809
2879 0.0318694
2880 0.0318592
2881 0.031851
2882 0.0318391
2883 0.0318269
2884 0.0318161
2885 0.0318043
2886 0.0317921
2887 0.03178
2888 0.0317695
2889 0.0317582
2890 0.031746
2891 0.0317339
2892 0.031722
2893 0.03171
2894 0.0317003
2895 0.0316924
2896 0.0316809
2897 0.031672
2898 0.0316605
2899 0.0316489
2900 0.0316377
2901 0.0316273
2902 0.0316185
2903 0.0316086
2904 0.031602
2905 0.0315867
2906 0.0315761
2907 0.0315655
2908 0.0315554
2909 0.0315452
2910 0.031537
2911 0.0315302
2912 0.0315156
2913 0.0315056
2914 0.0315012
2915 0.0314988
2916 0.0314951
2918 0.0314916
2919 0.031479
2920 0.0314757
2921 0.0314646
2922 0.0314547
2923 0.031451
2924 0.0314399
2925 0.0314375
2927 0.0314318
2928 0.0314193
2929 0.0314103
2931 0.0314089
2932 0.0314042
2933 0.0313965
2934 0.0313892
2935 0.0313842
2936 0.0313832
2938 0.0313693
2939 0.0313586
2940 0.0313526
2942 0.0313503
2943 0.0313396
2944 0.0313294
2945 0.0313205
2946 0.0313082
2947 0.0312963
2948 0.0312852
2949 0.0312737
2950 0.0312631
2951 0.0312513
2952 0.0312393
2953 0.0312273
2954 0.0312154
2955 0.0312036
2956 0.0311918
2957 0.0311807
2958 0.0311689
2959 0.0311571
2960 0.0311453
2961 0.031137
2962 0.0311294
2963 0.0311186
2964 0.0311072
2965 0.0310965
2966 0.031085
2967 0.0310768
2968 0.0310725
2969 0.0310634
2970 0.0310514
2971 0.0310445
2972 0.0310325
2973 0.0310253
2974 0.0310221
2976 0.0310179
2977 0.0310065
2978 0.0309973
2980 0.030995
2981 0.0309861
2982 0.0309795
2983 0.030972
2984 0.0309672
2986 0.0309598
2987 0.0309472
2988 0.0309424
2989 0.0309375
2991 0.0309372
2992 0.0309244
2993 0.0309151
2995 0.0309131
2996 0.0309029
2997 0.0308962
2998 0.0308884
2999 0.0308823
3002 0.0308673
3003 0.030858
3004 0.0308514
3005 0.0308409
3006 0.0308299
3007 0.0308192
3008 0.0308094
3009 0.030805
3010 0.0307951
3012 0.0307934
3013 0.0307828
3014 0.0307768
3015 0.030775
3017 0.0307631
3018 0.0307581
3019 0.0307494
3020 0.0307433
3021 0.0307303
3022 0.0307189
3023 0.0307085
3024 0.0306989
3025 0.030692
3028 0.030681
3029 0.0306727
3030 0.0306626
3031 0.0306552
3032 0.0306487
3033 0.0306397
3034 0.0306291
3035 0.0306246
3036 0.0306134
3037 0.0306101
3039 0.0306092
3040 0.0305971
3041 0.0305867
3042 0.0305796
3043 0.0305762
3044 0.0305666
3045 0.0305651
3046 0.030562
3047 0.0305507
3048 0.030543
3049 0.0305317
3050 0.0305239
3051 0.030517
3052 0.0305133
3053 0.030509
3054 0.0304977
3055 0.030487
3056 0.0304779
3057 0.0304704
3058 0.0304589
3059 0.0304483
3060 0.030438
3061 0.0304269
3062 0.0304158
3063 0.0304047
3064 0.0303936
3065 0.0303825
3066 0.0303714
3067 0.0303603
3068 0.030349
3069 0.0303387
3070 0.0303327
3071 0.0303194
3072 0.0303088
3073 0.030302
3074 0.0302965
3077 0.0302853
3078 0.0302753
3079 0.0302705
3082 0.0302591
3083 0.0302518
3084 0.0302428
3085 0.03024
3086 0.0302337
3087 0.0302334
3088 0.0302262
3089 0.0302128
3090 0.0302031
3091 0.0301978
3094 0.030186
3095 0.0301757
3096 0.0301675
3097 0.0301563
3098 0.0301492
3099 0.030139
3100 0.0301285
3101 0.0301204
3103 0.0301191
3104 0.0301095
3105 0.030106
3106 0.0301036
3107 0.0301013
3110 0.030085
3111 0.0300758
3114 0.030065
3115 0.0300542
3116 0.0300433
3117 0.0300318
3118 0.0300205
3119 0.0300141
3120 0.0300044
3121 0.0299924
3122 0.0299814
3123 0.0299705
3124 0.029962
3125 0.0299504
3126 0.0299399
3127 0.029932
3128 0.0299242
3129 0.0299196
3131 0.0299168
3132 0.0299049
3133 0.0299025
3135 0.0298995
3136 0.029889
3137 0.0298846
3138 0.0298747
3139 0.0298658
3140 0.0298652
3142 0.0298553
3143 0.0298473
3144 0.0298373
3145 0.0298338
3146 0.0298215
3147 0.0298109
3148 0.0298036
3149 0.0297969
3150 0.0297861
3151 0.0297747
3152 0.0297644
3153 0.0297536
3154 0.0297429
3155 0.0297315
3156 0.0297202
3157 0.0297105
3158 0.0297005
3159 0.0296893
3160 0.0296799
3161 0.0296694
3162 0.029665
3163 0.0296531
3164 0.0296417
3165 0.029631
3166 0.0296204
3167 0.029615
3168 0.029608
3169 0.029602
3170 0.0295991
3171 0.0295872
3172 0.0295751
3173 0.0295633
3174 0.0295519
3175 0.0295407
3176 0.0295309
3177 0.0295197
3178 0.029509
3179 0.0294981
3180 0.0294878
3181 0.029477
3182 0.0294676
3183 0.0294615
3184 0.029455
3185 0.029441
3186 0.029431
3187 0.029423
3188 0.0294142
3191 0.0294035
3192 0.029395
3193 0.0293875
3194 0.0293791
3195 0.0293771
3196 0.0293684
3197 0.0293659
3198 0.0293542
3199 0.029347
3200 0.0293422
3201 0.0293332
3203 0.0293331
3204 0.0293218
3205 0.0293177
3208 0.0293069
3209 0.029305
3211 0.0292938
3212 0.0292852
3213 0.0292815
3214 0.0292721
3215 0.0292663
3216 0.0292612
3217 0.029249
3218 0.0292423
3219 0.0292338
3220 0.0292273
3223 0.0292152
3224 0.0292119
3225 0.0292068
3226 0.0291983
3228 0.0291979
3229 0.0291869
3230 0.0291766
3231 0.0291676
3232 0.029159
3235 0.029158
3236 0.0291527
3237 0.0291417
3238 0.029137
3239 0.0291303
3240 0.0291252
3242 0.0291214
3243 0.0291097
3246 0.0291008
3247 0.0290945
3249 0.0290883
3252 0.0290775
3253 0.0290696
3254 0.0290644
3255 0.0290637
3259 0.0290493
3260 0.0290468
3261 0.0290372
3262 0.0290354
3263 0.0290312
3264 0.0290288
3266 0.0290168
3267 0.0290118
3268 0.0290053
3269 0.0290022
3271 0.0289946
3272 0.0289844
3275 0.0289761
3276 0.0289713
3277 0.0289683
3279 0.0289559
3280 0.0289454
3281 0.0289358
3282 0.0289255
3283 0.0289166
3284 0.0289062
3285 0.0288966
3286 0.0288867
3287 0.0288774
3288 0.0288703
3289 0.0288638
3291 0.0288611
3292 0.0288507
3293 0.0288421
3294 0.0288404
3295 0.0288279
3296 0.0288225
3297 0.0288162
3298 0.0288094
3300 0.0288045
3301 0.0287945
3302 0.0287895
3303 0.0287859
3305 0.0287827
3306 0.0287724
3307 0.0287652
3310 0.0287581
3311 0.0287525
3312 0.0287466
3315 0.0287354
3316 0.0287296
3317 0.028727
3320 0.0287164
3321 0.0287105
3323 0.0287077
3324 0.0286984
3325 0.0286906
3326 0.0286832
3329 0.0286738
3330 0.0286678
3331 0.0286671
3335 0.028656
3336 0.0286515
3339 0.0286441
3341 0.0286351
3342 0.0286343
3344 0.0286215
3345 0.0286135
3346 0.0286098
3347 0.0286039
3348 0.0285966
3349 0.0285861
3350 0.0285766
3351 0.0285705
3352 0.0285621
3353 0.0285521
3356 0.0285431
3357 0.0285373
3359 0.0285358
3360 0.0285245
3362 0.0285164
3363 0.0285075
3365 0.0285074
3366 0.0284983
3367 0.0284962
3368 0.0284846
3369 0.0284745
3370 0.028468
3371 0.0284661
3372 0.0284631
3374 0.0284591
3375 0.0284471
3376 0.0284432
3377 0.0284335
3378 0.0284259
3379 0.0284164
3382 0.0284057
3383 0.0284008
3386 0.0283918
3387 0.0283915
3388 0.0283914
3389 0.0283804
3390 0.0283722
3391 0.0283615
3392 0.0283505
3393 0.02834
3394 0.0283294
3395 0.0283187
3396 0.0283115
3397 0.0283107
3399 0.0282975
3400 0.0282867
3401 0.0282796
3402 0.0282766
3405 0.0282653
3406 0.0282588
3408 0.0282565
3409 0.0282467
3410 0.0282394
3411 0.0282298
3412 0.0282229
3413 0.0282162
3414 0.0282131
3415 0.028206
3416 0.0281982
3417 0.0281902
3420 0.0281798
3421 0.0281735
3423 0.0281731
