1 2502.15
2 724.785
3 625.538
4 226.186
5 21.3228
9 9.83782
10 3.06185
16 2.24547
17 2.24057
21 2.15867
22 2.1345
23 2.12059
25 2.11748
28 2.08269
29 2.0703
31 2.06094
32 2.05262
33 2.03538
34 2.02518
35 1.99934
36 1.99123
38 1.98402
39 1.98189
42 1.9654
43 1.95838
44 1.95409
45 1.94715
46 1.94574
47 1.93244
48 1.92387
50 1.92012
51 1.91071
52 1.90281
53 1.89569
54 1.89033
55 1.88227
56 1.87587
58 1.87451
59 1.86753
60 1.86112
61 1.86107
62 1.85621
63 1.84587
64 1.83914
65 1.83103
67 1.82148
69 1.81939
71 1.81244
72 1.80863
73 1.8061
75 1.79266
77 1.78535
78 1.77922
79 1.77191
80 1.76506
81 1.76128
82 1.75032
83 1.74404
84 1.73299
85 1.72387
86 1.7173
87 1.71042
88 1.70554
89 1.69903
90 1.69636
91 1.68641
92 1.68079
93 1.67408
94 1.66425
95 1.655
96 1.64732
97 1.64674
98 1.64659
99 1.63638
100 1.62775
101 1.62139
102 1.61495
104 1.60789
105 1.60278
106 1.59376
107 1.58755
108 1.58244
110 1.57221
111 1.5688
112 1.56083
114 1.55265
115 1.54788
116 1.54149
117 1.53473
118 1.52758
119 1.5196
120 1.51298
121 1.50462
122 1.49564
123 1.48756
124 1.48103
125 1.47571
126 1.473
127 1.4684
129 1.46077
131 1.45441
133 1.44893
134 1.44199
135 1.43608
136 1.43269
137 1.42235
138 1.41435
139 1.40683
140 1.40104
141 1.39671
142 1.38851
143 1.38278
144 1.3755
145 1.36745
146 1.36022
147 1.35408
148 1.34634
149 1.34021
150 1.33411
151 1.32578
152 1.31921
153 1.31495
154 1.30849
155 1.30214
156 1.29547
157 1.28994
160 1.28071
162 1.27374
164 1.27032
165 1.26522
167 1.26473
168 1.2629
169 1.25841
170 1.25526
171 1.25524
172 1.25363
173 1.2498
174 1.24657
175 1.24342
176 1.24269
177 1.23938
178 1.23604
179 1.23258
180 1.22884
181 1.22496
182 1.22098
183 1.21826
184 1.21478
185 1.21094
186 1.20796
189 1.20452
190 1.20159
191 1.1985
192 1.19531
193 1.19151
194 1.18787
195 1.18432
196 1.18234
197 1.17933
198 1.17618
199 1.17293
200 1.16956
201 1.16695
202 1.16344
203 1.15947
204 1.15584
205 1.15315
206 1.14941
207 1.14609
208 1.14289
209 1.14019
210 1.13694
211 1.13374
212 1.1307
213 1.12671
214 1.12361
215 1.12064
216 1.11722
217 1.11417
218 1.11396
219 1.11323
220 1.10968
221 1.10685
222 1.10601
223 1.10231
224 1.09928
225 1.09536
226 1.09183
227 1.08854
228 1.0853
229 1.08363
230 1.07994
231 1.07786
232 1.0758
234 1.07262
235 1.07156
236 1.06819
237 1.06468
238 1.06101
239 1.05753
240 1.05442
242 1.05407
243 1.05133
244 1.05003
246 1.04881
247 1.04572
248 1.04274
249 1.03988
250 1.03797
251 1.0339
252 1.03046
253 1.02694
254 1.02376
255 1.02132
256 1.01945
257 1.01648
258 1.01343
259 1.0102
260 1.00724
261 1.00382
263 1.0034
264 0.999892
265 0.997385
267 0.996343
268 0.993642
269 0.992895
270 0.989395
271 0.987231
272 0.984792
273 0.981603
274 0.978088
275 0.974538
276 0.971178
277 0.967902
278 0.96466
279 0.961619
282 0.959255
283 0.957691
285 0.956526
286 0.953612
287 0.951938
288 0.951402
289 0.949696
290 0.946012
291 0.942601
294 0.939488
295 0.937619
297 0.936434
298 0.933759
299 0.932648
300 0.932486
301 0.930835
302 0.927695
303 0.925661
304 0.922207
305 0.91889
306 0.915439
307 0.91235
308 0.908921
309 0.905696
310 0.902768
311 0.900693
312 0.898947
313 0.895579
314 0.892217
315 0.889058
316 0.885943
317 0.883143
318 0.880389
319 0.879356
320 0.876469
321 0.873599
322 0.871049
323 0.868531
325 0.865629
326 0.865236
328 0.861579
329 0.858474
330 0.85512
331 0.851892
332 0.84972
333 0.84936
334 0.847632
335 0.844461
336 0.843135
337 0.839899
338 0.838944
339 0.835747
340 0.832855
341 0.830158
342 0.828292
343 0.825819
344 0.823234
345 0.820645
346 0.818236
347 0.815351
348 0.813346
349 0.81034
350 0.808096
351 0.806828
352 0.803276
353 0.799938
354 0.796803
355 0.79415
356 0.791284
357 0.788605
358 0.785887
359 0.783835
360 0.781209
361 0.778827
362 0.776382
363 0.773599
364 0.770634
365 0.767921
366 0.765237
367 0.762451
368 0.759719
369 0.756891
370 0.754615
371 0.752202
372 0.749064
373 0.745975
374 0.743053
375 0.740645
376 0.738344
377 0.737046
378 0.734326
379 0.73202
380 0.730352
381 0.727449
382 0.725552
383 0.723105
385 0.72042
386 0.71972
387 0.717052
388 0.715289
389 0.714761
390 0.710941
391 0.70831
392 0.705572
393 0.703561
394 0.702404
395 0.699161
396 0.696663
397 0.694341
398 0.693591
400 0.690616
401 0.689388
402 0.687246
403 0.684491
404 0.681821
405 0.679185
406 0.676598
407 0.674039
408 0.671348
409 0.668973
410 0.666319
411 0.663641
412 0.660943
413 0.658196
414 0.655473
415 0.652685
416 0.650345
417 0.647154
418 0.644409
419 0.641835
420 0.639366
421 0.637528
422 0.635117
423 0.632809
424 0.630244
425 0.627599
426 0.625066
427 0.622392
428 0.620014
429 0.617861
430 0.615264
431 0.612788
432 0.610589
433 0.609961
435 0.607675
436 0.605474
437 0.60345
438 0.600758
439 0.598106
440 0.595502
441 0.592855
442 0.590332
443 0.588303
444 0.585862
445 0.583312
446 0.580772
447 0.578494
448 0.575628
449 0.573326
450 0.571471
451 0.568909
452 0.56641
453 0.564435
454 0.563541
455 0.56063
456 0.558359
457 0.556193
458 0.554055
459 0.551957
460 0.549848
461 0.548126
462 0.545732
463 0.543727
464 0.541972
466 0.539714
467 0.538159
468 0.536902
470 0.534245
471 0.532241
472 0.531368
474 0.528611
475 0.526181
476 0.524139
477 0.522655
478 0.520291
479 0.517842
480 0.515545
481 0.51327
482 0.511395
483 0.508939
484 0.506758
485 0.504497
486 0.502415
487 0.50055
488 0.498845
489 0.49667
490 0.494445
491 0.49218
492 0.489904
493 0.487639
494 0.485407
495 0.483251
496 0.481955
497 0.479286
498 0.477331
499 0.475218
500 0.473331
501 0.470924
502 0.468672
503 0.466464
504 0.465485
505 0.463639
506 0.461544
507 0.460186
508 0.458164
509 0.457037
510 0.455575
512 0.453511
514 0.451797
516 0.450028
518 0.448199
519 0.447276
521 0.445994
522 0.445126
523 0.444854
524 0.443606
525 0.442432
526 0.441401
527 0.440344
528 0.43937
529 0.438386
530 0.437685
531 0.436653
532 0.43569
533 0.434717
534 0.433754
535 0.432763
536 0.43175
537 0.430744
538 0.429693
539 0.428852
540 0.428141
541 0.426985
542 0.425851
543 0.424743
544 0.423651
545 0.422594
546 0.421608
547 0.420596
548 0.419547
549 0.418508
550 0.417488
551 0.416481
552 0.415437
553 0.414385
554 0.413328
555 0.412275
556 0.411205
557 0.410081
558 0.408983
559 0.407837
560 0.406714
561 0.405595
562 0.404497
563 0.403473
564 0.402606
565 0.401502
566 0.400427
567 0.39938
568 0.398413
569 0.397433
570 0.396466
571 0.39548
572 0.394443
573 0.393466
574 0.392474
575 0.391556
576 0.390608
577 0.389607
578 0.388598
579 0.387589
580 0.386627
581 0.385664
582 0.384809
583 0.383813
584 0.382822
585 0.381848
586 0.380853
587 0.379866
588 0.378866
589 0.377866
590 0.376866
591 0.375865
592 0.374869
593 0.373855
594 0.373117
595 0.37243
596 0.371404
597 0.370374
598 0.369343
599 0.368313
600 0.367284
601 0.366258
602 0.365237
603 0.364228
604 0.363634
605 0.362603
606 0.361574
607 0.360559
608 0.359564
609 0.358563
610 0.357603
611 0.356624
612 0.355658
613 0.355294
614 0.354244
615 0.353253
616 0.352294
617 0.351342
618 0.350432
619 0.349522
620 0.348636
621 0.34771
622 0.34679
623 0.345885
624 0.345011
625 0.3441
626 0.343178
627 0.34225
628 0.341324
629 0.340391
630 0.33948
631 0.338528
632 0.33775
633 0.337179
634 0.336205
635 0.335225
636 0.33425
637 0.333286
638 0.332335
639 0.331411
640 0.330836
641 0.330488
642 0.329516
643 0.328533
644 0.327552
645 0.326574
646 0.325594
647 0.324614
648 0.323633
649 0.322657
650 0.32167
651 0.320752
652 0.319698
653 0.318689
654 0.317715
655 0.316771
656 0.31627
657 0.315394
658 0.314517
659 0.313782
660 0.312953
661 0.312207
662 0.311394
663 0.310721
664 0.309798
665 0.308963
666 0.308202
667 0.307269
668 0.30629
669 0.305328
670 0.304375
671 0.303422
672 0.302477
673 0.301614
674 0.30067
675 0.299853
676 0.299016
677 0.298305
678 0.298107
679 0.297094
680 0.296281
681 0.2955
682 0.294787
683 0.293999
684 0.293165
685 0.292302
686 0.291451
687 0.290593
688 0.289755
689 0.288871
690 0.288101
691 0.287399
692 0.286442
693 0.285551
694 0.284683
695 0.284214
696 0.283299
697 0.28246
698 0.281772
699 0.280985
700 0.280358
701 0.279481
702 0.278672
703 0.277839
704 0.276997
705 0.276103
706 0.27519
707 0.274278
708 0.273372
709 0.272478
710 0.271595
711 0.270744
712 0.269886
713 0.269033
714 0.26834
715 0.26763
716 0.266742
717 0.265883
718 0.265043
719 0.264261
720 0.263498
721 0.262673
722 0.26185
723 0.261031
724 0.260239
725 0.259579
726 0.258872
727 0.25801
728 0.257141
729 0.256276
730 0.255421
731 0.254589
732 0.254099
733 0.253271
734 0.252485
735 0.251853
736 0.251054
737 0.250336
738 0.249621
739 0.249255
740 0.248381
741 0.247636
742 0.247097
743 0.246307
744 0.245539
745 0.244795
746 0.24412
747 0.243619
748 0.242937
749 0.242212
750 0.241623
752 0.241452
753 0.240672
754 0.239984
755 0.239956
757 0.238946
758 0.238128
759 0.237505
760 0.236791
761 0.2367
762 0.235683
763 0.234939
764 0.234343
765 0.233589
766 0.232995
767 0.232131
768 0.231487
769 0.230745
770 0.229927
771 0.22912
772 0.228324
773 0.227644
774 0.226947
776 0.226765
777 0.226054
778 0.225874
780 0.225426
781 0.224583
782 0.22389
783 0.223171
784 0.222383
785 0.221598
786 0.220819
787 0.220057
788 0.220031
789 0.219894
790 0.219097
791 0.218479
793 0.218338
794 0.217664
795 0.217221
797 0.216861
798 0.216188
799 0.216182
800 0.215903
801 0.215042
802 0.214297
803 0.213696
805 0.213004
806 0.212602
807 0.212137
809 0.211308
810 0.211216
812 0.210417
813 0.20964
814 0.208871
815 0.208123
816 0.207368
817 0.206609
818 0.205855
819 0.205095
820 0.204335
821 0.203577
822 0.20282
823 0.202065
824 0.20131
825 0.200571
826 0.19982
827 0.199076
828 0.198347
829 0.197609
830 0.196912
831 0.196186
832 0.195483
833 0.194892
834 0.194279
835 0.193562
836 0.192845
837 0.192131
838 0.191428
839 0.190796
840 0.190246
841 0.189995
842 0.189387
843 0.188974
845 0.18873
846 0.188063
847 0.187566
849 0.187563
850 0.186883
851 0.186734
852 0.185946
853 0.185388
854 0.184804
855 0.184147
856 0.183508
857 0.182985
858 0.1824
859 0.181968
860 0.181491
862 0.180801
863 0.180616
865 0.180272
866 0.179754
867 0.179397
869 0.178632
870 0.178055
871 0.177994
873 0.177153
874 0.176467
875 0.176039
876 0.175409
877 0.175171
878 0.174307
879 0.173679
880 0.173008
881 0.172355
882 0.17187
883 0.17137
884 0.170563
885 0.169944
886 0.169222
887 0.168502
888 0.167796
889 0.167233
890 0.16663
891 0.165937
892 0.165309
893 0.164831
895 0.164237
896 0.163962
897 0.163602
899 0.162877
901 0.162281
902 0.162173
903 0.161608
904 0.161167
905 0.161153
906 0.160786
907 0.159986
908 0.159657
909 0.158994
911 0.158316
912 0.158116
913 0.157374
914 0.156764
915 0.156209
916 0.155962
917 0.155204
918 0.154596
919 0.154429
921 0.153798
922 0.153706
923 0.152964
924 0.152367
925 0.151934
926 0.151381
927 0.151111
928 0.150391
929 0.149975
930 0.149696
931 0.14901
932 0.148391
933 0.147786
934 0.14715
935 0.146488
936 0.145829
937 0.145181
938 0.144558
939 0.14394
940 0.143315
941 0.142836
942 0.14223
943 0.141618
944 0.141043
945 0.140495
946 0.140046
947 0.139438
948 0.138859
949 0.1383
950 0.137802
951 0.137264
952 0.136785
953 0.136558
954 0.135721
955 0.135103
956 0.134487
957 0.133967
958 0.133593
960 0.133266
961 0.132798
963 0.132666
964 0.132128
965 0.131972
966 0.131271
967 0.130855
968 0.130531
969 0.129937
970 0.129352
971 0.128778
972 0.1282
973 0.127621
974 0.127042
975 0.126464
976 0.125886
977 0.125318
978 0.124689
979 0.124062
980 0.123469
981 0.122886
982 0.122321
983 0.121873
984 0.12142
985 0.12085
986 0.120296
987 0.119758
988 0.119261
989 0.118746
990 0.118358
991 0.117823
992 0.117348
993 0.117049
994 0.116368
995 0.115853
996 0.11541
997 0.114826
998 0.114313
999 0.113828
1000 0.113529
1001 0.11311
1002 0.112576
1003 0.112083
1004 0.111839
1005 0.111195
1006 0.111164
1007 0.11089
1009 0.110299
1010 0.109808
1011 0.109251
1012 0.10869
1013 0.108135
1014 0.107577
1015 0.10703
1016 0.106452
1017 0.105957
1018 0.105447
1019 0.104873
1020 0.104315
1021 0.103774
1022 0.103342
1023 0.102798
1024 0.102312
1025 0.102015
1027 0.101567
1029 0.101338
1032 0.101084
1033 0.100836
1034 0.100596
1035 0.100383
1036 0.100168
1037 0.100072
1038 0.0997652
1039 0.0995079
1040 0.0992831
1041 0.0990382
1042 0.0988135
1043 0.0986021
1044 0.0983357
1045 0.0980737
1046 0.0978134
1047 0.0975524
1048 0.097293
1049 0.0970312
1050 0.0967714
1051 0.0965118
1052 0.0962559
1053 0.0961162
1054 0.0958361
1055 0.0955742
1056 0.0953222
1057 0.0950689
1058 0.0948494
1059 0.0946356
1060 0.0943801
1061 0.0941309
1062 0.093886
1063 0.0936518
1064 0.0934152
1065 0.0931767
1066 0.0930501
1067 0.0927896
1068 0.0925444
1069 0.0923066
1070 0.0920679
1071 0.0918372
1072 0.0916442
1073 0.091389
1074 0.0911496
1075 0.0909115
1076 0.0906992
1077 0.0904823
1078 0.0902396
1079 0.0900025
1080 0.0897579
1081 0.0895131
1082 0.0892683
1083 0.0890234
1084 0.0887786
1085 0.088534
1086 0.0882893
1087 0.0880452
1088 0.0878008
1089 0.087557
1090 0.0873141
1091 0.0870696
1092 0.0868255
1093 0.0865825
1094 0.0864445
1095 0.086191
1096 0.085949
1097 0.0857069
1098 0.0854721
1099 0.0852691
1100 0.0850993
1101 0.0848423
1102 0.0846023
1103 0.0843643
1104 0.0841221
1105 0.08388
1106 0.0836379
1107 0.0833955
1108 0.0831532
1109 0.0829107
1110 0.0826686
1111 0.0824257
1112 0.0821922
1113 0.081946
1114 0.0817044
1115 0.0814626
1116 0.0812197
1117 0.0809775
1118 0.0807354
1119 0.0804938
1120 0.0802535
1121 0.0800134
1122 0.0797747
1123 0.0795378
1124 0.0793005
1125 0.0790658
1126 0.0788327
1127 0.0785982
1128 0.0783714
1129 0.0781386
1130 0.0779084
1131 0.0776901
1132 0.0774583
1133 0.0772362
1134 0.0770145
1135 0.0767858
1136 0.0766181
1137 0.0763807
1138 0.076151
1139 0.0759474
1140 0.0757222
1141 0.0754971
1142 0.0753696
1143 0.0752408
1144 0.075011
1145 0.0747956
1146 0.0745997
1147 0.074516
1149 0.0743029
1150 0.0741426
1153 0.073911
1154 0.0737649
1155 0.0736319
1157 0.0734121
1158 0.0732762
1159 0.0730942
1160 0.0729882
1161 0.0727401
1162 0.0725533
1163 0.0723466
1164 0.07213
1165 0.0719258
1166 0.0717126
1167 0.0715003
1168 0.0712936
1169 0.0711068
1170 0.070933
1171 0.070707
1172 0.0704942
1173 0.0702815
1174 0.0700892
1175 0.0698805
1176 0.0696958
1177 0.0694895
1178 0.0693126
1179 0.069098
1180 0.0689113
1181 0.068707
1182 0.0685051
1183 0.0683421
1184 0.0682164
1185 0.0679723
1186 0.0677623
1187 0.0675616
1188 0.0673698
1189 0.0672137
1190 0.066992
1191 0.0667949
1192 0.0665833
1193 0.0663725
1194 0.0661634
1195 0.0659677
1196 0.0657587
1197 0.0655642
1198 0.0653582
1199 0.0651532
1200 0.0649764
1201 0.0648005
1202 0.0646209
1203 0.0644224
1204 0.0642847
1205 0.0641201
1207 0.0639059
1208 0.063895
1210 0.0636704
1211 0.063458
1212 0.0632476
1213 0.0630432
1214 0.0628348
1215 0.0626264
1216 0.0624191
1217 0.0622122
1218 0.0620048
1219 0.061801
1220 0.0615941
1221 0.0613878
1222 0.0611856
1223 0.0609798
1224 0.0607834
1225 0.0605779
1226 0.0603751
1227 0.0601726
1228 0.0599764
1229 0.059772
1230 0.059569
1231 0.0593675
1232 0.0591673
1233 0.0589661
1234 0.0587666
1235 0.058568
1236 0.0584131
1237 0.058204
1238 0.0580073
1239 0.0578088
1240 0.0576176
1241 0.0574473
1242 0.0572626
1243 0.0570667
1244 0.0568723
1245 0.0566802
1246 0.056501
1247 0.0563118
1248 0.0561245
1249 0.0559486
1250 0.055767
1251 0.0555894
1252 0.0554585
1253 0.0552664
1254 0.0550965
1255 0.0550254
1257 0.0548282
1258 0.0547281
1259 0.0545388
1260 0.0545384
1262 0.0543272
1263 0.0541752
1266 0.054005
1267 0.0538402
1268 0.0537004
1270 0.05366
1271 0.0534917
1272 0.0533958
1274 0.0533189
1275 0.0531311
1276 0.0530815
1277 0.0528781
1278 0.0527025
1279 0.0525255
1280 0.0523433
1281 0.0521774
1282 0.051992
1283 0.0518259
1284 0.0516534
1285 0.0515413
1286 0.0513362
1287 0.0511715
1288 0.051014
1289 0.0508307
1290 0.0506518
1291 0.050485
1292 0.050307
1293 0.0501389
1294 0.0499904
1295 0.0499661
1296 0.0497269
1297 0.0495514
1298 0.0495156
1299 0.0493336
1300 0.0492127
1301 0.0490028
1302 0.0488255
1303 0.0486527
1304 0.048479
1305 0.048328
1306 0.0481417
1307 0.0479825
1308 0.0478424
1310 0.0476805
1311 0.047636
1312 0.0475841
1314 0.0473537
1315 0.0473297
1316 0.0472909
1317 0.0471111
1318 0.0469353
1319 0.0467617
1320 0.0465956
1321 0.0464347
1322 0.0463056
1324 0.0462264
1325 0.0460518
1326 0.0459443
1327 0.0457788
1328 0.0456777
1329 0.0455086
1330 0.0453921
1331 0.0452018
1332 0.045045
1333 0.0448663
1334 0.0446894
1335 0.0445141
1336 0.0443422
1337 0.0442209
1338 0.0440655
1339 0.0438924
1340 0.0437201
1341 0.0435501
1342 0.0433878
1343 0.0432205
1344 0.0430537
1345 0.0428874
1346 0.0427455
1347 0.0426017
1348 0.0424376
1349 0.0422783
1350 0.0421261
1351 0.0419814
1352 0.0418241
1353 0.041662
1354 0.0414943
1355 0.0413273
1356 0.0411686
1357 0.0410019
1358 0.0408364
1359 0.040677
1360 0.0405127
1361 0.0403486
1362 0.0402322
1363 0.040077
1364 0.0399226
1365 0.0397923
1366 0.0396316
1367 0.0394817
1368 0.0393441
1369 0.0392944
1370 0.0391
1371 0.0389433
1372 0.038791
1373 0.0386517
1374 0.0385146
1375 0.0383521
1376 0.0381981
1377 0.0380395
1378 0.0378815
1379 0.0377256
1380 0.0376118
1381 0.0374492
1382 0.0373049
1383 0.0371864
1384 0.0370235
1385 0.0368682
1386 0.0367129
1387 0.0365653
1388 0.036429
1389 0.0362927
1390 0.0361593
1391 0.0360473
1392 0.035948
1393 0.0357798
1394 0.0356507
1395 0.0354905
1396 0.0353342
1397 0.0351807
1398 0.0350282
1399 0.0348815
1400 0.0347399
1401 0.0346041
1402 0.0344494
1403 0.034302
1404 0.0341624
1405 0.0340422
1407 0.0339929
1408 0.0338554
1409 0.0337461
1411 0.0336921
1412 0.0335827
1414 0.0335088
1415 0.0334686
1416 0.0334313
1418 0.0333501
1419 0.033288
1420 0.0332139
1421 0.0331385
1422 0.0330644
1423 0.0329929
1424 0.0329256
1425 0.0329003
1426 0.0328133
1427 0.0327348
1428 0.0326601
1429 0.0325849
1430 0.0325164
1431 0.0324405
1432 0.0323652
1433 0.0322908
1434 0.0322156
1435 0.0321405
1436 0.0320661
1437 0.0319912
1438 0.0319185
1439 0.0318446
1440 0.0317713
1441 0.0316969
1442 0.0316234
1443 0.0315504
1444 0.0314767
1445 0.0314035
1446 0.03133
1447 0.0312631
1448 0.0311882
1449 0.0311147
1450 0.0310416
1451 0.0309688
1452 0.0308963
1453 0.030824
1454 0.0307527
1455 0.0306815
1456 0.0306117
1457 0.0305408
1458 0.0304685
1459 0.0303976
1460 0.0303276
1461 0.0302601
1462 0.0301892
1463 0.0301184
1464 0.0300469
1465 0.0299761
1466 0.0299298
1467 0.0298604
1468 0.0297877
1469 0.0297153
1470 0.0296439
1471 0.0295747
1472 0.0295065
1473 0.0294353
1474 0.0293644
1475 0.0292958
1476 0.0292248
1477 0.0291543
1478 0.0290849
1479 0.0290159
1480 0.0289467
1481 0.028877
1482 0.0288068
1483 0.028737
1484 0.028668
1485 0.0285986
1486 0.0285295
1487 0.0284598
1488 0.0283915
1489 0.0283219
1490 0.0282524
1491 0.0281832
1492 0.0281216
1493 0.0280542
1494 0.0279843
1495 0.0279151
1496 0.0278466
1497 0.027779
1498 0.0277104
1499 0.0276433
1500 0.027575
1501 0.0275077
1502 0.0274397
1503 0.0273723
1504 0.0273062
1505 0.0272385
1506 0.0271709
1507 0.0271037
1508 0.0270373
1509 0.0269707
1510 0.0269058
1511 0.0268392
1512 0.0267727
1513 0.0267063
1514 0.0266417
1515 0.0265767
1516 0.026512
1517 0.0264458
1518 0.0263807
1519 0.0263157
1520 0.0262521
1521 0.026186
1522 0.0261201
1523 0.0260544
1524 0.0259898
1525 0.0259247
1526 0.0258639
1527 0.0257974
1528 0.0257324
1529 0.0256674
1530 0.0256029
1531 0.025538
1532 0.0254753
1533 0.025411
1534 0.0253463
1535 0.0252817
1536 0.0252225
1537 0.0251592
1538 0.0250941
1539 0.0250296
1540 0.0249653
1541 0.0249014
1542 0.0248375
1543 0.0247735
1544 0.0247094
1545 0.0246455
1546 0.0245815
1547 0.0245178
1548 0.0244556
1549 0.0243915
1550 0.0243275
1551 0.0242637
1552 0.0242004
1553 0.0241369
1554 0.0240733
1555 0.0240099
1556 0.023948
1557 0.0238843
1558 0.0238211
1559 0.0237577
1560 0.0236948
1561 0.0236322
1562 0.023573
1563 0.0235091
1564 0.0234463
1565 0.0233833
1566 0.0233209
1567 0.023258
1568 0.0231955
1569 0.0231332
1570 0.0230712
1571 0.0230085
1572 0.022946
1573 0.0228835
1574 0.0228211
1575 0.0227591
1576 0.0226969
1577 0.0226348
1578 0.0225731
1579 0.0225113
1580 0.0224498
1581 0.0223885
1582 0.0223267
1583 0.0222668
1584 0.0222052
1585 0.0221454
1586 0.0220843
1587 0.0220236
1588 0.021963
1589 0.0219023
1590 0.0218425
1591 0.0217818
1592 0.0217218
1593 0.0216612
1594 0.0216009
1595 0.0215404
1596 0.0214799
1597 0.0214195
1598 0.0213591
1599 0.0212992
1600 0.0212386
1601 0.0211785
1602 0.0211181
1603 0.0210578
1604 0.0209976
1605 0.0209372
1606 0.0208777
1607 0.0208173
1608 0.0207574
1609 0.0206971
1610 0.020637
1611 0.0205769
1612 0.0205167
1613 0.0204568
1614 0.0203967
1615 0.020337
1616 0.020277
1617 0.0202173
1618 0.0201576
1619 0.0200979
1620 0.0200388
1621 0.0199791
1622 0.0199202
1623 0.0198608
1624 0.0198017
1625 0.0197431
1626 0.0196841
1627 0.0196261
1628 0.0195674
1629 0.0195096
1630 0.0194515
1631 0.019394
1632 0.0193368
1633 0.0192794
1634 0.019224
1635 0.0191782
1636 0.0191192
1637 0.0190606
1638 0.0190026
1639 0.018945
1640 0.0188879
1641 0.0188333
1642 0.0187762
1643 0.0187193
1644 0.0186634
1645 0.0186069
1646 0.0185519
1647 0.0184955
1648 0.0184392
1649 0.0183838
1650 0.0183294
1651 0.0182747
1652 0.0182222
1653 0.018167
1654 0.018113
1655 0.0180593
1656 0.0180098
1657 0.0179532
1658 0.0179014
1659 0.0178547
1660 0.0178401
1661 0.017776
1662 0.0177213
1663 0.017669
1664 0.0176142
1665 0.0175596
1666 0.0175051
1667 0.0174519
1668 0.0173981
1669 0.0173461
1670 0.0172921
1671 0.017238
1672 0.0171849
1673 0.0171306
1674 0.0170766
1675 0.017023
1676 0.0169698
1677 0.0169168
1678 0.0168634
1679 0.0168102
1680 0.0167569
1681 0.0167038
1682 0.0166517
1683 0.0165985
1684 0.0165457
1685 0.0164928
1686 0.0164524
1687 0.0163966
1688 0.0163446
1689 0.0162965
1690 0.0162448
1691 0.0161929
1692 0.0161409
1693 0.0160889
1694 0.0160369
1695 0.015985
1696 0.015933
1697 0.015881
1698 0.0158294
1699 0.0157775
1700 0.0157258
1701 0.015674
1702 0.0156226
1703 0.0155711
1704 0.0155197
1705 0.015469
1706 0.0154178
1707 0.0153678
1708 0.0153171
1709 0.0152674
1710 0.0152189
1711 0.0151714
1712 0.0151209
1713 0.0150705
1714 0.0150204
1715 0.0149707
1716 0.0149509
1717 0.014899
1718 0.0148474
1719 0.0148013
1720 0.0147596
1722 0.0147165
1723 0.014699
1724 0.014686
1726 0.0146237
1727 0.0146028
1728 0.0145656
1729 0.0145178
1730 0.0144715
1731 0.0144269
1732 0.0143972
1733 0.0143648
1734 0.0143084
1735 0.0142651
1736 0.0142336
1737 0.0141826
1738 0.0141367
1739 0.0140914
1740 0.0140825
1741 0.0140228
1742 0.0139759
1743 0.0139609
1744 0.0139116
1745 0.0138768
1746 0.0138244
1747 0.0137773
1748 0.0137317
1749 0.0136851
1750 0.0136412
1751 0.0135931
1752 0.0135485
1753 0.0135069
1754 0.0134724
1755 0.0134223
1756 0.0133757
1757 0.0133292
1758 0.0132907
1759 0.0132434
1760 0.0131984
1761 0.013157
1762 0.0131217
1763 0.0131198
1764 0.0130998
1765 0.0130433
1766 0.0129976
1767 0.0129642
1768 0.0129199
1769 0.0128876
1770 0.0128377
1771 0.0128039
1772 0.0127636
1773 0.0127159
1774 0.0126693
1775 0.012623
1776 0.0125769
1777 0.0125322
1778 0.0124867
1779 0.0124453
1780 0.0124035
1781 0.012357
1782 0.0123111
1783 0.0122666
1784 0.0122236
1785 0.0121814
1786 0.0121362
1787 0.0120921
1788 0.0120496
1789 0.0120117
1790 0.0119719
1791 0.0119295
1792 0.0118956
1793 0.0118633
1794 0.0118195
1795 0.0117808
1796 0.0117493
1798 0.0117078
1799 0.0116941
1800 0.011671
1802 0.0116194
1804 0.0115765
1805 0.0115456
1806 0.0115035
1807 0.0114632
1808 0.0114264
1809 0.0114203
1810 0.0113599
1811 0.01132
1813 0.0113082
1814 0.0112663
1815 0.0112302
1817 0.0112167
1818 0.0111838
1819 0.0111719
1821 0.0111446
1822 0.0110985
1823 0.0110892
1824 0.0110598
1825 0.0110132
1826 0.0109699
1827 0.0109314
1828 0.0108877
1829 0.0108474
1830 0.010804
1831 0.0107658
1832 0.0107239
1833 0.0106962
1834 0.0106494
1835 0.0106088
1836 0.0105688
1837 0.0105294
1838 0.010489
1839 0.010447
1840 0.0104072
1841 0.0103704
1842 0.0103399
1843 0.0102963
1844 0.0102536
1845 0.0102116
1846 0.0101696
1847 0.0101274
1848 0.0100852
1849 0.0100429
1850 0.0100004
1851 0.00995757
1852 0.00991506
1853 0.0098729
1854 0.00983534
1855 0.00979774
1856 0.00975509
1857 0.00971402
1858 0.009673
1859 0.00963419
1860 0.00959345
1861 0.00955293
1862 0.00951283
1863 0.00947285
1864 0.00943267
1865 0.00939488
1866 0.00935497
1867 0.00931504
1868 0.00927573
1869 0.00923817
1870 0.00919874
1871 0.00915954
1872 0.009123
1873 0.00908577
1874 0.00904836
1875 0.00901049
1876 0.00897417
1877 0.00893783
1878 0.00890057
1879 0.00886464
1880 0.00883239
1881 0.00880484
1882 0.00876786
1883 0.00873156
1884 0.00869756
1885 0.00868632
1886 0.00863838
1887 0.00860703
1889 0.00859374
1890 0.00856276
1891 0.00854291
1893 0.00852443
1894 0.00848793
1895 0.00847492
1896 0.00844006
1897 0.00840909
1898 0.0083804
1899 0.0083417
1900 0.00830742
1901 0.00827125
1902 0.0082364
1903 0.00822125
1904 0.00817907
1905 0.00814106
1906 0.0081105
1907 0.00807683
1908 0.00807057
1909 0.00802356
1910 0.00799109
1911 0.00797502
1912 0.00793582
1913 0.00790046
1914 0.0078681
1915 0.00784432
1916 0.00781641
1917 0.00779562
1918 0.00775233
1919 0.00772508
1920 0.00768533
1921 0.00764869
1922 0.00761351
1923 0.00757736
1924 0.00754211
1925 0.00751442
1926 0.0074827
1927 0.00744654
1928 0.00741079
1929 0.00737566
1930 0.00734372
1931 0.00731073
1932 0.00728164
1933 0.00724711
1934 0.00721621
1935 0.00719604
1936 0.00715763
1937 0.00712865
1938 0.00710835
1940 0.00707631
1942 0.0070638
1943 0.00706015
1944 0.00705215
1946 0.0070378
1947 0.00703106
1948 0.00701945
1949 0.00701411
1950 0.00699896
1951 0.00699057
1952 0.00697628
1953 0.00696234
1954 0.00694857
1955 0.00693501
1956 0.00692329
1957 0.00691089
1958 0.00689654
1959 0.00688256
1960 0.00686867
1961 0.00685502
1962 0.00684142
1963 0.00682774
1964 0.00681474
1965 0.00680219
1966 0.00678839
1967 0.00677473
1968 0.00676098
1969 0.00674754
1970 0.00673388
1971 0.00672018
1972 0.00670673
1973 0.00669309
1974 0.00667944
1975 0.0066667
1976 0.00665297
1977 0.00663932
1978 0.00662579
1979 0.00661559
1980 0.00660439
1981 0.00659073
1982 0.00657708
1983 0.00656347
1984 0.00654991
1985 0.00653642
1986 0.00652309
1987 0.00650962
1988 0.00649626
1989 0.00648281
1990 0.00646939
1991 0.00645648
1992 0.00644386
1993 0.00643037
1994 0.00641694
1995 0.00640356
1996 0.00639032
1997 0.00637714
1998 0.00636388
1999 0.00635125
2000 0.00633798
2001 0.00632495
2002 0.00631196
2003 0.00629884
2004 0.00628558
2005 0.00627232
2006 0.00625912
2007 0.00624621
2008 0.00623304
2009 0.00621981
2010 0.0062066
2011 0.00619342
2012 0.00618027
2013 0.00616721
2014 0.00615451
2015 0.0061414
2016 0.0061283
2017 0.00611526
2018 0.00610237
2019 0.00608975
2020 0.00608264
2021 0.00606875
2022 0.00605542
2023 0.00604235
2024 0.00602941
2025 0.0060167
2026 0.0060045
2027 0.00599179
2028 0.00598532
2029 0.00597096
2030 0.00595762
2031 0.00594483
2032 0.00593183
2033 0.00591892
2034 0.00590745
2035 0.0058952
2036 0.00588348
2037 0.00587061
2038 0.00585792
2039 0.00584514
2040 0.00583245
2041 0.00582024
2042 0.00580828
2043 0.00579728
2044 0.00578478
2045 0.00577283
2046 0.00576135
2047 0.00575317
2048 0.0057391
2049 0.0057264
2050 0.00571626
2051 0.00571566
2052 0.00571059
2053 0.00569673
2054 0.00568375
2055 0.00567365
2056 0.00566118
2057 0.00564838
2058 0.00563563
2059 0.00562292
2060 0.00561027
2061 0.00559782
2062 0.00559209
2063 0.00558098
2064 0.00556835
2065 0.00555582
2066 0.00554351
2067 0.00553199
2068 0.00552183
2069 0.00552075
2070 0.00551671
2071 0.005503
2072 0.00548985
2073 0.00547723
2074 0.00546855
2075 0.00545591
2076 0.00544338
2077 0.0054309
2078 0.00541847
2079 0.00540614
2080 0.00539447
2081 0.00538262
2082 0.00537275
2083 0.00536056
2084 0.00534868
2085 0.00533689
2086 0.0053258
2087 0.00532171
2088 0.0053077
2089 0.00529504
2090 0.00528301
2091 0.00527186
2092 0.00526295
2093 0.00525082
2094 0.00523868
2095 0.00522651
2096 0.00521456
2097 0.00520304
2098 0.00519207
2099 0.00518007
2100 0.00516787
2101 0.00515569
2102 0.00514358
2103 0.00513144
2104 0.00511932
2105 0.00510736
2106 0.00509527
2107 0.00508324
2108 0.00507149
2109 0.00505944
2110 0.00504788
2111 0.00503583
2112 0.00502383
2113 0.00501466
2114 0.0050044
2115 0.00499198
2116 0.0049798
2117 0.00496786
2118 0.00495608
2119 0.0049461
2120 0.00493402
2121 0.00492206
2122 0.00491018
2123 0.00489842
2124 0.00488773
2125 0.00487584
2126 0.004864
2127 0.00485219
2128 0.00484041
2129 0.0048287
2130 0.00481702
2131 0.00480576
2132 0.00479395
2133 0.00478227
2134 0.00477063
2135 0.00475925
2136 0.00474809
2137 0.00473645
2138 0.00472483
2139 0.00471324
2140 0.00470171
2141 0.00469044
2142 0.00467959
2143 0.00466796
2144 0.00465637
2145 0.00464481
2146 0.00463327
2147 0.00462178
2148 0.00461072
2149 0.00459936
2150 0.00458794
2151 0.00457649
2152 0.00456514
2153 0.0045538
2154 0.00454261
2155 0.00453129
2156 0.0045201
2157 0.00450873
2158 0.00449914
2159 0.00448753
2160 0.00447612
2161 0.00446482
2162 0.00445354
2163 0.00444227
2164 0.00443099
2165 0.00441983
2166 0.00440859
2167 0.00439733
2168 0.00438609
2169 0.00437501
2170 0.00436383
2171 0.00435271
2172 0.00434153
2173 0.0043304
2174 0.00431923
2175 0.00430814
2176 0.00429711
2177 0.00428598
2178 0.00427486
2179 0.0042639
2180 0.00425279
2181 0.00424173
2182 0.00423066
2183 0.0042196
2184 0.00420861
2185 0.00419757
2186 0.00418674
2187 0.00417573
2188 0.00416534
2189 0.0041542
2190 0.0041432
2191 0.00413224
2192 0.00412131
2193 0.00411038
2194 0.00409947
2195 0.0040886
2196 0.00407772
2197 0.00406689
2198 0.00405612
2199 0.00404532
2200 0.00403473
2201 0.00402395
2202 0.0040131
2203 0.0040023
2204 0.00399327
2205 0.00398253
2206 0.00397173
2207 0.00396105
2208 0.00395266
2209 0.0039415
2210 0.00393068
2211 0.00392004
2212 0.00390934
2213 0.00389877
2214 0.00388849
2215 0.00387784
2216 0.00386719
2217 0.00385688
2218 0.00384628
2219 0.00383578
2220 0.00382717
2221 0.00381659
2222 0.00380589
2223 0.00379529
2224 0.00378483
2225 0.00377431
2226 0.00376382
2227 0.0037536
2228 0.00374312
2229 0.00373268
2230 0.00372448
2231 0.00371411
2232 0.00370366
2233 0.00369331
2234 0.00368473
2235 0.00367541
2236 0.0036647
2237 0.00365433
2238 0.00364402
2239 0.00363394
2240 0.00362362
2241 0.00361334
2242 0.00360315
2243 0.00359293
2244 0.00358283
2245 0.00357286
2246 0.00356301
2247 0.00355285
2248 0.00354272
2249 0.00353266
2250 0.0035238
2251 0.00351378
2252 0.00350381
2253 0.00349415
2254 0.00348436
2255 0.00347486
2256 0.00346518
2257 0.00345539
2258 0.00344555
2259 0.00343573
2260 0.00342626
2261 0.00341785
2262 0.00340776
2263 0.00339803
2264 0.00338826
2265 0.0033789
2266 0.00337235
2267 0.00336278
2268 0.00335296
2269 0.00334324
2270 0.00333355
2271 0.00332392
2272 0.00331472
2273 0.00330531
2274 0.00329855
2275 0.00328856
2276 0.00327868
2277 0.00326919
2278 0.00325944
2279 0.00324976
2280 0.0032402
2281 0.0032307
2282 0.00322114
2283 0.00321185
2284 0.00320231
2285 0.00319281
2286 0.00318599
2287 0.00317689
2288 0.00316729
2289 0.00315789
2290 0.00314896
2291 0.0031395
2292 0.00313057
2293 0.00312112
2294 0.00311178
2295 0.00310267
2296 0.00309355
2297 0.00308434
2298 0.00307637
2299 0.00306683
2300 0.00305747
2301 0.00304815
2302 0.00303884
2303 0.00302957
2304 0.00302035
2305 0.0030111
2306 0.00300195
2307 0.00299275
2308 0.00298358
2309 0.00297462
2310 0.00296546
2311 0.00295662
2312 0.0029475
2313 0.00293849
2314 0.00292964
2315 0.00292062
2316 0.00291277
2317 0.00290376
2318 0.0028949
2319 0.00288964
2320 0.00288058
2321 0.00288002
2322 0.00287983
2323 0.00286771
2324 0.00285853
2325 0.00285084
2326 0.0028437
2328 0.0028354
2329 0.00283068
2330 0.00282751
2332 0.00281708
2333 0.00281066
2334 0.00280346
2335 0.00279471
2336 0.0027861
2337 0.00277772
2338 0.00277048
2339 0.00276288
2340 0.00275682
2341 0.00274941
2342 0.00274805
2343 0.00273743
2344 0.00272925
2345 0.00272274
2346 0.0027148
2347 0.00270958
2348 0.00269986
2349 0.00269198
2350 0.00268463
2351 0.00267616
2352 0.00266828
2353 0.00266334
2354 0.00265365
2355 0.00264549
2356 0.00264173
2358 0.0026325
2359 0.00262623
2360 0.0026182
2362 0.0026101
2363 0.00260777
2364 0.00260167
2365 0.00260125
2367 0.00258957
2368 0.00258168
2369 0.00258073
2371 0.00257146
2372 0.00256267
2373 0.00255406
2374 0.00254608
2375 0.00253746
2376 0.00252945
2377 0.00252129
2378 0.00251432
2379 0.0025055
2380 0.00249718
2381 0.00248872
2382 0.00248039
2383 0.00247201
2384 0.00246356
2385 0.00245521
2386 0.00244685
2387 0.00243844
2388 0.00243024
2389 0.00242192
2390 0.00241362
2391 0.00240551
2392 0.00239733
2393 0.00238901
2394 0.00238074
2395 0.00237247
2396 0.00236423
2397 0.0023561
2398 0.00234788
2399 0.00233989
2400 0.00233172
2401 0.0023236
2402 0.00231627
2403 0.00230836
2404 0.0023002
2405 0.00229212
2406 0.00228404
2407 0.00227603
2408 0.00226806
2409 0.00226006
2410 0.00225289
2411 0.00224523
2412 0.00223761
2413 0.00223032
2414 0.00222717
2415 0.00221785
2416 0.00221052
2417 0.00220655
2418 0.00219837
2419 0.00219115
2420 0.00218513
2421 0.00217673
2422 0.00217025
2423 0.00216455
2425 0.00215737
2426 0.00215402
2427 0.00214873
2429 0.0021403
2430 0.00213951
2432 0.00213104
2433 0.002123
2434 0.00211518
2435 0.00210754
2436 0.00209981
2437 0.0020921
2438 0.00208462
2439 0.00207692
2440 0.00206935
2441 0.00206176
2442 0.0020541
2443 0.00204688
2444 0.00203935
2445 0.00203183
2446 0.00202437
2447 0.00201693
2448 0.0020094
2449 0.00200209
2450 0.00199456
2451 0.00198711
2452 0.00197969
2453 0.00197219
2454 0.00196496
2455 0.00195841
2456 0.00195115
2457 0.00194383
2458 0.00193665
2459 0.00193212
2460 0.00192507
2461 0.00191833
2462 0.00191388
2463 0.00190809
2465 0.00190153
2467 0.0018967
2468 0.00189214
2469 0.0018895
2471 0.00188067
2472 0.00187673
2473 0.00187212
2474 0.00186443
2475 0.0018571
2476 0.00184992
2477 0.00184273
2478 0.00183568
2479 0.0018291
2480 0.00182298
2481 0.00181677
2482 0.00181009
2483 0.00180529
2484 0.00180128
2485 0.00179333
2486 0.0017872
2487 0.00178201
2488 0.00177461
2489 0.00176758
2490 0.00176052
2491 0.0017535
2492 0.00174652
2493 0.00174111
2494 0.00173362
2495 0.00172694
2496 0.00172001
2497 0.00171337
2498 0.00170656
2499 0.00170033
2500 0.00169378
2501 0.00168802
2502 0.00168175
2503 0.00167731
2504 0.0016706
2505 0.00166462
2506 0.0016588
2507 0.00165823
2508 0.00165812
2509 0.001649
2510 0.00164261
2511 0.00163727
2512 0.00163152
2513 0.00163013
2514 0.0016213
2515 0.0016156
2516 0.00161348
2517 0.0016063
2518 0.00160004
2519 0.00159451
2520 0.00159218
2521 0.00158382
2522 0.00157826
2523 0.00157202
2524 0.00156757
2525 0.00156148
2527 0.00155567
2529 0.00155039
2531 0.00154827
2532 0.00154072
2533 0.00153527
2534 0.00152934
2535 0.00152476
2536 0.00151802
2537 0.00151236
2538 0.00150627
2539 0.00149997
2540 0.00149405
2541 0.00149175
2542 0.0014852
2543 0.00147939
2544 0.00147854
2545 0.00147037
2546 0.00146489
2547 0.00146184
2548 0.00145516
2549 0.0014496
2550 0.001445
2551 0.00143845
2552 0.001434
2553 0.00142854
2554 0.00142676
2555 0.00142015
2556 0.00141564
2557 0.00141312
2558 0.00140549
2559 0.00139917
2560 0.00139323
2561 0.00138742
2562 0.00138257
2563 0.00137621
2564 0.00137066
2565 0.00136462
2566 0.00135885
2567 0.0013569
2568 0.00134983
2569 0.00134426
2570 0.00134209
2571 0.00133572
2572 0.00133103
2573 0.00132428
2574 0.00131902
2575 0.00131316
2576 0.00130695
2577 0.00130085
2578 0.00129494
2579 0.00128894
2580 0.00128297
2581 0.00127693
2582 0.00127095
2583 0.00126519
2584 0.00125959
2585 0.00125379
2586 0.00124786
2587 0.00124202
2588 0.00123615
2589 0.00123027
2590 0.00122463
2591 0.00121988
2592 0.00121355
2593 0.00120848
2594 0.00120239
2595 0.00119657
2596 0.00119077
2597 0.00118523
2598 0.00117943
2599 0.00117364
2600 0.00116787
2601 0.00116225
2602 0.00115702
2603 0.00115128
2604 0.00114551
2605 0.00113978
2606 0.00113415
2607 0.0011308
2608 0.00112661
2609 0.00112078
2610 0.00111498
2611 0.00110925
2612 0.00110364
2613 0.00109848
2614 0.00109428
2615 0.00108983
2616 0.00108454
2617 0.00107962
2618 0.00107559
2619 0.00107272
2620 0.0010688
2621 0.00106466
2623 0.00105993
2624 0.00105806
