1 3737280000.0
12 3570790000.0
13 3410480000.0
14 3262320000.0
15 3111570000.0
16 2965050000.0
17 2835220000.0
18 2718880000.0
19 2576930000.0
20 2450160000.0
21 2325350000.0
22 2238790000.0
23 2119180000.0
24 2005320000.0
25 1899240000.0
26 1814160000.0
27 1717200000.0
28 1609630000.0
29 1575400000.0
31 1504700000.0
32 1402090000.0
33 1354640000.0
34 1326160000.0
36 1319270000.0
37 1318690000.0
38 1312200000.0
39 1310780000.0
40 1296710000.0
41 1289250000.0
42 1192670000.0
43 1101070000.0
44 1012680000.0
45 950484000.0
46 880557000.0
47 834911000.0
48 759637000.0
49 709774000.0
50 671426000.0
51 617663000.0
52 591599000.0
53 552024000.0
54 535004000.0
55 530045000.0
56 471493000.0
57 423860000.0
58 394626000.0
59 344086000.0
60 315718000.0
61 281825000.0
62 255803000.0
63 220652000.0
64 203795000.0
65 180614000.0
66 172051000.0
67 170594000.0
68 138870000.0
69 120966000.0
70 96553500.0
71 83247000.0
72 66471300.0
73 54928000.0
74 39833100.0
75 33636300.0
77 25284000.0
78 21322700.0
80 11866700.0
81 6726550.0
82 4751340.0
84 2002890.0
85 1868670.0
87 1798240.0
89 1607330.0
96 1602180.0
101 1525600.0
103 998553.0
106 987081.0
108 932091.0
110 766779.0
114 672591.0
120 543170.0
121 492246.0
122 342169.0
126 229556.0
131 190527.0
133 163274.0
137 145794.0
142 124813.0
144 89487.6
145 69677.0
148 46913.6
153 29981.3
156 25282.5
161 20929.2
162 16320.6
165 10370.3
167 4682.94
170 4263.43
177 3754.35
179 2891.85
183 2212.53
186 1722.34
189 1356.61
190 1288.86
191 633.368
195 478.22
200 403.099
206 351.884
210 250.056
211 209.592
212 147.353
215 103.963
218 79.7635
222 78.3976
224 50.5988
226 46.482
230 43.8925
232 36.7567
235 32.3755
241 26.7164
243 17.4872
244 10.4544
247 10.205
254 8.93932
260 5.95557
261 5.28715
262 3.82428
263 3.48716
265 1.40181
274 0.960618
278 0.711265
280 0.245121
285 0.236574
290 0.183935
294 0.155747
295 0.140529
299 0.137127
302 0.126681
304 0.0981204
305 0.0714837
308 0.0545435
309 0.0497419
310 0.0318244
311 0.0277571
315 0.0227187
317 0.0205221
322 0.0170605
