1 500558000.0
9 454873000.0
10 410892000.0
11 371575000.0
12 333509000.0
13 302239000.0
14 271873000.0
15 247951000.0
16 229153000.0
17 215057000.0
18 201455000.0
19 173179000.0
20 149362000.0
21 128185000.0
22 107435000.0
23 90922300.0
24 79221900.0
25 71265000.0
26 64325300.0
27 49628700.0
28 39058600.0
29 30247500.0
30 21182600.0
31 14274900.0
32 10106800.0
33 7737750.0
34 7634630.0
35 3430280.0
36 1468160.0
37 459197.0
38 362477.0
39 86226.4
42 83884.8
45 36890.2
46 15958.5
49 14171.2
50 5016.05
51 3239.93
56 3144.95
61 1889.75
63 1757.8
65 1751.19
68 606.592
71 104.297
73 100.354
75 100.049
80 29.2921
89 24.74
97 24.5763
98 9.96963
103 9.89517
106 9.87694
110 9.87671
114 9.87406
131 9.87405
135 9.87404
