1 264839.0
2 260037.0
3 228224.0
5 199994.0
6 197005.0
9 189586.0
10 146230.0
11 106491.0
12 81387.2
13 49097.3
14 35523.1
15 14044.1
16 10029.4
22 8426.71
24 6717.11
25 6166.07
28 5480.27
29 4493.27
30 4470.44
37 3438.59
38 2435.79
43 2325.58
45 2325.07
47 2313.79
49 2101.03
52 2043.73
55 2027.61
59 2026.74
62 1741.84
63 1528.26
69 1526.83
72 1348.35
74 1227.0
83 1211.1
88 1206.7
93 1197.45
95 1192.78
98 1188.98
111 1188.89
119 1187.72
120 1186.26
124 1186.2
126 1186.16
128 1185.28
129 1184.66
