1 0.0337318
33 0.0326206
34 0.0304125
37 0.0275696
43 0.0212646
44 0.0150146
46 0.0149143
48 0.0140763
52 0.0120819
53 0.0116464
57 0.0111776
58 0.0111731
63 0.0105875
64 0.0105242
65 0.00954023
69 0.00908292
71 0.00868261
72 0.00855849
73 0.00845838
74 0.00841716
75 0.00812535
77 0.00802218
78 0.00790824
79 0.00785385
80 0.00780538
83 0.0077799
85 0.00769288
86 0.00755341
87 0.00752809
91 0.00749512
92 0.00749111
103 0.00746959
104 0.00744716
105 0.00743836
106 0.00741522
107 0.00740238
110 0.00739021
113 0.00738722
117 0.00737259
120 0.00736437
121 0.00736194
122 0.00736128
123 0.0073576
124 0.00735411
126 0.00734382
129 0.00732993
130 0.00732431
131 0.00731943
132 0.00731822
138 0.00731741
139 0.00730632
140 0.00730309
143 0.00729557
144 0.00729262
146 0.00728195
147 0.00728119
151 0.00727368
152 0.00727019
156 0.00727007
159 0.00726095
162 0.00725117
166 0.00724927
167 0.00724211
168 0.00724116
170 0.00724111
174 0.00723683
177 0.00723652
179 0.00723167
181 0.0072293
182 0.0072205
184 0.00721983
185 0.00721879
186 0.00721531
187 0.00720956
188 0.0072075
191 0.00720554
192 0.00720326
194 0.00720243
195 0.00719789
201 0.00719742
203 0.00719552
204 0.0071933
207 0.00719148
208 0.00718791
211 0.00718428
212 0.00718414
213 0.007184
214 0.00718349
217 0.00718279
220 0.00717873
222 0.00717837
223 0.00717724
224 0.00717384
225 0.00717223
226 0.00717148
227 0.00717063
229 0.00716899
230 0.00716396
231 0.00716083
232 0.00715803
234 0.00715795
235 0.00715698
237 0.00715576
238 0.00715384
239 0.00715286
241 0.00715153
242 0.007148
243 0.00714689
245 0.00714668
246 0.00714217
249 0.0071393
252 0.00713843
253 0.00713705
256 0.00713314
257 0.00713237
259 0.00712899
260 0.00712886
262 0.0071243
263 0.00712304
265 0.00711931
267 0.00711845
268 0.00711737
270 0.00711718
271 0.00711525
272 0.0071116
275 0.00710764
276 0.00710496
278 0.00710465
279 0.00710243
281 0.00710227
282 0.00710165
284 0.00709842
285 0.00709616
287 0.0070957
289 0.00709536
290 0.00709165
293 0.00709048
298 0.00708559
303 0.00708247
304 0.00708221
306 0.00708151
308 0.00708005
309 0.00707854
312 0.0070747
313 0.0070712
315 0.00707115
316 0.00707106
317 0.00707049
319 0.00706948
321 0.00706706
322 0.0070622
323 0.00706201
324 0.00706103
325 0.00705571
326 0.0070536
328 0.00705255
329 0.00705223
330 0.00705182
331 0.00705172
333 0.00704733
334 0.00704333
335 0.00704031
336 0.00703606
339 0.00703183
340 0.00702852
342 0.00702849
343 0.00702577
346 0.00702442
347 0.00702188
348 0.00702054
349 0.0070199
350 0.00701734
351 0.00701624
352 0.00701543
353 0.00701489
354 0.00700817
355 0.00700457
356 0.00700281
357 0.00700044
358 0.00699848
359 0.0069964
360 0.00699528
365 0.00699077
366 0.0069901
368 0.00698823
370 0.00698671
371 0.00698479
372 0.00698219
374 0.0069803
375 0.00697847
377 0.006976
378 0.0069744
381 0.00697347
382 0.00697045
385 0.00696944
387 0.00696626
388 0.00696221
391 0.00696095
395 0.00695605
396 0.00695154
397 0.00694933
399 0.00694926
400 0.00694645
401 0.00694197
402 0.00694164
404 0.00694123
406 0.00694108
408 0.00693325
409 0.006927
410 0.00692366
413 0.00692202
415 0.00692102
416 0.00692071
418 0.00691681
420 0.00691671
421 0.00691442
423 0.00691354
424 0.0069102
426 0.00690878
427 0.00690375
428 0.00690233
429 0.00689974
430 0.00689734
432 0.00689696
434 0.00689639
435 0.00689516
436 0.00688866
437 0.00688618
438 0.00688317
439 0.00687922
440 0.00687756
443 0.00687704
444 0.00687502
445 0.00686923
448 0.00686522
451 0.00686112
452 0.00685867
454 0.00685804
455 0.00685701
457 0.00685456
460 0.00684796
461 0.00684493
466 0.00684384
467 0.00684214
468 0.00683981
469 0.00683597
471 0.00683506
472 0.00683145
475 0.00682492
476 0.00682287
477 0.00682239
478 0.00681853
479 0.00681679
480 0.00681314
481 0.00681024
482 0.00680779
483 0.00680085
484 0.00679557
485 0.00679283
486 0.00678763
487 0.00678156
488 0.0067762
489 0.00677559
490 0.00677529
491 0.0067715
492 0.00677098
493 0.00677039
496 0.00676658
497 0.00676153
498 0.00675713
499 0.0067566
500 0.00675482
501 0.00675259
502 0.00674471
503 0.00674315
505 0.00673965
506 0.00673538
507 0.00673411
509 0.0067296
510 0.00672533
511 0.00672214
514 0.00671609
515 0.00671073
516 0.00670968
517 0.00670791
518 0.00670307
519 0.00669797
520 0.0066963
521 0.00669431
522 0.0066911
523 0.00668591
524 0.00667976
525 0.00667487
526 0.00667193
527 0.00666866
528 0.00666595
530 0.0066648
532 0.00666405
534 0.00665939
535 0.00665185
538 0.00664907
541 0.00664274
542 0.00664099
543 0.00664086
544 0.00663572
545 0.00663387
546 0.00662823
547 0.00662357
548 0.00661913
551 0.00661172
552 0.00660874
553 0.00660561
554 0.00660506
557 0.00660448
558 0.00660349
560 0.00660075
561 0.00659224
562 0.00658603
563 0.00658211
564 0.0065766
565 0.00657015
566 0.00656869
567 0.00656823
568 0.00656655
569 0.00655848
570 0.00655104
571 0.00654587
572 0.00654149
573 0.00653702
574 0.00653381
575 0.00653046
576 0.00652901
577 0.00652881
578 0.00652238
579 0.00651386
580 0.00650651
581 0.00649913
582 0.00649339
583 0.00648682
584 0.00647971
585 0.006475
586 0.00647167
587 0.00646438
588 0.00645744
589 0.00645104
590 0.00644587
591 0.00644454
592 0.00644276
594 0.00644205
595 0.00644127
596 0.00643031
597 0.00642258
598 0.00641737
599 0.00641325
600 0.00640924
601 0.00640856
602 0.00640601
605 0.00640388
607 0.00639668
608 0.00639052
609 0.00638884
612 0.00638236
613 0.00637553
614 0.00637401
615 0.00637335
616 0.00636925
617 0.00636529
618 0.00635965
619 0.00635628
620 0.00635323
622 0.00635016
623 0.0063446
624 0.0063373
625 0.00633229
626 0.00633146
627 0.00633108
628 0.00632727
629 0.0063236
631 0.00632228
632 0.0063145
633 0.00630919
634 0.00630698
635 0.00630282
636 0.00629634
637 0.00628748
638 0.00628655
639 0.0062862
640 0.00628013
641 0.0062746
642 0.0062704
643 0.00626317
644 0.00625845
645 0.00625629
648 0.00624678
649 0.00624188
651 0.00624088
652 0.00623549
653 0.00623296
654 0.00622933
655 0.0062258
656 0.00621724
657 0.00621184
658 0.0062025
659 0.0061945
660 0.00618665
661 0.00617847
662 0.00617407
663 0.00617058
664 0.00616318
665 0.00616233
666 0.00616152
667 0.00615982
668 0.00615734
669 0.00614921
670 0.00613892
671 0.00613337
672 0.00612607
673 0.00612377
676 0.00611487
677 0.00610782
678 0.00610236
679 0.00610122
681 0.00609669
682 0.00608868
683 0.00608323
684 0.0060756
687 0.00606494
688 0.00605737
689 0.00605356
690 0.00604906
691 0.00604565
692 0.00604544
693 0.00604029
694 0.0060402
696 0.00603076
698 0.00602953
699 0.00601809
700 0.00600846
701 0.00600163
702 0.00599953
704 0.00599239
705 0.00598311
706 0.00597564
707 0.00596738
708 0.00595629
709 0.00594593
710 0.00593477
711 0.00592378
712 0.00591298
713 0.0059031
714 0.0058929
715 0.00588322
716 0.00587357
717 0.00586324
718 0.00585245
719 0.00584164
720 0.00583091
721 0.00582025
722 0.00580965
723 0.00579938
724 0.00578917
725 0.00577876
726 0.00576864
727 0.00575829
728 0.00574948
729 0.00573936
730 0.00572841
731 0.00571733
732 0.00570624
733 0.00569553
734 0.00568464
735 0.00567398
736 0.00566345
737 0.0056528
738 0.00564308
739 0.00563252
740 0.00562157
741 0.0056109
742 0.00560066
743 0.00558997
744 0.00558079
745 0.00557186
746 0.0055676
747 0.00555773
748 0.00554641
749 0.00553597
750 0.00552661
751 0.0055154
752 0.00550441
753 0.00549421
754 0.00548351
755 0.00547306
756 0.00546491
757 0.0054553
758 0.00544618
759 0.00544209
760 0.00543977
761 0.00542873
762 0.00541873
763 0.00540828
764 0.00539716
765 0.00538658
766 0.00537653
767 0.00536721
768 0.0053581
769 0.00534869
770 0.00534223
771 0.00533542
774 0.00532723
775 0.00531691
776 0.00530807
777 0.00529986
778 0.00528988
779 0.00528282
780 0.00527848
781 0.00526891
782 0.0052656
783 0.0052606
784 0.00525968
785 0.00525552
786 0.00524499
787 0.00523598
788 0.00522595
789 0.00521523
790 0.00520828
791 0.00520052
792 0.00519069
793 0.00518348
794 0.00517718
795 0.00516829
796 0.00516119
797 0.0051569
798 0.00515452
800 0.00514965
801 0.00513871
802 0.00513354
803 0.00513296
804 0.00512456
805 0.00511875
806 0.00511153
807 0.00510225
808 0.00509879
809 0.00509046
810 0.00508451
811 0.00508083
812 0.00507737
814 0.00506988
815 0.00505964
816 0.0050533
817 0.00505039
818 0.00505001
819 0.00504747
820 0.00504452
823 0.00503797
824 0.00503518
826 0.00502785
827 0.00502248
828 0.00501812
829 0.00501217
830 0.00500628
831 0.00500102
832 0.00499907
833 0.00499799
835 0.0049931
836 0.00498812
837 0.0049823
838 0.00498133
839 0.00497668
840 0.00497269
841 0.00497034
842 0.00496828
845 0.00496431
846 0.00496293
847 0.00496234
848 0.0049586
849 0.00495232
850 0.00494921
851 0.00494712
854 0.00494484
855 0.00494055
856 0.00493875
860 0.00493437
862 0.00493287
863 0.00493007
864 0.0049278
866 0.00492755
867 0.00492511
868 0.00492258
869 0.00492252
873 0.00491847
874 0.00491716
875 0.00491676
876 0.00491655
877 0.00491305
882 0.00490912
884 0.00490878
885 0.00490818
886 0.00490748
889 0.00490443
890 0.00490285
891 0.00490264
892 0.00490139
895 0.00489719
896 0.00489688
899 0.00489636
900 0.00489589
901 0.00489575
904 0.00489156
905 0.00489096
907 0.00488691
908 0.00488443
911 0.00488345
912 0.0048829
913 0.00488132
916 0.00487731
917 0.00487582
918 0.00487495
920 0.00487481
921 0.0048711
922 0.00487046
923 0.00487007
926 0.00486831
927 0.00486815
929 0.00486455
932 0.00486082
933 0.00485869
934 0.00485643
935 0.00485576
936 0.00485516
937 0.00485485
938 0.00485484
941 0.00485415
942 0.00485186
943 0.00484982
945 0.0048496
948 0.00484783
949 0.00484555
951 0.00484515
954 0.00484394
955 0.00484167
958 0.00484059
961 0.00483934
962 0.00483927
964 0.00483843
965 0.00483794
967 0.00483732
968 0.00483463
972 0.00483456
974 0.00483251
979 0.00483125
983 0.00483113
984 0.00483016
988 0.00482975
990 0.00482934
991 0.00482891
992 0.00482884
994 0.00482785
997 0.00482673
998 0.00482598
999 0.00482581
1000 0.00482577
1001 0.00482557
1003 0.00482454
1004 0.00482394
1005 0.00482317
1006 0.00482257
1007 0.00482232
1009 0.00482165
1010 0.00482082
1011 0.00482045
1012 0.00481983
1013 0.0048197
1014 0.00481949
1016 0.00481943
1017 0.0048186
1018 0.00481787
1019 0.00481741
1020 0.00481709
1023 0.0048164
1025 0.00481623
1026 0.00481592
1027 0.0048158
1028 0.00481526
1029 0.00481488
1030 0.00481484
1033 0.00481449
1034 0.00481361
1035 0.00481296
1036 0.00481271
1038 0.00481237
1042 0.0048122
1043 0.00481159
1044 0.00481146
1045 0.0048114
1049 0.00481113
1050 0.0048106
1052 0.00481053
1053 0.00481044
1054 0.00481041
1057 0.00480971
1058 0.00480952
1059 0.00480928
1060 0.00480919
1063 0.00480906
1065 0.00480854
1066 0.00480834
1068 0.00480807
1069 0.00480744
1072 0.00480739
1074 0.0048066
1075 0.00480609
1076 0.00480562
1077 0.00480518
1078 0.00480503
1082 0.0048046
1083 0.0048045
1085 0.00480397
1088 0.0048035
1089 0.00480321
1091 0.00480307
1092 0.0048028
1094 0.00480273
1095 0.00480268
1097 0.00480228
1098 0.00480159
1099 0.0048012
1100 0.00480094
1101 0.00480043
1102 0.00480022
1105 0.00479988
1109 0.00479987
1110 0.00479925
1113 0.00479891
1114 0.00479885
1116 0.00479861
1119 0.0047983
1120 0.00479816
1121 0.0047979
1122 0.00479781
1125 0.00479773
1127 0.00479755
1128 0.00479725
1129 0.00479709
1133 0.00479677
1134 0.0047967
1136 0.00479663
1137 0.00479637
1140 0.00479595
1141 0.00479587
1143 0.00479578
1144 0.00479564
1145 0.00479544
1146 0.00479543
1147 0.00479537
1148 0.00479509
1151 0.00479488
1153 0.00479481
1154 0.00479466
1157 0.00479446
1159 0.00479443
1160 0.00479423
1163 0.00479403
1165 0.00479357
1170 0.00479333
1171 0.00479311
1172 0.00479296
1173 0.00479293
1174 0.00479286
1177 0.00479278
1182 0.0047926
1183 0.00479259
1185 0.0047923
1186 0.00479215
1187 0.00479211
1188 0.00479209
1189 0.00479194
1192 0.00479159
1193 0.00479134
1194 0.00479111
1195 0.004791
1197 0.00479094
1199 0.00479071
1200 0.00479034
1203 0.00479026
1204 0.00479019
1207 0.00479
1208 0.00478983
1209 0.00478976
1210 0.00478975
1211 0.00478974
1214 0.00478964
1215 0.00478961
1219 0.00478945
1220 0.00478918
1225 0.00478906
1229 0.00478898
1231 0.00478888
1232 0.00478865
1234 0.00478861
