1 0.033788
26 0.0292726
27 0.028595
28 0.0204044
32 0.0185451
33 0.0165413
34 0.0149705
36 0.0121565
37 0.00890369
38 0.0054411
39 0.00352677
40 0.00328859
41 0.00179736
43 0.00128163
50 0.00122952
51 0.00109132
52 0.000928971
53 0.000829891
54 0.000729889
56 0.00069715
57 0.000628185
61 0.000545991
63 0.00052627
64 0.000512677
66 0.000376192
67 0.000361825
70 0.000340086
71 0.000336104
72 0.00033514
73 0.000260361
74 0.000215445
75 0.000160169
78 0.00012245
80 0.000112053
83 0.000111975
85 0.000103502
88 9.24439e-05
89 8.18882e-05
90 6.68195e-05
92 6.14304e-05
94 5.84844e-05
96 5.7187e-05
99 5.36635e-05
100 4.87009e-05
102 4.85146e-05
104 4.45032e-05
105 4.36694e-05
107 4.09395e-05
108 4.03357e-05
109 3.79885e-05
110 3.65558e-05
112 3.54223e-05
113 3.35384e-05
116 3.13483e-05
118 3.05729e-05
119 2.93615e-05
120 2.86086e-05
123 2.7508e-05
125 2.52072e-05
126 2.43706e-05
127 2.38568e-05
132 2.29484e-05
133 2.18742e-05
136 2.16054e-05
138 1.97812e-05
139 1.90387e-05
140 1.8945e-05
142 1.70023e-05
143 1.63413e-05
148 1.4968e-05
151 1.4581e-05
152 1.45073e-05
157 1.39233e-05
158 1.38184e-05
160 1.31518e-05
161 1.26725e-05
162 1.21856e-05
163 1.17225e-05
164 1.16688e-05
167 1.16272e-05
168 1.11308e-05
169 1.09475e-05
170 1.07542e-05
171 1.03312e-05
172 1.02761e-05
173 1.02604e-05
174 1.00315e-05
175 9.84689e-06
176 9.43652e-06
179 9.1606e-06
180 8.86367e-06
181 8.82614e-06
182 8.69607e-06
183 8.48225e-06
184 8.14627e-06
185 8.03193e-06
188 7.85247e-06
189 7.6858e-06
