1 50.499
2 40.4971
3 30.4912
4 20.4736
5 10.4209
6 5.2627
18 5.13242
19 4.89526
21 4.67705
22 4.60166
24 4.58342
26 4.50153
30 4.49679
35 4.36645
39 4.28981
40 3.97351
42 3.96396
45 3.84279
46 3.84126
47 3.8085
48 3.71381
49 3.59076
51 3.57601
54 3.48767
55 3.46684
56 3.46563
57 3.44789
58 3.44467
59 3.39036
62 3.23067
63 3.19857
65 3.16794
68 2.95872
69 2.95506
70 2.95063
72 2.93519
74 2.89794
75 2.84841
76 2.76534
79 2.64657
80 2.61462
82 2.58784
85 2.55569
89 2.51391
90 2.49326
91 2.43697
92 2.39422
93 2.29653
94 2.20282
95 2.18073
96 2.17464
97 2.17461
98 2.15819
99 2.15737
102 2.01823
104 2.01438
106 1.97298
107 1.93178
108 1.91999
109 1.86698
110 1.83447
111 1.75319
112 1.74633
114 1.64904
115 1.59643
116 1.58849
118 1.58022
120 1.55552
121 1.55144
122 1.54889
123 1.52637
124 1.47275
128 1.44402
129 1.38451
130 1.30912
131 1.27196
132 1.20976
134 1.20973
135 1.20144
139 1.19719
141 1.12791
148 1.12667
154 1.12606
158 1.12339
164 1.09241
165 1.07345
166 1.06453
169 1.06358
173 1.05385
174 1.04174
175 1.02892
176 1.02431
180 1.01915
188 1.01813
191 1.01034
196 1.00899
199 1.00713
202 1.00486
203 1.00389
204 1.00187
205 1.00168
208 0.998147
209 0.996655
211 0.996642
214 0.992993
218 0.992825
219 0.991386
220 0.985752
221 0.984661
222 0.983201
224 0.983174
225 0.979376
226 0.9786
228 0.977703
229 0.977383
230 0.975473
231 0.972797
232 0.96963
233 0.966044
234 0.963489
235 0.961489
236 0.95891
237 0.956646
238 0.953801
239 0.95023
241 0.949295
242 0.944114
243 0.940765
244 0.940437
246 0.940233
249 0.939853
250 0.93915
255 0.938519
256 0.938399
260 0.937983
262 0.935792
263 0.9292
265 0.929199
267 0.929198
275 0.928999
276 0.928729
277 0.928518
281 0.927803
282 0.927346
283 0.926767
284 0.926282
285 0.926092
287 0.925258
288 0.924425
289 0.923592
290 0.923128
292 0.922945
293 0.922715
295 0.922695
297 0.922642
299 0.922564
300 0.922464
301 0.921774
302 0.921525
306 0.921489
307 0.921154
311 0.92053
314 0.920449
315 0.920322
318 0.920161
319 0.919984
320 0.919824
324 0.919777
325 0.919511
326 0.919354
330 0.919309
331 0.919219
332 0.918984
333 0.918786
334 0.918718
335 0.91871
336 0.918606
337 0.918556
338 0.918505
340 0.918077
341 0.918049
343 0.918017
344 0.91799
345 0.917967
346 0.917883
347 0.917727
351 0.917391
352 0.917069
353 0.917022
354 0.916966
355 0.916778
356 0.916762
357 0.916761
358 0.916701
359 0.916688
360 0.91668
362 0.916655
363 0.916488
364 0.916284
365 0.916009
366 0.915671
367 0.915534
368 0.91538
369 0.915209
374 0.915151
376 0.915108
377 0.914951
378 0.914863
381 0.914712
382 0.914389
385 0.91438
388 0.914328
389 0.914272
