1 26.9298
13 25.5956
14 24.1381
16 23.5455
18 23.4005
27 21.2078
28 19.4014
29 18.2305
32 16.3685
33 16.2278
34 16.1447
35 16.0581
38 14.3669
40 14.1784
41 13.2601
42 13.0233
45 12.8513
46 11.8488
47 11.1971
48 10.059
51 8.76635
52 8.46023
54 7.96733
55 7.47814
56 7.44487
57 6.20829
60 5.5444
62 5.51919
64 5.4162
67 5.17978
69 4.73284
70 4.19494
72 4.1549
73 3.3882
75 3.35717
76 3.33548
79 3.14556
80 2.41876
81 2.11794
82 1.88257
85 1.63566
86 1.62371
90 1.42982
93 1.41171
96 1.28913
97 1.19619
98 1.14928
99 1.13881
100 1.13769
101 1.12221
102 1.02782
103 0.973506
104 0.823911
105 0.797629
106 0.773138
108 0.757959
110 0.674317
111 0.661006
115 0.590446
117 0.585261
119 0.582394
121 0.580933
122 0.528054
124 0.525054
126 0.497866
127 0.468417
130 0.466452
131 0.465876
134 0.43706
135 0.4188
136 0.39947
137 0.379528
138 0.371327
139 0.367158
141 0.363863
142 0.356614
143 0.325444
144 0.311099
145 0.308
146 0.297409
149 0.288777
150 0.283702
151 0.283363
152 0.281041
153 0.277267
154 0.251971
155 0.239323
157 0.231344
158 0.224517
164 0.213518
166 0.204779
167 0.192948
168 0.191466
169 0.191013
170 0.187599
171 0.18726
173 0.184015
174 0.170075
176 0.168317
177 0.16547
178 0.154045
179 0.147513
180 0.142436
182 0.136063
183 0.131639
186 0.131612
188 0.131184
190 0.125658
192 0.125383
194 0.124712
195 0.121046
196 0.120251
197 0.120115
199 0.119829
201 0.118904
203 0.116971
204 0.109735
205 0.109166
206 0.107615
208 0.105856
209 0.103839
210 0.103742
211 0.101924
213 0.0996542
214 0.0985894
215 0.0949237
217 0.0947096
218 0.0931407
219 0.0929703
225 0.0897017
226 0.0878931
227 0.0868206
228 0.0855403
229 0.0849446
230 0.084651
232 0.0834699
233 0.0827304
234 0.0824175
235 0.0823098
236 0.0817731
239 0.0812831
245 0.0798382
246 0.0795686
247 0.0794755
249 0.0792987
250 0.0785819
251 0.0781515
252 0.0778335
253 0.0775279
254 0.0772421
255 0.0772259
256 0.0763719
257 0.0755721
258 0.0751199
260 0.0748649
261 0.0744197
262 0.0738744
267 0.0735438
269 0.0733181
270 0.0727643
273 0.0724176
277 0.072415
281 0.0720568
284 0.0718127
285 0.0715648
286 0.0714221
287 0.0712072
288 0.0709732
291 0.070653
292 0.0703657
293 0.0701699
296 0.0698443
297 0.0697237
298 0.0696213
299 0.0696151
300 0.0694688
301 0.0694593
303 0.0693436
304 0.0690839
305 0.0690282
306 0.0689718
307 0.0688118
308 0.0687329
309 0.0687276
311 0.0683421
312 0.0681079
313 0.0680399
314 0.0678731
315 0.0678325
316 0.0677722
317 0.0676172
318 0.0674719
319 0.0673831
321 0.06702
322 0.0669502
323 0.0668273
324 0.0667113
326 0.0666148
328 0.0666078
329 0.0665834
330 0.0662991
331 0.0660642
332 0.0657605
333 0.0655076
334 0.0653839
335 0.0651215
336 0.0649703
337 0.0649527
339 0.0649317
342 0.0649195
343 0.064791
346 0.0645764
348 0.06454
353 0.064306
354 0.0642342
356 0.0641772
359 0.0641456
360 0.0640613
361 0.0637615
363 0.0636862
364 0.0635035
365 0.0634611
367 0.0634364
369 0.0633889
371 0.0631713
372 0.0630086
374 0.0629022
375 0.0627047
376 0.0626892
379 0.0626836
380 0.0626379
382 0.0625249
384 0.0623561
385 0.062208
386 0.0621504
387 0.0620041
388 0.061863
389 0.0616974
390 0.0614988
391 0.0613044
392 0.061249
393 0.0612421
394 0.0611986
395 0.0611883
396 0.061117
397 0.0607829
398 0.0606409
399 0.0603742
400 0.0601303
401 0.0599111
402 0.059707
403 0.0595917
404 0.0595852
405 0.0595556
406 0.0594288
407 0.0592184
408 0.0591316
409 0.0590848
410 0.058949
411 0.0587664
412 0.0586893
414 0.0586467
416 0.0586301
417 0.0585945
418 0.0585712
420 0.0585467
421 0.0582261
422 0.0580818
423 0.0579773
425 0.0579615
426 0.0579164
431 0.0576866
434 0.0574953
435 0.0574856
436 0.0574716
437 0.0574269
440 0.0574046
442 0.0571565
445 0.0570573
446 0.057052
447 0.0570388
448 0.057007
449 0.0570043
453 0.0570028
454 0.0568945
455 0.0568394
456 0.0568295
457 0.0568234
460 0.0567188
461 0.0566634
462 0.0566395
464 0.0565799
466 0.0565539
467 0.0564604
468 0.0564507
469 0.0564443
470 0.056406
473 0.056315
474 0.0562494
475 0.0562039
476 0.0561892
478 0.0561225
479 0.0560281
480 0.0559363
481 0.0558381
482 0.0557302
483 0.0556176
484 0.0555049
485 0.0553922
486 0.05528
487 0.0551686
488 0.0550584
489 0.0549617
490 0.0548434
491 0.0547293
492 0.0546247
493 0.0545172
494 0.0544172
495 0.054327
496 0.0542838
497 0.0541811
498 0.0541068
499 0.0540242
500 0.0539754
501 0.0539465
502 0.0539319
503 0.053841
504 0.0537821
505 0.0537209
507 0.0536961
508 0.0536162
509 0.0535623
512 0.0535271
513 0.0535264
514 0.0534655
515 0.053443
517 0.0534225
519 0.0533218
520 0.0532763
521 0.0532281
522 0.0531819
523 0.0531603
524 0.0531441
525 0.0531355
527 0.0530376
528 0.0529245
529 0.0528384
530 0.0527766
532 0.0527666
534 0.0527558
537 0.0527192
538 0.0526224
539 0.0525896
542 0.052471
543 0.0524227
544 0.0523347
545 0.052269
546 0.0521955
547 0.0520786
548 0.0519704
549 0.0518702
550 0.0517919
551 0.0517126
552 0.0516462
553 0.05155
554 0.0514655
555 0.0514333
556 0.051426
558 0.0514109
559 0.0514008
560 0.0513407
561 0.0512316
562 0.0511391
563 0.0510456
564 0.0509616
565 0.0508765
566 0.0507904
567 0.0507093
568 0.0506355
569 0.0505748
570 0.0505099
571 0.0504458
573 0.0504383
574 0.0503817
575 0.0503318
578 0.0503234
581 0.0502977
582 0.0501908
583 0.0501021
584 0.0500305
585 0.0499967
586 0.0499802
587 0.0499546
588 0.0499311
589 0.0498595
590 0.0498472
591 0.04984
592 0.049722
593 0.0496537
594 0.0495714
595 0.0495626
599 0.0495394
600 0.0495324
601 0.0494318
602 0.0493365
605 0.0492549
606 0.0492365
608 0.0492244
609 0.049222
611 0.0492076
612 0.0491871
613 0.0490577
614 0.0490202
615 0.0489688
616 0.0488676
617 0.0487767
618 0.0486961
619 0.0486116
620 0.0485316
621 0.04846
622 0.0484168
623 0.0483902
624 0.0483605
625 0.0482815
626 0.0482174
627 0.048123
628 0.0480395
629 0.0479643
630 0.047871
631 0.0477811
632 0.0476896
633 0.0475978
634 0.0475056
635 0.0474133
636 0.0473207
637 0.047228
638 0.0471354
639 0.0470427
640 0.0469503
641 0.046858
642 0.0467664
643 0.0466938
644 0.0466105
645 0.0465205
646 0.0464488
647 0.0463836
648 0.0463207
649 0.0462388
650 0.046176
651 0.046099
652 0.0460186
653 0.0459477
654 0.0458707
655 0.0458667
657 0.0457551
658 0.0457067
659 0.0456829
662 0.045679
665 0.0456148
666 0.0455378
667 0.0454794
668 0.0454763
670 0.045367
671 0.0453303
672 0.0452829
673 0.0452733
675 0.0452425
679 0.0451936
680 0.0451383
682 0.0451297
684 0.0451055
685 0.0450356
686 0.0449606
687 0.0448939
688 0.0448277
689 0.0447756
690 0.0447269
691 0.0447059
692 0.0446943
694 0.0446785
697 0.0446758
698 0.0445202
699 0.0444477
700 0.0444213
701 0.044398
703 0.0443916
706 0.0443885
707 0.0443782
709 0.0442995
711 0.0442894
712 0.0442297
713 0.0442243
714 0.0442224
715 0.0441993
716 0.0441941
719 0.0440912
720 0.0440627
721 0.0440116
722 0.0440009
724 0.0439334
725 0.043858
726 0.0438221
727 0.0437948
729 0.0437328
730 0.0436784
731 0.0436588
732 0.0436173
733 0.0436171
735 0.0435201
736 0.0434423
737 0.0433789
738 0.0433305
739 0.0432967
741 0.0432838
743 0.0432696
744 0.043267
746 0.0431868
747 0.0431389
750 0.0431065
751 0.0430812
753 0.0430571
754 0.0430542
755 0.0430374
756 0.0430365
759 0.0429683
760 0.0429448
761 0.0429431
762 0.0429402
764 0.0429365
768 0.0428981
769 0.0428564
773 0.0428094
775 0.0428049
776 0.0428003
777 0.0427987
778 0.0427897
780 0.0427549
781 0.0427428
782 0.0427016
783 0.0426595
784 0.0426166
785 0.0425737
786 0.0425308
787 0.0424878
788 0.0424449
789 0.0424017
790 0.0423583
791 0.0423148
792 0.0422711
793 0.0422275
794 0.0421837
795 0.0421399
796 0.042096
797 0.042052
798 0.0420082
799 0.0419639
800 0.0419217
801 0.0418768
802 0.0418355
803 0.041793
804 0.0417486
805 0.0417058
806 0.0416612
807 0.0416172
808 0.0415728
809 0.0415282
810 0.0414836
811 0.0414391
812 0.0413946
813 0.0413501
814 0.0413057
815 0.0412616
816 0.0412353
817 0.0412283
819 0.0411972
820 0.0411738
821 0.041141
822 0.0411245
823 0.0410805
824 0.0410403
825 0.0409988
826 0.0409634
827 0.0409341
828 0.0409114
829 0.0408885
831 0.0408849
832 0.0408412
833 0.040809
834 0.0407803
835 0.0407525
836 0.0407446
837 0.0407133
840 0.0406778
841 0.0406524
842 0.0406205
843 0.0406055
844 0.0406051
845 0.0405944
848 0.0405491
849 0.0405291
850 0.0404997
851 0.0404814
852 0.0404701
854 0.0404555
855 0.0404175
856 0.040394
857 0.0403768
858 0.0403493
859 0.0403238
860 0.0403105
861 0.0402952
864 0.0402616
865 0.0402201
866 0.0401993
867 0.0401906
869 0.0401681
870 0.0401382
871 0.0401213
874 0.0401195
876 0.040075
877 0.0400364
878 0.0400059
879 0.0399735
880 0.039943
881 0.0399138
882 0.0398947
883 0.0398626
886 0.039835
887 0.0397992
888 0.039764
889 0.0397438
890 0.039705
891 0.0396675
892 0.039636
893 0.039605
894 0.039569
895 0.0395297
896 0.0394908
897 0.0394545
898 0.0394171
899 0.0393806
900 0.039345
901 0.0393133
902 0.0392738
903 0.0392352
904 0.0392032
905 0.0391735
906 0.0391566
907 0.0391298
908 0.0390939
909 0.0390578
910 0.0390204
911 0.0389838
912 0.0389521
913 0.0389284
914 0.0389283
916 0.0388827
917 0.0388416
918 0.038811
919 0.0387793
920 0.0387347
921 0.0387073
922 0.0386821
923 0.0386568
924 0.0386369
926 0.0386296
927 0.0386044
930 0.0385598
931 0.0385263
932 0.0385009
933 0.038478
934 0.038458
935 0.0384327
936 0.0384113
937 0.0383886
938 0.0383559
939 0.0383228
940 0.0382832
941 0.0382448
942 0.0382192
943 0.0381933
944 0.0381671
945 0.0381307
946 0.0381051
947 0.0380817
948 0.0380582
949 0.038028
950 0.0379994
951 0.0379742
954 0.0379421
955 0.0379048
956 0.0378909
957 0.0378796
959 0.0378605
960 0.0378574
961 0.0378386
962 0.0377984
963 0.0377677
964 0.0377548
965 0.0377267
966 0.0377007
967 0.0376744
968 0.0376635
969 0.0376571
970 0.0376394
971 0.0376021
972 0.037566
973 0.0375311
974 0.0374974
975 0.0374622
976 0.0374252
977 0.0373919
978 0.0373576
979 0.0373247
980 0.0372894
981 0.0372612
982 0.0372314
983 0.0372066
984 0.0371814
985 0.0371616
986 0.0371423
988 0.0371357
989 0.0371085
990 0.0370798
991 0.0370685
992 0.0370252
993 0.0369898
994 0.0369673
995 0.0369507
996 0.0369447
998 0.0369193
999 0.0368999
1000 0.0368827
1002 0.0368766
1003 0.036837
1004 0.0368092
1005 0.0367853
1006 0.0367837
1007 0.0367822
1008 0.0367433
1009 0.0367133
1010 0.0366773
1011 0.0366506
1012 0.0366348
1013 0.0365936
1014 0.0365534
1015 0.0365157
1016 0.0364801
1017 0.0364401
1018 0.0364022
1019 0.036363
1020 0.0363211
1021 0.0362795
1022 0.036238
1023 0.0361966
1024 0.036155
1025 0.0361161
1026 0.036074
1027 0.0360327
1028 0.0359914
1029 0.0359501
1030 0.0359092
1031 0.0358682
1032 0.0358272
1033 0.0357909
1034 0.0357495
1035 0.0357086
1036 0.0356686
1037 0.0356305
1038 0.0355901
1039 0.0355558
1040 0.0355147
1041 0.0354747
1042 0.0354359
1043 0.0353983
1044 0.0353588
1045 0.0353264
1046 0.035286
1047 0.0352466
1048 0.0352122
1049 0.0351728
1050 0.0351338
1051 0.0351036
1052 0.0350811
1053 0.0350564
1054 0.0350496
1056 0.0350405
1057 0.0350372
1058 0.0350069
1059 0.034969
1060 0.0349314
1061 0.0348946
1062 0.0348631
1063 0.0348385
1064 0.0347977
1065 0.0347812
1066 0.0347636
1067 0.0347445
1068 0.0347261
1069 0.0347177
1071 0.0347133
1072 0.0346931
1073 0.0346715
1074 0.0346281
1075 0.0346007
1076 0.0345797
1077 0.0345647
1079 0.034563
1082 0.0345247
1084 0.0345216
1085 0.0344857
1086 0.0344691
1089 0.0344344
1090 0.034416
1091 0.0343985
1092 0.0343708
1093 0.0343566
1094 0.0343401
1095 0.034326
1097 0.0343101
1098 0.0342683
1099 0.0342384
1100 0.0342295
1101 0.0342282
1102 0.0342216
1105 0.0342001
1106 0.0341643
1107 0.0341356
1108 0.0341001
1109 0.0340738
1110 0.0340545
1111 0.0340516
1113 0.0340164
1114 0.0340121
1115 0.0339995
1116 0.033953
1117 0.0339189
1118 0.0338851
1119 0.0338799
1120 0.0338717
1121 0.0338524
1122 0.0338285
1123 0.0337969
1124 0.0337739
1125 0.0337726
1126 0.0337697
1127 0.0337309
1128 0.0336992
1129 0.0336714
1130 0.0336405
1131 0.0336374
1133 0.0335995
1134 0.0335598
1135 0.0335217
1136 0.0334845
1137 0.0334508
1138 0.0334155
1139 0.0333824
1140 0.0333512
1141 0.0333276
1142 0.0333153
1144 0.0333101
1145 0.0332816
1146 0.033261
1147 0.0332327
1148 0.0332177
1149 0.0332065
1150 0.0331984
1152 0.0331803
1153 0.0331483
1154 0.0331369
1155 0.0331356
1156 0.0331048
1157 0.0330799
1158 0.0330587
1159 0.0330478
1161 0.033037
1162 0.033
1163 0.0329722
1164 0.0329548
1165 0.032946
1166 0.0329378
1167 0.0329142
1168 0.0328899
1169 0.0328603
1170 0.0328541
1171 0.0328512
1172 0.0328157
1173 0.0327848
1174 0.0327556
1175 0.0327355
1176 0.0327282
1177 0.0327267
1178 0.0327071
1179 0.0326763
1180 0.0326471
1181 0.0326269
1182 0.0326083
1183 0.032606
1184 0.0326054
1185 0.0326051
1186 0.0325892
1187 0.0325433
1188 0.0325196
1189 0.0324899
1190 0.032465
1191 0.0324534
1193 0.032442
1194 0.032416
1195 0.0323889
1196 0.032379
1197 0.0323785
1198 0.0323593
1199 0.0323479
1201 0.0323307
1202 0.0322994
1203 0.0322772
1204 0.0322618
1205 0.0322603
1208 0.0322514
1210 0.0322336
1211 0.0321944
1212 0.0321647
1213 0.0321495
1215 0.0321348
1216 0.0321191
1218 0.0320956
1219 0.0320753
1220 0.03205
1221 0.0320248
1222 0.0320084
1224 0.0319959
1225 0.0319537
1226 0.0319378
1227 0.0319335
1228 0.0319326
1229 0.0319177
1230 0.0319141
1232 0.0318895
1234 0.0318879
1235 0.0318401
1236 0.0318049
1237 0.0317852
1238 0.0317833
1241 0.0317774
1242 0.031744
1243 0.0317162
1244 0.0317141
1245 0.0317089
1246 0.0316711
1247 0.031636
1248 0.0316071
1249 0.0315795
1250 0.0315485
1251 0.0315226
1252 0.0314971
1253 0.0314833
1254 0.0314547
1255 0.031431
1256 0.0314151
1257 0.0313924
1258 0.0313671
1259 0.0313486
1260 0.0313276
1261 0.0313057
1262 0.0312897
1263 0.0312677
1264 0.0312441
1265 0.0312336
1266 0.0312115
1267 0.0311903
1268 0.0311753
1269 0.0311619
1270 0.0311405
1271 0.0311395
1273 0.0310928
1276 0.0310517
1277 0.0310321
1278 0.0310188
1280 0.0310085
1281 0.0310006
1283 0.0309713
1284 0.0309533
1285 0.0309329
1286 0.0308992
1287 0.0308726
1288 0.0308518
1289 0.0308267
1290 0.0308054
1291 0.0307726
1292 0.0307446
1293 0.0307142
1294 0.0306852
1295 0.030657
1296 0.0306253
1297 0.0305921
1298 0.0305592
1299 0.0305263
1300 0.0304947
1301 0.0304647
1302 0.0304461
1303 0.0304264
1304 0.0304082
1305 0.0303736
1306 0.0303458
1307 0.0303198
1308 0.030312
1309 0.0302845
1310 0.030276
1311 0.0302681
1314 0.0302596
1316 0.0302132
1317 0.030184
1318 0.0301555
1319 0.0301413
1320 0.0301131
1321 0.0301007
1322 0.0300933
1326 0.0300568
1327 0.0300179
1328 0.029985
1329 0.0299531
1330 0.0299195
1331 0.0299194
1333 0.029901
1334 0.0298803
1337 0.0298787
1338 0.0298751
1339 0.0298298
1340 0.0297986
1341 0.0297888
1342 0.0297637
1343 0.029749
1346 0.0297235
1347 0.0296887
1348 0.029677
1349 0.0296662
1350 0.0296598
1351 0.0296352
1352 0.0296137
1353 0.0295713
1354 0.0295366
1355 0.0295048
1356 0.0294844
1357 0.029458
1358 0.0294278
1359 0.0293948
1360 0.0293856
1363 0.029351
1364 0.029319
1365 0.0293028
1366 0.0292977
1368 0.0292935
1370 0.029252
1371 0.02923
1372 0.0292296
1374 0.0291889
1375 0.0291572
1376 0.029148
1377 0.0291186
1378 0.0291009
1383 0.0290638
1384 0.0290381
1385 0.0290078
1386 0.0289806
1387 0.0289681
1388 0.0289504
1389 0.0289362
1391 0.028914
1392 0.0289128
1393 0.0288809
1394 0.0288611
1395 0.028843
1396 0.0288179
1399 0.0287879
1400 0.0287665
1401 0.0287501
1402 0.0287411
1403 0.0287372
1404 0.028726
1406 0.0287119
1407 0.0286754
1408 0.0286466
1409 0.0286181
1410 0.0286035
1411 0.0285749
1412 0.0285552
1413 0.0285535
1416 0.0285482
1417 0.0285036
1418 0.0284707
1419 0.0284445
1420 0.0284327
1421 0.028427
1424 0.0284107
1425 0.0284036
1427 0.0283646
1428 0.0283381
1429 0.0283205
1432 0.0282922
1433 0.0282698
1434 0.0282458
1435 0.0282427
1437 0.0282176
1438 0.0282146
1440 0.0281798
1441 0.0281399
1442 0.0281137
1443 0.0280975
1444 0.0280924
1448 0.0280628
1449 0.0280324
1451 0.0280293
1452 0.0279897
1453 0.0279553
1454 0.0279388
1455 0.0279251
1457 0.0279184
1458 0.0278897
1459 0.0278626
1460 0.0278391
1461 0.0278225
1462 0.0278022
1463 0.0277787
1465 0.0277653
1466 0.0277315
1467 0.0277156
1468 0.027695
1469 0.0276787
1470 0.0276763
1471 0.0276695
1474 0.0276314
1475 0.0276032
1476 0.027581
1477 0.027578
1478 0.0275755
1480 0.0275651
1481 0.0275391
1482 0.0275237
1483 0.0275149
1484 0.0274884
1485 0.0274672
1486 0.0274637
1487 0.0274565
1489 0.0274462
1490 0.0274153
1491 0.0273863
1492 0.0273657
1493 0.0273651
1494 0.0273587
1495 0.0273527
1496 0.0273247
1498 0.0273206
1499 0.0272946
1500 0.0272639
1501 0.0272432
1502 0.0272428
1503 0.027233
1504 0.0272129
1507 0.0271782
1508 0.0271578
1509 0.0271329
1510 0.027112
1511 0.0271042
1513 0.0270769
1514 0.0270482
1515 0.0270289
1516 0.0270203
1517 0.0270202
1518 0.0269982
1519 0.0269904
1520 0.0269768
1521 0.0269369
1522 0.0269084
1523 0.0268853
1524 0.0268618
1525 0.0268562
1526 0.0268528
1528 0.0268462
1531 0.0268116
1532 0.026787
1533 0.0267639
1534 0.0267497
1535 0.0267367
1536 0.0267011
1538 0.0266987
1539 0.026684
1540 0.0266661
1541 0.0266554
1542 0.0266373
1543 0.0266314
1547 0.0265901
1548 0.0265574
1549 0.0265344
1550 0.0265238
1551 0.0265224
1553 0.0265159
1554 0.0265111
1556 0.0265043
1557 0.026467
1558 0.0264525
1561 0.0264192
1562 0.0264054
1563 0.0263957
1564 0.0263937
1565 0.0263915
1567 0.0263586
1568 0.0263297
1569 0.0263014
1570 0.0262916
1571 0.0262617
1572 0.0262502
1573 0.0262115
1574 0.0261776
1575 0.0261488
1576 0.0261357
1577 0.0261055
1578 0.0260919
1579 0.0260566
1580 0.0260151
1581 0.0259784
1582 0.0259429
1583 0.0259075
1584 0.0258756
1585 0.0258474
1586 0.0258226
1587 0.025807
1588 0.0257993
1589 0.0257984
1590 0.0257733
1591 0.0257396
1592 0.025703
1593 0.0256669
1594 0.0256314
1595 0.0255983
1596 0.0255644
1597 0.0255364
1598 0.025508
1599 0.0254835
1600 0.0254658
1601 0.0254591
1602 0.0254573
1603 0.0254492
1604 0.0254446
1605 0.0254118
1606 0.0253805
1607 0.0253535
1608 0.0253231
1609 0.025296
1610 0.0252706
1611 0.0252434
1612 0.025222
1614 0.0252208
1615 0.0252055
1616 0.0251799
1617 0.0251514
1618 0.0251253
1619 0.0250945
1620 0.0250683
1621 0.0250542
1622 0.0250271
1623 0.024994
1624 0.0249678
1625 0.0249523
1626 0.0249424
1627 0.0249289
1628 0.0249041
1629 0.0248744
1630 0.0248626
1633 0.0248281
1634 0.0247977
1635 0.0247722
1636 0.0247484
1637 0.0247347
1639 0.0247305
1641 0.0247303
1642 0.0247029
1643 0.0246811
1644 0.0246726
1647 0.0246478
1649 0.0246385
1650 0.0246152
1651 0.0245986
1652 0.0245788
1653 0.0245773
1655 0.0245664
1656 0.0245582
1657 0.0245246
1658 0.0245073
1659 0.0244895
1660 0.0244759
1661 0.0244751
1663 0.0244549
1664 0.0244479
1665 0.0244297
1666 0.0244292
1667 0.024426
1668 0.0243888
1669 0.0243642
1670 0.0243592
1671 0.0243511
1672 0.0243207
1673 0.0243085
1674 0.0242754
1675 0.0242591
1676 0.0242334
1677 0.0242053
1678 0.0241797
1679 0.0241623
1680 0.0241321
1681 0.0241298
1682 0.0241224
1683 0.024089
1684 0.024061
1685 0.0240367
1686 0.0240259
1687 0.0240113
1688 0.0240014
1690 0.0239911
1691 0.0239558
1692 0.0239418
1693 0.0239383
1694 0.0239194
1695 0.0239103
1698 0.0238837
1700 0.0238803
1701 0.0238434
1702 0.0238132
1703 0.0237964
1704 0.0237778
1705 0.0237699
1707 0.0237562
1708 0.0237368
1709 0.0237039
1710 0.0236775
1711 0.0236483
1712 0.0236207
1713 0.0235977
1714 0.0235836
1715 0.0235764
1716 0.0235644
1719 0.0235622
1720 0.0235214
1721 0.0235053
1722 0.0234979
1724 0.0234922
1726 0.0234861
1727 0.0234556
1728 0.0234415
1729 0.0234405
1730 0.0234138
1731 0.0234056
1732 0.0233763
1733 0.0233754
1735 0.023341
1736 0.0233144
1737 0.0232908
1738 0.0232866
1739 0.0232858
1740 0.0232839
1741 0.0232682
1742 0.0232489
1743 0.0232268
1744 0.0231991
1745 0.0231813
1746 0.0231649
1748 0.0231608
1749 0.0231313
1750 0.0231191
1751 0.0231005
1752 0.0230884
1753 0.0230844
1754 0.0230839
1755 0.0230698
1756 0.0230587
1759 0.023018
1760 0.0229868
1761 0.0229583
1762 0.0229291
1763 0.0229074
1764 0.0228746
1765 0.0228499
1766 0.0228233
1767 0.0228062
1768 0.0228061
1770 0.0227775
1771 0.0227526
1772 0.0227346
1774 0.0227279
1775 0.0226945
1776 0.0226758
1777 0.0226667
1779 0.0226512
1780 0.0226316
1781 0.0226181
1783 0.0226101
1784 0.0225766
1785 0.0225491
1786 0.0225393
1788 0.0225323
1789 0.0225162
1790 0.0225024
1792 0.0224929
1793 0.0224629
1794 0.0224341
1795 0.0224128
1796 0.0223842
1797 0.0223827
1799 0.0223494
1800 0.0223227
1801 0.022302
1802 0.022277
1803 0.0222557
1804 0.022244
1807 0.0222131
1808 0.0221836
1809 0.0221724
1810 0.0221587
1811 0.0221476
1812 0.0221456
1814 0.0221114
1815 0.0220855
1817 0.0220852
1818 0.0220552
1819 0.0220358
1822 0.0220079
1823 0.0219816
1824 0.0219773
1825 0.0219419
1826 0.021913
1827 0.0218922
1828 0.0218676
1829 0.0218642
1831 0.0218461
1832 0.0218231
1833 0.0218027
1834 0.021773
1835 0.0217615
1836 0.0217361
1837 0.0217174
1838 0.0217096
1839 0.021683
1840 0.0216581
1842 0.0216567
1843 0.0216325
1844 0.0216118
1845 0.0216051
1846 0.0216011
1847 0.0215882
1848 0.0215587
1849 0.0215424
1850 0.0215091
1851 0.0214913
1852 0.021473
1853 0.0214573
1854 0.0214543
1855 0.0214415
1856 0.0214122
1857 0.0213965
1858 0.021372
1859 0.0213609
1860 0.0213577
1861 0.0213569
1862 0.0213386
1863 0.0213326
1865 0.0213266
1866 0.0212934
1867 0.021283
1868 0.0212773
1873 0.0212702
1874 0.0212415
1875 0.021236
1876 0.0212338
1877 0.0212145
1879 0.0212051
1880 0.0211833
1881 0.0211718
1882 0.0211666
1884 0.0211552
1885 0.0211409
1888 0.021111
1889 0.0210855
1890 0.0210728
1895 0.0210466
1897 0.0210411
1898 0.0210138
1899 0.0209895
1900 0.0209866
1901 0.0209829
1902 0.0209489
1903 0.0209269
1904 0.0209079
1905 0.0208853
1906 0.020872
1907 0.0208626
1908 0.0208624
1909 0.0208483
1911 0.0208471
1912 0.0208147
1913 0.0208022
1914 0.0207976
1915 0.0207931
1918 0.0207633
1919 0.0207472
1920 0.0207319
1921 0.020723
1922 0.0207037
1923 0.0206958
1925 0.0206861
1926 0.0206528
1927 0.0206427
1928 0.020642
1929 0.0206175
1930 0.020595
1932 0.0205908
1933 0.0205855
1935 0.0205643
1936 0.0205327
1937 0.0205229
1938 0.0205194
1940 0.0205094
1941 0.0204948
1942 0.0204591
1943 0.0204468
1945 0.0204287
1946 0.020401
1947 0.0203801
1948 0.0203491
1949 0.0203264
1950 0.0202958
1951 0.0202644
1952 0.0202345
1953 0.0202047
1954 0.0201819
1955 0.0201568
1956 0.020139
1957 0.0201236
1958 0.0201061
1959 0.0200999
1961 0.0200687
1962 0.0200638
1963 0.0200388
1964 0.0200288
1965 0.0199892
1966 0.0199629
1967 0.0199518
1969 0.0199447
1970 0.0199274
1971 0.0199046
1972 0.0198947
1973 0.0198946
1975 0.0198909
1976 0.019865
1977 0.019861
1978 0.0198263
1979 0.0197981
1980 0.0197758
1981 0.0197594
1983 0.0197583
1984 0.0197544
1986 0.0197406
1987 0.0197095
1988 0.0196888
1989 0.0196624
1990 0.019646
1991 0.0196412
1993 0.0196071
1994 0.0195806
1995 0.0195639
1996 0.0195465
1997 0.0195444
1998 0.0195439
1999 0.0195245
2000 0.0195144
2001 0.0194888
2002 0.019459
2003 0.0194338
2004 0.0194053
2005 0.0193764
2006 0.0193468
2007 0.0193172
2008 0.0192878
2009 0.0192582
2010 0.0192286
2011 0.0191988
2012 0.0191708
2013 0.0191419
2014 0.0191135
2015 0.0190845
2016 0.0190543
2017 0.0190245
2018 0.0189946
2019 0.0189647
2020 0.0189346
2021 0.0189045
2022 0.0188745
2023 0.0188443
2024 0.0188141
2025 0.0187839
2026 0.0187537
2027 0.0187235
2028 0.0186933
2029 0.0186632
2030 0.0186329
2031 0.0186026
2032 0.0185723
2033 0.018542
2034 0.0185118
2035 0.0184821
2036 0.0184521
2037 0.0184243
2038 0.0183938
2039 0.018366
2040 0.0183354
2041 0.0183048
2042 0.0182742
2043 0.018244
2044 0.018214
2045 0.0181896
2046 0.0181601
2047 0.0181342
2048 0.0181041
2049 0.0180738
2050 0.0180437
2051 0.0180142
2052 0.0179925
2053 0.0179901
2054 0.0179848
2055 0.0179683
2056 0.0179512
2057 0.017926
2058 0.0178976
2059 0.0178749
2060 0.0178547
2061 0.0178402
2062 0.0178193
2063 0.0178175
2064 0.017808
2065 0.0177907
2066 0.0177748
2067 0.0177555
2068 0.0177287
2069 0.0177021
2070 0.0176738
2071 0.017647
2072 0.0176245
2073 0.0176023
2074 0.0175869
2075 0.0175607
2076 0.017532
2077 0.0175033
2078 0.0174743
2079 0.0174454
2080 0.0174165
2081 0.0173877
2082 0.017359
2083 0.0173308
2084 0.017302
2085 0.017273
2086 0.0172435
2087 0.0172137
2088 0.0171838
2089 0.0171538
2090 0.0171237
2091 0.0170935
2092 0.0170633
2093 0.0170329
2094 0.0170027
2095 0.0169721
2096 0.0169422
2097 0.0169115
2098 0.0168834
2099 0.0168528
2100 0.016822
2101 0.0167914
2102 0.0167607
2103 0.0167302
2104 0.0166999
2105 0.0166735
2106 0.0166534
2107 0.0166278
2108 0.0166012
2109 0.0165731
2110 0.0165452
2111 0.0165283
2112 0.0165002
2113 0.0164711
2114 0.0164424
2115 0.0164134
2116 0.0163871
2117 0.0163586
2118 0.0163382
2119 0.0163263
2120 0.0163143
2121 0.0163078
2122 0.0163053
2123 0.0162781
2124 0.0162587
2125 0.0162426
2126 0.0162126
2127 0.0161866
2128 0.016161
2129 0.0161408
2130 0.0161296
2131 0.0161288
2132 0.0161277
2133 0.0161196
2135 0.0161002
2137 0.016085
2138 0.0160569
2140 0.0160529
2143 0.016044
2144 0.0160438
2145 0.0160342
2146 0.0160133
2147 0.0159897
2148 0.0159636
2149 0.0159381
2150 0.0159136
2151 0.015889
2152 0.0158654
2153 0.0158411
2154 0.0158175
2155 0.0157934
2156 0.0157703
2157 0.015749
2158 0.0157368
2159 0.0157095
2160 0.0157017
2161 0.0157007
2162 0.0156969
2163 0.015677
2164 0.015658
2165 0.0156398
2166 0.015615
2167 0.0156009
2168 0.0155682
2169 0.0155389
2170 0.0155127
2171 0.0154858
2172 0.0154633
2173 0.0154416
2174 0.0154274
2175 0.0154111
2176 0.015411
2180 0.015382
2181 0.0153552
2182 0.0153282
2183 0.0153014
2184 0.0152745
2185 0.0152492
2186 0.0152236
2187 0.0152009
2188 0.0151762
2189 0.0151497
2190 0.0151244
2191 0.0150979
2192 0.0150749
2193 0.0150491
2194 0.0150235
2195 0.0150003
2196 0.0149806
2197 0.0149609
2198 0.0149473
2199 0.0149237
2200 0.014917
2203 0.0149165
2204 0.0148915
2205 0.0148715
2206 0.01487
2208 0.0148665
2209 0.014859
2210 0.0148298
2211 0.0148171
2212 0.0148053
2213 0.014793
2214 0.0147926
2215 0.0147828
2216 0.0147598
2217 0.0147527
2218 0.0147451
2220 0.0147435
2221 0.0147194
2222 0.0146948
2223 0.0146748
2224 0.0146618
2225 0.0146385
2226 0.0146172
2227 0.0145998
2228 0.0145874
2229 0.0145754
2230 0.0145552
2231 0.0145405
2232 0.0145287
2233 0.0145082
2235 0.0144995
2236 0.0144751
2237 0.0144654
2238 0.0144568
2239 0.0144563
2240 0.0144506
2243 0.0144369
2244 0.0144324
2245 0.0144226
2246 0.0143985
2247 0.0143815
2248 0.0143628
2249 0.0143604
2251 0.0143444
2254 0.0143223
2255 0.0143032
2256 0.0142954
2259 0.014271
2260 0.014251
2261 0.0142359
2262 0.0142217
2263 0.0142123
2265 0.0141947
2266 0.01417
2267 0.0141598
2268 0.0141345
2269 0.014129
2270 0.0141277
2271 0.0141098
2272 0.0140962
2273 0.0140907
2274 0.0140777
2275 0.0140554
2276 0.0140396
2277 0.0140277
2278 0.0139983
2279 0.01398
2280 0.0139699
2281 0.0139577
2282 0.0139419
2285 0.0139158
2286 0.0139074
2288 0.0138848
2289 0.0138657
2290 0.0138553
2291 0.0138538
2293 0.0138252
2294 0.0138053
2295 0.0137987
2296 0.0137984
2297 0.013783
2298 0.0137814
2299 0.0137748
2300 0.0137671
2301 0.0137421
2302 0.0137194
2303 0.0137026
2304 0.0136724
2305 0.0136434
2306 0.0136159
2307 0.0135899
2308 0.0135645
2309 0.013538
2310 0.0135122
2311 0.0134894
2312 0.013468
2313 0.0134559
2314 0.0134361
2315 0.0134078
2316 0.0133814
2317 0.0133555
2318 0.0133318
2319 0.0133096
2320 0.0132858
2321 0.0132614
2322 0.0132389
2323 0.0132145
2324 0.0131917
2325 0.0131705
2326 0.0131507
2327 0.0131271
2328 0.0131041
2329 0.0130785
2330 0.0130538
2331 0.0130276
2332 0.0130033
2333 0.0129787
2334 0.0129523
2335 0.0129262
2336 0.0128997
2337 0.0128732
2338 0.0128464
2339 0.0128194
2340 0.0127923
2341 0.0127651
2342 0.012738
2343 0.0127107
2344 0.0126846
2345 0.0126577
2346 0.0126304
2347 0.0126034
2348 0.0125763
2349 0.0125494
2350 0.0125225
2351 0.0124956
2352 0.012471
2353 0.0124442
2354 0.0124176
2355 0.0123939
2356 0.0123691
2357 0.0123457
2358 0.0123188
2359 0.0122995
2360 0.0122747
2361 0.0122482
2362 0.0122236
2363 0.0122005
2364 0.0121779
2365 0.0121639
2366 0.0121393
2367 0.0121151
2368 0.0120935
2369 0.0120775
2370 0.0120663
2371 0.0120429
2372 0.0120187
2373 0.0119965
2374 0.0119757
2375 0.0119555
2376 0.0119331
2377 0.011912
2378 0.0118909
2379 0.011878
2380 0.0118521
2381 0.0118284
2382 0.0118076
2383 0.0117867
2384 0.0117647
2385 0.0117435
2386 0.0117202
2387 0.0116955
2388 0.0116725
2389 0.0116491
2390 0.0116377
2391 0.0116374
2392 0.0116373
2393 0.0116272
2394 0.0116262
2395 0.0115985
2396 0.0115735
2397 0.0115533
2398 0.011536
2399 0.0115262
2400 0.0115081
2402 0.0115011
2403 0.0114863
2404 0.0114794
2405 0.0114758
2406 0.0114671
2408 0.0114661
2411 0.0114382
2412 0.0114256
2413 0.0114194
2414 0.0114189
2415 0.0114159
2416 0.0113992
2417 0.0113892
2418 0.0113774
2421 0.0113437
2422 0.011319
2423 0.0113106
2424 0.0113103
2425 0.0113073
2427 0.0113053
2428 0.0113018
2430 0.0112965
2431 0.0112869
2432 0.0112583
2433 0.011239
2434 0.0112206
2435 0.0112175
2436 0.0112099
2439 0.011209
2440 0.0112072
2442 0.0112036
2443 0.0111777
2444 0.0111683
2445 0.0111468
2446 0.0111378
2448 0.0111299
2450 0.0111203
2451 0.0111183
2452 0.0111181
2453 0.0111148
2454 0.0110879
2455 0.0110651
2456 0.011042
2457 0.0110173
2458 0.0109929
2459 0.0109691
2460 0.0109478
2461 0.0109319
2462 0.010907
2463 0.0108831
2464 0.0108599
2465 0.0108424
2466 0.0108297
2467 0.0108198
2468 0.010813
2469 0.0108124
2470 0.0108002
2471 0.0107775
2472 0.010754
2473 0.0107307
2474 0.0107124
2475 0.0106876
2476 0.0106651
2477 0.0106418
2478 0.0106186
2479 0.0105961
2480 0.0105733
2481 0.0105499
2482 0.0105265
2483 0.010503
2484 0.0104898
2485 0.0104678
2486 0.0104469
2487 0.0104293
2488 0.0104056
2489 0.0103818
2490 0.0103579
2491 0.0103341
2492 0.0103103
2493 0.0102864
2494 0.0102627
2495 0.0102388
2496 0.0102153
2497 0.0101916
2498 0.0101677
2499 0.0101441
2500 0.0101204
2501 0.0100968
2502 0.0100733
2503 0.0100504
2504 0.0100271
2505 0.0100044
2506 0.00998202
2507 0.00995877
2508 0.00994341
2509 0.0099346
2510 0.00991363
2511 0.00990087
2512 0.00988485
2513 0.00986073
2514 0.0098389
2515 0.00982426
2516 0.00981508
2518 0.009815
2520 0.00981075
2521 0.00980807
2523 0.00977932
2524 0.00976436
2526 0.00975609
2527 0.00974406
2528 0.00973792
2529 0.00973786
2530 0.00973481
2532 0.00972907
2534 0.00970716
2535 0.00968795
2536 0.00966894
2537 0.00965678
2538 0.00965131
2539 0.00965065
2541 0.00964954
2542 0.00964384
2543 0.00963304
2544 0.00960968
2545 0.00959728
2546 0.00958482
2551 0.00956238
2552 0.00954927
2553 0.00954335
2554 0.0095433
2555 0.00952367
2556 0.00952365
2558 0.00950015
2559 0.00948569
2560 0.00947235
2561 0.00946736
2563 0.00946132
2565 0.00944973
2566 0.00943224
2567 0.00942349
2568 0.0094185
2569 0.00941584
2570 0.00940381
2571 0.00939059
2573 0.00939023
2574 0.00937089
2575 0.0093545
2576 0.00934807
2577 0.00934402
2579 0.00934078
2581 0.00931719
2582 0.00929571
2583 0.00927892
2584 0.00926567
2585 0.00924747
2586 0.00923358
2587 0.00921629
2588 0.00921199
2589 0.00920148
2590 0.00916954
2591 0.00915452
2592 0.00914016
2593 0.00913214
2595 0.00912984
2596 0.00912573
2598 0.00911837
2599 0.00910309
2600 0.00909369
2601 0.00909021
2604 0.00908144
2605 0.00905928
2607 0.00905902
2608 0.00905037
2611 0.0090296
2612 0.00902093
2614 0.00900834
2615 0.00899931
2616 0.00897622
2620 0.00897156
2621 0.00895197
2622 0.00893204
2623 0.00891989
2624 0.00891437
2625 0.00891144
2627 0.00889227
2628 0.00888812
2629 0.00888286
2631 0.0088646
2632 0.00886056
2633 0.00884596
2636 0.00883142
2637 0.00882608
2639 0.00882528
2640 0.00882472
2641 0.00880201
2642 0.00878432
2643 0.00877444
2644 0.0087613
2645 0.00874772
2647 0.00874575
2648 0.0087329
2649 0.0087225
2650 0.00870736
2651 0.00869311
2652 0.0086811
2655 0.00865753
2656 0.00864084
2657 0.00862654
2658 0.00860487
2659 0.00858406
2660 0.00856565
2661 0.00854519
2662 0.00852712
2663 0.0085064
2664 0.00848619
2665 0.00846757
2666 0.00844948
2667 0.00843119
2668 0.00841271
2669 0.00839679
2670 0.00837661
2671 0.0083578
2672 0.00833976
2673 0.00832539
2674 0.00831718
2675 0.00831017
2676 0.00831014
2677 0.00830587
2679 0.0082843
2680 0.0082633
2681 0.00824325
2682 0.00823214
2683 0.00821893
2684 0.00819869
2685 0.00818072
2686 0.00817012
2687 0.00816625
2688 0.00816578
2691 0.00815465
2693 0.00814425
2694 0.00813083
2695 0.00812174
2696 0.00810611
2697 0.00810246
2699 0.00809779
2701 0.00809757
2703 0.00806999
2704 0.00805594
2705 0.00805176
2706 0.0080502
2707 0.00803408
2708 0.00802513
2709 0.00801378
2710 0.00800963
2711 0.00800904
2712 0.00800104
2714 0.00800058
2715 0.00799005
2717 0.00798319
2718 0.00795683
2719 0.00795539
2720 0.00794923
2721 0.00793521
2722 0.00792162
2724 0.00792135
2725 0.00792119
2729 0.00789858
2730 0.0078928
2734 0.00789266
2735 0.00788374
2737 0.00786694
2738 0.0078554
2739 0.00785421
2740 0.00784351
2741 0.00782191
2742 0.00781377
2743 0.00781141
2744 0.00780919
2745 0.00780425
2746 0.00780221
2747 0.00779278
2749 0.0077837
2750 0.00776386
2751 0.00776068
2752 0.00776061
2756 0.00775749
2757 0.0077402
2759 0.00773835
2760 0.00771798
2761 0.00770471
2762 0.00769439
2764 0.00769373
2765 0.00768767
2766 0.007686
2767 0.00766929
2768 0.00765581
2769 0.00763598
2770 0.00761788
2771 0.00759762
2772 0.00757693
2773 0.00755842
2774 0.00753768
2775 0.00751784
2776 0.00749815
2777 0.0074802
2778 0.00746195
2779 0.00744209
2780 0.00742149
2781 0.00740131
2782 0.00739813
2784 0.00738058
2785 0.00736977
2786 0.00735889
2787 0.00735414
2789 0.00733139
2790 0.00731448
2791 0.00730307
2792 0.0073005
2793 0.00729465
2795 0.00729136
2796 0.00728217
2799 0.00726232
2800 0.00724688
2801 0.00723465
2802 0.00722094
2804 0.00721982
2805 0.00720462
2806 0.0071915
2807 0.00718391
2808 0.00716566
2809 0.00714752
2810 0.00712871
2811 0.00711014
2812 0.00709232
2813 0.00707444
2814 0.00705649
2815 0.00704579
2816 0.00702925
2817 0.00701239
2818 0.00700971
2820 0.00699578
2821 0.00698411
2822 0.00696723
2823 0.00695508
2824 0.00695137
2825 0.00693568
2826 0.00691805
2827 0.00689944
2828 0.00688235
2829 0.00686632
2830 0.00685796
2831 0.00684498
2832 0.00682788
2833 0.00682025
2834 0.0068072
2837 0.00678786
2838 0.0067756
2839 0.00677515
2840 0.00677431
2842 0.00676318
2843 0.00674708
2844 0.00673929
2845 0.00673523
2849 0.00673143
2850 0.00672111
2851 0.00670845
2852 0.00669849
2855 0.0066874
2857 0.00668687
2858 0.00667639
2859 0.00666945
2860 0.00666724
2861 0.00666364
2864 0.00664416
2865 0.00663799
2866 0.00663609
2867 0.00663541
2870 0.00661674
2871 0.00660264
2872 0.00659745
2873 0.00658623
2874 0.00656766
2875 0.00655171
2876 0.00654117
2877 0.00653279
2878 0.00652343
2879 0.00650947
2880 0.006491
2881 0.00648432
2882 0.00647387
2884 0.00647289
2885 0.00645796
2886 0.00645703
2888 0.00645079
2890 0.00644717
2891 0.00642885
2892 0.00641132
2893 0.00639781
2894 0.00639064
2895 0.00637391
2896 0.00636102
2898 0.00636097
2899 0.00636011
2901 0.00634171
2902 0.0063301
2905 0.00632187
2906 0.00631156
2907 0.00630269
2909 0.00629688
2913 0.00628205
2914 0.00627576
2915 0.00627377
2916 0.00627202
2918 0.00627027
2919 0.006263
2921 0.00626281
2922 0.00625037
2925 0.00625008
2926 0.00624836
2927 0.00624128
2928 0.00623954
2930 0.0062363
2931 0.00623545
2933 0.00623212
2934 0.00623106
2935 0.00622729
2936 0.00622114
2937 0.00621364
2938 0.00620705
2939 0.00620115
2940 0.00619899
2942 0.006196
2943 0.00619394
2946 0.00618624
2947 0.00617937
2948 0.00617389
2949 0.00616855
2950 0.00616201
2951 0.00616136
2955 0.00616019
2956 0.00616011
2957 0.00615161
2958 0.00614407
2959 0.00613731
2960 0.00613133
2961 0.00612513
2962 0.0061197
2963 0.00611397
2964 0.00610826
2965 0.0061021
2966 0.00609713
2967 0.00609128
2968 0.00608689
2971 0.0060843
2973 0.00607666
2974 0.00606959
2975 0.00606347
2976 0.0060576
2977 0.00605149
2978 0.0060456
2979 0.00604024
2980 0.00603561
2981 0.00603183
2982 0.0060253
2983 0.00601897
2984 0.00601283
2985 0.00600743
2986 0.00600262
2987 0.00599833
2988 0.00599358
2991 0.00598977
2992 0.00598244
2993 0.00597639
2994 0.00597258
2995 0.00597049
2996 0.00597021
2998 0.00596692
2999 0.00596271
3000 0.00595471
3001 0.00595214
3002 0.00594471
3003 0.00593766
3004 0.00593364
3005 0.00593359
3006 0.00593138
3007 0.00592658
3008 0.00592333
3009 0.00591748
3010 0.00591003
3011 0.0059038
3012 0.00589788
3013 0.00589089
3014 0.00588457
3015 0.00588134
3016 0.00587362
3017 0.00587125
3018 0.00586474
3019 0.00586087
3020 0.00585473
3021 0.00584922
3022 0.00584568
3023 0.00584184
3024 0.00583765
3026 0.00583661
3027 0.00582853
3028 0.00582346
3029 0.00582135
3030 0.0058209
3031 0.00581744
3032 0.00581511
3034 0.00580776
3035 0.00580655
3036 0.00580601
3037 0.00579784
3038 0.00579018
3039 0.00578264
3040 0.00577621
3041 0.00576969
3042 0.00576414
3043 0.0057577
3044 0.00575023
3045 0.00574287
3046 0.00573682
3047 0.00572857
3048 0.00572068
3049 0.00571293
3050 0.00570547
3051 0.00569811
3052 0.00569066
3053 0.0056872
3054 0.00567944
3055 0.00567179
3056 0.00566446
3057 0.00565714
3058 0.0056497
3059 0.00564225
3060 0.00563486
3061 0.00562785
3062 0.00562048
3063 0.00561317
3064 0.00560744
3065 0.00560154
3066 0.00559489
3067 0.00558846
3068 0.00558163
3069 0.00557474
3070 0.00556908
3071 0.00556465
3072 0.00555815
3073 0.00555068
3074 0.00554322
3075 0.00553587
3076 0.00552849
3077 0.00552118
3078 0.00551422
3079 0.00550689
3080 0.00549955
3081 0.00549257
3082 0.00548615
3083 0.00547951
3084 0.00547323
3085 0.00546624
3086 0.00545942
3087 0.0054524
3088 0.00544702
3089 0.00544345
3090 0.00543615
3091 0.00542897
3092 0.00542226
3093 0.00541488
3094 0.00540771
3095 0.00540045
3096 0.00539331
3097 0.00538632
3098 0.00537965
3099 0.0053725
3100 0.00536552
3101 0.00535875
3102 0.00535308
3103 0.00534632
3104 0.0053397
3105 0.00533261
3106 0.0053258
3107 0.00531911
3108 0.00531233
3109 0.00530654
3110 0.00530127
3111 0.00529442
3112 0.00528855
3113 0.00528231
3114 0.00527556
3115 0.00527029
3116 0.00526617
3117 0.0052603
3118 0.00525424
3119 0.00524795
3120 0.00524173
3121 0.00523654
3122 0.00522923
3123 0.00522213
3124 0.00521515
3125 0.0052082
3126 0.00520112
3127 0.00519405
3128 0.00518699
3129 0.00518
3130 0.00517297
3131 0.00516593
3132 0.00515896
3133 0.00515194
3134 0.00514493
3135 0.00513794
3136 0.00513093
3137 0.00512391
3138 0.00511688
3139 0.00510998
3140 0.00510296
3141 0.00509601
3142 0.00508916
3143 0.00508216
3144 0.00507513
3145 0.00506842
3146 0.00506148
3147 0.00505445
3148 0.00504743
3149 0.00504049
3150 0.0050335
3151 0.00502661
3152 0.0050196
3153 0.00501274
3154 0.00500572
3155 0.00499877
3156 0.00499179
3157 0.0049849
3158 0.00497791
3159 0.00497101
3160 0.00496403
3161 0.0049572
3162 0.00495024
3163 0.00494349
3164 0.00493653
3165 0.00492981
3166 0.00492287
3167 0.00491618
3168 0.00490924
3169 0.00490259
3170 0.00489566
3171 0.00488882
3172 0.00488196
3173 0.00487524
3174 0.00486874
3175 0.00486183
3176 0.00485644
3177 0.00485319
3178 0.00485006
3179 0.00484871
3180 0.00484763
3181 0.004842
3182 0.00483487
3183 0.004828
3184 0.00482193
3185 0.00481655
3186 0.00481172
3187 0.00480718
3188 0.00480107
3189 0.0047959
3190 0.00479005
3191 0.00478607
3194 0.00477866
3195 0.00477321
3196 0.00477025
3197 0.00476745
3198 0.0047646
3199 0.00476073
3200 0.00475667
3201 0.00475641
3203 0.00475102
3204 0.00474377
3205 0.00473803
3206 0.00473587
3207 0.00473333
3209 0.00473267
3210 0.00472792
3211 0.00472222
3212 0.00471785
3213 0.00471538
3214 0.00470919
3215 0.00470321
3216 0.00469787
3217 0.00469229
3218 0.00468741
3221 0.00468281
3222 0.00468003
3224 0.00467535
3225 0.00467401
3226 0.00467301
3227 0.00467297
3230 0.00466658
3231 0.0046613
3232 0.00465797
3233 0.00465578
3234 0.00465381
3235 0.00465003
3239 0.00464711
3240 0.00464024
3241 0.0046349
3242 0.00463252
3243 0.00463224
3245 0.0046299
3246 0.00462375
3247 0.00462003
3248 0.00461609
3249 0.00461253
3250 0.00460809
3251 0.00460602
3253 0.00460434
3254 0.00459798
3255 0.00459767
3256 0.00459757
3257 0.00459153
3258 0.00458747
3259 0.00458489
3260 0.00458377
3261 0.00457867
3263 0.00457781
3264 0.00457077
3265 0.00456693
3266 0.00456329
3267 0.00456069
3268 0.00455984
3269 0.00455763
3272 0.00455085
3273 0.00454797
3274 0.00454307
3275 0.00454118
3278 0.00453565
3279 0.0045309
3280 0.00453
3281 0.0045296
3282 0.00452387
3283 0.00451944
3284 0.00451667
3285 0.00451508
3286 0.00451051
3287 0.00450989
3288 0.00450811
3289 0.00450097
3290 0.00449599
3291 0.00449192
3292 0.00448856
3293 0.00448657
3296 0.00448241
3297 0.0044791
3298 0.00447882
3299 0.00447787
3300 0.00447126
3301 0.00446827
3302 0.00446608
3303 0.0044608
3304 0.00445756
3306 0.00445592
3307 0.00445103
3308 0.00444739
3309 0.0044421
3310 0.00443789
3313 0.00443387
3314 0.00443089
3315 0.00442647
3316 0.00442397
3317 0.00442041
3318 0.00441795
3319 0.00441557
3320 0.00441409
3322 0.00441061
3323 0.00440345
3324 0.00439929
3325 0.00439614
3327 0.00439577
3328 0.00439482
3329 0.00439238
3330 0.00438748
3331 0.0043824
3332 0.00438123
3333 0.00438108
3334 0.00437448
3335 0.00436808
3336 0.00436191
3337 0.0043562
3338 0.00435067
3339 0.00434513
3340 0.00434163
3341 0.00434004
3343 0.00433552
3344 0.00433247
3345 0.00432707
3346 0.00432047
3347 0.00431411
3348 0.00430823
3349 0.00430295
3350 0.0042979
3351 0.00429351
3352 0.00428768
3353 0.00428148
3354 0.00427519
3355 0.00426888
3356 0.00426262
3357 0.00425641
3358 0.00425013
3359 0.00424511
3360 0.004239
3361 0.0042327
3362 0.00422658
3363 0.0042203
3364 0.00421406
3365 0.00420825
3366 0.00420277
3367 0.00419807
3368 0.00419167
3369 0.00418535
3370 0.00417904
3371 0.00417291
3372 0.00416676
3373 0.00416106
3374 0.00415469
3375 0.00414846
3376 0.00414226
3377 0.00413616
3378 0.00413009
3379 0.00412418
3380 0.00411787
3381 0.00411164
3382 0.00410543
3383 0.00409924
3384 0.00409314
3385 0.00408696
3386 0.00408126
3387 0.00407533
3388 0.00406929
3389 0.00406305
3390 0.00405729
3391 0.00405128
3392 0.00404506
3393 0.0040391
3394 0.00403297
3395 0.00402746
3396 0.00402357
3397 0.00401891
3398 0.00401507
3399 0.00400884
3400 0.00400273
3401 0.00399671
3402 0.00399107
3403 0.00398465
3404 0.0039784
3405 0.00397221
3406 0.00396614
3407 0.00396001
3408 0.00395392
3409 0.00394807
3410 0.00394204
3411 0.00393605
3412 0.00393075
3413 0.00392457
3414 0.0039184
3415 0.00391242
3416 0.00390632
3417 0.00390075
3418 0.00389455
3419 0.00388842
3420 0.00388229
3421 0.00387615
3422 0.00387
3423 0.00386401
3424 0.00385791
3425 0.00385279
3426 0.00384687
3427 0.00384092
3428 0.00383511
3429 0.00382918
3430 0.00382318
3431 0.0038174
3432 0.00381189
3433 0.00380631
3434 0.00380072
3435 0.00379458
3436 0.00378856
3437 0.0037825
3438 0.00377648
3439 0.00377067
3440 0.00376458
3441 0.00375864
3442 0.00375259
3443 0.00374666
3444 0.00374084
3445 0.00373482
3446 0.00372908
3447 0.00372318
3448 0.0037172
3449 0.00371125
3450 0.00370539
3451 0.00369983
3452 0.00369397
3453 0.00368812
3454 0.0036832
3455 0.00367848
3456 0.00367383
3457 0.00366826
3458 0.00366244
3459 0.00365668
3460 0.00365089
3461 0.00364494
3462 0.00363904
3463 0.0036332
3464 0.0036274
3465 0.00362141
3466 0.00361543
3467 0.00360973
3468 0.00360387
3469 0.00359795
3470 0.00359214
3471 0.00358632
3472 0.00358044
3473 0.00357464
3474 0.00356908
3475 0.00356337
3476 0.00355767
3477 0.003553
3478 0.00354873
3479 0.00354344
3480 0.00353844
3481 0.00353251
3482 0.00352674
3483 0.00352237
3484 0.00351725
3485 0.00351185
3486 0.00350614
3487 0.00350112
3488 0.00349631
3489 0.00349157
3490 0.00348668
3491 0.003481
3492 0.00347595
3493 0.00347028
3494 0.00346472
3495 0.00345908
3496 0.0034536
3497 0.00344831
3498 0.00344495
3499 0.0034406
3500 0.00343652
3501 0.00343361
3502 0.00342812
3503 0.00342358
3504 0.00341756
3505 0.00341194
3506 0.00340688
3507 0.00340173
3508 0.0033972
3509 0.00339194
3510 0.00338701
3511 0.00338219
3512 0.00337991
3513 0.0033758
3514 0.00337012
3515 0.00336419
3516 0.00335849
3517 0.00335295
3518 0.00334745
3519 0.00334201
3520 0.00333649
3521 0.00333119
3522 0.00332606
3523 0.00332093
3524 0.00331536
3525 0.00330973
3526 0.00330421
3527 0.00329947
3528 0.0032942
3529 0.00328916
3530 0.00328474
3531 0.00328046
3532 0.00327523
3533 0.00327003
3534 0.00326461
3535 0.00325886
3536 0.00325313
3537 0.00324742
3538 0.00324174
3539 0.00323627
3540 0.00323096
3541 0.00322527
3542 0.00321963
3543 0.00321398
3544 0.00320836
3545 0.00320278
3546 0.00319719
3547 0.00319181
3548 0.00318627
3549 0.00318126
3550 0.00317584
3551 0.00317114
3552 0.00316578
3553 0.00316058
3554 0.00315522
3555 0.0031513
3556 0.00314843
3557 0.0031447
3558 0.00313959
3559 0.00313428
3560 0.00312921
3561 0.00312464
3562 0.00311944
3563 0.00311441
3564 0.00310958
3565 0.00310446
3566 0.00309941
3567 0.00309447
3568 0.00309034
3569 0.00308557
3570 0.00308213
3571 0.00307953
3572 0.00307607
3573 0.00307239
3574 0.00306768
3575 0.00306338
3576 0.00305895
3577 0.00305375
3578 0.00304877
3579 0.00304593
3580 0.0030414
3581 0.00303916
3582 0.00303863
3583 0.00303398
3584 0.00303022
3585 0.00302617
3586 0.00302404
3587 0.00302089
3588 0.00301694
3589 0.00301485
3590 0.00300913
3591 0.00300579
3592 0.00300436
3593 0.00300403
3594 0.00299947
3595 0.00299609
3596 0.00299265
3597 0.00299136
3598 0.00299062
3599 0.00298841
3600 0.00298314
3601 0.00297814
3602 0.00297368
3603 0.00296957
3604 0.00296468
3605 0.00296052
3606 0.00295685
3607 0.00295464
3608 0.00294975
3609 0.00294747
3610 0.00294281
3611 0.0029387
3612 0.00293602
3613 0.00293388
3614 0.0029301
3615 0.00292762
3616 0.00292668
3619 0.0029202
3620 0.00291484
3621 0.00291166
3622 0.00290962
3623 0.00290662
3624 0.00290599
3625 0.00290538
3626 0.00290364
3628 0.00290328
3629 0.00289797
3630 0.00289325
3631 0.00289121
3632 0.00288816
3634 0.00288744
3635 0.00288301
3636 0.00288163
3638 0.00287972
3639 0.00287671
3640 0.00287487
3641 0.00287041
3642 0.00287033
3644 0.00286729
3645 0.00286102
3646 0.00285606
3647 0.00285204
3648 0.00284786
3649 0.00284357
3650 0.00284025
3651 0.0028351
3652 0.00282982
3653 0.00282468
3654 0.00281987
3655 0.00281474
3656 0.00280974
3657 0.00280486
3658 0.00280022
3659 0.00279544
3660 0.00279128
3661 0.00278697
3662 0.00278205
3663 0.00277701
3664 0.00277195
3665 0.00276747
3666 0.00276269
3667 0.00275768
3668 0.00275314
3669 0.00274815
3670 0.00274378
3671 0.00273944
3672 0.00273464
3673 0.0027297
3674 0.00272482
3675 0.00272018
3676 0.00271545
3677 0.00271075
3678 0.00270673
3679 0.0027027
3680 0.00269797
3681 0.00269296
3682 0.00268858
3683 0.00268419
3684 0.00267916
3685 0.0026742
3686 0.00266922
3687 0.00266432
3688 0.00265963
3689 0.00265482
3690 0.00265046
3691 0.00264588
3692 0.00264158
3693 0.00263684
3694 0.00263236
3695 0.00262789
3696 0.00262325
3697 0.00261894
3698 0.00261544
3699 0.00261292
3700 0.00261146
3702 0.00260684
3703 0.00260253
3704 0.00259851
3705 0.00259492
3706 0.00259012
3707 0.0025853
3708 0.00258047
3709 0.00257563
3710 0.00257082
3711 0.00256607
3712 0.00256128
3713 0.00255657
3714 0.00255184
3715 0.00254718
3716 0.00254262
3717 0.00253813
3718 0.0025337
3719 0.00252965
3720 0.00252624
3721 0.00252327
3722 0.00252155
3723 0.00252059
3724 0.00251505
3725 0.00251159
3726 0.00250893
3727 0.00250434
3728 0.00249956
3729 0.00249489
3730 0.00249194
3731 0.00248732
3732 0.00248283
3733 0.00247822
3734 0.00247361
3735 0.00247006
3736 0.00246757
3737 0.00246486
3738 0.00246125
3739 0.00245938
3740 0.00245584
3741 0.00245239
3742 0.00244885
3743 0.0024457
3744 0.00244179
3745 0.00243919
3746 0.00243793
3747 0.00243473
3748 0.00242997
3749 0.0024259
3750 0.002422
3751 0.0024204
3752 0.0024161
3753 0.00241216
3754 0.00240987
3755 0.00240663
3756 0.00240412
3757 0.00240359
3758 0.00240349
3759 0.00239943
3760 0.00239769
3761 0.00239288
3762 0.00238902
3763 0.00238506
3764 0.0023839
3765 0.00238228
3766 0.00237879
3767 0.00237624
3768 0.0023742
3769 0.00237172
3771 0.00237087
3772 0.00236643
3773 0.00236452
3774 0.00236143
3776 0.00236099
3777 0.00235898
3778 0.00235804
3779 0.00235726
3780 0.00235286
3781 0.00235068
3782 0.00234702
3783 0.00234444
3786 0.00233989
3787 0.0023358
3788 0.00233424
3789 0.00233169
3792 0.00233076
3793 0.00233057
3794 0.00233033
3796 0.00232435
3797 0.00232028
3798 0.0023173
3799 0.002314
3800 0.0023106
3801 0.00230856
3802 0.00230601
3803 0.00230242
3804 0.00229973
3805 0.00229613
3808 0.00229365
3809 0.00229133
3810 0.00228847
3813 0.00228771
3815 0.00228402
3816 0.00228162
3817 0.00227945
3818 0.002278
3819 0.00227712
3822 0.00227173
3823 0.00226916
3824 0.00226857
3826 0.00226786
3827 0.00226726
3829 0.00226557
3830 0.00226199
3831 0.00225874
3832 0.00225681
3834 0.00225579
3835 0.00225212
3836 0.00225133
3837 0.0022512
3838 0.00224957
3839 0.00224838
3840 0.0022467
3843 0.00224259
3844 0.00223995
3845 0.00223879
3846 0.00223748
3847 0.0022331
3848 0.00222885
3849 0.00222523
3850 0.00222149
3851 0.00222032
3853 0.00221629
3854 0.00221262
3855 0.00220947
3856 0.00220516
3857 0.00220107
3858 0.00219654
3859 0.00219222
3860 0.00218834
3861 0.00218396
3862 0.00217972
3863 0.00217537
3864 0.00217109
3865 0.00216684
3866 0.00216257
3867 0.00215846
3868 0.00215437
3869 0.00215017
3870 0.00214599
3871 0.00214216
3872 0.00213842
3873 0.00213425
3874 0.00213034
3875 0.00212661
3876 0.0021227
3877 0.00211913
3878 0.0021153
3879 0.00211182
3880 0.00210793
3881 0.00210415
3882 0.00210062
3883 0.00209679
3884 0.00209445
3885 0.00209094
3886 0.00208852
3887 0.00208361
3888 0.00207906
3889 0.00207469
3890 0.00207044
3891 0.00206659
3892 0.00206237
3893 0.00205824
3894 0.00205446
3895 0.00205042
3896 0.00204656
3897 0.0020431
3898 0.00203931
3899 0.00203777
3900 0.00203675
3902 0.00203364
3903 0.00203157
3904 0.00202728
3905 0.00202313
3906 0.00201887
3907 0.00201463
3908 0.00201046
3909 0.00200654
3910 0.00200335
3911 0.00200125
3912 0.00199917
3913 0.00199827
3914 0.00199811
3915 0.00199611
3916 0.00199322
3917 0.00198903
3918 0.00198484
3919 0.00198065
3920 0.00197648
3921 0.00197232
3922 0.00196818
3923 0.00196414
3924 0.00196002
3925 0.00195592
3926 0.00195182
3927 0.0019478
3928 0.00194374
3929 0.00193975
3930 0.00193592
3931 0.00193214
3932 0.0019282
3933 0.0019244
3934 0.00192256
3935 0.00191935
3936 0.0019176
3937 0.00191753
3938 0.00191741
3939 0.00191246
3940 0.00190893
3941 0.00190626
3942 0.00190452
3943 0.00190196
3944 0.00190059
3945 0.00190019
3947 0.00190018
3949 0.00189542
3950 0.00189251
3951 0.00189121
3953 0.00189087
3954 0.00188827
3955 0.00188465
3956 0.00188077
3957 0.00187715
3958 0.0018743
3959 0.00187238
3960 0.00186869
3961 0.00186526
3962 0.00186239
3963 0.0018594
3964 0.00185803
3965 0.00185595
3966 0.00185323
3967 0.0018501
3968 0.0018488
3969 0.00184654
3970 0.00184348
3971 0.00184093
3973 0.00184017
3974 0.00183564
3975 0.0018344
3977 0.00183436
3978 0.00183276
3979 0.00183213
3980 0.00183193
3981 0.00183173
3983 0.00182822
3984 0.00182388
3985 0.0018202
3986 0.0018181
3987 0.00181583
3988 0.00181207
3989 0.00180884
3990 0.00180538
3991 0.0018023
3992 0.00180059
3993 0.00179826
3998 0.00179376
3999 0.00179098
4000 0.00178911
4005 0.00178711
4006 0.00178709
4007 0.00178598
4008 0.00178506
4009 0.00178309
4010 0.00177946
4011 0.00177851
4012 0.00177437
4013 0.00177076
4014 0.00176855
4015 0.00176562
4016 0.00176374
4017 0.00176272
4018 0.00176202
4019 0.00176089
4020 0.00175684
4021 0.00175322
4022 0.00175097
4023 0.00174879
4024 0.00174824
4026 0.0017482
4027 0.00174758
4028 0.00174315
4029 0.00173959
4030 0.00173841
4031 0.00173559
4033 0.00173499
4035 0.00173465
4036 0.00173396
4037 0.00173289
4038 0.00173193
4039 0.00173189
4040 0.00172923
4043 0.00172669
4044 0.00172523
4045 0.00172521
4046 0.00172504
4048 0.0017249
4049 0.00172414
4052 0.00172021
4053 0.00171681
4056 0.0017149
4058 0.00171379
4059 0.00171152
4060 0.00171047
4062 0.0017093
4063 0.00170853
4067 0.00170648
4068 0.00170372
