1 1615400.0
3 1610660.0
5 1313980.0
6 968128.0
7 699838.0
8 637896.0
9 491517.0
10 383895.0
11 264668.0
12 172692.0
13 143918.0
14 98698.5
15 67439.1
16 42222.8
17 27404.5
18 20527.7
19 18888.1
20 11169.4
21 9041.5
22 6350.03
23 5894.1
24 5885.91
25 5217.95
26 4211.95
27 3717.28
28 3208.53
29 2854.63
30 2832.23
31 2687.2
32 2377.56
33 2344.37
36 2097.01
37 1931.21
38 1798.89
40 1764.01
41 1665.47
43 1584.3
46 1561.73
48 1490.17
49 1454.12
51 1390.89
54 1374.93
57 1353.37
59 1347.54
60 1318.2
61 1305.56
62 1288.41
63 1262.04
64 1238.62
65 1212.39
66 1186.79
67 1160.96
68 1135.4
69 1119.31
70 1091.18
71 1068.1
72 1044.57
73 1027.55
74 1000.73
75 980.543
76 963.599
79 943.212
80 939.349
81 937.478
83 905.435
84 883.448
85 863.603
86 844.284
87 832.135
89 826.292
90 806.638
91 803.986
93 795.748
94 772.367
95 757.219
97 748.005
98 738.585
99 716.832
100 705.082
102 701.036
103 680.255
104 666.33
106 658.957
107 648.352
108 637.445
110 628.055
111 612.286
112 606.29
114 598.917
115 585.853
117 576.098
118 573.922
120 567.618
122 559.009
123 557.445
124 555.999
125 547.498
126 542.284
127 532.421
128 524.25
129 516.631
130 510.47
132 508.348
133 500.475
134 495.935
135 491.569
137 487.314
138 478.509
139 475.343
140 467.994
141 467.72
142 464.765
143 455.445
144 447.904
145 441.08
146 440.074
147 438.24
148 428.921
149 421.024
150 413.827
151 408.336
152 400.613
153 397.823
154 389.731
155 382.729
156 380.017
157 372.363
158 365.096
159 359.495
160 352.109
161 344.794
162 338.193
163 332.186
164 329.826
165 327.191
166 318.837
167 311.923
168 305.684
169 301.712
170 296.565
171 293.641
172 286.776
173 281.914
174 277.677
177 271.237
178 266.791
179 265.513
180 262.204
182 259.35
183 253.097
184 251.407
185 248.446
186 241.863
187 239.091
188 232.38
189 226.716
190 221.727
191 216.048
192 212.105
193 207.463
194 202.427
195 199.87
196 193.993
197 193.659
199 187.573
200 182.225
201 178.954
202 177.589
204 175.813
205 170.654
206 170.244
207 169.534
208 163.537
209 160.1
210 155.164
211 151.633
212 147.133
213 145.592
214 144.827
215 143.899
216 138.143
217 133.948
218 130.215
219 126.912
220 123.139
221 121.478
222 116.905
223 113.749
224 113.399
225 111.591
226 108.196
227 104.059
228 101.152
229 98.4451
231 98.3443
232 94.7646
234 93.0543
235 92.4066
236 91.7903
237 90.2929
238 89.2883
240 88.7477
241 86.9154
242 85.7196
243 85.0552
245 84.2392
246 82.4969
247 80.9929
248 80.0201
249 78.6455
250 76.9412
251 75.307
252 73.8565
253 72.5995
254 71.1292
255 69.5319
256 67.9941
257 66.5254
258 65.335
259 63.9291
260 62.3835
261 60.9037
262 59.5507
263 58.1363
264 57.0592
265 55.7405
266 54.3087
267 52.9626
268 51.6913
269 50.9037
270 49.9441
271 48.5383
272 47.259
273 46.2399
274 46.1466
276 44.6777
277 43.4145
278 42.5983
279 41.9053
281 41.5009
282 40.3918
283 40.1014
284 38.7934
285 37.8563
286 36.9386
287 35.8624
288 34.7722
289 33.8791
290 32.8915
291 32.2741
292 31.7053
293 30.6855
294 29.9372
296 29.7423
297 28.832
298 28.0435
299 27.5973
300 27.281
301 26.3868
302 26.0752
303 25.231
304 24.9526
305 24.104
306 23.221
307 22.7155
308 22.6583
310 21.6455
311 20.8159
312 20.7248
313 20.533
314 19.7051
315 18.9222
316 18.1485
317 17.7579
318 16.8961
319 16.2837
320 15.8516
322 15.6006
323 15.1073
324 15.049
327 14.5777
328 14.2025
329 13.9843
330 13.8977
332 13.7479
333 13.3955
334 13.1288
335 12.8069
336 12.496
337 12.2774
338 11.9579
339 11.6803
340 11.3873
341 11.1186
342 10.8485
343 10.5876
344 10.3845
345 10.118
346 9.88623
347 9.62726
348 9.39607
349 9.1654
350 8.97017
352 8.89995
353 8.64688
354 8.48839
355 8.47057
357 8.28836
358 8.00368
359 7.82773
360 7.64636
361 7.56947
362 7.31012
363 7.07637
364 6.85513
365 6.64793
366 6.4719
367 6.38093
368 6.1587
369 5.97733
370 5.93593
373 5.71878
374 5.57951
375 5.42015
376 5.33619
378 5.28015
379 5.07604
380 4.95243
382 4.86833
383 4.80486
384 4.62805
385 4.58272
386 4.38733
387 4.234
388 4.13344
389 4.05905
390 3.87471
391 3.7269
392 3.61455
393 3.48055
395 3.46359
396 3.33165
399 3.27128
400 3.26575
402 3.2288
404 3.14962
405 3.1241
406 3.11342
408 3.03936
409 2.96711
410 2.90166
411 2.83101
412 2.7636
413 2.69985
414 2.63695
415 2.5769
416 2.52456
417 2.47017
418 2.42642
419 2.37422
420 2.31309
421 2.2515
422 2.19466
423 2.14886
424 2.09757
425 2.04223
426 1.98529
427 1.93147
428 1.87696
429 1.83252
430 1.78006
431 1.73773
432 1.68844
433 1.63798
434 1.59039
435 1.54395
436 1.49771
437 1.46289
438 1.44877
439 1.39678
440 1.35601
442 1.34719
443 1.34696
444 1.30933
445 1.28815
448 1.2447
449 1.21109
452 1.18188
453 1.16581
455 1.14429
456 1.11341
457 1.09884
459 1.07985
460 1.04743
462 1.03076
464 1.03004
465 1.01422
466 1.00505
469 0.984373
470 0.966415
471 0.960352
472 0.95476
473 0.940842
474 0.921984
475 0.904184
476 0.888547
477 0.873346
478 0.859648
479 0.850539
481 0.846129
482 0.829969
483 0.824464
484 0.807555
485 0.802431
486 0.797471
487 0.778024
488 0.76072
489 0.7448
490 0.730802
491 0.715318
492 0.700409
493 0.686793
494 0.680183
495 0.663916
496 0.648788
497 0.634648
498 0.622169
499 0.608039
500 0.595476
501 0.582162
502 0.575485
503 0.566477
504 0.551451
505 0.538357
506 0.527014
507 0.515473
508 0.513088
509 0.502072
510 0.488614
511 0.476744
512 0.466146
513 0.455675
514 0.444217
515 0.433374
516 0.422848
517 0.411812
518 0.40133
519 0.391198
520 0.381766
521 0.372871
522 0.364214
523 0.35406
524 0.344377
525 0.335618
526 0.327051
527 0.318502
528 0.309694
529 0.300572
530 0.292725
531 0.284113
532 0.276508
533 0.268842
534 0.263062
535 0.259409
536 0.249474
537 0.243934
538 0.243644
539 0.240351
541 0.231638
543 0.225947
544 0.222478
546 0.218957
548 0.211811
549 0.209647
551 0.206295
553 0.197616
554 0.192805
555 0.186606
556 0.181268
557 0.181231
559 0.17529
562 0.175233
563 0.174192
565 0.174179
566 0.170687
567 0.168358
569 0.167295
570 0.165459
571 0.162775
572 0.161027
573 0.159629
574 0.156743
575 0.154683
576 0.152997
578 0.152992
579 0.149763
580 0.149369
581 0.148217
582 0.145407
583 0.143393
584 0.140724
585 0.137938
586 0.135257
587 0.132808
588 0.130351
589 0.128677
590 0.126124
591 0.123545
592 0.121057
593 0.118879
594 0.116664
595 0.114308
596 0.112564
597 0.110049
598 0.10795
599 0.105615
600 0.103471
601 0.101536
602 0.0996356
603 0.0978544
604 0.0956216
605 0.0936616
606 0.0917085
607 0.0899159
608 0.0886935
609 0.0866027
610 0.085249
611 0.0840322
612 0.0830705
614 0.0828554
615 0.0811211
617 0.0801883
618 0.0799794
620 0.0790479
621 0.0781111
622 0.07718
623 0.0762876
624 0.075418
625 0.0746048
626 0.0737325
627 0.0728668
628 0.0725266
629 0.0715588
630 0.0706425
631 0.0698387
632 0.0691171
633 0.0684387
634 0.0675473
635 0.066734
636 0.065898
637 0.065115
638 0.0643152
639 0.0635165
640 0.0627618
641 0.0621668
642 0.0613506
643 0.0605516
644 0.0597814
645 0.0591035
646 0.0583383
647 0.057587
648 0.0568495
649 0.0561384
650 0.0554635
651 0.054925
652 0.0541676
653 0.0534483
654 0.0527485
655 0.0520427
656 0.0513451
657 0.050679
658 0.0500618
659 0.0494153
660 0.0487549
661 0.048074
662 0.0474103
663 0.0469209
664 0.0462608
665 0.0457675
666 0.0453432
667 0.0451437
669 0.0449692
670 0.0442468
672 0.0439636
673 0.0437737
674 0.0435408
677 0.0432264
678 0.0429672
679 0.0426761
680 0.0424224
681 0.0421436
682 0.041859
683 0.0415611
684 0.0412625
685 0.0409651
686 0.0406726
687 0.0403839
688 0.0401161
689 0.0398489
690 0.0396484
691 0.0393838
692 0.0391019
693 0.0388268
694 0.0386109
695 0.038479
696 0.0382016
697 0.0379177
698 0.0376564
699 0.0373997
700 0.0371224
701 0.0368394
702 0.0365643
703 0.0363424
704 0.0360768
705 0.0358018
706 0.0355268
707 0.0352593
708 0.034993
709 0.0347304
710 0.0345554
711 0.0343524
712 0.0340715
713 0.0338074
714 0.0335453
715 0.033318
716 0.0330577
717 0.0328015
718 0.0325489
719 0.032326
720 0.0320963
721 0.0318659
722 0.0316107
723 0.0313578
724 0.0311088
725 0.0308909
726 0.030667
727 0.0304559
728 0.0302108
729 0.0299687
730 0.0297318
731 0.0296345
732 0.0294537
733 0.0291885
734 0.0289613
735 0.0287352
736 0.0285063
737 0.0282786
738 0.0280712
739 0.0278555
740 0.02765
741 0.027434
742 0.0272158
743 0.0270183
744 0.0267959
745 0.0265929
746 0.0263869
747 0.0261762
748 0.0259978
749 0.0257721
750 0.0255665
751 0.0253704
752 0.0251724
753 0.0250519
754 0.0248229
755 0.0246116
756 0.0244078
757 0.0241978
758 0.0239912
759 0.0237869
760 0.0235822
761 0.0233895
762 0.0231887
763 0.0230153
764 0.0229106
765 0.0226962
766 0.0224911
767 0.0222947
768 0.0220975
769 0.0219025
770 0.021717
771 0.0215321
772 0.0213424
773 0.0211618
774 0.0209715
775 0.0207853
776 0.0206006
777 0.0204287
778 0.0202522
779 0.0200648
780 0.0198807
781 0.0197007
782 0.0195217
783 0.0193803
784 0.0191991
785 0.0190285
786 0.0188814
787 0.0187831
788 0.0185857
789 0.018422
790 0.0182501
791 0.0180849
792 0.0179173
793 0.017749
794 0.0176126
795 0.017454
796 0.0172975
797 0.017139
798 0.0169863
799 0.0168512
802 0.0167146
803 0.0166878
806 0.0165408
807 0.0164614
809 0.0163891
810 0.0162738
811 0.0161431
812 0.0161354
814 0.0159274
815 0.0158027
816 0.0157474
817 0.0157392
818 0.0156404
819 0.0154793
820 0.0154008
822 0.0153758
823 0.0152372
824 0.0152018
825 0.0150538
826 0.0150189
827 0.0148946
828 0.0147396
829 0.0146305
831 0.0145791
832 0.0145102
833 0.0144304
835 0.0142893
836 0.0142444
837 0.0142004
838 0.0140794
840 0.0139418
841 0.0139156
842 0.0138475
845 0.0137295
846 0.013599
849 0.0134667
850 0.013401
851 0.0132768
852 0.0131878
853 0.0131252
854 0.0129871
856 0.0129653
857 0.0128702
859 0.0128494
860 0.0126921
861 0.0126505
864 0.012532
865 0.0124648
866 0.0124497
868 0.0123661
869 0.0122454
871 0.012137
872 0.0120506
875 0.0119255
876 0.0118172
877 0.0117121
878 0.0116552
879 0.0115549
880 0.0114192
881 0.0113078
882 0.0111857
883 0.0110643
884 0.0109457
885 0.0108628
886 0.0107705
887 0.0106641
888 0.0105564
889 0.0104552
890 0.0104137
892 0.0103778
893 0.0103148
895 0.0102534
897 0.0102457
898 0.0101861
899 0.0101465
900 0.0100888
901 0.0100355
902 0.00999294
903 0.00994027
904 0.0098954
905 0.00984877
906 0.00979708
907 0.00976262
908 0.00970592
909 0.00965252
910 0.00960651
911 0.00955809
912 0.00950547
913 0.00945495
914 0.0094025
915 0.00934966
916 0.00929709
917 0.00924462
918 0.00919658
919 0.00914848
920 0.00909647
921 0.00904388
922 0.00899185
923 0.00894625
924 0.00889453
925 0.00884629
926 0.00880316
927 0.00874983
928 0.00869889
929 0.00864848
930 0.00859924
931 0.00854905
932 0.00850095
933 0.00845135
934 0.00840246
935 0.00835426
936 0.0083062
937 0.00825769
938 0.00821118
939 0.00816351
940 0.00811944
941 0.0080869
942 0.00803753
943 0.00798881
944 0.00794074
945 0.00789356
946 0.00784662
947 0.00780025
948 0.00775476
949 0.00771054
950 0.00766925
951 0.0076216
952 0.00757617
953 0.00753085
954 0.00748709
955 0.00744747
956 0.00740278
957 0.00736046
958 0.0073171
959 0.00727638
960 0.00723997
961 0.00720459
962 0.00718615
963 0.00713153
964 0.00709764
965 0.00707695
966 0.00706706
968 0.00702041
969 0.0069991
970 0.00699167
971 0.00698432
972 0.00693619
973 0.00689309
974 0.00685715
975 0.00681784
976 0.00678141
977 0.00674654
978 0.00671368
979 0.00668101
981 0.0066752
982 0.00663378
983 0.00662961
984 0.00661023
985 0.00657197
986 0.00654507
987 0.00650905
988 0.00646736
989 0.0064268
990 0.00638688
991 0.00634772
992 0.0063083
993 0.00626966
994 0.00623194
995 0.00619348
996 0.00615696
997 0.00612006
998 0.00608282
999 0.00605527
1000 0.00602855
1002 0.00601469
1003 0.00598133
1005 0.00596183
1006 0.00595155
1007 0.00594009
1008 0.00592923
1010 0.00590391
1011 0.00586781
1012 0.00585017
1013 0.00584773
1015 0.00580105
1016 0.00577326
1018 0.00576881
1019 0.00573792
1020 0.00572288
1022 0.00568439
1023 0.00568373
1025 0.00566812
1028 0.00564894
1029 0.00563099
1030 0.00561523
1031 0.00559993
1032 0.00558161
1033 0.00556416
1034 0.00554573
1035 0.0055277
1036 0.00550991
1037 0.00549231
1038 0.00547458
1039 0.00545703
1040 0.00543931
1041 0.00542177
1042 0.00540405
1043 0.00538661
1044 0.00536892
1045 0.0053516
1046 0.00533396
1047 0.00531677
1048 0.00529924
1049 0.00528214
1050 0.00526478
1051 0.00524768
1052 0.00523069
1053 0.00521357
1054 0.00519805
1055 0.0051824
1056 0.00516982
1057 0.00515141
1058 0.00513353
1059 0.00511603
1060 0.00509875
1061 0.00508175
1062 0.00506454
1063 0.00504768
1064 0.00503064
1065 0.00501374
1066 0.00499679
1067 0.00498079
1068 0.00496431
1069 0.00494741
1070 0.00493098
1071 0.00491419
1072 0.00489845
1073 0.00488246
1074 0.00486597
1075 0.00484943
1076 0.0048347
1077 0.00482094
1078 0.00481021
1079 0.00479355
1080 0.00477709
1081 0.00476076
1082 0.00474451
1083 0.00472837
1084 0.00471266
1085 0.00469783
1086 0.0046857
1087 0.00467158
1088 0.0046555
1089 0.00463933
1090 0.00462311
1091 0.0046069
1092 0.00459076
1093 0.00457471
1094 0.00455897
1095 0.00454371
1096 0.00452905
1097 0.00451305
1098 0.00449726
1099 0.00448157
1100 0.00446702
1101 0.0044513
1102 0.00443716
1103 0.00442348
1104 0.00440827
1105 0.00439991
1106 0.00438404
1107 0.00436806
1108 0.0043525
1109 0.00433711
1110 0.00432181
1111 0.00430842
1112 0.0042937
1113 0.00427911
1114 0.0042639
1115 0.00424883
1116 0.00423407
1117 0.00421927
1118 0.00420443
1119 0.00419035
1120 0.00417702
1121 0.00416278
1122 0.00414868
1123 0.00413498
1124 0.0041223
1125 0.00411
1126 0.00410135
1127 0.00408441
1128 0.00407061
1129 0.00405648
1130 0.00404293
1131 0.00402911
1132 0.00401478
1133 0.00400181
1134 0.00398758
1135 0.00397468
1136 0.00395999
1137 0.00394638
1138 0.0039354
1141 0.00392179
1142 0.00391231
1143 0.00390622
1144 0.0038945
1145 0.00388614
1146 0.00387142
1147 0.0038604
1148 0.00384904
1149 0.00383763
1150 0.00383008
1151 0.0038153
1152 0.00380239
1153 0.00378862
1154 0.00377671
1155 0.00376314
1156 0.00374955
1157 0.00373598
1158 0.00372322
1159 0.00370952
1160 0.00369614
1161 0.00368323
1162 0.00366974
1163 0.00365692
1164 0.00364387
1165 0.00363054
1166 0.00362178
1167 0.00361242
1168 0.00359929
1169 0.00358777
1170 0.0035741
1171 0.00356248
1172 0.00355122
1173 0.0035376
1174 0.00352472
1175 0.00351151
1176 0.00349852
1177 0.00348553
1178 0.00347254
1179 0.00346031
1180 0.00344762
1181 0.00343456
1182 0.00342157
1183 0.00340869
1184 0.00339617
1185 0.00338349
1186 0.00337089
1187 0.00335831
1188 0.00334584
1189 0.00333366
1190 0.00332109
1191 0.00331023
1192 0.00330189
1193 0.00328834
1194 0.00327578
1195 0.00326358
1196 0.00325109
1197 0.0032387
1198 0.00322652
1199 0.00321543
1200 0.00320376
1201 0.00319136
1202 0.00317913
1203 0.00316727
1204 0.00315604
1205 0.0031444
1206 0.00313256
1207 0.00312177
1208 0.00311102
1209 0.00310283
1210 0.00308986
1211 0.00307809
1212 0.00306649
1213 0.00305489
1214 0.00304349
1215 0.00303177
1216 0.00301993
1217 0.00300832
1218 0.00299719
1219 0.00298565
1220 0.00297644
1221 0.00296511
1222 0.00295346
1223 0.00294184
1224 0.00293028
1225 0.00291907
1226 0.00290757
1227 0.00289614
1228 0.00288532
1229 0.00287392
1230 0.00286265
1231 0.00285199
1232 0.00284117
1233 0.00283054
1234 0.00281974
1235 0.00280874
1236 0.00279882
1237 0.00278794
1238 0.00278053
1239 0.00276953
1240 0.00275921
1241 0.00275003
1242 0.00274094
1243 0.0027375
1244 0.00272534
1245 0.00271457
1246 0.00270578
1247 0.00269801
1248 0.00268934
1250 0.00268677
1251 0.00267856
1253 0.00267788
1255 0.0026749
1256 0.00266937
1257 0.00266449
1258 0.00266042
1259 0.00265662
1260 0.00265276
1261 0.00264894
1262 0.00264562
1263 0.0026424
1264 0.00263806
1265 0.0026338
1266 0.00262986
1267 0.00262616
1268 0.00262287
1269 0.00261859
1270 0.00261421
1271 0.00260987
1272 0.00260555
1273 0.00260128
1274 0.00259743
1275 0.00259339
1276 0.00258915
1277 0.00258488
1278 0.0025807
1279 0.00257703
1280 0.00257478
1281 0.00257019
1282 0.00256577
1283 0.00256146
1284 0.00255722
1285 0.00255314
1286 0.00254906
1287 0.00254492
1288 0.0025429
1289 0.00253855
1290 0.00253424
1291 0.00252997
1292 0.00252573
1293 0.0025215
1294 0.00251781
1295 0.00251378
1296 0.00250968
1297 0.0025058
1298 0.00250159
1299 0.00249752
1300 0.00249333
1301 0.00248934
1302 0.00248514
1303 0.00248095
1304 0.00247678
1305 0.00247265
1306 0.00246861
1307 0.00246447
1308 0.00246085
1309 0.00245678
1310 0.00245262
1311 0.00244851
1312 0.00244442
1313 0.00244031
1314 0.00243631
1315 0.00243224
1316 0.00242847
1317 0.00242439
1318 0.00242029
1319 0.00241618
1320 0.00241233
1321 0.00240825
1322 0.00240419
1323 0.00240051
1324 0.00239644
1325 0.00239236
1326 0.00238829
1327 0.00238427
1328 0.00238021
1329 0.00237615
1330 0.00237211
1331 0.00236819
1332 0.00236414
1333 0.00236012
1334 0.0023561
1335 0.00235212
1336 0.0023481
1337 0.00234415
1338 0.00234018
1339 0.00233623
1340 0.00233233
1341 0.00232833
1342 0.00232459
1343 0.0023206
1344 0.00231665
1345 0.00231267
1346 0.0023087
1347 0.00230475
1348 0.00230084
1349 0.00229693
1350 0.002293
1351 0.00228906
1352 0.00228512
1353 0.00228122
1354 0.00227733
1355 0.00227347
1356 0.00226986
1357 0.00226622
1358 0.00226229
1359 0.00225835
1360 0.00225443
1361 0.00225087
1362 0.00224699
1363 0.00224309
1364 0.00223923
1365 0.00223541
1366 0.00223166
1367 0.0022278
1368 0.00222395
1369 0.00222013
1370 0.00221638
1371 0.0022127
1372 0.0022089
1373 0.00220549
1374 0.00220157
1375 0.00219772
1376 0.0021939
1377 0.00219014
1378 0.00218634
1379 0.00218261
1380 0.00217882
1381 0.00217557
1382 0.00217177
1383 0.00216804
1384 0.00216425
1385 0.00216051
1386 0.00215676
1387 0.00215299
1388 0.00214923
1389 0.00214547
1390 0.00214195
1391 0.00213836
1392 0.00213457
1393 0.00213081
1394 0.00212708
1395 0.00212335
1396 0.00211966
1397 0.00211593
1398 0.00211226
1399 0.00210859
1400 0.00210491
1401 0.00210122
1402 0.00209755
1403 0.00209389
1404 0.00209029
1405 0.00208663
1406 0.00208298
1407 0.00207934
1408 0.00207572
1409 0.0020724
1410 0.00206873
1411 0.00206507
1412 0.00206142
1413 0.00205776
1414 0.00205412
1415 0.00205073
1416 0.00204735
1417 0.00204372
1418 0.00204011
1419 0.0020365
1420 0.00203291
1421 0.00202933
1422 0.00202575
1423 0.00202215
1424 0.00201855
1425 0.00201496
1426 0.00201137
1427 0.0020078
1428 0.00200434
1429 0.00200079
1430 0.00199723
1431 0.0019937
1432 0.00199013
1433 0.00198659
1434 0.0019831
1435 0.00197958
1436 0.00197605
1437 0.00197256
1438 0.00196919
1439 0.00196566
1440 0.00196213
1441 0.00195863
1442 0.00195522
1443 0.00195171
1444 0.00194821
1445 0.00194471
1446 0.00194125
1447 0.00193781
1448 0.00193454
1449 0.00193102
1450 0.00192755
1451 0.00192407
1452 0.00192062
1453 0.00191718
1454 0.00191377
1455 0.00191033
1456 0.0019069
1457 0.00190355
1458 0.00190014
1459 0.0018967
1460 0.00189326
1461 0.00188983
1462 0.00188652
1463 0.00188314
1464 0.00187977
1465 0.00187636
1466 0.00187296
1467 0.00186961
1468 0.00186626
1469 0.0018629
1470 0.00185965
1471 0.00185654
1472 0.00185311
1473 0.00184973
1474 0.00184636
1475 0.00184301
1476 0.00183965
1477 0.00183631
1478 0.00183301
1479 0.00182966
1480 0.00182635
1481 0.00182303
1482 0.0018197
1483 0.00181662
1484 0.00181337
1485 0.00181004
1486 0.00180674
1487 0.00180343
1488 0.00180014
1489 0.00179685
1490 0.00179356
1491 0.00179063
1492 0.00178742
1493 0.00178414
1494 0.00178086
1495 0.00177759
1496 0.00177438
1497 0.00177123
1498 0.00176828
1499 0.00176646
1500 0.00176303
1501 0.00175971
1502 0.00175647
1503 0.00175323
1504 0.00175001
1505 0.00174679
1506 0.00174357
1507 0.00174041
1508 0.00173722
1509 0.00173401
1510 0.00173082
1511 0.00172765
1512 0.00172456
1513 0.00172148
1514 0.00171829
1515 0.00171509
1516 0.0017119
1517 0.00170893
1518 0.00170576
1519 0.00170257
1520 0.00169938
1521 0.00169622
1522 0.00169306
1523 0.00168995
1524 0.00168693
1525 0.00168394
1526 0.00168077
1527 0.00167762
1528 0.00167449
1529 0.00167137
1530 0.00166824
1531 0.00166515
1532 0.00166206
1533 0.00165917
1534 0.00165605
1535 0.00165306
1536 0.00164992
1537 0.00164683
1538 0.00164384
1539 0.00164074
1540 0.00163765
1541 0.0016346
1542 0.00163155
1543 0.00162865
1544 0.00162554
1545 0.00162247
1546 0.00161944
1547 0.00161637
1548 0.00161332
1549 0.00161093
1550 0.00160784
1551 0.00160478
1552 0.00160175
1553 0.00159886
1554 0.0015959
1555 0.00159308
1556 0.00159093
1557 0.00158781
1558 0.00158475
1559 0.00158173
1560 0.00157871
1561 0.00157571
1562 0.00157273
1563 0.00156984
1564 0.00156685
1565 0.00156399
1566 0.00156102
1567 0.0015581
1568 0.00155516
1569 0.00155221
1570 0.00154979
1571 0.0015475
1572 0.00154452
1573 0.00154153
1574 0.00153856
1575 0.00153561
1576 0.00153269
1577 0.0015301
1578 0.00152715
1579 0.00152427
1580 0.00152138
1581 0.00151863
1582 0.0015157
1583 0.00151283
1584 0.00150992
1585 0.00150705
1586 0.00150419
1587 0.00150134
1588 0.00149851
1589 0.00149581
1590 0.00149293
1591 0.00149022
1592 0.00148737
1593 0.00148469
1594 0.00148184
1595 0.00147903
1596 0.00147628
1597 0.0014738
1598 0.00147096
1599 0.00146821
1600 0.00146542
1601 0.00146269
1602 0.00145992
1603 0.0014574
1604 0.00145476
1605 0.0014532
1606 0.00145023
1607 0.0014475
1608 0.00144475
1609 0.00144228
1610 0.00143955
1611 0.00143676
1612 0.00143403
1613 0.00143138
1614 0.00142887
1615 0.00142644
1616 0.00142354
1617 0.0014208
1618 0.00141803
1619 0.00141529
1620 0.00141257
1621 0.00140981
1622 0.00140713
1623 0.00140438
1624 0.00140171
1625 0.00139908
1626 0.00139643
1627 0.00139391
1628 0.0013911
1629 0.0013884
1630 0.0013857
1631 0.00138325
1632 0.00138055
1633 0.00137786
1634 0.00137527
1635 0.00137261
1636 0.00136992
1637 0.00136727
1638 0.00136474
1639 0.00136206
1640 0.00135951
1641 0.00135701
1642 0.00135432
1643 0.00135165
1644 0.00134899
1645 0.00134676
1646 0.00134406
1647 0.00134142
1648 0.00133886
1649 0.00133629
1650 0.00133381
1651 0.00133119
1652 0.00132861
1653 0.00132638
1654 0.00132365
1655 0.00132109
1656 0.00131851
1657 0.00131601
1658 0.00131346
1659 0.00131085
1660 0.00130827
1661 0.00130569
1662 0.00130315
1663 0.00130061
1664 0.00129812
1665 0.00129567
1666 0.00129324
1667 0.00129114
1668 0.00128868
1669 0.0012864
1670 0.00128426
1671 0.00128331
1672 0.00128314
1673 0.00128191
1674 0.00127874
1675 0.00127631
1676 0.00127488
1677 0.00127283
1678 0.00127075
1679 0.00126971
1680 0.00126664
1681 0.00126448
1682 0.00126274
1683 0.00126025
1684 0.00125796
1685 0.00125575
1686 0.00125389
1687 0.00125331
1688 0.00125049
1689 0.0012482
1690 0.00124625
1692 0.00124594
1693 0.00124367
1694 0.00124225
1695 0.00124081
1697 0.00123955
1698 0.00123707
1699 0.00123615
1700 0.0012355
1701 0.00123431
1702 0.00123155
1703 0.00122903
1704 0.00122676
1705 0.0012244
1706 0.00122206
1707 0.00121956
1708 0.00121707
1709 0.00121458
1710 0.0012121
1711 0.00120964
1712 0.001208
1713 0.00120556
1714 0.0012031
1715 0.0012007
1716 0.00119824
1717 0.00119579
1718 0.00119417
1719 0.00119182
1720 0.00118947
1721 0.00118703
1722 0.00118461
1723 0.00118235
1724 0.00117994
1725 0.00117761
1726 0.00117529
1727 0.00117313
1728 0.00117069
1729 0.00116829
1730 0.00116588
1731 0.00116347
1732 0.00116113
1733 0.00115876
1734 0.00115658
1735 0.00115419
1736 0.00115196
1737 0.00114957
1738 0.00114722
1739 0.00114612
1740 0.00114376
1741 0.00114132
1742 0.00113894
1743 0.00113658
1744 0.00113424
1745 0.0011319
1746 0.00112958
1747 0.00112727
1748 0.00112497
1749 0.00112267
1750 0.00112048
1751 0.00111824
1752 0.00111604
1753 0.00111374
1754 0.00111143
1755 0.00110914
1756 0.00110689
1757 0.00110459
1758 0.00110238
1759 0.00110009
1760 0.0010979
1761 0.0010956
1762 0.00109332
1763 0.00109113
1764 0.00108884
1765 0.00108666
1766 0.00108457
1767 0.00108231
1768 0.0010801
1769 0.00107786
1770 0.00107563
1771 0.00107339
1772 0.00107115
1773 0.00106895
1774 0.00106674
1775 0.00106458
1776 0.00106235
1777 0.00106022
1778 0.001058
1779 0.0010558
1780 0.0010536
1781 0.00105138
1782 0.00104917
1783 0.00104698
1784 0.00104479
1785 0.00104261
1786 0.00104046
1787 0.00103833
1788 0.00103637
1789 0.0010346
1790 0.00103227
1791 0.00103012
1792 0.00102798
1793 0.00102592
1794 0.00102388
1795 0.00102199
1796 0.00101978
1797 0.00101759
1798 0.00101543
1799 0.00101327
1800 0.00101117
1801 0.0010091
1802 0.00100746
1803 0.0010059
1804 0.00100377
1805 0.00100169
1806 0.000999786
1807 0.000997657
1808 0.000995836
1809 0.000993995
1810 0.000992119
1811 0.000990181
1812 0.000988978
1813 0.000986497
1814 0.000984546
1815 0.000983514
1816 0.000982907
1818 0.000982142
1819 0.000979892
1821 0.000977948
1822 0.000975935
1823 0.000973974
1824 0.000971992
1825 0.000970203
1826 0.000968134
1827 0.000966028
1828 0.00096393
1829 0.000961838
1830 0.000959754
1831 0.000957684
1832 0.000955741
1833 0.000953757
1834 0.00095169
1835 0.000949643
1836 0.000947642
1837 0.000945638
1838 0.000943703
1839 0.000941989
1840 0.000940053
1841 0.000938196
1842 0.000936393
1843 0.000934719
1844 0.000933985
1845 0.000931673
1846 0.000929829
1847 0.00092832
1848 0.000927439
1849 0.000925728
1850 0.000925188
1851 0.000922443
1852 0.000920619
1853 0.000919693
1855 0.00091895
1856 0.000917066
1857 0.000915436
1858 0.000914468
1859 0.000913113
1860 0.000911094
1861 0.000909216
1862 0.000907413
1863 0.000905778
1864 0.000904253
1865 0.000902903
1867 0.000902575
1868 0.0009006
1869 0.000900368
