1 1615250.0
3 1609440.0
5 1313830.0
6 968670.0
7 699173.0
8 633669.0
9 488172.0
10 380494.0
11 263171.0
12 171773.0
13 144859.0
14 142458.0
15 90217.3
16 56736.1
17 34761.5
18 26110.8
20 15090.7
21 10850.4
22 6891.27
23 6406.8
25 5540.5
26 4337.58
27 4108.19
28 3604.01
29 3388.57
30 3204.31
31 2775.59
32 2478.01
35 2301.52
36 2152.3
37 2017.94
39 1948.49
40 1800.4
42 1782.82
45 1739.63
46 1683.55
49 1644.11
50 1642.66
51 1635.11
52 1597.71
53 1564.89
54 1536.02
55 1515.52
57 1507.81
59 1472.46
60 1448.63
62 1442.95
63 1421.21
64 1400.35
65 1371.81
66 1347.75
67 1346.43
69 1304.78
70 1282.18
71 1277.67
72 1267.79
73 1252.47
74 1225.69
75 1201.86
76 1187.61
77 1178.46
79 1158.06
80 1133.67
83 1115.53
85 1087.12
86 1069.34
87 1046.17
88 1020.83
89 1000.88
90 985.986
91 967.894
92 956.506
93 934.845
94 917.126
95 915.559
97 883.733
98 860.229
99 841.524
100 827.204
102 822.293
103 800.03
104 786.395
105 767.058
106 765.237
107 762.945
108 734.101
109 715.394
110 707.508
112 698.836
113 681.216
114 669.826
116 661.046
117 647.887
118 645.577
119 634.468
120 626.111
121 624.387
122 612.329
123 600.502
124 592.0
125 585.105
126 581.976
128 580.495
129 570.893
130 563.985
131 555.7
132 546.697
133 538.21
134 530.421
135 525.271
136 521.633
137 511.276
138 503.298
139 496.821
140 488.279
141 479.512
142 471.182
143 467.192
144 457.863
145 448.725
146 440.144
147 432.622
149 432.591
151 425.221
152 418.805
153 414.18
154 409.139
155 403.576
156 398.126
157 390.669
158 385.41
159 384.067
160 382.427
161 374.588
162 368.419
164 366.668
165 365.999
166 358.258
167 352.995
168 350.034
170 346.033
171 338.788
172 334.193
174 333.67
175 326.347
176 320.487
177 316.609
178 310.044
179 308.632
180 306.663
181 299.764
182 296.867
183 289.675
184 285.859
185 280.026
186 274.696
189 268.742
190 267.966
192 262.303
195 255.793
196 250.533
197 247.213
198 246.357
199 244.187
200 237.738
201 231.367
202 225.911
203 223.317
204 218.055
205 212.623
206 206.514
207 201.288
208 196.74
209 191.706
210 186.368
211 181.372
212 178.633
213 173.918
214 169.084
215 164.88
216 161.296
217 157.055
218 155.166
219 149.91
220 146.9
221 146.006
222 141.854
224 141.269
225 136.501
226 132.181
227 129.843
228 125.447
229 121.535
230 120.029
231 115.233
232 112.093
233 108.76
234 107.462
235 103.346
236 99.8936
237 97.8962
238 94.3643
239 91.808
240 89.6006
241 88.1203
243 87.3353
244 83.3838
245 83.2142
246 81.0818
247 80.2539
250 78.4173
251 76.9871
254 76.5662
255 74.9536
256 73.5291
257 72.1159
258 70.999
259 70.4294
260 69.426
261 67.9112
262 66.3334
263 64.8812
264 63.7015
265 62.7784
267 62.7326
268 61.3086
269 60.1221
270 59.9093
271 58.9297
272 58.2457
273 56.7515
274 55.3449
275 54.3038
278 54.1102
279 52.5419
280 51.2698
281 50.8525
282 49.883
283 48.5271
284 47.2549
285 45.9106
286 44.7405
287 44.4893
288 44.3164
289 43.8635
290 42.4961
291 41.2913
292 40.1232
293 39.2225
294 38.5751
296 38.3446
297 37.3343
298 37.1118
299 37.0872
300 36.8708
301 35.4503
302 34.2863
303 33.5677
304 32.6407
305 31.7402
306 30.9338
307 30.6678
308 29.3461
309 28.4142
310 28.0349
311 28.0264
312 27.5183
313 26.5478
314 25.6581
315 24.757
316 23.9813
317 23.4894
319 23.4325
320 22.6324
321 21.9493
322 21.633
323 20.8336
324 20.4602
325 19.5919
326 19.0972
327 18.3738
328 17.99
330 17.7736
331 16.9808
332 16.3201
333 16.2525
335 15.5931
336 14.8074
337 14.1501
338 13.7637
339 13.2543
340 12.863
341 12.7535
342 12.3569
343 11.7441
344 11.7172
345 11.6659
347 10.9634
348 10.5862
349 10.2247
351 10.0124
352 9.60742
354 9.55495
355 9.26465
356 9.14914
357 8.85529
358 8.62924
360 8.61939
361 8.39964
362 8.2366
363 8.14346
365 7.99979
366 7.75416
367 7.57619
369 7.5209
370 7.3135
371 7.14359
372 7.0384
373 6.77907
374 6.63344
375 6.49044
376 6.3893
378 6.3687
379 6.15123
381 6.04034
382 6.00949
383 6.00421
385 5.89997
386 5.81114
387 5.79936
388 5.79838
389 5.69669
390 5.59273
391 5.48167
392 5.39689
393 5.31958
394 5.28918
395 5.18869
396 5.09092
397 4.99944
398 4.90091
399 4.82483
400 4.74757
401 4.67328
402 4.58999
403 4.49097
404 4.41606
405 4.32687
406 4.2479
407 4.23423
408 4.23177
409 4.16318
410 4.08683
411 4.00586
412 3.92479
413 3.84106
414 3.76355
415 3.69787
417 3.68985
418 3.6127
419 3.55464
420 3.5474
422 3.48831
423 3.40144
424 3.33305
425 3.26573
426 3.21396
427 3.21368
428 3.20954
429 3.12973
430 3.05312
431 2.9823
432 2.93883
433 2.87233
434 2.81063
435 2.75195
436 2.69658
437 2.63704
438 2.5771
439 2.52088
440 2.47558
441 2.40363
442 2.34251
443 2.27865
444 2.22143
445 2.17811
446 2.14703
447 2.0918
448 2.03484
449 1.98054
450 1.92577
451 1.87279
452 1.84212
453 1.79985
454 1.74977
455 1.71269
456 1.67364
457 1.6444
458 1.61863
460 1.59744
461 1.54952
463 1.5038
464 1.50148
466 1.45803
467 1.43383
468 1.38223
469 1.34617
470 1.31749
471 1.29532
473 1.28101
474 1.24539
476 1.22468
477 1.21716
478 1.20845
479 1.20286
480 1.17987
481 1.15836
482 1.13792
483 1.11992
484 1.10696
485 1.10255
486 1.0976
487 1.07475
488 1.05368
489 1.0321
490 1.01294
491 0.994153
492 0.976732
493 0.965271
494 0.962407
495 0.960838
496 0.943708
497 0.925667
498 0.90871
499 0.891849
500 0.876353
501 0.876091
503 0.865756
504 0.844565
505 0.829115
506 0.819788
507 0.816197
508 0.809624
509 0.797327
510 0.781362
511 0.771636
512 0.756856
513 0.755066
514 0.752946
515 0.735122
516 0.718755
517 0.711748
518 0.697509
519 0.68572
520 0.685343
522 0.67082
523 0.659697
525 0.656662
526 0.653276
527 0.6382
528 0.62514
529 0.615233
530 0.609378
531 0.600649
532 0.595543
533 0.582952
534 0.57064
535 0.559967
536 0.555165
537 0.541957
538 0.530159
539 0.523194
540 0.518877
541 0.5078
543 0.507683
544 0.494431
545 0.493377
547 0.480119
548 0.469112
549 0.457955
550 0.452415
551 0.44358
552 0.431962
553 0.42235
554 0.411983
555 0.402585
556 0.392725
557 0.384267
558 0.374089
559 0.366197
560 0.357038
561 0.350054
563 0.347298
564 0.340167
566 0.338852
568 0.336294
569 0.332256
570 0.330864
571 0.326586
572 0.323986
573 0.319174
574 0.314584
575 0.310029
576 0.305978
577 0.302381
578 0.29827
579 0.294458
580 0.290026
581 0.285535
582 0.28136
583 0.277388
584 0.273906
585 0.269616
586 0.265641
587 0.262091
588 0.258243
589 0.254684
590 0.250646
591 0.246972
592 0.244949
593 0.241922
594 0.238424
595 0.23436
596 0.230636
597 0.227729
598 0.224056
599 0.220522
600 0.21777
601 0.214763
602 0.211563
603 0.208772
604 0.206531
605 0.203605
606 0.201009
607 0.198677
608 0.196254
609 0.194653
610 0.190059
611 0.187013
612 0.18369
613 0.180847
614 0.178649
615 0.176414
616 0.173046
617 0.170377
618 0.167376
619 0.164255
620 0.161216
621 0.159041
622 0.156842
623 0.154879
624 0.152081
625 0.149437
626 0.146971
627 0.144462
628 0.1425
630 0.141412
631 0.139256
632 0.138927
635 0.137581
636 0.136193
637 0.135122
638 0.135052
640 0.133808
641 0.132482
642 0.131215
643 0.129845
644 0.12844
645 0.127069
646 0.12579
647 0.125318
650 0.124134
651 0.122944
652 0.121699
653 0.120372
654 0.119087
655 0.117883
656 0.116831
657 0.115773
658 0.114961
659 0.114207
660 0.11303
661 0.111876
662 0.110778
663 0.109852
664 0.109132
665 0.108115
666 0.107697
667 0.106691
668 0.106195
669 0.105413
670 0.104348
671 0.103419
672 0.102287
673 0.101265
674 0.100265
675 0.0992476
676 0.0985331
677 0.097584
678 0.0964799
679 0.0954409
680 0.0944998
681 0.0942834
682 0.0937869
683 0.0925009
684 0.0914605
685 0.0907108
686 0.089945
687 0.0891084
688 0.0888239
689 0.0876416
690 0.0866635
691 0.0859863
692 0.0853834
693 0.0844728
694 0.0840088
695 0.0828394
696 0.0820648
697 0.081531
698 0.0809044
699 0.0799555
700 0.0789905
701 0.0780426
702 0.077167
703 0.0765397
704 0.0760359
705 0.0751623
706 0.0744304
707 0.0739448
710 0.0730071
711 0.0725013
712 0.0717458
714 0.0715861
715 0.0707311
716 0.0705637
717 0.0700155
719 0.069568
720 0.0686501
721 0.0679729
722 0.0676765
723 0.0669442
724 0.0663927
725 0.065664
726 0.065026
727 0.0641726
728 0.0633361
729 0.0625397
730 0.0617807
731 0.0610587
732 0.0603726
733 0.0597471
734 0.0588813
735 0.0580656
736 0.0573054
737 0.0567529
738 0.0562905
739 0.055846
740 0.0550801
741 0.0543417
742 0.0536158
743 0.0528883
744 0.0521647
745 0.0514236
746 0.0507148
747 0.0500401
748 0.0495591
749 0.0493301
750 0.0491475
751 0.0483758
752 0.0476864
753 0.0470697
754 0.046543
755 0.046029
756 0.0456039
758 0.0454886
759 0.0449298
761 0.0446299
762 0.0445162
763 0.0444803
765 0.0441548
766 0.0438323
767 0.0435127
768 0.0431945
769 0.0428785
770 0.0425631
771 0.0422454
772 0.0419286
773 0.0416186
774 0.0413068
775 0.0410046
776 0.0407052
777 0.0404256
778 0.0401479
779 0.0399407
780 0.0396516
781 0.0393699
782 0.0390887
783 0.0388129
784 0.038546
785 0.0382722
786 0.0380133
787 0.0377258
788 0.0374427
789 0.0371645
790 0.0369089
791 0.0366437
792 0.0363778
793 0.0362851
794 0.0361789
795 0.035843
796 0.0355738
797 0.0353913
798 0.0351375
799 0.034873
800 0.0346244
801 0.034561
802 0.034409
803 0.0340672
804 0.0337949
805 0.0335531
806 0.0333246
807 0.0331181
808 0.0329061
809 0.0326468
810 0.0323872
811 0.0321287
812 0.0318723
813 0.0316207
814 0.0314227
815 0.0311899
816 0.0309457
817 0.0307383
818 0.0304979
819 0.0302995
820 0.0300582
821 0.0298399
822 0.0295975
823 0.0293633
824 0.0291414
825 0.028922
826 0.028777
827 0.0285564
828 0.0283236
829 0.0281325
830 0.0279414
831 0.0278289
832 0.0276156
833 0.0273925
834 0.0271929
835 0.0269729
836 0.026751
837 0.026525
838 0.0263291
839 0.0261025
840 0.025884
841 0.0256756
842 0.0256651
843 0.0256049
844 0.0253966
845 0.0252202
846 0.0251075
847 0.0250237
848 0.0248257
850 0.0246318
851 0.0246267
853 0.0244079
854 0.0242727
855 0.0240647
856 0.0238925
857 0.0237149
858 0.0235628
859 0.0233467
860 0.0231496
861 0.0229586
862 0.0227545
863 0.0225597
864 0.022357
865 0.0221542
866 0.0219562
867 0.0218016
868 0.0216263
869 0.0214325
870 0.0212416
871 0.0210634
872 0.0208911
873 0.0207815
874 0.0206594
875 0.0204652
876 0.0202786
877 0.020097
878 0.0199186
879 0.0197474
880 0.0195749
881 0.0194298
882 0.0192413
883 0.0190696
884 0.0188932
885 0.0187285
886 0.0185546
887 0.0183781
888 0.0182013
889 0.0180225
890 0.017845
891 0.0176766
892 0.0175064
893 0.0173415
894 0.0172294
895 0.0171475
896 0.0170498
897 0.0168993
898 0.0167505
899 0.0166033
900 0.0164583
901 0.0163458
902 0.0162688
903 0.0161316
904 0.0160381
905 0.0159597
908 0.0157773
910 0.0156399
911 0.0155676
913 0.0155547
914 0.0153908
915 0.0152717
916 0.0151673
918 0.0151621
919 0.0150296
921 0.0148971
922 0.0148562
923 0.014734
924 0.0145972
925 0.0145495
926 0.0143906
927 0.014296
928 0.0142385
929 0.0141242
930 0.0139783
931 0.0138392
932 0.0137154
933 0.0135982
934 0.0134945
935 0.0133674
936 0.0132354
937 0.0131127
938 0.0130585
939 0.0129946
940 0.0128281
941 0.0127022
942 0.0125996
943 0.0124885
944 0.0123855
945 0.0123405
946 0.0121815
947 0.0121228
948 0.0121092
949 0.0120189
950 0.0119623
951 0.0118484
953 0.0118194
954 0.011738
957 0.0116705
958 0.0116477
959 0.0116459
960 0.01164
961 0.0115675
962 0.0115038
963 0.011452
964 0.011392
965 0.0113304
966 0.0112696
967 0.0112128
968 0.0111529
969 0.0110959
970 0.011037
971 0.0109789
972 0.01094
973 0.0108844
974 0.0108256
975 0.0107723
976 0.0107166
977 0.0106703
978 0.0106222
979 0.0106015
980 0.0105389
981 0.0104849
982 0.0104315
983 0.0104075
984 0.0103539
985 0.0102998
986 0.0102484
987 0.0101983
988 0.0101486
989 0.0101153
990 0.0100619
991 0.0100045
992 0.00995493
993 0.00991097
994 0.00989893
995 0.00985855
996 0.00979746
997 0.00974083
998 0.00968814
999 0.00964004
1000 0.00958634
1001 0.00953637
1002 0.00949304
1003 0.00944177
1004 0.00939024
1005 0.00933808
1006 0.0092869
1007 0.00923669
1008 0.00918616
1009 0.00913727
1010 0.00909459
1011 0.00904107
1012 0.0089892
1013 0.00893779
1014 0.0088867
1015 0.00884379
1016 0.00880533
1017 0.00876979
1018 0.00871306
1019 0.00866204
1020 0.00861239
1021 0.00856672
1022 0.00851579
1023 0.00846562
1024 0.00841613
1025 0.00836699
1026 0.00831825
1027 0.00826981
1028 0.00821971
1029 0.00817023
1030 0.00813167
1031 0.0081035
1032 0.00805361
1033 0.00800566
1034 0.0079587
1035 0.00791202
1036 0.00786933
1037 0.00784029
1038 0.00779196
1039 0.0077527
1040 0.00772324
1041 0.00770258
1043 0.00769519
1044 0.00764562
1045 0.00763961
1046 0.00762291
1047 0.0076036
1048 0.0076018
1050 0.0075771
1051 0.00755766
1053 0.00755361
1054 0.00753805
1055 0.00751721
1056 0.00749623
1057 0.00747577
1058 0.00746009
1059 0.00744447
1060 0.0074244
1061 0.00740291
1062 0.0073832
1063 0.00736372
1064 0.007352
1065 0.0073304
1066 0.00730843
1067 0.00728658
1068 0.00726481
1069 0.00724309
1070 0.0072214
1071 0.00719972
1072 0.00717813
1073 0.00715661
1074 0.00713589
1075 0.0071152
1076 0.0070978
1077 0.00707491
1078 0.00705369
1079 0.00703143
1080 0.00700925
1081 0.00698795
1082 0.00696587
1083 0.00694392
1084 0.00692288
1085 0.00690115
1086 0.0068805
1087 0.00685928
1088 0.00684364
1089 0.0068347
1090 0.00680922
1091 0.0067866
1092 0.00676576
1093 0.00674631
1094 0.00672525
1095 0.0067064
1096 0.00668639
1097 0.00666898
1098 0.00664758
1099 0.0066276
1100 0.00660806
1101 0.00659183
1102 0.00658664
1103 0.00656327
1104 0.00654238
1105 0.00652228
1106 0.00650217
1107 0.00648211
1108 0.00646219
1109 0.0064422
1110 0.00642234
1111 0.00640243
1112 0.00638262
1113 0.00636289
1114 0.00634321
1115 0.00632393
1116 0.00630458
1117 0.0062854
1118 0.00626628
1119 0.00624695
1120 0.00622949
1121 0.00621296
1122 0.00619322
1123 0.00617338
1124 0.00615349
1125 0.00613361
1126 0.00611376
1127 0.00609396
1128 0.00607425
1129 0.00605522
1130 0.00603549
1131 0.00601579
1132 0.00599616
1133 0.00598291
1134 0.00596758
1135 0.00594891
1136 0.00592929
1137 0.00591073
1138 0.00590151
1139 0.00589876
1141 0.00587725
1142 0.00585781
1143 0.00584336
1144 0.0058251
1145 0.0058057
1146 0.00578633
1147 0.00576711
1148 0.00574801
1149 0.00572918
1150 0.00571032
1151 0.00569174
1152 0.00567416
1153 0.00565606
1154 0.00563805
1155 0.00562046
1156 0.00560209
1157 0.00558389
1158 0.00556603
1159 0.0055479
1160 0.00553053
1161 0.00551249
1162 0.0054951
1163 0.00547714
1164 0.00545956
1165 0.00544173
1166 0.00542403
1167 0.00540645
1168 0.00538872
1169 0.00537124
1170 0.00535394
1171 0.00533612
1172 0.0053216
1173 0.00530243
1174 0.00528497
1175 0.00526743
1176 0.00525318
1177 0.00524396
1178 0.00522821
1179 0.00522402
1180 0.00520319
1181 0.0051852
1182 0.00516822
1183 0.00515284
1184 0.00513568
1185 0.00511881
1186 0.00510165
1187 0.00508459
1188 0.00506849
1189 0.0050543
1190 0.00503872
1191 0.00502135
1192 0.00500476
1193 0.00498836
1194 0.0049736
1195 0.00495701
1196 0.00494076
1197 0.00492452
1198 0.00490839
1199 0.00489224
1200 0.00487617
1201 0.00486021
1202 0.00484441
1203 0.00482903
1204 0.00481422
1205 0.00480032
1206 0.00478369
1207 0.00476774
1208 0.00475187
1209 0.00473614
1210 0.00472036
1211 0.0047042
1212 0.00468804
1213 0.00467192
1214 0.00465576
1215 0.00463959
1216 0.00462343
1217 0.0046073
1218 0.00459159
1219 0.004576
1220 0.00455989
1221 0.00454385
1222 0.00452855
1223 0.004513
1224 0.00449839
1225 0.00448362
1226 0.00446793
1227 0.00445254
1228 0.00443748
1229 0.00442384
1230 0.00441023
1231 0.00440057
1232 0.00438615
1233 0.0043715
1234 0.00435799
1235 0.004346
1238 0.00433099
1239 0.00432126
1240 0.00431419
1241 0.00430091
1242 0.00429139
1243 0.00427607
1244 0.00426438
1245 0.00426085
1246 0.00424495
1247 0.00423642
1248 0.00422085
1249 0.00420772
1250 0.0041931
1251 0.00417849
1252 0.00416512
1253 0.00415185
1254 0.00414166
1255 0.00412865
1256 0.00411399
1257 0.00409969
1258 0.00408607
1259 0.00407376
1260 0.00405949
1261 0.00404529
1262 0.00403119
1263 0.00401689
1264 0.00400258
1265 0.00398992
1266 0.00397713
1267 0.00396675
1268 0.00395108
1269 0.00393687
1270 0.00392292
1271 0.00391104
1272 0.00390126
1273 0.00388745
1274 0.00387243
1275 0.00385814
1276 0.00384403
1277 0.00382986
1278 0.00381638
1279 0.00380325
1280 0.00378932
1281 0.00377583
1282 0.00376179
1283 0.00374792
1284 0.00373413
1285 0.00372033
1286 0.00370694
1287 0.00369331
1288 0.0036798
1289 0.00366832
1290 0.00365805
1291 0.00364436
1292 0.00363066
1293 0.00361713
1294 0.00360363
1295 0.00359032
1296 0.00357755
1297 0.00356493
1298 0.00355159
1299 0.0035384
1300 0.00352672
1301 0.0035167
1302 0.00350283
1303 0.00348976
1304 0.00347701
1305 0.00346466
1306 0.00345186
1307 0.00343909
1308 0.00342675
1309 0.00341426
1310 0.00340192
1311 0.00338921
1312 0.00337657
1313 0.00336418
1314 0.0033516
1315 0.00333911
1316 0.00332768
1317 0.00331575
1318 0.00330396
1319 0.00329141
1320 0.00327909
1321 0.00326677
1322 0.0032547
1323 0.00324248
1324 0.00323028
1325 0.0032191
1326 0.00320938
1327 0.00319808
1328 0.00318563
1329 0.00317347
1330 0.00316166
1331 0.00314975
1332 0.00313775
1333 0.00312569
1334 0.00311367
1335 0.00310209
1336 0.00309004
1337 0.00307813
1338 0.00306971
1339 0.00305759
1340 0.00304576
1341 0.00303455
1342 0.00302489
1343 0.00301249
1344 0.00300152
1345 0.00299232
1346 0.00298516
1348 0.00298174
1349 0.00297279
1351 0.00297185
1352 0.00296685
1353 0.00296355
1354 0.00295927
1355 0.00295525
1356 0.00295211
1357 0.00294903
1358 0.00294636
1359 0.00294135
1360 0.00293643
1361 0.00293162
1362 0.00292694
1363 0.00292221
1364 0.00291741
1365 0.00291263
1366 0.00290857
1367 0.00290411
1368 0.00289939
1369 0.00289457
1370 0.00288979
1371 0.00288511
1372 0.00288045
1373 0.00287577
1374 0.00287146
1375 0.00286682
1376 0.0028623
1377 0.00285775
1378 0.00285318
1379 0.00284879
1380 0.00284422
1381 0.00284022
1382 0.00283812
1383 0.00283388
1384 0.00282882
1385 0.00282412
1386 0.00282
1387 0.00281543
1388 0.00281085
1389 0.00280672
1390 0.00280214
1391 0.00279748
1392 0.00279291
1393 0.0027891
1394 0.00278438
1395 0.00277968
1396 0.00277505
1397 0.00277053
1398 0.00276764
1399 0.0027638
1400 0.00275909
1401 0.00275446
1402 0.00274986
1403 0.00274537
1404 0.00274085
1405 0.00273642
1406 0.00273238
1407 0.00272788
1408 0.00272337
1409 0.00271891
1410 0.00271568
1411 0.00271129
1412 0.00270675
1413 0.0027025
1414 0.00269811
1415 0.00269389
1416 0.00268973
1417 0.00268551
1418 0.00268135
1419 0.00267803
1420 0.00267341
1421 0.00266897
1422 0.0026646
1423 0.00266025
1424 0.00265657
1425 0.00265247
1426 0.00264833
1427 0.00264396
1428 0.00263962
1429 0.00263532
1430 0.00263109
1431 0.00262688
1432 0.00262265
1433 0.00261862
1434 0.00261442
1435 0.00261029
1436 0.00260614
1437 0.00260196
1438 0.00259883
1439 0.00259573
1440 0.00259131
1441 0.00258706
1442 0.00258294
1443 0.00257877
1444 0.00257468
1445 0.00257076
1446 0.00256682
1447 0.00256281
1448 0.00255864
1449 0.00255448
1450 0.00255033
1451 0.0025462
1452 0.00254206
1453 0.00253798
1454 0.00253383
1455 0.00252969
1456 0.00252556
1457 0.00252151
1458 0.00251738
1459 0.00251344
1460 0.00250931
1461 0.00250524
1462 0.00250116
1463 0.00249724
1464 0.00249387
1465 0.00248966
1466 0.00248553
1467 0.00248144
1468 0.00247764
1469 0.00247356
1470 0.00246951
1471 0.00246543
1472 0.0024624
1473 0.00245861
1474 0.00245458
1475 0.00245074
1476 0.00244671
1477 0.00244281
1478 0.0024392
1479 0.00243572
1480 0.00243348
1481 0.00242893
1482 0.00242471
1483 0.00242058
1484 0.0024165
1485 0.00241258
1486 0.00240857
1487 0.00240457
1488 0.00240062
1489 0.00239654
1490 0.00239243
1491 0.00238833
1492 0.00238427
1493 0.0023809
1494 0.00237681
1495 0.00237269
1496 0.00236856
1497 0.00236444
1498 0.00236049
1499 0.00235654
1500 0.00235242
1501 0.00234837
1502 0.00234424
1503 0.00234011
1504 0.002336
1505 0.0023325
1506 0.0023284
1507 0.00232433
1508 0.00232023
1509 0.00231619
1510 0.00231212
1511 0.00230804
1512 0.00230403
1513 0.00229998
1514 0.00229595
1515 0.00229208
1516 0.00228808
1517 0.00228436
1518 0.00228042
1519 0.00227659
1520 0.00227259
1521 0.0022686
1522 0.00226482
1523 0.00226104
1524 0.00225775
1525 0.00225451
1526 0.0022504
1527 0.00224643
1528 0.00224252
1529 0.00223889
1530 0.00223521
1531 0.00223156
1532 0.00222778
1533 0.00222415
1534 0.00222064
1535 0.00221717
1536 0.0022151
1537 0.002211
1538 0.00220705
1539 0.00220322
1540 0.00219942
1541 0.00219567
1542 0.00219189
1543 0.00218924
1544 0.00218599
1545 0.00218218
1546 0.00217847
1547 0.00217471
1548 0.002171
1549 0.00216748
1550 0.00216391
1551 0.00216024
1552 0.0021566
1553 0.00215303
1554 0.00214956
1555 0.00214661
1556 0.00214494
1557 0.00214099
1558 0.0021372
1559 0.00213352
1560 0.00212994
1561 0.00212674
1562 0.00212327
1563 0.00211978
1564 0.00211711
1565 0.00211562
1567 0.002114
1568 0.00211017
1569 0.00210692
1570 0.00210478
1571 0.00210441
1572 0.00210302
1573 0.00209912
1574 0.00209552
1575 0.00209197
1576 0.00208839
1577 0.00208475
1578 0.00208112
1579 0.00207778
1580 0.0020742
1581 0.0020706
1582 0.00206698
1583 0.00206343
1584 0.00205986
1585 0.0020565
1586 0.002053
1587 0.0020494
1588 0.0020458
1589 0.00204221
1590 0.00203863
1591 0.00203507
1592 0.00203162
1593 0.00202812
1594 0.00202469
1595 0.00202117
1596 0.00201769
1597 0.00201417
1598 0.00201071
1599 0.00200718
1600 0.00200376
1601 0.00200031
1602 0.0019969
1603 0.00199344
1604 0.00199005
1605 0.00198681
1606 0.00198318
1607 0.00197968
1608 0.00197618
1609 0.00197269
1610 0.00196918
1611 0.00196572
1612 0.00196227
1613 0.00195887
1614 0.00195535
1615 0.00195187
1616 0.0019484
1617 0.00194498
1618 0.00194159
1619 0.0019381
1620 0.00193462
1621 0.00193117
1622 0.00192775
1623 0.00192434
1624 0.00192104
1625 0.00191756
1626 0.00191409
1627 0.00191069
1628 0.00190722
1629 0.00190376
1630 0.00190039
1631 0.001897
1632 0.00189368
1633 0.00189028
1634 0.00188687
1635 0.00188347
1636 0.00188005
1637 0.00187663
1638 0.00187325
1639 0.00186983
1640 0.00186644
1641 0.00186302
1642 0.00185966
1643 0.00185627
1644 0.00185377
1645 0.00185043
1646 0.00184702
1647 0.00184362
1648 0.00184025
1649 0.00183687
1650 0.0018335
1651 0.00183012
1652 0.00182675
1653 0.00182342
1654 0.00182005
1655 0.00181673
1656 0.00181337
1657 0.00181005
1658 0.00180674
1659 0.00180344
1660 0.00180013
1661 0.00179686
1662 0.00179372
1663 0.00179042
1664 0.00178709
1665 0.00178377
1666 0.00178054
1667 0.00177726
1668 0.00177446
1669 0.00177125
1670 0.00176799
1671 0.00176474
1672 0.00176148
1673 0.00175817
1674 0.00175487
1675 0.00175164
1676 0.00174837
1677 0.00174525
1678 0.00174198
1679 0.00173877
1680 0.00173554
1681 0.00173241
1682 0.00172924
1683 0.00172605
1684 0.00172285
1685 0.0017197
1686 0.00171648
1687 0.00171331
1688 0.00171018
1689 0.00170706
1690 0.00170394
1691 0.00170097
1692 0.00169782
1693 0.00169465
1694 0.00169148
1695 0.00168832
1696 0.00168516
1697 0.00168208
1698 0.00167896
1699 0.00167585
1700 0.00167279
1701 0.00166969
1702 0.00166669
1703 0.0016637
1704 0.00166077
1705 0.00165779
1706 0.00165514
1707 0.00165196
1708 0.00164895
1709 0.00164588
1710 0.00164293
1711 0.00164002
1712 0.00163695
1713 0.00163438
1714 0.00163216
1715 0.00162956
1716 0.00162635
1717 0.00162325
1718 0.00162022
1719 0.0016174
1720 0.00161445
1721 0.00161161
1722 0.00160877
1723 0.0016061
1724 0.00160322
1725 0.00160026
1726 0.00159728
1727 0.00159431
1728 0.00159171
1729 0.00158893
1730 0.0015861
1731 0.00158313
1732 0.00158013
1733 0.00157714
1734 0.00157417
1735 0.00157121
1736 0.00156845
1737 0.00156559
1738 0.00156277
1739 0.00156009
1740 0.00155719
1741 0.00155427
1742 0.00155137
1743 0.00154881
1744 0.00154654
1745 0.00154391
1746 0.00154111
1747 0.00153833
1748 0.00153594
1749 0.0015333
1750 0.00153093
1751 0.00152883
1752 0.00152623
1753 0.00152493
1754 0.00152205
1755 0.00151911
1756 0.00151684
1757 0.00151438
1758 0.00151201
1759 0.00151074
1760 0.00150764
1761 0.00150475
1762 0.00150217
1763 0.00149967
1764 0.00149682
1765 0.001494
1766 0.00149117
1767 0.00148849
1768 0.00148572
1769 0.00148328
1770 0.00148042
1771 0.00147761
1772 0.00147488
1773 0.00147244
1774 0.00147007
1775 0.00146907
1776 0.00146584
1777 0.00146299
1778 0.00146024
1779 0.00145752
1780 0.00145492
1781 0.00145227
1782 0.00144963
1783 0.00144728
1784 0.00144497
1785 0.00144437
1786 0.00144134
1787 0.0014385
1788 0.00143576
1789 0.00143307
1790 0.00143036
1791 0.00142767
1792 0.00142505
1793 0.00142242
1794 0.00141974
1795 0.00141707
1796 0.00141445
1797 0.00141196
1798 0.00140949
1799 0.00140685
1800 0.0014042
1801 0.00140162
1802 0.00139899
1803 0.00139637
1804 0.00139376
1805 0.00139113
1806 0.00138891
1807 0.0013867
1808 0.00138398
1809 0.00138133
1810 0.00137874
1811 0.00137608
1812 0.00137346
1813 0.00137083
1814 0.00136828
1815 0.00136574
1816 0.00136327
1817 0.00136095
1818 0.00135823
1819 0.0013556
1820 0.00135298
1821 0.0013504
1822 0.00134776
1823 0.0013453
1824 0.00134297
1825 0.00134038
1826 0.00133775
1827 0.00133515
1828 0.00133254
1829 0.00133063
1830 0.00132783
1831 0.00132523
1832 0.00132361
1833 0.0013218
1834 0.00131911
1835 0.00131674
1836 0.00131402
1837 0.0013116
1838 0.00130913
1839 0.00130683
1840 0.00130441
1841 0.00130307
1842 0.00130193
1843 0.00129875
1844 0.00129606
1845 0.00129368
1846 0.00129209
1849 0.00128949
1850 0.00128691
1851 0.00128439
1852 0.00128226
1853 0.00127971
1854 0.00127772
1855 0.00127616
1856 0.0012741
1858 0.00127356
1859 0.00127128
1860 0.00127064
1861 0.0012699
1864 0.00126718
1865 0.0012648
1866 0.00126313
1867 0.00126131
1868 0.00125899
1869 0.00125754
1870 0.00125464
1871 0.00125225
1872 0.00125058
1873 0.00124877
1875 0.00124835
1876 0.00124586
1877 0.00124435
1878 0.00124224
1879 0.00123989
1880 0.00123881
1881 0.00123639
1882 0.00123406
1883 0.00123211
1884 0.0012311
1885 0.00122844
1886 0.00122595
1887 0.0012238
1888 0.00122152
1889 0.00121898
1890 0.00121649
1891 0.00121403
1892 0.00121184
1893 0.00120944
1894 0.00120701
1895 0.00120461
1896 0.00120227
1897 0.00119992
1898 0.00119752
1899 0.00119512
1900 0.00119274
1901 0.00119035
1902 0.00118828
1903 0.00118661
1904 0.00118403
1905 0.00118166
1906 0.00117931
1907 0.00117696
1908 0.00117459
1909 0.00117241
1910 0.00117003
1911 0.00116764
1912 0.00116527
1913 0.00116291
1914 0.00116055
1915 0.00115837
1916 0.00115617
1917 0.00115379
1918 0.00115143
1919 0.00114907
1920 0.00114673
1921 0.00114441
1922 0.00114211
1923 0.00113976
1924 0.00113741
1925 0.00113507
1926 0.00113277
1927 0.00113047
1928 0.00112814
1929 0.00112584
1930 0.00112353
1931 0.0011212
1932 0.00111907
1933 0.00111686
1934 0.00111454
1935 0.00111262
1936 0.00111023
1937 0.00110789
1938 0.00110559
1939 0.00110328
1940 0.00110097
1941 0.00109868
1942 0.00109641
1943 0.00109412
1944 0.00109201
1945 0.00108965
1946 0.00108735
1947 0.00108504
1948 0.00108278
1949 0.00108047
1950 0.00107816
1951 0.00107586
1952 0.00107358
1953 0.00107129
1954 0.00106905
1955 0.00106675
1956 0.00106451
1957 0.00106223
1958 0.00106006
1959 0.00105783
1960 0.00105555
1961 0.00105329
1962 0.00105104
1963 0.00104889
1964 0.00104662
1965 0.00104438
1966 0.00104225
1967 0.00104
1968 0.00103775
1969 0.00103551
1970 0.00103335
1971 0.00103112
1972 0.00102892
1973 0.00102668
1974 0.00102446
1975 0.00102225
1976 0.00102003
1977 0.00101782
1978 0.00101563
1979 0.00101357
1980 0.00101143
1981 0.00100924
1982 0.00100706
1983 0.00100489
1984 0.00100275
1985 0.00100062
1986 0.000998516
1987 0.000996408
1988 0.000994328
1989 0.000992313
1990 0.000990216
1991 0.000988074
1992 0.000985956
1993 0.000983885
1994 0.000981769
1995 0.000980421
1996 0.000978032
1997 0.000976039
1998 0.000973953
1999 0.00097244
2000 0.000970684
2001 0.000968731
2002 0.000967221
2003 0.000964912
2004 0.000963038
2005 0.000962086
2006 0.000961669
2008 0.00096071
2009 0.000958433
2010 0.00095832
2011 0.000957584
2012 0.000955503
2013 0.000954263
2014 0.000952168
2015 0.000950162
2016 0.000948283
2017 0.000946225
2018 0.000944216
2019 0.000942323
2020 0.000940231
2021 0.000938213
2022 0.000936171
2023 0.000934237
2024 0.000932201
2025 0.000930209
2026 0.000928438
2027 0.000926466
2028 0.000924424
2029 0.000922412
2030 0.000920469
2031 0.000918478
2032 0.000916513
2033 0.000914932
2034 0.000912931
2035 0.000910963
2036 0.000909296
2037 0.000907503
2038 0.000905944
2039 0.000905606
2040 0.000903129
2041 0.000901108
2042 0.000899208
2043 0.000897272
2044 0.000895536
2045 0.000893601
2046 0.000891668
2047 0.000889898
2048 0.000887962
2049 0.00088602
2050 0.000884104
2051 0.000882989
2052 0.000881425
2053 0.000879491
2054 0.000877582
2055 0.000875835
2056 0.000874233
2057 0.000872516
2058 0.000870799
2059 0.000868912
2060 0.000867049
2061 0.000865212
2062 0.0008635
2063 0.00086194
2064 0.000860155
2065 0.000859378
2066 0.000857182
2067 0.000855463
2068 0.00085484
2069 0.000853239
2070 0.000851619
2071 0.000851371
2072 0.000849031
2073 0.000847005
2074 0.000845128
2075 0.000843403
2076 0.00084168
2077 0.000839922
2078 0.000838195
2079 0.000836297
2080 0.000834439
2081 0.000832593
2082 0.000830855
2083 0.000829062
2084 0.000827224
2085 0.000825396
2086 0.000823608
2087 0.00082183
2088 0.000820073
2089 0.00081831
2090 0.000816645
2091 0.000814836
2092 0.000813084
2093 0.000811399
2094 0.000809793
2095 0.000808074
2096 0.000806474
2097 0.000804778
2098 0.000803148
2099 0.000801586
2100 0.00079993
2101 0.000798395
2102 0.000796897
2103 0.000795393
2104 0.000793806
2105 0.00079233
2106 0.000791066
2107 0.000789246
2108 0.000787382
2109 0.000785569
2110 0.000783799
2111 0.000782019
2112 0.000780265
2113 0.000778554
2114 0.000776815
2115 0.000775104
2116 0.000773496
2117 0.000771762
2118 0.000770099
2119 0.000768496
2120 0.000766793
2121 0.000765254
2122 0.000763601
2123 0.000761925
2124 0.000761069
2125 0.000760619
2126 0.000758887
2127 0.000757638
2128 0.000755626
2129 0.000754507
2130 0.000753472
2131 0.000751596
2132 0.000749846
2133 0.000748121
2134 0.000746518
2135 0.000745114
2136 0.000743699
2137 0.000741917
2138 0.000740259
2139 0.000738651
2140 0.000737463
2141 0.000736081
2143 0.000735616
2144 0.000734331
2146 0.000733178
2147 0.000733082
2148 0.000732435
2149 0.000731462
2151 0.000730679
2152 0.000729273
2153 0.000728076
2155 0.000727628
2156 0.000726518
2157 0.000726062
2160 0.000724637
2161 0.000723696
2162 0.00072358
2163 0.000723436
2165 0.000722343
2166 0.000720896
2167 0.000719417
2168 0.000718603
2169 0.000717579
2171 0.000716819
2172 0.00071531
2174 0.000713902
2176 0.000713718
2177 0.000712155
2178 0.000711465
2179 0.000709546
2180 0.000708112
2181 0.000706949
2182 0.000705332
2183 0.000703737
2184 0.000702212
2185 0.000700613
2186 0.000699027
2187 0.000697694
2188 0.000696121
2189 0.000695503
2190 0.000694503
2191 0.000692518
2192 0.000691041
2193 0.000689685
2194 0.000688534
2195 0.000687192
2196 0.000685479
2197 0.000683905
2198 0.000682463
2199 0.000680828
2200 0.000679218
2201 0.000677596
2202 0.000675984
2203 0.000674536
2204 0.00067299
2205 0.000671357
2206 0.000669735
2207 0.000668133
2208 0.000666587
2209 0.000665086
2210 0.00066356
2211 0.000661952
2212 0.000660357
2213 0.00065878
2214 0.000657332
2215 0.00065589
2216 0.000654381
2217 0.00065291
2218 0.000651388
2219 0.000649892
2220 0.000648611
2221 0.000647431
2222 0.00064596
2223 0.000644402
2224 0.000642779
2225 0.000641167
2226 0.000639594
2227 0.000638033
2228 0.000636491
2229 0.000634963
2230 0.000633417
2231 0.000631968
2232 0.000630489
2233 0.000628956
2234 0.000627462
2235 0.000626014
2236 0.000624561
2237 0.000623141
2238 0.000621627
2239 0.000620118
2240 0.000618682
2241 0.000617167
2242 0.000615694
2243 0.00061419
2244 0.000612693
2245 0.000611272
2246 0.000609801
2247 0.000608364
2248 0.000606925
2249 0.000605556
2250 0.00060422
2251 0.000602743
2252 0.00060128
2253 0.000599827
2254 0.000598439
2255 0.000596991
2256 0.000595574
2257 0.000594253
2258 0.000592881
2259 0.000591625
2260 0.000590305
2261 0.000588961
2262 0.000587692
2263 0.000586373
2264 0.000585163
2265 0.000583967
2266 0.000582924
2267 0.000581637
2268 0.000580414
2269 0.000579466
2270 0.000578901
2271 0.000577022
2272 0.00057638
2273 0.000575719
2274 0.000574488
2275 0.000572944
2276 0.000571522
2277 0.000570232
2278 0.000569217
2279 0.000567873
2280 0.000566431
2281 0.000565093
2282 0.000563725
2283 0.00056243
2284 0.000561156
2285 0.000559963
2286 0.000558773
2287 0.000557476
2288 0.000556306
2290 0.000556036
2291 0.000555197
2292 0.000555113
