1 15.8545
11 15.7973
16 14.1811
17 11.9057
19 11.3113
20 10.0067
23 9.48213
24 9.18924
28 8.42155
29 7.51647
30 6.72709
31 5.94848
32 5.81653
33 5.7546
34 4.98111
35 4.30717
36 3.51756
37 2.89422
38 2.50438
41 2.48469
44 2.43642
45 2.37557
46 2.28365
51 2.14701
52 2.09244
53 1.88484
54 1.8421
55 1.71579
56 1.70052
57 1.62789
59 1.61723
61 1.59438
63 1.45988
66 1.45055
71 1.44861
72 1.38058
73 1.33469
74 1.33357
76 1.29428
77 1.27627
79 1.26263
80 1.22603
81 1.22027
82 1.19238
83 1.16637
86 1.16091
87 1.15774
89 1.1152
91 1.10706
93 1.10454
94 1.10435
95 1.10308
97 1.08155
98 1.06248
100 1.0601
102 1.06008
103 1.05261
104 1.03233
105 1.01202
106 1.00377
107 0.996206
108 0.986962
109 0.981155
112 0.968272
113 0.960748
114 0.945636
115 0.926508
116 0.913341
117 0.906274
118 0.886154
119 0.875415
120 0.872307
122 0.858668
125 0.848183
127 0.842343
128 0.829874
129 0.821665
130 0.819423
131 0.818161
132 0.81607
133 0.800008
134 0.785847
135 0.775035
136 0.761858
137 0.753916
139 0.751643
141 0.747743
142 0.727278
143 0.726704
144 0.712133
147 0.707981
149 0.699203
150 0.691906
151 0.69035
152 0.683121
153 0.67776
154 0.675514
156 0.666189
157 0.658216
158 0.654272
159 0.651811
160 0.647284
163 0.643229
164 0.63987
167 0.633498
168 0.62702
169 0.620534
170 0.614151
171 0.607729
172 0.601454
173 0.595135
174 0.588918
175 0.582799
176 0.577687
177 0.573931
181 0.572303
182 0.567528
184 0.561822
185 0.557957
186 0.552921
187 0.547058
188 0.540435
189 0.533966
190 0.528006
191 0.524733
192 0.52246
195 0.521423
196 0.518985
197 0.515889
199 0.514627
200 0.509076
201 0.504081
202 0.499607
203 0.494583
204 0.491817
205 0.490483
208 0.48702
211 0.485625
212 0.481485
214 0.480038
216 0.477604
220 0.472722
221 0.472311
223 0.470682
224 0.468698
227 0.464176
229 0.464048
233 0.462182
236 0.461836
237 0.460172
238 0.460075
239 0.459842
240 0.45772
241 0.457543
242 0.456607
244 0.455794
247 0.454786
250 0.454002
256 0.453976
257 0.453572
263 0.45351
