1 4171.3061619999998584
2 482.7718939999999748
3 256.7304560000000038
13 225.3248910000000080
18 196.1222449999999924
19 166.2117700000000013
25 157.1311450000000036
27 134.5668049999999880
36 134.0169089999999983
45 128.9781260000000032
52 128.6551819999999964
54 128.5549849999999878
56 128.0836679999999888
57 128.0408020000000135
58 127.8814590000000067
60 127.5236720000000048
62 127.2807109999999966
64 127.1039080000000041
66 126.7491919999999936
69 126.2857989999999972
70 126.2816420000000051
73 125.9681420000000003
74 125.8414180000000044
75 125.5198369999999954
76 125.2135310000000032
78 124.6556429999999978
79 124.4579430000000002
85 124.3852119999999957
87 124.3710470000000043
97 124.3663370000000015
104 124.3622160000000036
106 124.3622150000000062
109 124.3621980000000065
110 124.3621859999999941
122 124.3621820000000042
