1 1168591235.0000000000000000
2 1151954195.0000000000000000
3 1102758755.0000000000000000
4 961613555.0000000000000000
5 596148035.0000000000000000
6 21482195.0000000000000000
17 7616958.7759999996051192
18 1021657.7839999999850988
20 11235.3709999999991851
64 781.7390000000000327
71 164.2760000000000105
101 42.3710000000000022
141 10.1044470000000004
155 8.4628689999999995
217 8.4312430000000003
218 8.3816089999999992
233 8.3806110000000000
234 8.3803210000000004
379 8.3803049999999999
380 8.3802819999999993
