1 41.6979120000000023
3 41.5614100000000022
4 41.2299229999999994
5 40.6729989999999972
6 39.9035170000000008
7 39.2633429999999990
8 38.8651640000000000
9 38.7471639999999979
10 38.6510710000000017
11 38.6043790000000016
13 18.3153490000000012
20 17.2052520000000015
36 16.7917389999999997
39 16.7760190000000016
40 13.3529789999999995
58 6.5597209999999997
71 4.4285480000000002
89 3.4517760000000002
100 3.3018760000000000
118 2.8691040000000001
122 1.9125680000000000
123 1.0396120000000000
124 0.9250030000000000
130 0.7554560000000000
141 0.4319590000000000
142 0.2474810000000000
143 0.2022230000000000
160 0.1388590000000000
179 0.1226320000000000
205 0.1168580000000000
236 0.1161800000000000
237 0.1154410000000000
238 0.1153200000000000
247 0.1152750000000000
250 0.1151360000000000
269 0.1150480000000000
304 0.1150470000000000
317 0.1147580000000000
321 0.1145800000000000
323 0.1145410000000000
326 0.1145340000000000
330 0.1145210000000000
331 0.1145070000000000
360 0.1144510000000000
362 0.1140660000000000
379 0.1140220000000000
382 0.1139920000000000
384 0.1139870000000000
391 0.1139800000000000
392 0.1139610000000000
393 0.1139290000000000
410 0.1139160000000000
438 0.1139090000000000
439 0.1139070000000000
459 0.1139060000000000
