1 0.0463840000000000
13 0.0400420000000000
19 0.0389610000000000
36 0.0284580000000000
41 0.0224920000000000
45 0.0171190000000000
60 0.0133240000000000
73 0.0129270000000000
75 0.0127220000000000
89 0.0126510000000000
113 0.0125850000000000
131 0.0125570000000000
134 0.0125160000000000
137 0.0123510000000000
140 0.0122610000000000
144 0.0122430000000000
147 0.0121390000000000
153 0.0091510000000000
160 0.0089640000000000
163 0.0080730000000000
173 0.0042780000000000
176 0.0041010000000000
188 0.0008320000000000
229 0.0007560000000000
230 0.0002270000000000
239 0.0001490000000000
251 0.0001460000000000
265 0.0000960000000000
286 0.0000910000000000
290 0.0000860000000000
294 0.0000780000000000
307 0.0000480000000000
318 0.0000430000000000
321 0.0000390000000000
324 0.0000320000000000
334 0.0000260000000000
343 0.0000250000000000
349 0.0000240000000000
354 0.0000110000000000
382 0.0000050000000000
404 0.0000030000000000
427 0.0000020000000000
464 0.0000000000000000
