1 17605.0000000000000000
2 17479.0000000000000000
3 17101.0000000000000000
4 15967.0000000000000000
5 12565.0000000000000000
6 2359.0000000000000000
17 1456.2799999999999727
18 489.4959999999999809
20 32.3200000000000003
104 29.3299999999999983
120 16.2399999999999984
134 14.2300000000000004
172 14.2255000000000003
173 14.2218999999999998
185 14.2111000000000001
236 14.2098999999999993
237 14.2005999999999997
408 14.2004339999999996
410 14.2002889999999997
412 14.2001790000000003
424 14.2001249999999999
425 14.2000259999999994
511 14.2000229999999998
513 14.2000180000000000
519 14.2000170000000008
523 14.2000150000000005
527 14.2000139999999995
529 14.2000130000000002
531 14.2000119999999992
535 14.2000039999999998
537 14.2000019999999996
552 14.2000010000000003
641 14.1999999999999993
