1 16.1741129999999984
4 2.2657039999999999
8 1.9483349999999999
9 1.6777299999999999
10 1.5254250000000000
11 1.5134580000000000
24 1.3765330000000000
38 1.1096839999999999
39 0.5515260000000000
56 0.1180200000000000
69 0.0890390000000000
76 0.0654170000000000
86 0.0588180000000000
100 0.0528530000000000
111 0.0475270000000000
127 0.0464080000000000
128 0.0451700000000000
153 0.0349450000000000
154 0.0323620000000000
162 0.0286310000000000
179 0.0260910000000000
190 0.0260060000000000
191 0.0259260000000000
194 0.0253560000000000
208 0.0249260000000000
239 0.0248840000000000
241 0.0248310000000000
245 0.0248030000000000
246 0.0247760000000000
250 0.0247640000000000
253 0.0247480000000000
256 0.0245630000000000
287 0.0245340000000000
305 0.0245250000000000
326 0.0245210000000000
343 0.0245200000000000
357 0.0245190000000000
380 0.0245180000000000
