1 2.0934200000000001
5 2.0223740000000001
11 1.3748730000000000
18 1.3350800000000000
29 1.0032600000000000
66 0.9357970000000000
86 0.7575240000000000
106 0.7170640000000000
130 0.6205220000000000
131 0.5475260000000000
132 0.4216660000000000
142 0.3839470000000000
151 0.3796290000000000
179 0.3405370000000000
180 0.3239200000000000
218 0.3098420000000000
219 0.2975110000000000
242 0.2906090000000000
256 0.2862630000000000
259 0.2671810000000000
266 0.2215970000000000
296 0.2200160000000000
298 0.2109360000000000
304 0.2020850000000000
307 0.1942430000000000
314 0.1776600000000000
341 0.1769890000000000
346 0.1746150000000000
347 0.1708550000000000
368 0.1588130000000000
373 0.1388600000000000
391 0.1268110000000000
397 0.1208880000000000
417 0.1176660000000000
425 0.1143770000000000
432 0.1143550000000000
438 0.1122390000000000
440 0.1112780000000000
443 0.1057340000000000
461 0.1054110000000000
462 0.1050830000000000
471 0.1041880000000000
474 0.1027360000000000
495 0.1021730000000000
504 0.0998690000000000
552 0.0994420000000000
557 0.0991450000000000
561 0.0984780000000000
565 0.0964820000000000
566 0.0957050000000000
597 0.0949510000000000
605 0.0914660000000000
636 0.0798850000000000
645 0.0787140000000000
654 0.0753260000000000
655 0.0742950000000000
671 0.0739410000000000
675 0.0736530000000000
676 0.0710080000000000
697 0.0708350000000000
699 0.0704070000000000
701 0.0689780000000000
706 0.0680630000000000
724 0.0675610000000000
727 0.0670240000000000
732 0.0668970000000000
778 0.0648480000000000
787 0.0640210000000000
807 0.0628700000000000
810 0.0605640000000000
826 0.0587980000000000
868 0.0581070000000000
881 0.0580310000000000
893 0.0575630000000000
900 0.0574370000000000
907 0.0573790000000000
909 0.0572670000000000
914 0.0571780000000000
916 0.0570800000000000
918 0.0566790000000000
929 0.0563380000000000
930 0.0561760000000000
938 0.0556560000000000
940 0.0554540000000000
943 0.0549480000000000
944 0.0536590000000000
960 0.0501170000000000
978 0.0454160000000000
1027 0.0451600000000000
1032 0.0448440000000000
1038 0.0447970000000000
1043 0.0437970000000000
1093 0.0432340000000000
1095 0.0427800000000000
1114 0.0427140000000000
1116 0.0426150000000000
1118 0.0424200000000000
1143 0.0423650000000000
1145 0.0421750000000000
1147 0.0419960000000000
1161 0.0417400000000000
1162 0.0417370000000000
1163 0.0416360000000000
1173 0.0415560000000000
1179 0.0414680000000000
1182 0.0414230000000000
1186 0.0413100000000000
1187 0.0412790000000000
1194 0.0412340000000000
1197 0.0412200000000000
1201 0.0412090000000000
1207 0.0411510000000000
1210 0.0411380000000000
1217 0.0411110000000000
1221 0.0410790000000000
1223 0.0410680000000000
1231 0.0410190000000000
1272 0.0409790000000000
1275 0.0408760000000000
1278 0.0408350000000000
1292 0.0407990000000000
1295 0.0407870000000000
1300 0.0407860000000000
1304 0.0407550000000000
1310 0.0407210000000000
1317 0.0406930000000000
1318 0.0406740000000000
1323 0.0406680000000000
1324 0.0406580000000000
1327 0.0406220000000000
1328 0.0405980000000000
1333 0.0405930000000000
1336 0.0405400000000000
1337 0.0405270000000000
1339 0.0405160000000000
1340 0.0405140000000000
1358 0.0404970000000000
1369 0.0404910000000000
1375 0.0404890000000000
1378 0.0404840000000000
1380 0.0404770000000000
1382 0.0404610000000000
1384 0.0404550000000000
1395 0.0404480000000000
1396 0.0404400000000000
1398 0.0404350000000000
1399 0.0404300000000000
1404 0.0404230000000000
1405 0.0404150000000000
1407 0.0404120000000000
1408 0.0404090000000000
1411 0.0403970000000000
1417 0.0403760000000000
1418 0.0403660000000000
1420 0.0403600000000000
1421 0.0403530000000000
1424 0.0403470000000000
1427 0.0403390000000000
1431 0.0403370000000000
1434 0.0403110000000000
1435 0.0403030000000000
1436 0.0403000000000000
1443 0.0402910000000000
1445 0.0402660000000000
1446 0.0402650000000000
1448 0.0402600000000000
1450 0.0402530000000000
1452 0.0402490000000000
1458 0.0402430000000000
1463 0.0402360000000000
1475 0.0402300000000000
1485 0.0402290000000000
1494 0.0402240000000000
1504 0.0402230000000000
1506 0.0402200000000000
1510 0.0402190000000000
1524 0.0402180000000000
1547 0.0402170000000000
1549 0.0402150000000000
1559 0.0402130000000000
1573 0.0402120000000000
1577 0.0402110000000000
1608 0.0401870000000000
1613 0.0401810000000000
1642 0.0401800000000000
1647 0.0401770000000000
1653 0.0401760000000000
1655 0.0401750000000000
1664 0.0401740000000000
1676 0.0401730000000000
1682 0.0401720000000000
1693 0.0401710000000000
1715 0.0401700000000000
1763 0.0401690000000000
1790 0.0401680000000000
1791 0.0401670000000000
1823 0.0401660000000000
1829 0.0401650000000000
1831 0.0401620000000000
1848 0.0401590000000000
1851 0.0401580000000000
1859 0.0401570000000000
1869 0.0401560000000000
1873 0.0401530000000000
1892 0.0401520000000000
1910 0.0401480000000000
1912 0.0401450000000000
1930 0.0401430000000000
1931 0.0401420000000000
1994 0.0401410000000000
2043 0.0401400000000000
