1 3987200960.3228950500488281
14 1207293889.3761119842529297
39 1146136104.5184800624847412
40 1068673621.4097919464111328
48 1029923223.0010310411453247
51 990066064.6908570528030396
54 922363156.9227950572967529
58 869453149.6747440099716187
65 450627762.9053369760513306
84 230560610.0771799981594086
106 193731566.2336179912090302
127 6081015.9385200003162026
129 1450611.5897770000156015
163 1334295.1187130000907928
195 1332983.4378039999864995
211 1324066.1100570000708103
226 1308323.3912110000383109
242 36552.3823649999976624
244 32526.6992229999996198
259 6913.9030140000004394
347 2037.9725450000000819
349 412.6223929999999882
351 356.5513020000000211
381 45.6929969999999983
397 32.4046719999999979
399 8.9690910000000006
417 4.6189819999999999
435 2.3141240000000001
453 1.2943060000000000
455 0.6059400000000000
504 0.0069020000000000
554 0.0006760000000000
588 0.0000090000000000
590 0.0000080000000000
655 0.0000050000000000
657 0.0000030000000000
659 0.0000000000000000
