1 50.0000000000000000
5 32.6421360000000007
13 24.7435960000000001
16 17.7398610000000012
17 13.1167390000000008
34 12.8560049999999997
36 12.5557870000000005
38 9.2552979999999998
42 7.7194060000000002
43 7.3761029999999996
47 3.2126809999999999
81 3.1831450000000001
90 3.0722529999999999
99 2.7603260000000001
112 2.6652160000000000
113 2.5641569999999998
114 2.5607579999999999
118 2.4875010000000000
119 2.2899449999999999
124 2.2630010000000000
126 2.1344470000000002
127 2.0983060000000000
132 2.0269430000000002
134 1.9309160000000001
150 1.8089350000000000
151 1.7902750000000001
158 1.7126040000000000
178 1.6987170000000000
181 1.6841180000000000
184 1.6473270000000000
185 1.5916969999999999
189 1.4984890000000000
194 1.4195970000000000
195 1.3970149999999999
214 1.3793569999999999
225 1.3692620000000000
227 1.3484820000000000
228 1.3447600000000000
245 1.1955960000000001
246 1.1226840000000000
259 1.1175079999999999
278 1.1052660000000001
284 1.0976420000000000
288 0.9834690000000000
295 0.9491480000000000
306 0.9240790000000000
323 0.8985100000000000
331 0.8894110000000000
334 0.7816450000000000
335 0.7046040000000000
338 0.6063390000000000
344 0.5262690000000000
345 0.4941870000000000
346 0.4463340000000000
353 0.4332350000000000
354 0.3988720000000000
357 0.3856240000000000
358 0.3852740000000000
359 0.2400130000000000
364 0.0878330000000000
365 0.0650080000000000
389 0.0463630000000000
393 0.0264310000000000
402 0.0247950000000000
412 0.0121030000000000
423 0.0097860000000000
427 0.0087820000000000
429 0.0078530000000000
433 0.0072730000000000
436 0.0064050000000000
447 0.0056730000000000
465 0.0055340000000000
469 0.0054850000000000
480 0.0051390000000000
481 0.0050140000000000
483 0.0049330000000000
486 0.0048570000000000
488 0.0045230000000000
494 0.0042510000000000
498 0.0042310000000000
499 0.0041690000000000
500 0.0039850000000000
501 0.0034340000000000
503 0.0027140000000000
518 0.0017290000000000
519 0.0010420000000000
526 0.0003090000000000
545 0.0002680000000000
549 0.0002250000000000
553 0.0000940000000000
569 0.0000690000000000
573 0.0000590000000000
576 0.0000440000000000
594 0.0000380000000000
610 0.0000150000000000
632 0.0000130000000000
679 0.0000120000000000
680 0.0000110000000000
688 0.0000060000000000
