1 400.8987389999999778
3 397.1596379999999726
4 388.6363539999999830
5 365.1097720000000209
6 312.5065149999999790
9 292.7851590000000215
16 99.9211180000000070
24 97.7625220000000041
26 63.3194960000000009
29 62.5545940000000016
39 59.8723999999999990
42 58.0027120000000025
43 56.1103560000000030
45 53.0586050000000000
46 51.0530309999999972
48 49.3080730000000003
53 49.2664589999999976
55 49.1738860000000031
57 48.9716019999999972
62 48.9614380000000011
64 48.9598439999999968
79 48.9426150000000035
99 48.9409640000000010
129 48.9408409999999989
131 48.9407330000000016
133 48.9405929999999998
135 48.9405339999999995
137 48.9405319999999975
