1 11340481.6046440005302429
14 10217956.5680669993162155
15 6834585.2719860002398491
16 5169980.0319619998335838
34 3869432.2333220001310110
36 3585336.2511450001038611
42 3356006.9888200000859797
67 3336436.1041879998520017
72 3249839.6339739998802543
77 3200790.3686640001833439
79 3054200.7821059999987483
88 2821579.1129089999012649
103 2791868.7498750002123415
105 2573393.8644539997912943
116 2512297.8435120000503957
121 2160580.6819489998742938
155 1452571.2704529999755323
184 1095600.2109499999787658
190 1004619.5900260000489652
218 980494.7634679999900982
226 963908.0515819999855012
230 909905.2768769999966025
239 896795.9901430000318214
246 596443.8457489999709651
259 464832.0898859999724664
261 437231.8634370000218041
267 371222.9636770000215620
290 342844.8669189999927767
318 338674.2919940000283532
322 318072.3171200000215322
350 307777.0260000000125729
362 301726.4562119999900460
364 270541.6226170000154525
407 203752.4874870000057854
426 186527.4453130000038072
428 158793.4609029999992345
447 154531.3499109999975190
451 142561.5163469999970403
472 141776.6299949999956880
476 124994.4196499999961816
480 122723.3713480000005802
484 115184.0558679999958258
514 103240.8222349999996368
519 98630.4469910000043456
525 84846.2210040000063600
532 77043.5067640000052052
551 74200.4365289999986999
556 74011.7596929999999702
569 61399.7010819999995874
599 60119.2620499999975436
603 58735.0107490000009420
621 56201.6350739999979851
625 53607.1329849999965518
633 39614.2025050000011106
654 36877.8019500000009430
682 35090.1454900000026100
685 30188.2182250000005297
694 22677.8583480000015697
734 19027.7934380000006058
758 16247.4172670000007201
762 15539.2770560000008118
785 12389.7826640000002953
841 11899.1227259999996022
845 11326.3820120000000315
848 10718.1077330000007350
853 9708.3278140000002168
864 8825.4145430000007764
870 8670.7708640000000742
877 8185.3462209999997867
894 7263.3984239999999772
912 7221.7837300000001051
930 7174.9294470000004367
932 6550.9568269999999757
934 6306.8392560000002049
941 6257.3680969999995796
943 6228.5288629999995464
945 6040.3570099999997183
955 5391.0961580000002868
980 4615.0228390000002037
989 4081.1262219999998706
1002 3730.5442680000001019
1036 3694.8360680000000684
1038 3063.2863649999999325
1049 2973.7489179999997759
1081 2765.5957790000002205
1119 2123.2464949999998680
1124 2078.9271929999999884
1139 2059.6400810000000092
1147 2052.2099990000001526
1149 2019.0542319999999563
1151 1987.7844780000000355
1153 1964.7832650000000285
1155 1846.4882390000000214
1161 1832.8495279999999639
1165 1735.1586059999999634
1168 1668.4002109999998993
1198 1642.8210690000000795
1202 1393.1410140000000411
1211 1232.2819839999999658
1233 1104.3383160000000771
1256 1041.9369200000001001
1261 1032.0299239999999372
1263 981.6960149999999885
1285 923.8772979999999961
1288 892.0443940000000111
1291 826.2768069999999625
1293 598.6386469999999917
1321 544.0837900000000218
1331 535.0487960000000385
1334 514.0399889999999914
1337 503.3597379999999930
1360 467.4048660000000268
1362 461.8243249999999875
1366 451.6095270000000141
1367 415.3555160000000228
1372 400.3467239999999947
1415 399.0083030000000122
1416 392.2921099999999797
1418 389.5846070000000054
1421 382.7981389999999919
1425 370.2234530000000063
1431 367.5632340000000227
1437 362.6133820000000014
1440 350.4755220000000122
1445 342.0430569999999761
1447 338.3390840000000139
1475 335.5243070000000216
1479 334.0371989999999869
1481 333.1912169999999946
1487 313.6512060000000019
1498 304.6096689999999967
1499 300.1158810000000017
1508 292.4334460000000036
1519 274.9753929999999968
1520 272.9592030000000022
1525 260.3629589999999894
1533 260.0643900000000031
1536 252.2122840000000110
1564 252.1058769999999924
1574 185.7493849999999895
1595 183.3676220000000114
1597 175.4721169999999972
1600 174.7869750000000124
1628 171.6827759999999898
1635 145.1066299999999956
1636 115.5676660000000027
1661 114.2872330000000005
1664 91.1458769999999987
1702 86.8736619999999959
1710 80.5411689999999965
1716 80.1739149999999938
1721 78.1428769999999986
1725 76.4145539999999954
1729 74.5223579999999970
1731 72.9861340000000069
1734 62.5860979999999998
1739 56.3777710000000027
1779 49.0212879999999984
1784 44.4222559999999973
1794 39.1491510000000034
1809 36.0727029999999971
1811 35.8305719999999965
1814 34.2771060000000034
1818 32.6589779999999976
1829 31.9406089999999985
1832 30.8435290000000002
1836 30.1045969999999983
1840 27.9851449999999993
1847 25.4901049999999998
1857 24.9168839999999996
1859 24.3645010000000006
1863 23.4392700000000005
1867 22.5502360000000017
1882 19.6485489999999992
1888 15.6241859999999999
1906 14.0885529999999992
1913 10.9260330000000003
1958 9.7807530000000007
1963 9.1026530000000001
1977 8.6694630000000004
1986 8.3539569999999994
2010 8.3218069999999997
2014 8.3133590000000002
2015 8.2088500000000000
2018 7.1949350000000001
2030 6.6951250000000000
2051 6.5064940000000000
2057 6.2329739999999996
2084 6.0745230000000001
2105 5.9317430000000000
2109 5.1139330000000003
2120 5.0744850000000001
2128 4.7824200000000001
2133 4.3499230000000004
2154 4.2011260000000004
2167 4.0886760000000004
2170 4.0712919999999997
2177 4.0374800000000004
2182 3.7007870000000000
2193 3.6507790000000000
2196 3.6350220000000002
2199 3.5500419999999999
2212 3.4181279999999998
2238 3.2972929999999998
2242 1.9185840000000001
2268 1.9136730000000000
2278 1.8763010000000000
2298 1.2781430000000000
2317 1.2438849999999999
2328 1.2416620000000000
2330 1.1790989999999999
2333 1.0131630000000000
2337 0.9957890000000000
2339 0.9550750000000000
2346 0.8512370000000000
2360 0.7399250000000001
2372 0.7304410000000000
2373 0.6150590000000000
2397 0.5712960000000000
2398 0.5478340000000000
2419 0.4889480000000000
2448 0.4862760000000000
2452 0.4457170000000000
2471 0.4326540000000000
2475 0.3838700000000000
2494 0.3776630000000000
2502 0.3442060000000000
2510 0.3236810000000000
2517 0.3149220000000000
2521 0.3148090000000000
2524 0.3049540000000000
2526 0.2926130000000000
2531 0.2786860000000000
2539 0.2701670000000000
2544 0.2501610000000000
2560 0.1935980000000000
2597 0.1665310000000000
2605 0.1397200000000000
2623 0.1053120000000000
2658 0.0886240000000000
2668 0.0869910000000000
2677 0.0805020000000000
2701 0.0792350000000000
2705 0.0698470000000000
2727 0.0658920000000000
2735 0.0614120000000000
2737 0.0606720000000000
2738 0.0565750000000000
2744 0.0475140000000000
2748 0.0455760000000000
2759 0.0349360000000000
2790 0.0310330000000000
2801 0.0307520000000000
2804 0.0298640000000000
2805 0.0252380000000000
2807 0.0235670000000000
2818 0.0221220000000000
2824 0.0198260000000000
2847 0.0156070000000000
2907 0.0152940000000000
2926 0.0128220000000000
2945 0.0098510000000000
2989 0.0087150000000000
2996 0.0078110000000000
2999 0.0066490000000000
3020 0.0060720000000000
3029 0.0040010000000000
3047 0.0037050000000000
3066 0.0030970000000000
3102 0.0024000000000000
3133 0.0021500000000000
3142 0.0021160000000000
3147 0.0021000000000000
3153 0.0017000000000000
3188 0.0016040000000000
3190 0.0015390000000000
3206 0.0015320000000000
3226 0.0007010000000000
3310 0.0006770000000000
3315 0.0006730000000000
3317 0.0006310000000000
3329 0.0005980000000000
3336 0.0005380000000000
3345 0.0005120000000000
3347 0.0004930000000000
3350 0.0004880000000000
3352 0.0004620000000000
3358 0.0004320000000000
3367 0.0003600000000000
3382 0.0003410000000000
3393 0.0003400000000000
3396 0.0003390000000000
3402 0.0002960000000000
3409 0.0002910000000000
3422 0.0002700000000000
3424 0.0002550000000000
3430 0.0002540000000000
3432 0.0002280000000000
3439 0.0002270000000000
3441 0.0002210000000000
3449 0.0001770000000000
3482 0.0001610000000000
3483 0.0001170000000000
3506 0.0001070000000000
3510 0.0000940000000000
3532 0.0000930000000000
3552 0.0000920000000000
3553 0.0000880000000000
3558 0.0000780000000000
3560 0.0000770000000000
3564 0.0000740000000000
3574 0.0000670000000000
3576 0.0000640000000000
3582 0.0000590000000000
3588 0.0000570000000000
3606 0.0000490000000000
3608 0.0000480000000000
3660 0.0000460000000000
3672 0.0000450000000000
3677 0.0000440000000000
3678 0.0000410000000000
3715 0.0000400000000000
3720 0.0000270000000000
3738 0.0000260000000000
3744 0.0000230000000000
3761 0.0000170000000000
3783 0.0000140000000000
3799 0.0000130000000000
3828 0.0000120000000000
3841 0.0000110000000000
3866 0.0000100000000000
3871 0.0000090000000000
3874 0.0000080000000000
3913 0.0000070000000000
3935 0.0000050000000000
3971 0.0000040000000000
3998 0.0000030000000000
4039 0.0000020000000000
