1 112169.0000000000000000
2 110486.0000000000000000
3 105437.0000000000000000
4 90290.0000000000000000
5 44849.0000000000000000
7 37556.0000000000000000
8 15677.0000000000000000
10 2213.0000000000000000
54 1863.8599999999999000
70 1302.8599999999999000
74 1252.3699999999998909
76 1235.5399999999999636
82 113.5400000000000063
114 29.3900000000000006
165 21.6402000000000001
199 15.4244000000000003
237 15.3979999999999997
294 15.3820409999999992
304 15.3819689999999998
305 15.3817529999999998
306 15.3802950000000003
307 15.3762089999999993
375 15.3751239999999996
466 15.3751200000000008
474 15.3751040000000003
482 15.3750540000000004
489 15.3750300000000006
516 15.3750269999999993
517 15.3750180000000007
561 15.3750040000000006
606 15.3750029999999995
658 15.3750020000000003
689 15.3750009999999993
703 15.3750000000000000
