1 0.0337630000000000
39 0.0316910000000000
47 0.0279820000000000
50 0.0264250000000000
57 0.0253960000000000
59 0.0239340000000000
61 0.0232280000000000
65 0.0229190000000000
68 0.0223650000000000
73 0.0221790000000000
77 0.0216320000000000
79 0.0209680000000000
84 0.0199720000000000
88 0.0195020000000000
101 0.0193530000000000
104 0.0190340000000000
105 0.0183010000000000
112 0.0176730000000000
114 0.0176510000000000
122 0.0175700000000000
126 0.0174080000000000
132 0.0167330000000000
133 0.0165130000000000
138 0.0162690000000000
139 0.0158930000000000
144 0.0155590000000000
145 0.0154330000000000
148 0.0148920000000000
149 0.0140430000000000
155 0.0139180000000000
159 0.0135610000000000
161 0.0133770000000000
163 0.0131190000000000
165 0.0120480000000000
166 0.0115320000000000
173 0.0113270000000000
177 0.0107650000000000
179 0.0105780000000000
182 0.0098470000000000
183 0.0087620000000000
194 0.0085960000000000
197 0.0080700000000000
200 0.0077070000000000
206 0.0076180000000000
208 0.0071840000000000
220 0.0070640000000000
223 0.0070260000000000
233 0.0070000000000000
237 0.0069800000000000
239 0.0069380000000000
241 0.0067630000000000
281 0.0066290000000000
284 0.0065710000000000
286 0.0063570000000000
287 0.0063250000000000
312 0.0062950000000000
320 0.0062470000000000
341 0.0062010000000000
365 0.0060830000000000
386 0.0060660000000000
388 0.0060340000000000
393 0.0059870000000000
396 0.0059290000000000
416 0.0059210000000000
436 0.0058960000000000
439 0.0058880000000000
460 0.0058530000000000
479 0.0058150000000000
485 0.0058110000000000
486 0.0057740000000000
488 0.0057620000000000
494 0.0057200000000000
501 0.0056670000000000
502 0.0056370000000000
533 0.0055940000000000
537 0.0055620000000000
541 0.0055170000000000
545 0.0054750000000000
546 0.0054460000000000
549 0.0053790000000000
550 0.0053380000000000
583 0.0053310000000000
619 0.0053040000000000
621 0.0052900000000000
622 0.0052140000000000
635 0.0051370000000000
652 0.0051350000000000
656 0.0051090000000000
689 0.0051080000000000
691 0.0050960000000000
698 0.0050530000000000
712 0.0050370000000000
729 0.0050260000000000
762 0.0049690000000000
776 0.0049520000000000
807 0.0049320000000000
815 0.0049260000000000
822 0.0049240000000000
826 0.0049210000000000
827 0.0049190000000000
830 0.0049140000000000
833 0.0049110000000000
838 0.0049030000000000
852 0.0049000000000000
856 0.0048960000000000
861 0.0048920000000000
916 0.0048680000000000
920 0.0048650000000000
938 0.0048580000000000
953 0.0048520000000000
954 0.0048490000000000
961 0.0048430000000000
972 0.0048370000000000
973 0.0048350000000000
983 0.0048330000000000
985 0.0048310000000000
989 0.0048270000000000
1001 0.0048250000000000
1002 0.0048230000000000
1017 0.0048220000000000
1019 0.0048210000000000
1023 0.0048200000000000
1025 0.0048180000000000
1030 0.0048160000000000
1040 0.0048150000000000
1046 0.0048140000000000
1052 0.0048130000000000
1063 0.0048120000000000
1069 0.0048110000000000
1079 0.0048100000000000
1093 0.0048090000000000
1099 0.0048080000000000
1100 0.0048070000000000
1111 0.0048060000000000
1124 0.0048050000000000
1127 0.0048040000000000
1138 0.0048030000000000
1160 0.0047970000000000
1163 0.0047930000000000
1164 0.0047910000000000
1209 0.0047900000000000
1238 0.0047890000000000
1278 0.0047880000000000
1282 0.0047850000000000
1284 0.0047820000000000
1286 0.0047810000000000
1317 0.0047800000000000
1332 0.0047760000000000
1348 0.0047750000000000
1350 0.0047740000000000
1403 0.0047730000000000
