1 21.8828570000000013
3 21.8203309999999995
4 21.6629560000000012
5 18.9515929999999990
6 10.7883329999999997
8 9.9354160000000000
9 9.4171429999999994
11 8.2574020000000008
21 7.7469679999999999
22 7.1009690000000001
29 6.4773170000000002
30 4.0287759999999997
31 3.6136629999999998
37 3.0000070000000001
42 2.7644560000000000
43 2.4716990000000001
44 2.0915260000000000
45 1.4664290000000000
48 1.3982180000000000
50 1.1698510000000000
53 0.4134450000000000
82 0.3265310000000000
91 0.1317140000000000
93 0.1280420000000000
150 0.1273110000000000
152 0.1271950000000000
153 0.1268410000000000
154 0.1265700000000000
155 0.1263200000000000
156 0.1254090000000000
173 0.1252440000000000
178 0.1251990000000000
179 0.1250630000000000
180 0.1250010000000000
188 0.1249040000000000
204 0.1248920000000000
226 0.1245980000000000
251 0.1245640000000000
253 0.1244350000000000
258 0.1244290000000000
263 0.1244090000000000
265 0.1243960000000000
284 0.1243910000000000
289 0.1243900000000000
293 0.1243800000000000
297 0.1243710000000000
336 0.1243700000000000
341 0.1243690000000000
346 0.1243680000000000
348 0.1243650000000000
349 0.1243620000000000
358 0.1243590000000000
409 0.1243580000000000
411 0.1243560000000000
412 0.1243500000000000
436 0.1243490000000000
442 0.1243480000000000
453 0.1243470000000000
486 0.1243460000000000
488 0.1243450000000000
