1 9.6059350000000006
5 9.5229219999999994
11 7.6497349999999997
17 6.8438660000000002
24 6.6394349999999998
56 6.1436479999999998
57 6.1318520000000003
68 5.9739829999999996
77 5.8323210000000003
80 5.6498580000000000
87 5.0854660000000003
97 4.8425529999999997
117 4.1609369999999997
123 3.9111340000000001
127 3.5061170000000002
180 3.4391560000000001
185 3.4317980000000001
192 3.2476029999999998
197 3.0139459999999998
213 2.9843510000000002
245 2.9196939999999998
248 2.9146899999999998
250 2.8617460000000001
269 2.8414280000000001
279 2.7958620000000001
281 2.7767210000000002
295 2.7694869999999998
297 2.7505769999999998
298 2.6907619999999999
310 2.4455249999999999
330 2.3052389999999998
349 2.2826209999999998
390 2.2501650000000000
392 2.2023609999999998
402 2.1506059999999998
410 2.1207790000000002
413 2.0981079999999999
414 2.0640830000000001
417 2.0363250000000002
418 2.0015589999999999
450 1.9389030000000000
479 1.9221690000000000
482 1.8936470000000001
502 1.8889800000000001
512 1.8862650000000001
534 1.8676619999999999
538 1.8440460000000001
563 1.8152820000000001
569 1.8061780000000001
604 1.7815420000000000
606 1.7487699999999999
610 1.7481700000000000
627 1.7364210000000000
663 1.7352930000000000
666 1.7235339999999999
674 1.6957570000000000
711 1.6951950000000000
714 1.6865239999999999
716 1.6646380000000001
717 1.6599290000000000
719 1.6507160000000001
738 1.5935560000000000
754 1.5519289999999999
787 1.4983700000000000
822 1.4937360000000000
826 1.4918169999999999
832 1.4912820000000000
834 1.4850500000000000
846 1.4827969999999999
848 1.4807239999999999
849 1.4805900000000001
851 1.4792270000000001
857 1.4723059999999999
865 1.4707250000000001
870 1.4677680000000000
873 1.4675879999999999
887 1.4583150000000000
888 1.4580569999999999
895 1.4573970000000001
935 1.4555240000000000
941 1.4511890000000001
972 1.4488669999999999
973 1.4485850000000000
980 1.4484870000000001
988 1.4476230000000001
990 1.4455940000000000
992 1.4433760000000000
993 1.4418850000000001
1009 1.4399789999999999
1010 1.4387770000000000
1014 1.4385950000000001
1016 1.4383790000000001
1017 1.4379310000000001
1020 1.4360409999999999
1021 1.4359930000000001
1030 1.4354460000000000
1031 1.4338919999999999
1036 1.4331020000000001
1040 1.4304509999999999
1043 1.4298290000000000
1044 1.4280269999999999
1058 1.4268540000000001
1059 1.4247320000000001
1067 1.4217510000000000
1068 1.4205909999999999
1069 1.4199500000000000
1070 1.4153480000000001
1079 1.4142800000000000
1080 1.4132860000000000
1081 1.4085650000000001
1082 1.4078130000000000
1090 1.4064390000000000
1101 1.4056860000000000
1111 1.4043650000000001
1112 1.4036550000000001
1138 1.4018990000000000
1146 1.4009750000000001
1149 1.4000610000000000
1151 1.3988380000000000
1152 1.3979649999999999
1198 1.3947030000000000
1203 1.3931469999999999
1226 1.3925559999999999
1229 1.3902580000000000
1262 1.3894740000000001
1267 1.3827350000000000
1300 1.3771000000000000
1306 1.3687560000000001
1324 1.3666180000000001
1325 1.3650430000000000
1331 1.3640950000000001
1356 1.3638790000000001
1363 1.3637390000000000
1367 1.3629840000000000
1376 1.3629450000000001
1378 1.3622840000000001
1382 1.3619650000000001
1383 1.3607530000000001
1406 1.3596630000000001
1423 1.3594290000000000
1431 1.3589460000000000
1443 1.3588810000000000
1446 1.3588370000000001
1450 1.3582150000000000
1515 1.3580490000000001
1529 1.3580070000000000
1541 1.3577480000000000
1542 1.3570070000000001
1567 1.3565520000000000
1573 1.3561580000000000
1574 1.3549960000000001
1590 1.3549450000000001
1593 1.3541259999999999
1594 1.3538740000000000
1597 1.3517159999999999
1618 1.3513809999999999
1637 1.3504959999999999
1644 1.3494299999999999
1651 1.3483510000000001
1658 1.3474580000000000
1659 1.3462799999999999
1667 1.3454900000000001
1668 1.3448850000000001
1671 1.3445309999999999
1675 1.3445080000000000
1676 1.3437660000000000
1679 1.3425840000000000
1680 1.3414230000000000
1684 1.3412459999999999
1688 1.3405879999999999
1694 1.3394349999999999
1695 1.3389160000000000
1697 1.3383719999999999
1698 1.3373200000000001
1699 1.3367929999999999
1700 1.3349180000000000
1708 1.3337150000000000
1709 1.3322010000000000
1715 1.3299230000000000
1717 1.3297010000000000
1722 1.3289670000000000
1725 1.3284780000000000
1726 1.3282879999999999
1731 1.3279829999999999
1733 1.3258150000000000
1744 1.3248830000000000
1747 1.3242400000000001
1755 1.3215669999999999
1756 1.3184199999999999
1775 1.3179950000000000
1798 1.3157430000000001
1799 1.3149270000000000
1811 1.3106230000000001
1829 1.3103490000000000
1830 1.3065050000000000
1876 1.3049109999999999
1881 1.3041160000000001
1885 1.3016239999999999
1886 1.2998719999999999
1896 1.2998110000000000
1897 1.2973749999999999
1899 1.2968109999999999
1900 1.2936559999999999
1906 1.2931490000000001
1908 1.2929340000000000
1910 1.2922920000000000
1911 1.2919110000000000
1912 1.2860499999999999
1913 1.2792310000000000
1929 1.2764750000000000
1930 1.2732450000000000
1935 1.2705379999999999
1936 1.2663270000000000
1942 1.2638090000000000
1943 1.2623080000000000
1946 1.2610239999999999
1947 1.2569410000000001
1950 1.2555490000000000
1951 1.2498700000000000
1959 1.2448010000000000
1960 1.2437300000000000
1964 1.2430770000000000
1965 1.2421789999999999
1966 1.2403210000000000
1970 1.2368910000000000
1971 1.2336180000000001
1987 1.2319279999999999
1988 1.2288220000000001
1995 1.2284269999999999
2005 1.2269859999999999
2007 1.2233300000000000
2008 1.2226049999999999
2040 1.2222800000000000
2044 1.2221919999999999
2048 1.2208540000000001
2049 1.2191799999999999
2081 1.2183590000000000
2104 1.2178960000000001
2119 1.2172030000000000
2128 1.2165420000000000
2130 1.2161230000000001
2134 1.2157540000000000
2135 1.2155810000000000
2147 1.2154560000000001
2152 1.2153240000000001
2154 1.2144349999999999
2202 1.2143940000000000
2210 1.2142290000000000
2222 1.2140139999999999
2228 1.2139640000000000
2234 1.2138279999999999
2274 1.2137370000000001
2307 1.2135060000000000
2310 1.2133980000000000
2314 1.2132330000000000
2315 1.2129740000000000
2316 1.2123400000000000
2350 1.2121940000000000
2356 1.2120839999999999
2360 1.2115870000000000
2366 1.2111590000000001
2384 1.2106800000000000
2405 1.2105520000000001
2408 1.2104060000000001
2415 1.2102580000000001
2421 1.2097979999999999
2436 1.2097860000000000
2439 1.2096810000000000
2448 1.2095680000000000
2450 1.2094630000000000
2460 1.2094039999999999
2463 1.2093039999999999
2467 1.2092870000000000
2485 1.2092470000000000
2491 1.2092440000000000
2492 1.2091080000000001
2495 1.2090939999999999
2497 1.2090799999999999
2504 1.2090120000000000
2512 1.2088310000000000
2549 1.2087450000000000
2555 1.2087370000000000
2576 1.2087349999999999
2582 1.2087330000000001
2610 1.2087000000000001
2611 1.2086840000000001
2629 1.2086380000000001
2663 1.2086220000000001
2667 1.2085939999999999
2672 1.2085720000000000
2708 1.2085699999999999
2714 1.2085600000000001
2717 1.2084809999999999
2721 1.2084750000000000
2726 1.2084710000000001
2727 1.2084630000000001
2763 1.2084349999999999
2770 1.2084170000000001
2774 1.2083930000000001
2796 1.2083590000000000
2818 1.2083489999999999
2822 1.2083400000000000
2827 1.2083159999999999
2854 1.2082919999999999
2880 1.2082880000000000
2881 1.2082860000000000
2895 1.2082850000000001
2904 1.2082839999999999
2909 1.2082830000000000
2910 1.2082740000000001
2911 1.2082720000000000
2914 1.2082679999999999
2918 1.2082610000000000
2928 1.2082500000000000
2929 1.2082370000000000
2941 1.2082360000000001
2943 1.2082329999999999
2945 1.2082210000000000
2946 1.2082010000000001
2951 1.2081990000000000
2952 1.2081740000000001
2957 1.2081700000000000
2958 1.2081420000000000
2962 1.2081400000000000
2963 1.2081100000000000
2967 1.2080979999999999
2969 1.2080860000000000
2973 1.2080660000000001
3020 1.2080439999999999
3038 1.2080150000000001
3047 1.2080109999999999
3054 1.2080070000000001
3060 1.2080020000000000
3062 1.2079970000000000
3074 1.2079960000000001
3079 1.2079899999999999
3082 1.2079789999999999
3125 1.2079690000000001
3161 1.2079629999999999
3168 1.2079610000000001
3170 1.2079580000000001
3195 1.2079569999999999
3202 1.2079510000000000
3243 1.2079409999999999
3244 1.2079400000000000
3251 1.2079390000000001
3257 1.2079350000000000
3258 1.2079279999999999
3262 1.2079240000000000
3263 1.2079169999999999
3271 1.2079100000000000
3272 1.2078990000000001
3277 1.2078949999999999
3278 1.2078819999999999
3284 1.2078690000000001
3285 1.2078460000000000
3293 1.2078359999999999
3294 1.2078169999999999
3296 1.2078150000000001
3297 1.2077840000000000
3302 1.2077810000000000
3303 1.2077400000000000
3308 1.2077249999999999
3309 1.2076720000000001
3314 1.2076549999999999
3315 1.2075840000000000
3320 1.2075739999999999
3321 1.2074890000000000
3326 1.2074549999999999
3327 1.2073419999999999
3331 1.2073330000000000
3332 1.2071900000000000
3337 1.2071710000000000
3338 1.2070090000000000
3342 1.2069600000000000
3343 1.2067380000000001
3348 1.2066950000000001
3349 1.2064880000000000
3353 1.2064790000000001
3354 1.2062889999999999
3356 1.2062790000000001
3357 1.2059830000000000
3364 1.2059730000000000
3379 1.2059460000000000
3393 1.2058409999999999
3394 1.2057500000000001
3407 1.2057329999999999
3413 1.2056830000000001
3414 1.2056110000000000
3430 1.2055790000000000
3431 1.2055290000000001
3437 1.2054879999999999
3438 1.2054549999999999
3439 1.2054440000000000
3440 1.2054130000000001
3446 1.2053540000000000
3447 1.2052689999999999
3451 1.2052259999999999
3452 1.2051440000000000
3458 1.2051050000000001
3459 1.2049510000000001
3465 1.2048700000000001
3466 1.2047369999999999
3468 1.2047340000000000
3469 1.2044910000000000
3476 1.2043170000000001
3477 1.2041409999999999
3481 1.2040900000000001
3482 1.2038450000000001
3488 1.2037370000000001
3489 1.2034069999999999
3495 1.2033450000000001
3496 1.2029790000000000
3500 1.2029559999999999
3501 1.2025349999999999
3505 1.2024760000000001
3506 1.2019629999999999
3509 1.2018329999999999
3510 1.2010200000000000
3514 1.2010080000000001
3515 1.2007900000000000
3517 1.2006900000000000
3539 1.2006850000000000
3552 1.2006500000000000
3554 1.2006360000000000
3558 1.2005340000000000
3562 1.2004990000000000
3565 1.2004930000000000
3567 1.2002260000000000
3568 1.2000970000000000
3581 1.2000740000000001
3582 1.2000020000000000
3590 1.1999550000000001
3591 1.1997390000000001
3597 1.1996670000000000
3598 1.1995180000000001
3604 1.1994110000000000
3605 1.1991529999999999
3612 1.1991220000000000
3613 1.1988610000000000
3617 1.1987650000000001
3618 1.1985220000000001
3623 1.1984340000000000
3624 1.1982139999999999
3625 1.1982040000000000
3626 1.1976940000000000
3631 1.1976439999999999
3634 1.1974510000000000
3642 1.1973940000000001
3655 1.1973579999999999
3658 1.1973450000000001
3663 1.1973370000000001
3664 1.1973160000000000
3665 1.1972879999999999
3673 1.1972020000000001
3678 1.1971290000000001
3679 1.1970930000000000
3682 1.1970700000000001
3683 1.1969259999999999
3684 1.1969170000000000
3703 1.1967200000000000
3704 1.1965889999999999
3712 1.1964900000000001
3713 1.1963390000000000
3716 1.1961970000000000
3744 1.1960890000000000
3784 1.1960860000000000
3785 1.1960759999999999
3802 1.1959260000000000
3807 1.1956960000000001
3815 1.1955640000000001
3820 1.1955150000000001
3823 1.1954950000000000
3827 1.1954739999999999
3861 1.1952030000000000
3868 1.1951710000000000
3874 1.1950250000000000
3894 1.1950019999999999
3911 1.1947880000000000
3917 1.1946230000000000
3940 1.1945619999999999
3952 1.1945349999999999
3957 1.1945129999999999
3961 1.1941269999999999
3993 1.1941109999999999
4020 1.1939510000000000
4034 1.1937040000000001
4075 1.1936230000000001
4098 1.1935899999999999
4102 1.1935460000000000
4128 1.1935009999999999
4133 1.1933579999999999
4134 1.1933260000000001
4136 1.1932739999999999
4145 1.1932149999999999
4152 1.1932090000000000
4161 1.1930930000000000
4201 1.1930719999999999
4218 1.1929540000000001
4226 1.1929240000000001
4246 1.1929129999999999
4250 1.1929060000000000
4255 1.1928600000000000
4267 1.1928090000000000
4273 1.1927939999999999
4300 1.1927850000000000
4327 1.1927460000000001
4348 1.1927300000000001
4355 1.1927239999999999
4364 1.1927170000000000
4367 1.1927090000000000
4380 1.1926890000000001
4395 1.1926820000000000
4407 1.1926740000000000
4426 1.1926699999999999
4447 1.1926660000000000
4461 1.1926440000000000
4464 1.1926270000000001
4511 1.1926180000000000
4519 1.1926110000000001
4525 1.1926049999999999
4543 1.1925990000000000
4555 1.1925969999999999
4556 1.1925900000000000
4557 1.1925880000000000
4559 1.1925859999999999
4560 1.1925779999999999
4574 1.1925760000000001
4575 1.1925660000000000
4577 1.1925650000000001
4578 1.1925520000000001
4586 1.1925500000000000
4587 1.1925380000000001
4590 1.1925340000000000
4591 1.1925129999999999
4597 1.1925049999999999
4598 1.1924790000000001
4605 1.1924650000000001
4606 1.1924310000000000
4612 1.1924269999999999
4613 1.1923969999999999
4616 1.1923830000000000
4617 1.1923390000000000
4621 1.1923340000000000
4622 1.1922779999999999
4626 1.1922539999999999
4627 1.1921660000000001
4633 1.1921470000000001
4634 1.1920489999999999
4638 1.1920200000000001
4639 1.1918910000000000
4644 1.1918679999999999
4645 1.1917089999999999
4649 1.1916840000000000
4650 1.1914940000000001
4654 1.1914830000000001
4655 1.1912510000000001
4658 1.1912069999999999
4659 1.1911240000000001
4673 1.1911140000000000
4674 1.1910570000000000
4679 1.1910540000000001
4681 1.1910520000000000
4682 1.1909900000000000
4687 1.1909879999999999
4688 1.1909030000000000
4692 1.1908939999999999
4693 1.1908060000000000
4697 1.1907890000000001
4698 1.1906580000000000
4705 1.1906440000000000
4706 1.1905910000000000
4707 1.1905690000000000
4708 1.1904040000000000
4714 1.1903509999999999
4715 1.1902150000000000
4717 1.1902120000000000
4718 1.1900720000000000
4722 1.1900379999999999
4723 1.1898629999999999
4728 1.1898089999999999
4729 1.1895770000000001
4747 1.1895279999999999
4759 1.1895210000000001
4768 1.1894990000000001
4774 1.1894210000000001
4775 1.1893410000000000
4795 1.1892830000000001
4796 1.1892339999999999
4799 1.1892330000000000
4801 1.1891790000000000
4802 1.1890879999999999
4808 1.1890390000000000
4809 1.1889430000000001
4816 1.1889200000000000
4817 1.1887669999999999
4826 1.1886470000000000
4827 1.1884340000000000
4839 1.1883900000000001
4887 1.1883800000000000
4901 1.1882980000000001
4902 1.1880530000000000
4903 1.1875700000000000
4904 1.1869630000000000
4910 1.1860260000000000
4914 1.1852980000000000
4918 1.1852199999999999
4931 1.1850220000000000
4964 1.1849639999999999
4966 1.1848620000000001
4975 1.1846890000000001
4977 1.1843950000000001
4989 1.1842280000000001
4990 1.1840980000000001
5002 1.1840269999999999
5003 1.1838320000000000
5007 1.1838100000000000
5010 1.1837329999999999
5013 1.1834929999999999
5014 1.1831579999999999
5025 1.1825930000000000
5026 1.1822889999999999
5037 1.1821219999999999
5040 1.1820740000000001
5046 1.1820180000000000
5059 1.1817240000000000
5064 1.1816480000000000
5079 1.1815480000000000
5084 1.1814659999999999
5094 1.1813610000000001
5099 1.1813170000000000
5110 1.1811250000000000
5123 1.1810650000000000
5183 1.1810499999999999
5188 1.1810050000000001
5189 1.1809490000000000
5190 1.1809330000000000
5199 1.1809160000000001
5206 1.1808870000000000
5224 1.1808719999999999
5240 1.1808689999999999
5242 1.1808520000000000
5244 1.1808080000000001
5245 1.1807799999999999
5263 1.1807730000000001
5264 1.1807669999999999
5270 1.1807399999999999
5275 1.1807360000000000
5277 1.1807270000000001
5278 1.1807019999999999
5287 1.1806930000000000
5293 1.1806550000000000
5294 1.1806289999999999
5306 1.1806120000000000
5308 1.1805969999999999
5309 1.1805690000000000
5313 1.1805540000000001
5314 1.1805460000000001
5322 1.1805150000000000
5327 1.1804800000000000
5328 1.1804770000000000
5333 1.1804640000000000
5343 1.1804410000000001
5344 1.1804319999999999
5356 1.1804190000000001
5362 1.1804180000000000
5364 1.1803969999999999
5365 1.1803870000000001
5371 1.1803729999999999
5372 1.1803470000000000
5379 1.1803420000000000
5380 1.1803200000000000
5384 1.1803129999999999
5399 1.1803040000000000
5412 1.1802880000000000
5415 1.1802370000000000
5427 1.1800820000000001
5458 1.1800390000000001
5476 1.1800090000000001
5478 1.1799850000000001
5479 1.1799789999999999
5484 1.1799310000000001
5496 1.1798470000000001
5497 1.1798040000000001
5507 1.1797940000000000
5509 1.1797830000000000
5511 1.1797390000000001
5512 1.1796880000000001
5513 1.1796329999999999
5514 1.1795370000000001
5522 1.1794760000000000
5523 1.1794309999999999
5524 1.1793800000000001
5525 1.1791840000000000
5534 1.1790490000000000
5535 1.1788080000000001
5540 1.1787470000000000
5541 1.1784820000000000
5545 1.1784370000000000
5546 1.1780919999999999
5548 1.1780500000000000
5549 1.1779139999999999
5553 1.1778489999999999
5554 1.1778480000000000
5555 1.1777370000000000
5556 1.1776130000000000
5559 1.1776080000000000
5560 1.1774389999999999
5577 1.1773659999999999
5595 1.1773380000000000
5596 1.1772810000000000
5597 1.1771119999999999
5602 1.1765300000000001
5612 1.1764420000000000
5630 1.1763889999999999
5641 1.1759379999999999
5649 1.1752380000000000
5654 1.1735100000000001
5680 1.1734960000000001
5685 1.1733210000000001
5692 1.1732180000000001
5696 1.1731100000000001
5700 1.1729010000000000
5701 1.1726740000000000
5711 1.1725790000000000
5720 1.1725369999999999
5724 1.1725270000000001
5729 1.1724060000000001
5737 1.1723800000000000
5741 1.1723140000000001
5747 1.1722930000000000
5758 1.1722260000000000
5761 1.1721640000000000
5767 1.1721210000000000
5785 1.1721150000000000
5787 1.1720850000000000
5791 1.1720820000000001
5833 1.1720640000000000
5836 1.1720299999999999
5841 1.1720109999999999
5889 1.1720090000000001
5891 1.1719120000000001
5901 1.1718729999999999
5923 1.1718550000000001
5931 1.1718540000000000
5933 1.1718260000000000
5937 1.1718240000000000
5943 1.1718000000000000
5945 1.1717839999999999
5961 1.1717810000000000
5963 1.1717690000000001
5968 1.1717670000000000
5972 1.1717660000000001
5976 1.1717460000000000
5985 1.1717450000000000
5987 1.1717329999999999
6001 1.1717200000000001
6002 1.1717169999999999
6008 1.1717100000000000
6009 1.1716979999999999
6012 1.1716970000000000
6013 1.1716890000000000
6025 1.1716720000000000
6030 1.1716690000000001
6037 1.1716679999999999
6038 1.1716569999999999
6039 1.1716540000000000
6041 1.1716519999999999
6042 1.1716450000000000
6044 1.1716420000000001
6045 1.1716340000000001
6050 1.1716200000000001
6051 1.1715940000000000
6060 1.1715679999999999
6061 1.1715510000000000
6067 1.1715450000000001
6068 1.1715380000000000
6074 1.1715370000000001
6075 1.1715260000000001
6077 1.1714979999999999
6078 1.1714899999999999
6085 1.1714789999999999
6086 1.1714599999999999
6095 1.1714160000000000
6096 1.1713579999999999
6106 1.1713300000000000
6125 1.1712910000000001
6132 1.1712210000000001
6133 1.1711720000000001
6150 1.1711389999999999
6155 1.1710849999999999
6156 1.1710460000000000
6165 1.1710430000000001
6172 1.1710380000000000
6176 1.1710170000000000
6184 1.1710100000000001
6186 1.1710069999999999
6188 1.1709630000000000
6213 1.1709490000000000
6222 1.1709480000000001
6224 1.1709220000000000
6225 1.1709179999999999
6249 1.1709130000000001
6254 1.1709120000000000
6255 1.1709060000000000
6259 1.1709020000000001
6264 1.1708950000000000
6335 1.1708930000000000
6346 1.1708879999999999
6364 1.1708840000000000
6383 1.1708799999999999
6392 1.1708780000000001
6398 1.1708760000000000
6403 1.1708750000000001
6413 1.1708740000000000
6438 1.1708719999999999
6456 1.1708710000000000
6466 1.1708700000000001
6486 1.1708689999999999
6496 1.1708660000000000
6513 1.1708630000000000
6538 1.1708620000000001
6544 1.1708590000000001
6545 1.1708580000000000
6552 1.1708550000000000
6553 1.1708510000000001
6563 1.1708470000000000
6606 1.1708419999999999
6622 1.1708410000000000
