1 20593837.2733060009777546
14 6216308.6630159998312593
15 1958.8092590000001110
26 109.1927660000000060
54 27.3319000000000010
84 6.6194080000000000
131 5.9260089999999996
141 4.8960970000000001
143 3.8031359999999999
147 3.5146910000000000
149 1.3373780000000000
186 1.1599029999999999
213 1.1363250000000000
217 0.9502699999999999
221 0.7787730000000000
242 0.6603320000000000
254 0.4664140000000000
256 0.3649930000000000
258 0.3632930000000000
331 0.3282960000000000
347 0.3244780000000000
350 0.3060320000000000
354 0.2782220000000000
355 0.2615560000000000
377 0.2571110000000000
380 0.2308450000000000
381 0.1969320000000000
384 0.1960120000000000
385 0.1604580000000000
404 0.0663840000000000
463 0.0615990000000000
473 0.0388960000000000
492 0.0352950000000000
495 0.0293980000000000
513 0.0290730000000000
517 0.0285050000000000
519 0.0265450000000000
543 0.0265070000000000
545 0.0252360000000000
554 0.0249940000000000
559 0.0247220000000000
562 0.0230940000000000
577 0.0226610000000000
581 0.0225600000000000
591 0.0223280000000000
593 0.0213320000000000
604 0.0210340000000000
608 0.0202130000000000
609 0.0195710000000000
615 0.0189530000000000
616 0.0176460000000000
630 0.0172710000000000
631 0.0170140000000000
632 0.0164730000000000
633 0.0158240000000000
637 0.0156570000000000
638 0.0155080000000000
639 0.0147730000000000
640 0.0139700000000000
642 0.0139010000000000
643 0.0129900000000000
647 0.0122650000000000
652 0.0113360000000000
661 0.0100280000000000
673 0.0094550000000000
678 0.0092970000000000
690 0.0089050000000000
701 0.0085020000000000
705 0.0084380000000000
748 0.0083350000000000
752 0.0082820000000000
754 0.0080800000000000
759 0.0079650000000000
762 0.0078980000000000
766 0.0077200000000000
775 0.0076100000000000
779 0.0073280000000000
780 0.0070600000000000
784 0.0066380000000000
805 0.0065500000000000
841 0.0060660000000000
873 0.0060610000000000
874 0.0060190000000000
881 0.0059960000000000
884 0.0058950000000000
889 0.0058690000000000
894 0.0058680000000000
896 0.0058570000000000
904 0.0058470000000000
908 0.0058070000000000
912 0.0058040000000000
913 0.0057050000000000
926 0.0056460000000000
933 0.0056160000000000
942 0.0056120000000000
948 0.0055680000000000
949 0.0055630000000000
952 0.0055300000000000
953 0.0055060000000000
959 0.0054840000000000
960 0.0054590000000000
965 0.0054140000000000
966 0.0053590000000000
976 0.0053540000000000
981 0.0052900000000000
982 0.0052500000000000
986 0.0052440000000000
987 0.0052430000000000
989 0.0052100000000000
990 0.0052010000000000
993 0.0051920000000000
996 0.0051000000000000
997 0.0050430000000000
999 0.0049890000000000
1000 0.0048680000000000
1008 0.0048370000000000
1009 0.0047840000000000
1011 0.0047130000000000
1012 0.0046120000000000
1018 0.0045970000000000
1021 0.0044880000000000
1022 0.0044380000000000
1024 0.0044300000000000
1028 0.0043490000000000
1029 0.0043210000000000
1043 0.0043150000000000
1047 0.0042180000000000
1067 0.0042170000000000
1069 0.0042160000000000
1072 0.0042120000000000
1081 0.0041930000000000
1090 0.0041910000000000
1094 0.0041900000000000
1114 0.0041870000000000
1166 0.0041790000000000
1188 0.0041760000000000
1195 0.0041720000000000
1196 0.0041690000000000
1238 0.0041650000000000
1243 0.0041600000000000
1248 0.0041590000000000
1250 0.0040290000000000
1256 0.0040060000000000
1279 0.0040020000000000
1282 0.0039440000000000
1285 0.0038360000000000
1321 0.0038010000000000
1328 0.0037920000000000
1331 0.0037830000000000
1333 0.0037350000000000
1341 0.0037290000000000
1346 0.0037100000000000
1355 0.0037050000000000
1356 0.0036790000000000
1367 0.0036730000000000
1372 0.0036700000000000
1375 0.0036670000000000
1415 0.0036560000000000
1418 0.0036530000000000
1423 0.0036490000000000
1442 0.0036270000000000
1461 0.0036250000000000
1465 0.0036080000000000
1466 0.0035990000000000
1510 0.0035980000000000
1512 0.0035960000000000
1514 0.0035940000000000
1518 0.0035880000000000
1525 0.0035870000000000
1534 0.0035850000000000
1535 0.0035750000000000
1556 0.0035740000000000
1558 0.0035730000000000
1567 0.0035720000000000
1568 0.0035700000000000
1570 0.0035690000000000
1573 0.0035680000000000
1583 0.0035670000000000
1588 0.0035640000000000
1590 0.0035630000000000
1591 0.0035600000000000
1606 0.0035590000000000
1608 0.0035560000000000
1609 0.0035530000000000
1619 0.0035520000000000
1620 0.0035500000000000
1622 0.0035480000000000
1623 0.0035430000000000
1631 0.0035390000000000
1632 0.0035330000000000
1639 0.0035300000000000
1640 0.0035230000000000
1645 0.0035200000000000
1646 0.0035140000000000
1651 0.0035110000000000
1652 0.0035050000000000
1654 0.0035020000000000
1655 0.0034910000000000
1660 0.0034870000000000
1661 0.0034740000000000
1666 0.0034720000000000
1667 0.0034630000000000
1673 0.0034580000000000
1674 0.0034570000000000
1675 0.0034540000000000
1676 0.0034530000000000
1677 0.0034430000000000
1678 0.0034310000000000
1693 0.0034290000000000
1696 0.0034140000000000
1697 0.0034020000000000
1716 0.0033970000000000
1720 0.0033940000000000
1721 0.0033880000000000
1730 0.0033800000000000
1731 0.0033770000000000
1733 0.0033760000000000
1744 0.0033730000000000
1782 0.0033690000000000
1815 0.0032360000000000
1818 0.0032120000000000
1823 0.0032030000000000
1824 0.0031920000000000
1841 0.0031870000000000
1846 0.0031850000000000
1864 0.0031840000000000
1867 0.0031830000000000
1873 0.0031670000000000
1909 0.0031650000000000
1912 0.0031560000000000
1913 0.0031540000000000
1916 0.0031510000000000
1917 0.0031470000000000
1923 0.0031460000000000
1924 0.0031420000000000
1944 0.0031290000000000
1948 0.0031200000000000
1951 0.0031140000000000
1972 0.0030930000000000
1975 0.0030880000000000
1977 0.0030070000000000
2014 0.0030010000000000
2017 0.0029670000000000
2018 0.0029620000000000
2040 0.0029080000000000
2059 0.0028940000000000
2061 0.0028800000000000
2124 0.0028640000000000
2127 0.0028330000000000
2146 0.0028200000000000
2154 0.0028130000000000
2174 0.0028060000000000
2184 0.0028030000000000
2197 0.0027980000000000
2199 0.0027960000000000
2207 0.0027900000000000
2208 0.0027890000000000
2214 0.0027840000000000
2215 0.0027790000000000
2224 0.0027760000000000
2228 0.0027710000000000
2229 0.0027690000000000
2234 0.0027680000000000
2236 0.0027670000000000
2238 0.0027640000000000
2241 0.0027570000000000
2242 0.0027520000000000
2243 0.0027510000000000
2244 0.0027420000000000
2250 0.0027380000000000
2251 0.0027350000000000
2255 0.0027330000000000
2257 0.0027230000000000
2262 0.0027220000000000
2264 0.0027140000000000
2265 0.0027100000000000
2269 0.0027090000000000
2273 0.0027080000000000
2280 0.0027020000000000
2284 0.0027010000000000
2291 0.0026990000000000
2299 0.0026980000000000
2301 0.0026890000000000
2302 0.0026850000000000
2316 0.0026830000000000
2317 0.0026780000000000
2325 0.0026740000000000
2326 0.0026660000000000
2331 0.0026650000000000
2332 0.0026580000000000
2337 0.0026490000000000
2338 0.0026360000000000
2343 0.0026320000000000
2344 0.0026190000000000
2350 0.0026140000000000
2351 0.0026090000000000
2352 0.0026030000000000
2353 0.0025900000000000
2357 0.0025870000000000
2358 0.0025800000000000
2361 0.0025690000000000
2362 0.0025550000000000
2365 0.0025530000000000
2366 0.0025470000000000
2367 0.0025430000000000
2368 0.0025400000000000
2369 0.0025370000000000
2372 0.0025300000000000
2376 0.0025290000000000
2384 0.0025060000000000
2385 0.0024930000000000
2392 0.0024920000000000
2393 0.0024910000000000
2394 0.0024700000000000
2395 0.0024400000000000
2405 0.0024380000000000
2406 0.0024260000000000
2410 0.0024250000000000
2414 0.0023870000000000
2415 0.0023500000000000
2424 0.0023240000000000
2425 0.0022920000000000
2428 0.0022750000000000
2429 0.0022260000000000
2437 0.0022200000000000
2438 0.0022060000000000
2439 0.0021950000000000
2440 0.0021750000000000
2441 0.0021620000000000
2442 0.0021270000000000
2443 0.0021230000000000
2444 0.0020610000000000
2450 0.0020560000000000
2453 0.0020090000000000
2454 0.0019810000000000
2457 0.0019610000000000
2458 0.0019430000000000
2459 0.0018790000000000
2460 0.0017710000000000
2468 0.0016960000000000
2469 0.0016100000000000
2476 0.0015670000000000
2477 0.0015340000000000
2480 0.0014910000000000
2481 0.0014740000000000
2482 0.0014030000000000
2483 0.0013140000000000
2487 0.0012660000000000
2488 0.0011780000000000
2528 0.0011720000000000
2530 0.0011680000000000
2535 0.0011620000000000
2539 0.0011570000000000
2544 0.0011550000000000
2547 0.0011530000000000
2549 0.0011520000000000
2551 0.0011510000000000
2554 0.0011500000000000
2562 0.0011460000000000
2564 0.0011450000000000
2569 0.0011360000000000
2586 0.0011350000000000
2589 0.0011340000000000
2593 0.0011250000000000
2629 0.0011170000000000
2630 0.0011070000000000
2631 0.0011000000000000
2686 0.0010860000000000
2694 0.0010850000000000
2695 0.0010830000000000
2744 0.0010710000000000
2750 0.0010540000000000
2772 0.0010470000000000
2780 0.0010340000000000
2797 0.0010320000000000
2804 0.0010260000000000
2805 0.0010200000000000
2812 0.0010150000000000
2813 0.0010130000000000
2815 0.0010060000000000
2816 0.0009960000000000
2825 0.0009900000000000
2826 0.0009790000000000
2830 0.0009690000000000
2831 0.0009470000000000
2840 0.0009340000000000
2841 0.0009090000000000
2851 0.0009020000000000
2852 0.0009010000000000
2853 0.0008770000000000
2854 0.0008470000000000
2862 0.0008390000000000
2863 0.0008230000000000
2866 0.0008140000000000
2867 0.0008050000000000
2871 0.0007980000000000
2872 0.0007960000000000
2873 0.0007900000000000
2876 0.0007870000000000
2878 0.0007810000000000
2916 0.0007790000000000
2927 0.0007780000000000
2929 0.0007730000000000
2951 0.0007720000000000
2954 0.0007710000000000
2964 0.0007690000000000
2968 0.0007680000000000
2974 0.0007640000000000
2975 0.0007610000000000
2976 0.0007560000000000
3001 0.0007550000000000
3006 0.0007520000000000
3010 0.0007490000000000
3013 0.0007440000000000
3014 0.0007370000000000
3017 0.0007290000000000
3018 0.0007150000000000
3019 0.0006840000000000
3038 0.0006770000000000
3074 0.0006500000000000
3134 0.0006480000000000
3135 0.0006380000000000
3146 0.0006370000000000
3155 0.0006360000000000
3157 0.0006310000000000
3163 0.0006300000000000
3167 0.0006280000000000
3169 0.0006260000000000
3173 0.0006230000000000
3178 0.0006220000000000
3185 0.0006160000000000
3186 0.0006110000000000
3196 0.0006100000000000
3197 0.0006070000000000
3202 0.0006060000000000
3204 0.0006050000000000
3205 0.0006040000000000
3207 0.0006000000000000
3208 0.0005960000000000
3212 0.0005930000000000
3213 0.0005890000000000
3215 0.0005880000000000
3216 0.0005790000000000
3222 0.0005770000000000
3226 0.0005740000000000
3231 0.0005700000000000
3232 0.0005690000000000
3234 0.0005620000000000
3235 0.0005520000000000
3245 0.0005510000000000
3248 0.0005480000000000
3250 0.0005440000000000
3251 0.0005420000000000
3254 0.0005400000000000
3257 0.0005340000000000
3260 0.0005330000000000
3264 0.0005220000000000
3265 0.0005160000000000
3271 0.0005100000000000
3272 0.0005070000000000
3274 0.0005050000000000
3275 0.0004990000000000
3281 0.0004980000000000
3286 0.0004950000000000
3288 0.0004920000000000
3292 0.0004900000000000
3300 0.0004890000000000
3310 0.0004880000000000
3314 0.0004870000000000
3319 0.0004860000000000
3370 0.0004850000000000
3395 0.0004840000000000
3396 0.0004830000000000
3414 0.0004820000000000
3423 0.0004810000000000
3429 0.0004780000000000
3463 0.0004740000000000
3466 0.0004540000000000
3484 0.0004090000000000
3489 0.0004080000000000
3549 0.0004070000000000
3566 0.0004060000000000
3586 0.0004050000000000
3633 0.0004040000000000
3638 0.0004030000000000
3676 0.0004020000000000
3711 0.0004010000000000
