1 133046.0959870000078809
2 81325.1308180000050925
6 74770.9721469999931287
9 54774.3401539999977103
17 35129.3549710000006598
20 18034.2429699999993318
53 3026.5753890000000865
88 1940.7593629999998939
93 1935.4865070000000742
94 1894.4688089999999647
97 1013.1587180000000217
103 909.5512390000000096
106 885.6084610000000339
109 850.2736690000000408
111 841.0171139999999923
113 822.9470599999999649
115 815.9702170000000478
117 797.5216380000000527
146 792.6823329999999714
168 791.8309110000000146
191 790.0684649999999465
199 790.0072880000000168
221 789.9635580000000346
223 789.6950600000000122
238 789.6875360000000228
239 789.6097479999999678
240 789.3731229999999641
241 789.3278739999999516
244 789.2420009999999593
257 789.2123870000000352
275 789.1085309999999708
276 788.7951110000000199
286 788.6986980000000358
297 788.6775169999999662
302 788.6585350000000290
305 788.6322269999999435
318 788.5542990000000145
334 788.5298269999999548
339 788.5141250000000355
364 788.5092429999999695
367 788.4940619999999853
368 788.4863729999999578
378 788.4857839999999669
411 788.4857130000000325
415 788.4845530000000053
416 788.4810760000000300
447 788.4794980000000351
472 788.4794940000000452
483 788.4793730000000096
501 788.4793700000000172
504 788.4793670000000247
506 788.4793600000000424
509 788.4793240000000196
510 788.4793029999999590
511 788.4792419999999993
512 788.4790590000000066
513 788.4785090000000309
514 788.4768579999999929
515 788.4719049999999925
516 788.4570210000000543
517 788.4134960000000092
518 788.2826900000000023
519 787.8721249999999827
520 786.5682540000000245
521 781.4326539999999568
604 781.3891340000000127
614 781.2651540000000523
615 780.9545409999999492
616 780.6309179999999515
619 780.3507570000000442
623 779.3746909999999843
624 778.6137750000000324
635 777.8003519999999753
641 777.3311320000000251
652 773.4218610000000353
653 769.8335660000000189
654 761.5353290000000470
681 758.6199940000000197
687 758.1629669999999805
691 757.5478920000000471
692 756.6041810000000396
694 756.0399859999999990
695 755.1345300000000407
696 753.9615360000000237
699 752.9085049999999910
700 751.9663450000000466
703 751.5639439999999922
704 750.9949209999999766
705 749.2859059999999545
706 746.9419189999999844
708 746.5074949999999490
713 746.4519830000000411
714 743.4265749999999571
716 742.3095369999999775
717 740.2468360000000303
721 737.9135939999999891
723 734.7427360000000363
740 733.6213910000000169
743 732.7600270000000364
744 732.5454029999999648
753 731.7531699999999546
756 731.2314959999999928
782 731.0279980000000251
800 730.8864839999999958
821 730.8025480000000016
832 730.7644480000000158
833 730.6565020000000459
834 730.3361489999999776
835 729.4165219999999863
844 729.1483070000000453
845 728.1833090000000084
854 727.8385960000000523
865 727.8158690000000206
876 727.7112359999999853
879 727.6307870000000548
882 726.4662980000000516
892 725.6321349999999484
893 724.6332969999999705
896 724.1354929999999968
901 723.4415169999999762
932 723.4336570000000393
936 723.4098450000000184
960 723.4039599999999837
962 723.3860039999999572
985 723.3826010000000224
1009 723.3767400000000407
1011 723.3761709999999994
1012 723.3729349999999840
1013 723.3494500000000471
1014 723.1535159999999678
1015 721.4351360000000568
1016 711.9143990000000031
1034 711.4154620000000477
1037 710.8771719999999732
1039 709.9924210000000357
1043 709.4256360000000541
1049 709.1883229999999685
1055 709.0821120000000519
1056 709.0096409999999878
1061 708.9942340000000058
1087 708.9725230000000238
1110 708.9688429999999926
1111 708.9564329999999472
1114 708.9365199999999732
1115 708.9170329999999467
1116 708.8480469999999514
1117 708.7562890000000380
1120 708.7554569999999785
1124 708.7389100000000326
1128 708.5476850000000013
1160 708.5132350000000088
1168 708.2316329999999880
1169 707.6116090000000440
1179 707.4841559999999845
1180 707.0318590000000540
1209 706.7961040000000139
1212 706.7669839999999795
1213 706.6216500000000451
1217 706.6062620000000152
1218 706.5336949999999661
1219 706.4760579999999663
1220 706.3897240000000011
1221 706.0830190000000357
1222 705.8314830000000484
1224 705.4779519999999593
1225 705.0698340000000144
1226 704.6484179999999924
1227 704.0543840000000273
1228 703.8768539999999803
1229 703.0650329999999713
1230 702.3461720000000241
1232 701.9017059999999901
1234 700.6311799999999721
1241 700.5770320000000311
1242 699.9559050000000298
1243 699.6182589999999664
1244 698.7072140000000218
1245 698.1798270000000457
1246 696.6847440000000233
1247 696.5076460000000225
1251 695.7451449999999795
1253 694.1637990000000400
1256 693.7943020000000161
1259 693.5129490000000487
1260 693.4326800000000048
1262 692.8431540000000268
1263 692.7571130000000039
1264 692.3976639999999634
1267 691.9953000000000429
1268 690.7920400000000427
1274 689.9144690000000537
1275 688.7674680000000080
1282 688.0665310000000545
1288 687.8754440000000159
1290 687.0753310000000056
1291 686.5069949999999608
1294 686.3837300000000141
1295 685.8804470000000038
1297 685.6025180000000319
1298 684.7494060000000218
1300 683.7557679999999891
1301 683.6073139999999739
1303 681.8075239999999440
1304 681.3423189999999749
1308 681.0414009999999507
1309 680.5732189999999946
1310 678.2363490000000183
1313 677.0464319999999816
1314 675.6393799999999601
1320 674.8993480000000318
1321 672.9067589999999655
1322 671.7306720000000269
1324 670.1139540000000352
1325 669.0544159999999465
1330 667.8925550000000158
1334 666.5226089999999886
1335 666.4595480000000407
1337 663.9113489999999729
1341 662.2884090000000015
1342 659.8473649999999679
1347 659.4872749999999542
1348 659.0934119999999439
1349 658.6708409999999958
1350 657.7833590000000186
1351 657.1905860000000530
1354 655.5348450000000184
1355 652.7578869999999824
1371 652.7507050000000390
1373 652.6255750000000262
1374 652.5615030000000161
1377 652.2594289999999546
1378 652.1612850000000208
1384 652.0537809999999581
1385 651.8302459999999883
1386 651.7415489999999636
1387 651.4003930000000082
1391 651.1528039999999464
1392 650.9249760000000151
1393 650.5129399999999578
1394 649.8820030000000543
1396 649.3898749999999609
1398 649.1990309999999909
1400 648.8151520000000119
1401 648.5355859999999666
1402 648.4689580000000433
1404 646.9400060000000394
1405 646.8122299999999996
1406 645.9068730000000187
1407 645.5014519999999720
1410 644.7212580000000344
1415 643.9043850000000475
1419 643.0912230000000136
1420 642.9305960000000368
1424 642.2676279999999451
1428 641.2574059999999463
1439 641.2201009999999997
1440 641.0864769999999453
1441 641.0029359999999770
1443 640.4523759999999584
1444 640.1331500000000005
1447 639.4296409999999469
1448 639.3655209999999443
1451 639.1331599999999753
1452 638.9997839999999769
1453 638.1108450000000403
1454 637.9753389999999627
1456 635.9775250000000142
1457 634.8466710000000148
1463 634.1309320000000298
1464 633.8890380000000278
1465 631.5697529999999915
1485 631.3957709999999679
1490 631.2901030000000446
1523 631.2249639999999999
1529 631.2146020000000135
1530 631.2094929999999522
1533 631.1457570000000032
1534 631.0815079999999853
1536 631.0670659999999543
1537 630.9890450000000328
1538 630.9390329999999949
1539 630.8094479999999749
1540 630.7726709999999457
1541 630.5898959999999533
1542 630.5199969999999894
1543 630.2578039999999646
1544 630.1393500000000358
1545 629.7615839999999707
1546 629.6179869999999710
1547 629.0949190000000044
1548 628.9450319999999692
1549 628.3653040000000374
1550 628.1092949999999746
1551 627.5399210000000494
1556 627.3618760000000520
1565 627.3304130000000214
1567 627.1767280000000255
1574 627.1435119999999870
1575 627.0509819999999763
1579 626.9779419999999845
1580 626.8507210000000214
1581 626.8244140000000471
1582 626.6580149999999776
1583 626.6099209999999857
1584 626.5977689999999711
1585 626.2037410000000364
1586 625.8514030000000048
1590 625.6472400000000107
1592 625.3879470000000538
1593 625.1163890000000265
1598 625.0627150000000256
1600 624.8222940000000563
1601 624.5607539999999744
1602 624.4239330000000336
1603 624.0985580000000255
1605 623.5277409999999918
1606 623.2205689999999549
1609 622.9609359999999469
1610 622.8085389999999961
1611 622.0352030000000241
1612 621.9869969999999739
1614 621.2831770000000233
1616 620.3510390000000143
1619 619.6985730000000103
1625 619.6716049999999996
1628 619.4818370000000414
1629 619.0979210000000421
1630 619.0252520000000231
1631 618.4277660000000196
1632 618.2149960000000419
1634 618.1339000000000397
1637 617.2070079999999734
1640 617.1629249999999729
1644 616.1037019999999984
1657 615.9675949999999602
1658 615.8038440000000264
1660 615.5521179999999504
1661 615.4046630000000278
1662 615.2307319999999891
1663 614.9785060000000385
1664 614.9217370000000074
1666 614.5760420000000295
1668 614.0611360000000332
1669 613.9112810000000309
1670 613.6930039999999735
1671 613.3838200000000143
1673 613.0838280000000395
1676 612.4438280000000532
1679 612.1966139999999541
1685 612.0427039999999579
1688 611.6537739999999985
1689 611.3970229999999901
1693 611.2920779999999468
1694 611.0867319999999836
1696 610.4979429999999638
1698 610.4195750000000089
1699 610.4074970000000349
1702 609.6816959999999881
1703 609.0666330000000244
1706 608.2043720000000349
1707 607.2286950000000161
1713 606.3732949999999846
1717 605.4556280000000470
1722 605.1454730000000382
1723 604.9869619999999486
1724 603.9757499999999482
1725 603.0994070000000420
1726 602.8951029999999491
1728 602.4930399999999509
1729 601.4688989999999649
1731 599.9921570000000202
1733 599.0459150000000363
1738 598.5462250000000495
1739 598.3859509999999773
1740 596.3002729999999474
1741 594.9723989999999958
1743 594.1521800000000439
1744 592.6126269999999749
1748 591.6892080000000078
1749 590.0759950000000345
1751 588.6062610000000177
1752 586.9152119999999968
1754 585.7672469999999976
1756 584.8865970000000516
1757 583.2273040000000037
1762 582.9848729999999932
1763 581.3355559999999969
1766 580.8161689999999453
1767 579.3778999999999542
1770 578.7871920000000046
1771 576.9834600000000364
1777 576.3227859999999509
1778 574.7969890000000532
1779 574.0562459999999874
1780 572.0661780000000363
1781 571.2774580000000242
1782 569.2571140000000014
1783 566.3318060000000287
1784 563.7468199999999570
1785 561.3800589999999602
1788 553.6217289999999593
1797 551.3303919999999607
1807 551.1899570000000494
1808 550.9856019999999717
1810 550.8043099999999868
1812 548.4063129999999546
1816 548.2633560000000443
1822 547.5151349999999866
1831 547.3576480000000402
1832 547.1813019999999597
1839 547.1588990000000194
1840 547.1081920000000309
1847 547.0669329999999491
1848 547.0005210000000488
1853 546.9724929999999858
1854 546.9226650000000518
1856 546.8483260000000428
1872 546.8075400000000172
1927 546.8063750000000027
1932 546.8056420000000344
1934 546.8052189999999655
1944 546.8048479999999927
1945 546.8037359999999580
1973 546.8037299999999732
1979 546.8037130000000161
1980 546.8036620000000312
1981 546.8035089999999627
1982 546.8030479999999898
1983 546.8016579999999749
1984 546.7974169999999958
1985 546.7839410000000271
1986 546.7378410000000031
1987 546.5490869999999859
1991 545.4637440000000197
1996 544.4404620000000250
2003 543.9015470000000505
2005 543.6329289999999901
2006 542.7534480000000485
2008 542.0657879999999977
2011 541.1964430000000448
2016 541.0546789999999646
2034 540.7404269999999542
2039 539.9733489999999847
2048 539.2578419999999824
2057 538.4981149999999843
2068 537.7584050000000389
2092 535.6756259999999656
2093 531.0826240000000098
2096 527.8625449999999546
2112 523.2589829999999438
2114 521.2026069999999436
2115 513.1395069999999805
2124 511.8904239999999959
2127 510.6388539999999807
2130 510.3303589999999872
2132 507.3729270000000042
2147 505.1911289999999894
2181 504.0282290000000103
2182 502.8136200000000144
2189 502.3549719999999752
2192 502.3085439999999835
2194 501.5073429999999917
2198 501.2607770000000187
2199 500.7078999999999951
2205 500.6500379999999950
2206 500.2474819999999909
2207 500.1245020000000068
2208 499.5743719999999826
2209 498.9609189999999899
2210 497.8789509999999723
2212 496.9486949999999865
2214 495.9255479999999920
2216 495.7383199999999874
2221 495.3379620000000045
2223 495.3095059999999989
2224 495.2354720000000157
2225 494.3931959999999890
2226 493.6279599999999732
2227 493.2293619999999805
2228 492.0485170000000039
2230 491.7567070000000058
2231 491.7113380000000120
2234 489.5028819999999996
2240 489.2733349999999746
2244 488.7092129999999770
2245 487.6990949999999998
2247 487.1743250000000103
2249 486.9572900000000004
2251 485.8231949999999983
2252 485.5352589999999964
2255 485.1194960000000265
2258 484.4497210000000109
2265 484.2489800000000173
2275 483.5735230000000229
2280 483.4248069999999871
2284 483.4041470000000231
2288 483.3450520000000097
2292 483.3391879999999787
2294 483.2247810000000072
2295 483.1872020000000134
2304 482.2793350000000032
2328 481.7432400000000143
2334 481.5597619999999779
2335 481.2839119999999866
2337 480.8524140000000102
2338 480.2496330000000171
2340 479.5423890000000142
2341 478.8961350000000152
2343 478.5954830000000015
2344 478.0692230000000222
2353 477.6513019999999869
2354 477.4687079999999924
2355 477.3801260000000184
2359 476.6420550000000276
2360 476.0361419999999839
2361 474.4627740000000244
2372 474.2952809999999886
2373 473.6251790000000028
2374 471.7480540000000246
2385 471.5031730000000039
2417 471.4342700000000264
2418 471.2276400000000081
2419 470.6084470000000124
2420 468.7074059999999918
2430 468.1616230000000201
2431 466.9947129999999902
2434 466.6986259999999902
2460 466.2307500000000005
2470 466.1840869999999768
2475 466.1510480000000030
2482 466.0517029999999750
2492 466.0417729999999779
2493 465.9416170000000079
2494 465.8566250000000082
2495 465.4760099999999738
2496 463.8737859999999955
2507 463.8208309999999983
2511 461.8076280000000224
2550 461.6298540000000230
2568 461.5834209999999871
2572 461.5785159999999792
2574 461.4802040000000147
2586 461.3098380000000134
2587 461.1490099999999757
2605 460.9053119999999808
2609 460.8362970000000018
2611 460.7861439999999789
2612 460.6346520000000169
2630 460.5443970000000036
2631 460.4796949999999924
2642 460.3138509999999997
2646 460.2394679999999880
2658 460.1551390000000197
2670 460.1490469999999959
2683 460.0979790000000094
2695 459.8029149999999845
2717 459.6500510000000190
2718 459.4517490000000066
2742 459.3509490000000142
2743 459.2024440000000141
2747 459.1398260000000278
2749 458.9547469999999976
2750 458.7124759999999810
2754 458.2780759999999987
2755 457.8756089999999972
2757 457.7823480000000131
2762 457.6481259999999907
2765 457.6342890000000239
2766 457.5134360000000129
2768 457.3112639999999942
2770 457.2014669999999796
2771 456.9791559999999890
2776 456.8488300000000208
2777 456.6070990000000052
2778 456.5694270000000188
2780 456.3100390000000175
2781 455.9445929999999976
2782 455.6842730000000188
2783 455.1273120000000176
2786 454.9674099999999726
2787 454.1436439999999948
2788 453.8114019999999869
2789 453.6689440000000104
2790 453.5314060000000040
2792 452.9494990000000030
2795 452.8224180000000274
2796 451.7658840000000282
2797 451.5123080000000186
2798 450.8773749999999723
2799 450.7274160000000052
2802 450.5984000000000265
2805 450.5784110000000169
2807 449.7575140000000147
2809 449.5380170000000248
2811 449.0856590000000210
2815 448.9905039999999872
2816 448.6125539999999887
2819 447.6053190000000086
2820 446.9303289999999720
2823 446.1572340000000167
2824 445.4692689999999970
2828 444.8353020000000129
2830 443.6821699999999851
2831 442.9584869999999910
2836 442.9270720000000097
2838 442.1708489999999756
2839 442.1021600000000262
2841 441.4854869999999778
2843 440.4865100000000098
2849 439.5265400000000113
2850 439.0865329999999744
2854 438.7845810000000029
2855 438.4567289999999957
2856 437.9466209999999933
2857 437.5828409999999735
2860 437.4396619999999984
2861 437.0692849999999794
2864 437.0566830000000209
2866 436.0829860000000053
2867 435.7201810000000251
2870 435.3918400000000020
2871 434.9028030000000058
2873 434.5891129999999976
2874 433.3998589999999922
2876 431.5727509999999825
2878 430.5641780000000267
2886 430.4153029999999944
2889 430.2908580000000143
2890 429.7070360000000164
2893 429.7016479999999774
2895 428.7400809999999751
2901 428.3318390000000022
2907 427.8405980000000000
2908 427.8098039999999855
2913 427.5833489999999983
2914 427.3010820000000081
2917 426.5064520000000243
2921 426.1015659999999912
2922 425.5363330000000133
2926 424.6442759999999907
2927 423.7620370000000207
2932 422.3773110000000202
2933 422.1410529999999994
2939 422.0569259999999758
2940 421.5392420000000016
2941 421.4595909999999890
2943 421.3399870000000078
2945 420.9232440000000111
2948 420.6312090000000126
2951 420.5996059999999943
2954 420.4667309999999816
2957 420.2898329999999874
2960 420.0158369999999763
2961 419.7597089999999866
2963 419.6887050000000272
2965 419.1619640000000118
2966 418.7294200000000046
2967 418.6657979999999952
2968 418.3055820000000153
2970 417.8570460000000253
2971 417.7259690000000205
2974 417.1580460000000130
2975 416.7481389999999806
2978 415.8927499999999782
2979 415.1127040000000079
2984 413.7390139999999974
2985 413.2365720000000238
2990 412.7279679999999757
2992 411.3089429999999993
2993 410.8721739999999727
2995 410.7304899999999748
2997 410.6531269999999836
2998 410.6336420000000089
2999 408.4939120000000230
3001 407.0600789999999733
3006 406.3347400000000107
3007 405.4266529999999875
3013 403.5691150000000107
3014 401.3084860000000162
3016 400.4700159999999869
3017 399.0724410000000262
3022 399.0537009999999896
3025 398.5505880000000047
3027 398.4990750000000048
3028 397.6199849999999856
3033 397.5500900000000115
3035 397.4070159999999987
3037 397.0124789999999848
3038 396.7746450000000209
3039 396.3298770000000104
3042 395.3297729999999888
3043 394.8304580000000215
3044 394.5726310000000012
3045 393.9875579999999786
3048 392.5212859999999750
3049 392.1001929999999902
3053 391.0763259999999946
3054 389.6650720000000092
3061 389.5567419999999856
3063 388.8326250000000073
3064 388.4797570000000064
3065 387.3267650000000231
3066 387.0039380000000051
3067 386.5964720000000057
3069 384.8501689999999940
3070 383.0535100000000170
3075 380.8932520000000181
3079 380.3350980000000163
3088 380.2149029999999925
3095 380.1184870000000160
3096 380.0554710000000114
3097 379.9618909999999801
3098 379.9273309999999810
3099 379.7777500000000259
3100 379.6985460000000216
3101 379.4664310000000000
3102 379.3361810000000105
3103 378.9667569999999728
3104 378.9158600000000092
3105 378.4836730000000102
3106 378.2356280000000197
3107 377.6198810000000208
3108 377.3779329999999845
3112 377.1115899999999783
3113 376.5512820000000147
3120 376.0907869999999775
3125 375.9502699999999891
3131 375.7419600000000059
3132 375.5751500000000078
3136 375.5659190000000081
3137 375.3808940000000121
3138 375.2964299999999866
3139 375.0168719999999780
3140 374.8839290000000233
3141 374.4987929999999778
3142 374.3756720000000087
3143 373.8693499999999972
3144 373.6758639999999900
3147 372.9456470000000081
3150 372.9388769999999909
3152 372.6197520000000054
3153 372.2045870000000036
3159 372.0386770000000070
3160 371.6316519999999741
3161 371.4185209999999984
3162 371.3667130000000043
3165 370.8382680000000278
3166 370.8277529999999729
3170 370.5773560000000089
3172 370.3039140000000202
3173 369.9148940000000039
3175 369.7487740000000258
3177 369.1640550000000189
3178 368.4605530000000044
3180 368.1972559999999817
3181 367.6279480000000035
3182 366.5886770000000183
3183 365.0345849999999928
3185 364.3311790000000201
3187 362.0761259999999879
3188 359.8141219999999976
3190 358.3593480000000113
3191 356.3392129999999725
3195 353.8394789999999830
3196 351.8874930000000063
3200 349.1540350000000217
