1 0.0337710000000000
26 0.0294270000000000
34 0.0262570000000000
43 0.0218390000000000
51 0.0211270000000000
52 0.0203700000000000
56 0.0186230000000000
59 0.0157770000000000
61 0.0129730000000000
62 0.0100040000000000
68 0.0091490000000000
72 0.0066950000000000
83 0.0061710000000000
85 0.0055160000000000
93 0.0047770000000000
106 0.0041560000000000
107 0.0036520000000000
111 0.0036370000000000
116 0.0035440000000000
118 0.0031590000000000
127 0.0028300000000000
128 0.0025780000000000
134 0.0024910000000000
138 0.0023240000000000
142 0.0022170000000000
144 0.0021480000000000
147 0.0020740000000000
150 0.0017750000000000
151 0.0016720000000000
154 0.0015930000000000
159 0.0015150000000000
169 0.0014230000000000
171 0.0013470000000000
184 0.0013290000000000
188 0.0006720000000000
213 0.0006640000000000
239 0.0006360000000000
244 0.0005840000000000
267 0.0004940000000000
281 0.0004380000000000
285 0.0004340000000000
286 0.0004160000000000
287 0.0003640000000000
305 0.0001680000000000
308 0.0001500000000000
309 0.0001290000000000
322 0.0001010000000000
362 0.0000980000000000
364 0.0000930000000000
368 0.0000920000000000
369 0.0000900000000000
376 0.0000890000000000
380 0.0000870000000000
386 0.0000850000000000
395 0.0000830000000000
398 0.0000160000000000
448 0.0000150000000000
451 0.0000030000000000
463 0.0000020000000000
474 0.0000010000000000
488 0.0000000000000000
