1 1356.0000000000000000
12 859.7005000000000337
13 155.4879999999999995
16 145.3854000000000042
17 39.7905000000000015
19 39.0745999999999967
21 38.6978000000000009
47 35.1304999999999978
55 28.7671999999999990
77 28.1656000000000013
80 28.1264000000000003
83 25.0499000000000009
101 24.9318999999999988
103 22.5685000000000002
124 22.3586999999999989
125 19.9497999999999998
162 19.9482999999999997
166 18.7953000000000010
222 18.6778469999999999
223 18.5383350000000000
246 18.5259460000000011
266 18.4362139999999997
286 18.3892139999999991
306 18.3843099999999993
311 18.3631740000000008
329 18.3571629999999999
334 18.3327939999999998
348 18.2855269999999983
394 18.2854729999999996
402 18.2853050000000010
406 18.2852120000000014
421 18.2844930000000012
423 18.2844540000000002
436 18.2826190000000004
438 18.2822290000000010
464 18.2818469999999991
479 18.2814909999999990
519 18.2814720000000008
521 18.2814319999999988
531 18.2814009999999989
534 18.2813580000000009
536 18.2813319999999990
538 18.2812920000000005
545 18.2812500000000000
550 18.2812480000000015
552 18.2812079999999995
581 18.2811619999999984
