1 1306.2335499999999229
3 1306.1113410000000385
4 1305.8039169999999558
5 1305.1928909999999178
6 1304.3540160000000014
7 1303.6012929999999415
8 1303.1466190000001006
9 1302.9438000000000102
10 1302.8677350000000388
11 1302.8412780000001021
12 1302.8323299999999563
13 1302.8293329999999060
14 1302.8283320000000458
15 1302.8279979999999796
16 1302.8278869999999188
17 1302.8278499999998985
18 1302.8278370000000450
19 1302.8278330000000551
20 1302.8278319999999439
21 1302.8278310000000602
22 1302.8278290000000652
23 1302.8278259999999591
24 1302.8278179999999793
25 1302.8277969999999186
26 1302.8277410000000600
27 1302.8274730000000545
28 1302.8264859999999317
29 1302.8238049999999930
30 1302.8170760000000428
31 1302.8103209999999308
32 1302.8049180000000433
33 1302.7364159999999629
34 1302.4659079999998994
35 1301.5176870000000235
36 1298.2197590000000673
37 1292.5206160000000182
38 1284.2104070000000320
39 1278.6316489999999249
40 1276.8487920000000031
41 1276.3488090000000739
42 1276.0890799999999672
43 1275.9527729999999792
45 1275.8295000000000528
47 1016.0494999999999663
48 416.7094999999999914
49 238.6895000000000095
51 138.4695000000000107
53 17.8094999999999999
89 17.5519999999999996
90 17.4303999999999988
107 17.4299999999999997
111 17.4286999999999992
134 17.4286990000000017
135 17.4286940000000001
145 17.4286929999999991
