1 50.4990230000000011
2 49.4988280000000032
3 46.4982419999999976
4 37.4964840000000024
5 15.4912109999999998
7 11.4873049999999992
20 7.6080420000000002
38 7.1638669999999998
69 6.9135549999999997
76 6.6804959999999998
78 6.6706240000000001
81 6.6527649999999996
115 6.6264950000000002
145 6.5552370000000000
146 6.4987620000000001
147 6.3391260000000003
148 5.9198290000000000
149 5.0319589999999996
155 4.1233240000000002
166 3.8302950000000000
174 3.3161559999999999
205 3.1620420000000000
239 3.0822560000000001
244 3.0276260000000002
251 2.9870969999999999
255 2.7862160000000000
283 2.7406950000000001
302 2.7033190000000000
303 2.6913790000000000
313 2.6234169999999999
367 2.5738170000000000
388 2.4792160000000001
403 1.8640380000000001
409 1.8058580000000000
414 1.6844840000000001
422 1.6805440000000000
443 1.5257380000000000
451 1.5108060000000001
452 1.4551400000000001
476 1.4358130000000000
490 1.4277370000000000
526 1.3120879999999999
535 1.3096140000000001
540 1.2635540000000001
541 1.2260100000000000
542 1.1264799999999999
564 1.0762900000000000
569 0.9537020000000000
575 0.8991530000000000
593 0.8795090000000000
612 0.8635490000000000
619 0.8305880000000000
627 0.8156730000000000
629 0.8088140000000000
637 0.8019690000000000
652 0.7814410000000001
653 0.7709380000000000
656 0.6947140000000001
662 0.5145530000000000
698 0.5029580000000000
707 0.4866960000000000
717 0.4443730000000000
722 0.4390510000000000
727 0.4060110000000000
741 0.4024750000000000
745 0.3824090000000000
754 0.3807200000000000
761 0.3803500000000000
765 0.3756650000000000
768 0.3730730000000000
771 0.3729220000000000
772 0.3656240000000000
779 0.3569310000000000
784 0.3554320000000000
786 0.3533560000000000
795 0.3514360000000000
806 0.3493440000000000
820 0.3430820000000000
821 0.3244010000000000
835 0.3089080000000000
838 0.3003480000000000
839 0.2994940000000000
840 0.2971740000000000
872 0.2928440000000000
901 0.2902610000000000
902 0.2855700000000000
905 0.2789040000000000
910 0.2782590000000000
932 0.2717840000000000
936 0.2695950000000000
953 0.2681810000000000
954 0.2608220000000000
959 0.2555580000000000
960 0.2425430000000000
971 0.2344000000000000
977 0.2253980000000000
982 0.2161970000000000
990 0.2135580000000000
1000 0.2055760000000000
1011 0.2012720000000000
1015 0.1986570000000000
1022 0.1901860000000000
1068 0.1818670000000000
1072 0.1744300000000000
1073 0.1718220000000000
1130 0.1692870000000000
1138 0.1688000000000000
1159 0.1668890000000000
1166 0.1664640000000000
1207 0.1658570000000000
1211 0.1653150000000000
1217 0.1652630000000000
1236 0.1630220000000000
1277 0.1627360000000000
1283 0.1622670000000000
1290 0.1622410000000000
1295 0.1617440000000000
1299 0.1611000000000000
1305 0.1610980000000000
1306 0.1608990000000000
1316 0.1607740000000000
1323 0.1607670000000000
1367 0.1607570000000000
1371 0.1606480000000000
1377 0.1604250000000000
1378 0.1603050000000000
1404 0.1602300000000000
1405 0.1601610000000000
1408 0.1600410000000000
1409 0.1599120000000000
1440 0.1599010000000000
1441 0.1597700000000000
1457 0.1594130000000000
1492 0.1593270000000000
1495 0.1591080000000000
1496 0.1589170000000000
1505 0.1587840000000000
1506 0.1585510000000000
1509 0.1584400000000000
1510 0.1581500000000000
1515 0.1580480000000000
1517 0.1579140000000000
1519 0.1574950000000000
1520 0.1567890000000000
1537 0.1567280000000000
1544 0.1566250000000000
1552 0.1565390000000000
1557 0.1564210000000000
1568 0.1563230000000000
1569 0.1561920000000000
1579 0.1560630000000000
1580 0.1559250000000000
1586 0.1558880000000000
1587 0.1558810000000000
1589 0.1557810000000000
1590 0.1556370000000000
1593 0.1555130000000000
1594 0.1552230000000000
1605 0.1550080000000000
1607 0.1548310000000000
1608 0.1546860000000000
1621 0.1544090000000000
1622 0.1541250000000000
1635 0.1539240000000000
1636 0.1537010000000000
1638 0.1535330000000000
1639 0.1530980000000000
1645 0.1529350000000000
1646 0.1524500000000000
1651 0.1522790000000000
1652 0.1516660000000000
1655 0.1515500000000000
1656 0.1506140000000000
1660 0.1504320000000000
1661 0.1492980000000000
1664 0.1491920000000000
1665 0.1476200000000000
1669 0.1475370000000000
1670 0.1456940000000000
1674 0.1447960000000000
1675 0.1420540000000000
1679 0.1418080000000000
1680 0.1391880000000000
1684 0.1384590000000000
1686 0.1382320000000000
1687 0.1376210000000000
1688 0.1371640000000000
1690 0.1368030000000000
1708 0.1366750000000000
1721 0.1362700000000000
1741 0.1362320000000000
1745 0.1362190000000000
1750 0.1361760000000000
1754 0.1361210000000000
1778 0.1357070000000000
1779 0.1352950000000000
1795 0.1351860000000000
1796 0.1347770000000000
1801 0.1340800000000000
1821 0.1339150000000000
1824 0.1338180000000000
1828 0.1323120000000000
1829 0.1310980000000000
1830 0.1274710000000000
1831 0.1252970000000000
1861 0.1242060000000000
1866 0.1175010000000000
1886 0.1172280000000000
1925 0.1162520000000000
1926 0.1131280000000000
1940 0.1107560000000000
1956 0.1094760000000000
1963 0.1092190000000000
1965 0.1089840000000000
1972 0.1066500000000000
2006 0.1047830000000000
2020 0.1042830000000000
2021 0.1036810000000000
2024 0.1032100000000000
2025 0.1018410000000000
2046 0.1017340000000000
2048 0.1008160000000000
2058 0.1004660000000000
2068 0.0998110000000000
2069 0.0997600000000000
2070 0.0990760000000000
2071 0.0987950000000000
2074 0.0987580000000000
2092 0.0986410000000000
2094 0.0981090000000000
2138 0.0980180000000000
2162 0.0975200000000000
2174 0.0975150000000000
2175 0.0972220000000000
2191 0.0970010000000000
2219 0.0969500000000000
2230 0.0968910000000000
2238 0.0968620000000000
2240 0.0967350000000000
2295 0.0967070000000000
2299 0.0966810000000000
2333 0.0966550000000000
2349 0.0966370000000000
2356 0.0966300000000000
2375 0.0965960000000000
2376 0.0965000000000000
2377 0.0962890000000000
2378 0.0958710000000000
2388 0.0957710000000000
2391 0.0955080000000000
2424 0.0952090000000000
2455 0.0950430000000000
2461 0.0949820000000000
2482 0.0949550000000000
2505 0.0949170000000000
2509 0.0948900000000000
2510 0.0948460000000000
2513 0.0948300000000000
2514 0.0947830000000000
2518 0.0947640000000000
2520 0.0947590000000000
2522 0.0946260000000000
2523 0.0945140000000000
2533 0.0943920000000000
2536 0.0943210000000000
2547 0.0943140000000000
2558 0.0943070000000000
2569 0.0942680000000000
2585 0.0942510000000000
2598 0.0942490000000000
2608 0.0942340000000000
2622 0.0942310000000000
2624 0.0942280000000000
2630 0.0942240000000000
2637 0.0942200000000000
2641 0.0942120000000000
2643 0.0942090000000000
2649 0.0942070000000000
2651 0.0942040000000000
2655 0.0941970000000000
2665 0.0941950000000000
2670 0.0941850000000000
2671 0.0941820000000000
2675 0.0941800000000000
2680 0.0941690000000000
2690 0.0941680000000000
2692 0.0941630000000000
2700 0.0941600000000000
2726 0.0941590000000000
2757 0.0941580000000000
2772 0.0941190000000000
2833 0.0941160000000000
2874 0.0941150000000000
2878 0.0941140000000000
2906 0.0941120000000000
3011 0.0941110000000000
