1 98.6875000000000000
2 92.6006000000000000
3 89.6290999999999940
12 80.0521999999999991
13 78.4907000000000039
27 69.2881000000000000
44 64.6512000000000029
53 58.4475920000000002
54 51.0527390000000025
65 46.9849010000000007
66 45.2281940000000020
69 39.6332069999999987
70 34.2285550000000001
84 30.8421219999999998
86 26.4363880000000009
95 26.2117240000000002
97 22.9858669999999989
139 19.9515269999999987
148 18.6102470000000011
149 17.4189250000000015
158 12.5169660000000000
159 10.3197369999999999
164 8.8690719999999992
165 7.3347850000000001
173 5.8531219999999999
215 4.7022130000000004
216 2.6064929999999999
217 2.4155989999999998
241 2.3947200000000000
249 2.3745639999999999
250 1.9901920000000000
254 1.8834130000000000
258 1.6263590000000001
270 1.4568170000000000
285 1.3976860000000000
291 1.3935860000000000
298 1.0790390000000001
318 1.0680050000000001
320 0.4900170000000000
347 0.4876360000000000
362 0.1493240000000000
393 0.1192340000000000
404 0.0692830000000000
434 0.0250670000000000
444 0.0196100000000000
453 0.0175480000000000
455 0.0082020000000000
502 0.0079030000000000
504 0.0077380000000000
508 0.0076950000000000
514 0.0075300000000000
518 0.0071670000000000
520 0.0064730000000000
547 0.0064520000000000
549 0.0063430000000000
572 0.0061800000000000
578 0.0060740000000000
595 0.0058330000000000
597 0.0057590000000000
611 0.0056080000000000
640 0.0054790000000000
641 0.0054540000000000
644 0.0053340000000000
645 0.0051590000000000
676 0.0049100000000000
677 0.0049030000000000
701 0.0047780000000000
714 0.0047430000000000
716 0.0046900000000000
717 0.0046710000000000
720 0.0046610000000000
739 0.0045610000000000
767 0.0045600000000000
771 0.0044330000000000
772 0.0044030000000000
788 0.0043020000000000
789 0.0042750000000000
822 0.0042680000000000
838 0.0041790000000000
840 0.0041080000000000
842 0.0041050000000000
855 0.0040520000000000
857 0.0040270000000000
859 0.0039850000000000
872 0.0039340000000000
885 0.0038730000000000
899 0.0038230000000000
914 0.0038080000000000
915 0.0038030000000000
931 0.0036990000000000
947 0.0036400000000000
948 0.0036170000000000
964 0.0035350000000000
965 0.0035280000000000
967 0.0034660000000000
993 0.0032450000000000
994 0.0031050000000000
1030 0.0030860000000000
1041 0.0030720000000000
1045 0.0030590000000000
1046 0.0030460000000000
1050 0.0030360000000000
1052 0.0030350000000000
1054 0.0030300000000000
1055 0.0029590000000000
1076 0.0029510000000000
1078 0.0029500000000000
1084 0.0029480000000000
1086 0.0029370000000000
1090 0.0029280000000000
1106 0.0029270000000000
1125 0.0028870000000000
1127 0.0027590000000000
1141 0.0027480000000000
1149 0.0027380000000000
1174 0.0027320000000000
1183 0.0027200000000000
1193 0.0027120000000000
1194 0.0027070000000000
1197 0.0027040000000000
1198 0.0027010000000000
1200 0.0026970000000000
1202 0.0026930000000000
1207 0.0026800000000000
1208 0.0026790000000000
1211 0.0026610000000000
1212 0.0026440000000000
1217 0.0026360000000000
1218 0.0026270000000000
1221 0.0026260000000000
1223 0.0026250000000000
1225 0.0026170000000000
1228 0.0026080000000000
1233 0.0026050000000000
1235 0.0025760000000000
1236 0.0025570000000000
1246 0.0025380000000000
1250 0.0025280000000000
1256 0.0025100000000000
1257 0.0025030000000000
1261 0.0024970000000000
1262 0.0024920000000000
1263 0.0024800000000000
1264 0.0024630000000000
1267 0.0024570000000000
1268 0.0024440000000000
1270 0.0024260000000000
1271 0.0024070000000000
1276 0.0023710000000000
1277 0.0023270000000000
1284 0.0023050000000000
1285 0.0022910000000000
1287 0.0022570000000000
1288 0.0022270000000000
1291 0.0022190000000000
1295 0.0021920000000000
1297 0.0021200000000000
1298 0.0021100000000000
1301 0.0020820000000000
1302 0.0020730000000000
1305 0.0020390000000000
1312 0.0020290000000000
1319 0.0020160000000000
1324 0.0019490000000000
1325 0.0019300000000000
1340 0.0018980000000000
1341 0.0018610000000000
1353 0.0018460000000000
1355 0.0018230000000000
1356 0.0018180000000000
1358 0.0018080000000000
1361 0.0017710000000000
1366 0.0017510000000000
1373 0.0017370000000000
1378 0.0017350000000000
1380 0.0017240000000000
1389 0.0017010000000000
1390 0.0016990000000000
1391 0.0016940000000000
1393 0.0016900000000000
1398 0.0016870000000000
1400 0.0016670000000000
1401 0.0016550000000000
1408 0.0016430000000000
1410 0.0016190000000000
1411 0.0016160000000000
1412 0.0016110000000000
1420 0.0016060000000000
1422 0.0015950000000000
1427 0.0015910000000000
1429 0.0015660000000000
1430 0.0015590000000000
1437 0.0015580000000000
1440 0.0015540000000000
1442 0.0015530000000000
1444 0.0015360000000000
1446 0.0015210000000000
1447 0.0015080000000000
1457 0.0015070000000000
1459 0.0014950000000000
1461 0.0014900000000000
1473 0.0014830000000000
1474 0.0014720000000000
1480 0.0014660000000000
1481 0.0014590000000000
1482 0.0014570000000000
1483 0.0014510000000000
1485 0.0014480000000000
1487 0.0014460000000000
1491 0.0014320000000000
1493 0.0014270000000000
1500 0.0014210000000000
1502 0.0014140000000000
1506 0.0014090000000000
1508 0.0014070000000000
1514 0.0014000000000000
1533 0.0013820000000000
1549 0.0013800000000000
1551 0.0013770000000000
1553 0.0013270000000000
1556 0.0013230000000000
1557 0.0013090000000000
1570 0.0013080000000000
1584 0.0012790000000000
1600 0.0012740000000000
1632 0.0012590000000000
1634 0.0012530000000000
1635 0.0012450000000000
1644 0.0012400000000000
1645 0.0012310000000000
1651 0.0012270000000000
1653 0.0012240000000000
1655 0.0012160000000000
1656 0.0012130000000000
1659 0.0012080000000000
1661 0.0012020000000000
1665 0.0012010000000000
1670 0.0011900000000000
1671 0.0011850000000000
1684 0.0011830000000000
1687 0.0011800000000000
1689 0.0011780000000000
1707 0.0011750000000000
1712 0.0011660000000000
1714 0.0011510000000000
1728 0.0011350000000000
1745 0.0011190000000000
1747 0.0011180000000000
1761 0.0011020000000000
1776 0.0010970000000000
1777 0.0010890000000000
1814 0.0010770000000000
1818 0.0010650000000000
1821 0.0010510000000000
1822 0.0010490000000000
1824 0.0010390000000000
1837 0.0010350000000000
1863 0.0010300000000000
1879 0.0010240000000000
1897 0.0010200000000000
1913 0.0010050000000000
1917 0.0009790000000000
1945 0.0009740000000000
1949 0.0009420000000000
1952 0.0009300000000000
1982 0.0009070000000000
2001 0.0008980000000000
2006 0.0008730000000000
2019 0.0008630000000000
2031 0.0008620000000000
2033 0.0008550000000000
2038 0.0008510000000000
2043 0.0008470000000000
2047 0.0008400000000000
2048 0.0008370000000000
2057 0.0008280000000000
2058 0.0008220000000000
2065 0.0008200000000000
2067 0.0008120000000000
2073 0.0008060000000000
2074 0.0008030000000000
2078 0.0007980000000000
2085 0.0007900000000000
2087 0.0007810000000000
2088 0.0007800000000000
2097 0.0007770000000000
2098 0.0007750000000000
2099 0.0007680000000000
2100 0.0007620000000000
2105 0.0007590000000000
2108 0.0007530000000000
2110 0.0007480000000000
2118 0.0007390000000000
2119 0.0007330000000000
2138 0.0007200000000000
2142 0.0007190000000000
2160 0.0007170000000000
2162 0.0007160000000000
2165 0.0007060000000000
2166 0.0006930000000000
2193 0.0006850000000000
2197 0.0006770000000000
2248 0.0006690000000000
2250 0.0006660000000000
2265 0.0006620000000000
2267 0.0006610000000000
2269 0.0006600000000000
2272 0.0006590000000000
2275 0.0006500000000000
2281 0.0006490000000000
2283 0.0006460000000000
2290 0.0006430000000000
2292 0.0006400000000000
2316 0.0006350000000000
2346 0.0006320000000000
2354 0.0006290000000000
2369 0.0006280000000000
2375 0.0006270000000000
2378 0.0006250000000000
2383 0.0006140000000000
2410 0.0006130000000000
2435 0.0006120000000000
2455 0.0006110000000000
2481 0.0006090000000000
2493 0.0006080000000000
2504 0.0006070000000000
2510 0.0006040000000000
2525 0.0006020000000000
2526 0.0006010000000000
2528 0.0005980000000000
2544 0.0005960000000000
2559 0.0005940000000000
2561 0.0005930000000000
2563 0.0005920000000000
2564 0.0005910000000000
