1 0.3290890000000000
13 0.3286010000000000
35 0.2988070000000000
38 0.2877000000000000
40 0.2545600000000000
47 0.2545490000000000
49 0.2357920000000000
57 0.2256180000000000
60 0.2234850000000000
63 0.2157720000000000
76 0.2096770000000000
113 0.2079630000000000
133 0.2071450000000000
164 0.2062120000000000
204 0.2061650000000000
207 0.2057560000000000
210 0.2056770000000000
211 0.2054800000000000
215 0.2051160000000000
265 0.2050680000000000
267 0.2048940000000000
271 0.2046300000000000
307 0.2046240000000000
311 0.2046000000000000
336 0.2045290000000000
373 0.2045240000000000
378 0.2045030000000000
403 0.2044960000000000
404 0.2044870000000000
408 0.2044790000000000
453 0.2044720000000000
471 0.2044690000000000
479 0.2044670000000000
483 0.2044640000000000
490 0.2044620000000000
512 0.2044600000000000
521 0.2044580000000000
523 0.2044540000000000
524 0.2044510000000000
532 0.2044500000000000
533 0.2044470000000000
534 0.2044460000000000
535 0.2044390000000000
539 0.2044340000000000
542 0.2044290000000000
545 0.2044270000000000
546 0.2044260000000000
552 0.2044250000000000
571 0.2044240000000000
612 0.2044230000000000
634 0.2044220000000000
638 0.2044210000000000
639 0.2044200000000000
643 0.2044180000000000
646 0.2044170000000000
647 0.2044140000000000
648 0.2044060000000000
649 0.2043810000000000
650 0.2043090000000000
651 0.2040980000000000
652 0.2035130000000000
661 0.2034780000000000
664 0.2029270000000000
688 0.2027490000000000
691 0.2026360000000000
709 0.2021760000000000
725 0.2021240000000000
728 0.2020560000000000
730 0.2019640000000000
733 0.2018790000000000
749 0.2016200000000000
768 0.2014680000000000
783 0.2014450000000000
790 0.2013850000000000
791 0.2013760000000000
792 0.2012150000000000
796 0.2012070000000000
802 0.2011880000000000
806 0.2011690000000000
814 0.2011340000000000
828 0.2011010000000000
846 0.2009590000000000
860 0.2009320000000000
871 0.2009170000000000
904 0.2008890000000000
913 0.2008400000000000
928 0.2008350000000000
967 0.2008270000000000
968 0.2008180000000000
976 0.2008170000000000
980 0.2008140000000000
997 0.2008130000000000
1003 0.2008120000000000
1007 0.2008110000000000
1008 0.2008100000000000
1012 0.2008070000000000
1020 0.2008050000000000
1021 0.2008030000000000
1030 0.2008000000000000
1031 0.2007930000000000
1032 0.2007750000000000
1051 0.2007690000000000
1054 0.2007560000000000
1079 0.2007390000000000
1094 0.2007290000000000
1106 0.2007270000000000
1111 0.2007210000000000
1115 0.2007120000000000
1150 0.2007080000000000
1163 0.2007070000000000
1165 0.2007060000000000
1166 0.2007030000000000
1169 0.2007010000000000
1187 0.2007000000000000
1188 0.2006990000000000
1216 0.2006980000000000
1217 0.2006960000000000
