1 6878850791883.8125000000000000
4 6330777863799.9970703125000000
5 4970765326341.9921875000000000
6 3486437121258.4213867187500000
8 1602553991984.5847167968750000
21 1047902367454.1104736328125000
23 717457883298.6700439453125000
27 461500595185.2977294921875000
32 131464130714.9742584228515625
45 123228949564.7501373291015625
49 112643563518.9961700439453125
51 80207827218.5068054199218750
56 63306521655.5160293579101562
64 60762492485.6406936645507812
66 57368192896.4308471679687500
71 52149754366.0176315307617188
73 3459641521.1158428192138672
75 3430449874.6794118881225586
84 3268548438.4900388717651367
94 3231955937.9595179557800293
113 77574845.1892810016870499
115 43859930.0877040028572083
153 40857098.2294550016522408
155 7021074.8444910002872348
169 4432127.8348409999161959
173 4321587.1655719997361302
174 1524269.9838030000682920
183 106842.2626909999962663
194 102741.5117809999937890
210 23939.8618290000013076
212 6780.4674960000002102
224 728.1317579999999907
234 20.8676789999999990
245 17.1310390000000012
264 1.2463789999999999
266 0.2571390000000000
268 0.0728340000000000
270 0.0026230000000000
272 0.0017560000000000
273 0.0014770000000000
283 0.0007310000000000
285 0.0005220000000000
296 0.0003230000000000
298 0.0003210000000000
299 0.0003170000000000
310 0.0003150000000000
312 0.0000000000000000
