1 273.2480479999999829
2 262.3676580000000058
3 231.1664869999999894
4 150.5229809999999873
5 25.2324990000000007
8 20.6876269999999991
10 20.5813799999999993
26 17.5362550000000006
38 16.4146970000000003
39 14.9727359999999994
41 12.8397539999999992
43 10.5779329999999998
44 9.9323589999999999
49 6.9205050000000004
65 6.2012000000000000
68 5.8509729999999998
78 4.4864240000000004
99 3.4581819999999999
117 3.1513620000000002
125 2.3094649999999999
129 2.1367950000000002
152 2.1116510000000002
171 2.0844659999999999
173 2.0780930000000000
177 1.8837640000000000
196 1.7923849999999999
216 1.7493900000000000
218 1.6847510000000001
221 1.5120940000000000
225 1.3037620000000001
229 0.8853750000000000
231 0.7864679999999999
234 0.7006900000000000
275 0.5984180000000000
281 0.5544289999999999
314 0.4387360000000000
335 0.4051890000000000
357 0.4028590000000000
362 0.3734590000000000
375 0.3582220000000000
379 0.3014840000000000
397 0.2968530000000000
401 0.2415520000000000
402 0.2009060000000000
424 0.1642790000000000
426 0.1593660000000000
451 0.1406910000000000
455 0.0979210000000000
502 0.0972800000000000
507 0.0554480000000000
513 0.0431470000000000
544 0.0417780000000000
603 0.0415490000000000
604 0.0341800000000000
610 0.0314220000000000
616 0.0309580000000000
622 0.0284290000000000
629 0.0243790000000000
630 0.0222250000000000
638 0.0206040000000000
639 0.0198310000000000
643 0.0173840000000000
650 0.0153200000000000
652 0.0149640000000000
659 0.0135960000000000
675 0.0132790000000000
693 0.0127070000000000
696 0.0126010000000000
709 0.0121000000000000
728 0.0116380000000000
729 0.0112350000000000
741 0.0109670000000000
742 0.0109470000000000
743 0.0105810000000000
744 0.0101150000000000
750 0.0098830000000000
751 0.0097060000000000
752 0.0096720000000000
753 0.0094700000000000
755 0.0090730000000000
756 0.0085960000000000
757 0.0084160000000000
758 0.0074890000000000
766 0.0073780000000000
768 0.0069240000000000
769 0.0063680000000000
775 0.0059690000000000
776 0.0056040000000000
792 0.0054000000000000
798 0.0053570000000000
801 0.0052500000000000
809 0.0048380000000000
818 0.0020520000000000
832 0.0019060000000000
858 0.0007640000000000
869 0.0006310000000000
873 0.0005190000000000
910 0.0005120000000000
927 0.0002650000000000
965 0.0002560000000000
968 0.0002390000000000
970 0.0002270000000000
977 0.0001930000000000
1018 0.0000580000000000
1020 0.0000460000000000
1036 0.0000330000000000
1038 0.0000320000000000
1040 0.0000270000000000
1042 0.0000210000000000
1106 0.0000190000000000
1107 0.0000180000000000
1116 0.0000170000000000
1118 0.0000160000000000
1121 0.0000150000000000
1130 0.0000140000000000
1136 0.0000130000000000
1182 0.0000120000000000
1193 0.0000110000000000
1201 0.0000100000000000
1224 0.0000090000000000
1255 0.0000080000000000
