1 22.8851790000000008
4 15.6083459999999992
26 12.3738159999999997
30 10.0058159999999994
31 3.3818160000000002
33 3.1582100000000000
34 2.8668629999999999
50 2.8192520000000001
52 2.8100030000000000
53 0.6694460000000000
93 0.4646220000000000
107 0.3655900000000000
112 0.3243750000000000
113 0.3177700000000000
118 0.2584710000000000
120 0.2498390000000000
125 0.2372650000000000
129 0.2338800000000000
131 0.2237740000000000
135 0.2235620000000000
136 0.2126100000000000
139 0.2063380000000000
149 0.2057400000000000
155 0.2029370000000000
164 0.2012180000000000
188 0.2010290000000000
189 0.2004730000000000
247 0.2000490000000000
256 0.1999620000000000
257 0.1997110000000000
264 0.1996460000000000
265 0.1994600000000000
267 0.1993870000000000
268 0.1992040000000000
269 0.1990770000000000
271 0.1988720000000000
272 0.1985500000000000
274 0.1983670000000000
275 0.1979470000000000
277 0.1979270000000000
278 0.1979180000000000
279 0.1975280000000000
280 0.1974440000000000
295 0.1971240000000000
296 0.1968790000000000
299 0.1967850000000000
312 0.1967680000000000
320 0.1956970000000000
325 0.1953070000000000
327 0.1947650000000000
328 0.1946880000000000
333 0.1946020000000000
335 0.1937850000000000
336 0.1930960000000000
338 0.1930070000000000
339 0.1920440000000000
340 0.1919370000000000
342 0.1914920000000000
343 0.1903640000000000
344 0.1897560000000000
345 0.1878720000000000
346 0.1877540000000000
347 0.1853550000000000
349 0.1839480000000000
350 0.1818070000000000
351 0.1797740000000000
352 0.1755830000000000
354 0.1738000000000000
355 0.1701610000000000
357 0.1672180000000000
358 0.1642550000000000
361 0.1640500000000000
364 0.1626580000000000
366 0.1601230000000000
371 0.1580910000000000
372 0.1573020000000000
379 0.1563970000000000
382 0.1559140000000000
384 0.1546390000000000
387 0.1533080000000000
388 0.1522630000000000
399 0.1512020000000000
400 0.1503690000000000
409 0.1496900000000000
415 0.1495020000000000
416 0.1490770000000000
421 0.1489690000000000
422 0.1486350000000000
427 0.1239640000000000
430 0.0860690000000000
431 0.0571330000000000
443 0.0508790000000000
454 0.0479430000000000
456 0.0474560000000000
462 0.0455750000000000
473 0.0434940000000000
483 0.0412310000000000
484 0.0387360000000000
494 0.0367240000000000
503 0.0284500000000000
510 0.0217670000000000
526 0.0188230000000000
531 0.0165510000000000
547 0.0160160000000000
556 0.0145060000000000
568 0.0136570000000000
573 0.0112940000000000
592 0.0092430000000000
601 0.0088130000000000
603 0.0054950000000000
619 0.0035870000000000
620 0.0025330000000000
625 0.0017630000000000
628 0.0017560000000000
632 0.0012320000000000
634 0.0010290000000000
640 0.0008860000000000
661 0.0005960000000000
682 0.0005680000000000
687 0.0001560000000000
701 0.0000840000000000
705 0.0000730000000000
755 0.0000680000000000
758 0.0000580000000000
760 0.0000570000000000
775 0.0000550000000000
778 0.0000500000000000
806 0.0000480000000000
810 0.0000410000000000
812 0.0000390000000000
813 0.0000360000000000
822 0.0000340000000000
835 0.0000310000000000
839 0.0000290000000000
898 0.0000260000000000
905 0.0000240000000000
