1 1124.0538599999999860
11 916.8316280000000233
12 437.0087449999999762
13 292.7126830000000268
17 93.0647309999999948
20 91.0813200000000052
52 85.9757230000000021
54 49.9777440000000013
82 35.9714209999999994
258 35.9680949999999982
278 35.9676520000000011
328 35.9670320000000032
339 35.9669740000000004
423 35.9669379999999990
424 35.9668649999999985
429 35.9668050000000008
458 35.9667359999999974
459 35.9666709999999981
462 35.9665919999999986
463 35.9665729999999968
468 35.9663269999999997
483 35.9661029999999968
484 35.9659869999999984
508 35.9659290000000027
514 35.9658019999999965
544 35.9657550000000015
549 35.9656650000000013
569 35.9656420000000026
570 35.9655980000000000
579 35.9655819999999977
580 35.9655259999999970
588 35.9655240000000020
589 35.9654839999999965
593 35.9654439999999980
594 35.9654159999999976
602 35.9653729999999996
603 35.9653619999999989
610 35.9653429999999972
611 35.9653180000000035
616 35.9653070000000028
617 35.9652680000000018
623 35.9652559999999966
625 35.9652400000000014
631 35.9652290000000008
638 35.9652030000000025
639 35.9651899999999998
644 35.9651750000000021
645 35.9651509999999988
656 35.9651500000000013
660 35.9651410000000027
662 35.9651349999999965
671 35.9651300000000020
672 35.9651220000000009
674 35.9651139999999998
684 35.9650990000000021
685 35.9650889999999990
691 35.9650880000000015
694 35.9650829999999999
698 35.9650699999999972
701 35.9650620000000032
708 35.9650589999999966
712 35.9650579999999991
714 35.9650520000000000
716 35.9650379999999998
717 35.9650290000000012
722 35.9650239999999997
723 35.9650200000000027
751 35.9650189999999981
789 35.9650159999999985
794 35.9650150000000011
800 35.9650139999999965
801 35.9650129999999990
805 35.9650109999999970
808 35.9650090000000020
810 35.9650069999999999
811 35.9650060000000025
816 35.9650030000000029
817 35.9650019999999984
819 35.9650000000000034
821 35.9649950000000018
822 35.9649900000000002
828 35.9649870000000007
829 35.9649840000000012
832 35.9649789999999996
833 35.9649730000000005
836 35.9649679999999989
837 35.9649580000000029
840 35.9649569999999983
841 35.9649470000000022
845 35.9649379999999965
846 35.9649349999999970
848 35.9649220000000014
849 35.9649050000000017
851 35.9649020000000021
852 35.9648809999999983
857 35.9648589999999970
858 35.9648380000000003
863 35.9648320000000012
864 35.9648180000000011
868 35.9648150000000015
873 35.9648060000000029
887 35.9647939999999977
905 35.9647920000000028
907 35.9647890000000032
908 35.9647870000000012
912 35.9647849999999991
916 35.9647840000000016
919 35.9647829999999971
921 35.9647790000000001
922 35.9647750000000030
927 35.9647739999999985
928 35.9647730000000010
929 35.9647720000000035
930 35.9647709999999989
931 35.9647700000000015
933 35.9647659999999973
934 35.9647640000000024
937 35.9647580000000033
938 35.9647530000000017
940 35.9647519999999972
941 35.9647500000000022
943 35.9647480000000002
945 35.9647450000000006
951 35.9647390000000016
952 35.9647369999999995
954 35.9647340000000000
955 35.9647330000000025
961 35.9647239999999968
962 35.9647229999999993
966 35.9647160000000028
977 35.9647130000000033
983 35.9647119999999987
985 35.9647110000000012
989 35.9647089999999992
994 35.9647080000000017
996 35.9647059999999996
998 35.9647030000000001
999 35.9647020000000026
1002 35.9647000000000006
1003 35.9646970000000010
1011 35.9646910000000020
1012 35.9646860000000004
1018 35.9646839999999983
1019 35.9646779999999993
1023 35.9646740000000023
1024 35.9646680000000032
1026 35.9646649999999966
1027 35.9646589999999975
1031 35.9646580000000000
1034 35.9646439999999998
1035 35.9646339999999967
1040 35.9646309999999971
1041 35.9646240000000006
1043 35.9646180000000015
1044 35.9646060000000034
1048 35.9646029999999968
1050 35.9645950000000028
1051 35.9645829999999975
1055 35.9645820000000001
1058 35.9645750000000035
1060 35.9645719999999969
1062 35.9645620000000008
1063 35.9645530000000022
1068 35.9645519999999976
1069 35.9645450000000011
1072 35.9645439999999965
1085 35.9645429999999990
1092 35.9645420000000016
1094 35.9645399999999995
1098 35.9645370000000000
1103 35.9645349999999979
1131 35.9645340000000004
1138 35.9645319999999984
1143 35.9645300000000034
1157 35.9645269999999968
1169 35.9645190000000028
1179 35.9645119999999991
1216 35.9645080000000021
1231 35.9645060000000001
1232 35.9645039999999980
1235 35.9645030000000006
1279 35.9645009999999985
