1 64.0000000000000000
10 49.7700000000000031
11 27.5199999999999996
19 26.6799999999999997
22 25.2800000000000011
24 24.2500000000000000
26 22.7699999999999996
44 22.4100000000000001
52 20.7800000000000011
55 18.8700000000000010
59 18.1600000000000001
63 17.5000000000000000
95 16.6400000000000006
103 15.0899999999999999
106 14.7799999999999994
122 11.1500000000000004
130 9.8800000000000008
149 9.6600000000000001
154 9.1699999999999999
181 9.1400000000000006
183 8.7599999999999998
206 8.7300000000000004
212 8.3800000000000008
222 8.0800000000000001
226 7.8700000000000001
227 7.7999999999999998
245 7.7900000000000000
272 7.6500000000000004
280 7.5700000000000003
295 7.2979479999999999
318 7.2639120000000004
330 7.2188280000000002
332 7.2052280000000000
351 7.2052139999999998
356 7.1916140000000004
370 7.1866870000000000
372 7.1863109999999999
379 7.1758160000000002
387 7.1727910000000001
438 7.1715260000000001
459 7.1714019999999996
465 7.1646799999999997
468 7.1638450000000002
472 7.1638250000000001
496 7.1631790000000004
570 7.1631250000000000
576 7.1630950000000002
579 7.1630859999999998
581 7.1630820000000002
584 7.1630669999999999
586 7.1629930000000002
597 7.1629860000000001
614 7.1629519999999998
641 7.1629250000000004
648 7.1629149999999999
652 7.1629069999999997
655 7.1628460000000000
671 7.1627970000000003
711 7.1627520000000002
728 7.1627460000000003
755 7.1627229999999997
774 7.1627130000000001
791 7.1627109999999998
794 7.1627080000000003
827 7.1626839999999996
828 7.1626620000000001
835 7.1626200000000004
839 7.1626149999999997
850 7.1626000000000003
853 7.1625980000000000
857 7.1625920000000001
862 7.1625889999999997
876 7.1625819999999996
880 7.1625740000000002
896 7.1625629999999996
913 7.1625519999999998
914 7.1625420000000002
940 7.1625350000000001
957 7.1625329999999998
960 7.1625290000000001
964 7.1625259999999997
999 7.1625220000000001
1018 7.1625199999999998
1036 7.1625180000000004
1041 7.1625170000000002
1053 7.1625160000000001
1060 7.1625150000000000
1068 7.1625139999999998
1069 7.1625129999999997
1091 7.1625120000000004
1148 7.1625110000000003
1149 7.1625090000000000
