1 1353.0000000000000000
4 1112.0000000000000000
5 509.0000000000000000
6 220.0000000000000000
9 34.0000000000000000
24 24.0000000000000000
32 14.0000000000000000
45 13.8000000000000007
48 4.0000000000000000
59 3.8639999999999999
60 2.5440000000000000
74 2.3039999999999998
90 2.2812500000000000
92 2.2107440000000000
94 2.1871990000000001
95 2.1148769999999999
98 2.1126230000000001
100 2.0375399999999999
109 1.9561320000000000
110 1.9322120000000000
124 1.7835380000000001
128 1.6861230000000000
132 1.6755640000000001
135 1.6478219999999999
149 1.6414780000000000
159 1.6249760000000000
160 1.6220520000000000
161 1.6019909999999999
169 1.5418099999999999
180 1.5249770000000000
181 1.4884880000000000
196 1.4807600000000001
202 1.4732040000000000
211 1.4550019999999999
219 1.4405809999999999
224 1.4224610000000000
226 1.4167590000000001
233 1.3382190000000000
247 1.2617810000000000
251 1.2481220000000000
253 1.2402320000000000
256 1.2235290000000001
260 1.2150310000000000
269 1.0076890000000001
291 1.0032440000000000
294 0.9145240000000000
313 0.9008440000000000
327 0.8815520000000000
335 0.8785880000000000
356 0.8775440000000000
357 0.8764970000000000
358 0.8758520000000000
360 0.8757530000000000
374 0.8728660000000000
375 0.8653740000000000
376 0.8611220000000001
386 0.8381360000000000
392 0.8224939999999999
393 0.7861220000000000
396 0.7535760000000000
403 0.7129570000000000
412 0.7122950000000000
433 0.7083290000000000
443 0.6941079999999999
444 0.6805360000000000
445 0.6197150000000000
457 0.6062250000000000
460 0.5705980000000000
474 0.5370960000000000
483 0.5042850000000000
486 0.4827830000000000
487 0.4573140000000000
489 0.4545830000000000
504 0.4533920000000000
512 0.4430690000000000
513 0.3596040000000000
519 0.3256180000000000
524 0.2603040000000000
556 0.2532340000000000
559 0.2497390000000000
560 0.2434820000000000
562 0.2328220000000000
563 0.2265150000000000
564 0.2151470000000000
565 0.1979650000000000
567 0.1943490000000000
569 0.1792110000000000
572 0.1621780000000000
577 0.1568920000000000
578 0.1483780000000000
582 0.1349270000000000
583 0.1320140000000000
587 0.1290650000000000
588 0.1254420000000000
589 0.1110490000000000
591 0.1104300000000000
593 0.0913650000000000
596 0.0865930000000000
600 0.0717360000000000
601 0.0675560000000000
602 0.0669010000000000
604 0.0582140000000000
606 0.0372630000000000
610 0.0312510000000000
616 0.0252560000000000
617 0.0238440000000000
618 0.0129660000000000
619 0.0049240000000000
637 0.0037360000000000
642 0.0015250000000000
646 0.0013700000000000
656 0.0006170000000000
671 0.0003930000000000
682 0.0003400000000000
697 0.0002620000000000
698 0.0002350000000000
699 0.0001590000000000
702 0.0000760000000000
719 0.0000440000000000
724 0.0000230000000000
740 0.0000150000000000
743 0.0000110000000000
747 0.0000070000000000
754 0.0000020000000000
764 0.0000010000000000
780 0.0000000000000000
