1 1354.6585780000000341
12 859.1525169999999889
13 155.6244930000000011
16 145.3151450000000011
17 39.7541790000000006
19 39.1133730000000028
21 38.7267900000000012
47 35.1611100000000008
65 33.8408930000000012
67 33.8299570000000003
69 33.1287099999999981
72 28.5638280000000009
80 28.1539140000000003
122 24.0094150000000006
126 23.1455559999999991
130 21.6017739999999989
150 21.1327469999999984
156 19.8418349999999997
225 19.2777519999999996
235 18.9541320000000013
236 18.6785840000000007
261 18.5846260000000001
282 18.5722410000000018
300 18.5024949999999997
306 18.4016580000000012
312 18.3828420000000001
330 18.3413949999999986
362 18.3400509999999990
364 18.3362139999999982
367 18.3054169999999985
374 18.2980279999999986
393 18.2877369999999999
422 18.2813480000000013
439 18.2742310000000003
459 18.2728800000000007
461 18.2719969999999989
471 18.2710089999999994
523 18.2683210000000003
541 18.2682140000000004
588 18.2679590000000012
593 18.2678639999999994
601 18.2676650000000009
621 18.2676170000000013
633 18.2675200000000011
637 18.2675100000000015
641 18.2674510000000012
642 18.2674470000000007
644 18.2674300000000009
646 18.2673909999999999
673 18.2673230000000011
677 18.2672489999999996
695 18.2672279999999994
720 18.2671899999999994
723 18.2671570000000010
728 18.2671180000000000
760 18.2665639999999989
776 18.2664389999999983
778 18.2664159999999995
792 18.2663989999999998
796 18.2663319999999985
798 18.2662480000000009
814 18.2662249999999986
817 18.2661900000000017
828 18.2661620000000013
861 18.2661090000000002
882 18.2661070000000016
903 18.2661000000000016
909 18.2660969999999985
924 18.2660809999999998
930 18.2659659999999988
931 18.2659020000000005
938 18.2657869999999996
944 18.2656810000000007
948 18.2656619999999990
949 18.2655810000000010
951 18.2655369999999984
956 18.2654810000000012
969 18.2654789999999991
973 18.2654749999999986
977 18.2654689999999995
998 18.2654649999999990
1001 18.2654409999999991
1006 18.2654269999999990
1023 18.2654250000000005
1028 18.2654220000000009
1029 18.2654150000000008
1030 18.2653980000000011
1031 18.2653730000000003
1063 18.2653520000000000
1064 18.2653369999999988
1090 18.2653120000000015
1108 18.2652800000000006
1113 18.2650040000000011
1121 18.2649800000000013
1161 18.2649350000000013
1170 18.2649219999999985
1188 18.2648919999999997
1208 18.2648830000000011
1216 18.2648760000000010
1222 18.2648529999999987
1273 18.2648450000000011
1276 18.2648329999999994
1284 18.2648289999999989
1298 18.2648259999999993
1299 18.2648249999999983
1302 18.2648219999999988
1305 18.2648210000000013
1308 18.2648200000000003
1310 18.2648170000000007
1323 18.2648159999999997
1326 18.2648089999999996
1327 18.2648060000000001
1342 18.2648049999999991
1343 18.2648040000000016
1346 18.2648030000000006
1347 18.2648000000000010
1350 18.2647979999999990
1351 18.2647949999999994
1353 18.2647919999999999
1354 18.2647849999999998
1361 18.2647799999999982
1364 18.2647769999999987
1365 18.2647760000000012
1366 18.2647730000000017
1367 18.2647680000000001
1373 18.2647620000000011
1374 18.2647590000000015
1375 18.2647580000000005
1376 18.2647559999999984
1377 18.2647550000000010
1378 18.2647539999999999
1379 18.2647450000000013
1380 18.2647340000000007
1390 18.2647319999999986
1391 18.2647310000000012
1396 18.2647280000000016
1398 18.2647259999999996
1400 18.2647230000000000
1404 18.2647200000000005
1406 18.2647170000000010
1415 18.2647149999999989
1425 18.2647119999999994
1433 18.2647100000000009
1437 18.2647060000000003
1438 18.2647039999999983
1447 18.2647030000000008
1450 18.2647000000000013
1452 18.2646970000000017
1453 18.2646939999999987
1461 18.2646930000000012
1463 18.2646879999999996
1464 18.2646839999999990
1469 18.2646820000000005
1470 18.2646790000000010
1475 18.2646750000000004
1476 18.2646699999999989
1484 18.2646629999999988
1485 18.2646590000000018
1487 18.2646540000000002
1488 18.2646459999999990
1496 18.2646370000000005
1497 18.2646310000000014
1505 18.2646279999999983
1507 18.2646240000000013
1518 18.2646189999999997
1539 18.2646179999999987
1541 18.2646119999999996
1542 18.2646109999999986
1558 18.2646100000000011
1559 18.2646090000000001
1560 18.2646079999999991
1564 18.2646070000000016
1567 18.2646049999999995
1568 18.2646039999999985
1571 18.2646020000000000
1572 18.2646009999999990
1575 18.2646000000000015
1576 18.2645979999999994
1580 18.2645960000000009
1586 18.2645920000000004
1587 18.2645909999999994
1590 18.2645899999999983
1596 18.2645890000000009
1601 18.2645879999999998
1603 18.2645869999999988
1609 18.2645860000000013
1617 18.2645839999999993
1634 18.2645829999999982
1663 18.2645820000000008
1680 18.2645809999999997
1693 18.2645799999999987
1707 18.2645760000000017
1726 18.2645739999999996
1728 18.2645720000000011
1758 18.2645699999999991
1789 18.2645659999999985
1812 18.2645650000000010
1828 18.2645640000000000
1846 18.2645629999999990
1865 18.2645610000000005
1882 18.2645599999999995
