1 3367984807.0382437705993652
10 1004968226.3703529834747314
20 813943034.0163029432296753
22 741424444.9565269947052002
23 722900336.7707200050354004
25 720343990.8083900213241577
28 579785134.6119829416275024
30 221626053.9533700048923492
31 201842142.6524989902973175
42 145483992.8416900038719177
64 11885451.6945190001279116
66 8730679.1694029998034239
68 8089020.1304080002009869
81 8081758.0578279998153448
94 806180.4520710000069812
132 789225.2806969999801368
133 789094.1700630000559613
166 9093.1289300000007643
168 5053.0126680000003034
220 4854.1919779999998354
243 94.1879660000000030
255 12.6752079999999996
257 0.2958500000000000
284 0.2425970000000000
298 0.2423650000000000
310 0.0000620000000000
312 0.0000380000000000
326 0.0000300000000000
339 0.0000130000000000
353 0.0000000000000000
