1 1693607809.4361460208892822
2 558949035.5305780172348022
7 283408268.7623580098152161
10 146267082.7395119965076447
47 145933663.9438939988613129
49 138683964.4884319901466370
51 126325227.1857170015573502
53 103227647.6293500065803528
55 101655525.6881539970636368
57 96963438.5499680042266846
62 88319252.9627449959516525
67 84156565.7722339928150177
68 83583062.8985529989004135
71 82385952.1027259975671768
72 80902592.9549899995326996
73 75776721.2849919945001602
74 70920596.2640970051288605
75 70676934.5333839952945709
76 68151138.2084680050611496
77 58417842.2784470021724701
78 50637904.4500980004668236
80 40126130.8902340009808540
81 32158735.5449279993772507
82 20247937.6823039986193180
83 9794867.8018020000308752
85 1984277.2452430000994354
89 1287777.1940709999762475
93 556196.6561630000360310
98 406533.7167660000268370
102 72184.1966899999970337
131 61736.3410940000030678
137 56689.0477279999977327
148 55068.1040880000000470
168 54772.5108939999990980
171 54026.3002290000003995
177 53888.2520910000021104
196 53402.7590070000005653
197 53108.7456309999979567
220 53078.4447100000033970
221 53068.3097469999993336
222 52931.9633699999976670
223 52803.3241150000030757
224 52793.6565209999971557
225 52663.3273849999968661
227 52373.9072799999994459
228 52141.7066350000022794
229 52076.4035000000003492
230 51826.5610820000001695
232 51100.5669479999996838
239 51047.5844960000031278
240 50735.7034150000035879
241 50230.0870240000003832
242 49920.3942650000026333
244 49855.3908250000022235
247 49806.7009360000010929
248 49380.9675480000005336
250 49024.9491060000000289
251 48895.2168170000004466
254 48618.8484790000002249
257 48404.2125030000024708
263 48307.9446929999976419
264 48220.7880149999982677
271 48066.2636259999999311
272 47936.5614690000002156
275 47841.6093190000028699
276 47716.7498659999982920
278 47445.5158630000005360
279 47198.3271769999992102
281 47117.1423100000029081
283 46983.7704369999992196
285 46720.9228250000014668
286 46598.3046299999987241
287 46408.9946039999995264
288 46257.5248480000009295
290 45783.5653109999984736
296 45780.1076790000006440
299 45528.5551770000020042
301 45512.5864979999969364
303 45145.0395999999964260
304 45129.1096790000010515
307 45045.5854739999995218
308 45045.4742560000013327
309 44565.9213010000021313
310 44263.5284459999966202
312 44023.1013339999990421
313 43981.0901220000014291
318 43451.9589280000000144
319 43058.4155590000009397
325 42954.7230869999984861
326 42597.6991530000013881
329 42349.5619389999992563
330 42219.8420089999999618
339 42037.2850420000031590
348 41968.4204790000003413
349 41922.4824890000018058
352 41877.7079650000014226
353 41819.1468769999992219
354 41781.8376869999992778
355 41719.7736409999997704
356 41601.9631290000033914
357 41479.1531360000008135
358 41341.5640760000023874
359 41221.7644199999995180
360 41005.6140040000027511
361 40677.8958750000019791
365 40322.3393599999981234
369 39910.9711469999965630
374 39752.8948349999991478
381 39594.6854539999985718
382 39496.5608050000009825
385 39354.5764189999972587
386 39347.6451040000029025
389 39203.8384369999985211
390 39077.3096720000030473
394 39052.7202200000028824
396 38819.2920509999967180
397 38668.9318249999996624
401 38389.2458299999998417
406 38277.3824719999975059
407 38111.9450809999980265
409 38082.2762450000009267
411 37899.8179749999981141
412 37787.8077320000011241
413 37663.9637910000019474
416 37361.3278199999986100
417 37206.5453859999979613
419 36940.0780400000003283
421 36914.9531619999979739
426 36497.8529029999990598
427 36346.6145400000023074
431 36134.2111969999969006
434 36111.4486969999998109
437 35884.4889639999964857
438 35715.7170439999972587
441 35390.0936839999994845
442 35142.5251659999994445
445 34967.8824999999997090
447 34700.7115980000016862
448 34631.2038879999963683
451 34370.4320569999981672
452 34338.8017190000027767
456 33970.2364670000024489
457 33726.1168170000019018
466 33709.3967689999990398
467 33646.1129900000014459
468 33505.5722099999984493
469 33345.7415760000003502
470 33253.7524360000024899
474 33060.0170960000032210
475 33009.5191780000022845
476 32680.7123790000005101
477 32482.0533240000004298
479 31944.6388670000014827
480 31546.0014660000015283
485 31029.0058439999993425
492 30977.8557970000001660
494 30703.6131999999997788
495 30517.5066980000010517
496 30371.3668539999998757
497 30048.5245069999982661
503 29747.9537339999988035
504 29677.1678800000008778
508 29452.2624160000013944
510 29331.3140139999995881
514 29124.7858930000002147
516 28969.2333480000015697
517 28847.8996609999994689
520 28275.4471660000017437
521 28273.8091889999996056
530 28214.9552089999997406
532 28081.0968500000017229
533 28074.7499879999995755
536 28045.0471120000001974
540 28031.0371709999999439
542 27969.4693990000014310
543 27942.0902749999986554
546 27866.4143839999996999
547 27819.5348610000000917
550 27815.6298309999983758
551 27812.6964550000011513
552 27696.2394979999990028
553 27604.8055769999991753
554 27556.9531690000003437
555 27512.1136579999983951
557 27210.6591049999988172
558 27111.5544010000012349
563 27029.3625449999999546
564 26935.5439890000016021
567 26799.5110209999984363
568 26750.5787740000014310
571 26648.9732829999993555
572 26643.8139669999982289
575 26531.7948079999987385
580 26452.4082740000012564
584 26445.9365069999985280
585 26332.3701839999994263
586 26319.1595019999986107
591 26228.1148609999982000
592 26136.5690009999998438
595 26060.2077030000000377
596 26008.5098380000017642
597 25926.2327399999994668
598 25792.3179249999993772
600 25765.9075899999988906
602 25500.0639330000012706
603 25324.9956710000005842
605 25110.9818190000005416
606 24871.1055080000005546
612 24849.3426220000001194
614 24682.2258890000011888
615 24628.0031430000017281
618 24541.9055249999983062
619 24461.4187590000001364
621 24348.9058169999989332
625 24073.1720950000017183
626 23981.3359859999982291
631 23881.1867050000000745
632 23765.8481240000000980
634 23476.2684489999992365
635 23269.5496400000010908
641 22974.3766639999994368
642 22844.7987649999995483
648 22659.7542250000005879
649 22453.2057899999999790
652 22169.9360540000016044
655 21858.0410379999993893
656 21633.6171460000005027
666 21497.6986189999988710
670 21432.1198839999997290
672 21354.2293959999988147
673 21343.7977800000007846
676 21278.9344369999998889
677 21259.5489799999995739
678 21219.3697419999989506
680 21083.7541390000005777
685 21001.9773239999994985
688 20956.0751439999985450
690 20887.8977129999984754
692 20837.2402570000012929
694 20796.5417039999992994
698 20670.1826639999999315
699 20661.8546989999995276
703 20588.1085810000004130
709 20585.5922649999993155
711 20580.3773419999997714
713 20520.9273890000004030
714 20487.4440280000017083
717 20412.2022519999991346
718 20354.7295469999990019
721 20266.2257170000011683
722 20245.3191660000011325
723 20210.4295830000010028
725 20189.2826459999996587
727 20059.4420329999993555
729 20037.7882649999992282
733 20007.8449589999981981
735 19882.0786200000002282
736 19812.5775060000014491
745 19742.8129689999987022
746 19683.0004330000010668
749 19629.0104019999998854
750 19601.0718630000010307
751 19524.5471120000001974
752 19424.4342929999984335
754 19374.4965489999995043
755 19308.7955159999983152
756 19134.6727470000005269
757 19091.9981010000010428
758 18902.8206449999997858
759 18818.3195500000001630
763 18550.4414570000008098
764 18484.1358980000004522
770 18318.9004789999999048
774 18314.6946040000002540
777 18174.4470580000015616
778 18138.2064890000001469
782 18008.4230219999990368
783 17859.8332430000009481
785 17830.8559720000012021
786 17628.4727229999989504
788 17609.5888850000010279
791 17502.1283750000002328
794 17470.5959389999989071
795 17356.5159899999998743
796 17289.8215879999988829
797 17170.1345179999989341
798 17043.1675219999997353
802 16934.6052449999988312
803 16845.4591000000000349
804 16709.0809960000005958
807 16639.6313960000006773
809 16497.1550480000005336
813 16391.7177989999981946
814 16360.1691979999995965
815 16287.4752549999993789
818 16154.0239380000002711
822 16025.6107780000002094
823 15994.3614460000007966
829 15879.3492530000003171
830 15762.6934409999994386
833 15497.7161670000004960
836 15424.4815240000007179
837 15250.9322580000007292
843 15248.5998540000000503
844 15089.5840719999996509
845 15045.4175329999998212
851 14928.4025280000005296
852 14838.3330580000001646
857 14691.7654129999991710
858 14559.7849879999994300
862 14431.1468850000001112
863 14273.0389660000000731
865 14219.8859130000000732
869 14103.2078399999991234
876 14034.6507209999999759
877 13964.7382330000000366
880 13955.0297190000001137
881 13871.2368549999991956
882 13832.4854140000006737
883 13712.1743740000001708
885 13633.6788469999992230
889 13554.0019969999993918
890 13492.1017819999997300
896 13438.8529139999991457
897 13360.0714779999998427
899 13323.8003540000008798
901 13238.2969780000003084
902 13134.6578850000005332
911 13127.9644869999992807
912 13088.5479309999991528
913 13060.0826749999996537
914 13017.4905390000003536
915 12973.1142149999996036
916 12903.5438560000002326
917 12827.2371590000002470
918 12710.0023280000004888
920 12572.5021240000005491
925 12500.8148440000004484
926 12415.3845479999999952
927 12341.5726720000002388
928 12187.5311440000004950
932 12122.8524290000004839
934 11968.0688079999999900
935 11805.5889430000006541
941 11748.5871480000005249
942 11648.9188699999995151
944 11613.3643470000006346
947 11607.8891160000002856
950 11561.7597320000004402
951 11544.2960440000006201
953 11406.8604460000005929
954 11341.6294660000003205
956 11337.8587540000007721
959 11237.6200530000005529
964 11121.0575759999992442
965 11106.6856939999997849
971 11036.6363810000002559
972 10988.3132530000002589
975 10916.7917539999998553
979 10896.5211290000006557
985 10866.5687120000002324
991 10855.9823020000003453
993 10655.5123230000008334
995 10653.5963300000003073
997 10652.9415169999992941
1005 10633.6551650000001246
1007 10568.4201049999992392
1009 10551.6245949999993172
1019 10530.3705659999995987
1027 10486.0810990000009042
1030 10442.6434040000003733
1046 10349.5621929999997519
1047 10342.8960210000004736
1048 10025.8781589999998687
1049 9785.8570049999998446
1080 9140.8299239999996644
1083 8926.2831490000007761
1084 8740.5590720000000147
1107 8718.1942269999999553
1126 8606.0919890000004671
1127 8600.7633920000007492
1129 8491.6628139999993437
1141 8468.8844989999997779
1145 8453.0162949999994453
1147 8366.5714140000000043
1163 8365.2904820000003383
1173 8340.1533500000005006
1183 8279.1154790000000503
1193 8242.5396980000004987
1202 8181.9774950000000899
1212 8116.1982280000001992
1223 8056.5475660000001881
1224 8013.2773420000003171
1236 7994.2109460000001491
1237 7982.5860670000001846
1269 7981.5050830000000133
1272 7898.9995559999997568
1275 7714.2519739999997910
1308 7688.7105730000002950
1309 7678.9282869999997274
1311 7636.3931300000003830
1312 7612.1413529999999810
1319 7592.5965459999997620
1320 7583.6976759999997739
1322 7552.0512470000003304
1323 7522.7116710000000239
1325 7502.5949879999998302
1326 7492.4313570000003892
1327 7448.7171090000001641
1328 7413.6329370000003109
1329 7362.7210699999995995
1330 7348.5291800000004514
1332 7200.4838470000004236
1333 7151.3407569999999396
1340 7041.2140090000002601
1341 7019.1414740000000165
1342 7002.2693799999997282
1346 6864.4241249999995489
1347 6844.5841540000001260
1351 6747.7239079999999376
1360 6715.2632409999996526
1363 6708.7012960000001840
1367 6675.8911269999998694
1368 6662.3432229999998526
1371 6650.6932120000001305
1372 6627.4574000000002343
1373 6618.9182399999999689
1374 6604.0046430000002147
1375 6572.6629300000004150
1377 6540.4120409999995900
1378 6522.2746390000002066
1380 6450.1208919999999125
1381 6403.9021599999996397
1383 6357.5864309999997204
1386 6302.2678290000003472
1388 6172.5019519999996191
1389 6101.5603920000003200
1394 6042.5386230000003707
1397 5988.1208169999999882
1401 5955.0718189999997776
1403 5934.2620429999997214
1406 5934.2431029999997918
1407 5913.1189489999997022
1409 5879.1981029999997190
1413 5822.7776860000003580
1414 5797.8658100000002378
1421 5789.9206780000004073
1423 5760.6775569999999789
1426 5743.9969709999995757
1429 5719.8596550000002026
1430 5718.6583389999996143
1431 5681.4464779999998427
1432 5662.2593779999997423
1435 5635.9662630000002537
1436 5630.3699569999998857
1438 5537.3374960000001010
1439 5481.3262610000001587
1444 5407.7465110000002824
1445 5392.1214149999996152
1447 5340.8563279999998485
1448 5294.0554099999999380
1456 5267.0145890000003419
1458 5240.7933389999998326
1459 5221.9251539999995657
1460 5190.0826749999996537
1461 5166.0845470000003843
1462 5106.6265549999998257
1465 4988.7394409999997151
1470 4901.2804450000003271
1471 4818.2964560000000347
1478 4799.2031129999995755
1480 4762.3907310000004145
1481 4733.0978859999995620
1482 4708.9141520000002856
1483 4674.3850400000001173
1485 4576.2324680000001536
1486 4501.7719600000000355
1495 4436.5895410000002812
1496 4398.6713339999996606
1502 4331.1671139999998559
1503 4261.2394789999998466
1505 4251.2916569999997591
1506 4209.3899730000002819
1508 4094.1936169999999038
1509 4060.4585680000000139
1517 4052.6513380000001234
1523 4041.2286439999998038
1524 4019.1303530000000137
1525 4016.0832620000001043
1526 3993.6152720000000045
1530 3965.6707830000000286
1531 3946.8905079999999543
1540 3943.4857120000001487
1543 3861.8255089999997836
1545 3840.6829640000000836
1547 3819.4336389999998573
1548 3776.0135580000001028
1549 3712.2762649999999667
1580 3662.6575779999998304
1584 3560.8712799999998424
1585 3500.6762990000001992
1589 3421.5514010000001690
1590 3343.2470769999999902
1601 3312.0274660000000040
1614 3308.7319299999999203
1617 3288.4835790000001907
1619 3216.1743179999998574
1628 3032.8623090000000957
1659 3023.2362469999998211
1660 3012.8617859999999382
1661 3010.7663499999998749
1663 2996.0119070000000647
1672 2983.9712639999997918
1675 2978.1676539999998568
1676 2970.9985179999998763
1677 2967.7098649999998088
1687 2936.9110900000000584
1696 2924.2507080000000315
1697 2916.9629589999999553
1698 2833.0689339999998992
1715 2685.0831619999999020
1719 2661.3997720000002118
1721 2588.4423209999999926
1724 2577.1669480000000476
1749 2499.9235469999998713
1761 2375.9616500000001906
1770 2204.5631300000000010
1794 2177.3788850000000821
1798 2157.9677729999998519
1799 2139.9230889999998908
1803 2125.4923829999997906
1804 2117.1145529999998871
1808 2103.5947890000002189
1810 2102.5470449999997982
1813 2096.4660739999999350
1818 2095.5930610000000343
1820 2092.7919090000000324
1821 2089.5093700000002173
1823 2088.5569930000001477
1832 2072.7228019999997741
1833 2039.9878920000001017
1849 2035.9882130000000870
1853 2031.9993669999998929
1866 2026.4943080000000464
1869 2003.8005800000000818
1870 1980.7576180000000932
1887 1959.1845180000000255
1888 1941.1566470000000209
1889 1903.2344109999999091
1918 1880.7875770000000557
1922 1869.4928310000000238
1925 1858.0206399999999576
1927 1843.2432819999999083
1938 1842.5652090000000953
1949 1814.5064999999999600
1967 1805.7908680000000459
1969 1799.6002470000000812
1987 1791.2529810000000907
1989 1790.7674039999999422
2001 1786.5532860000000710
2011 1774.8105129999999008
2022 1772.7800360000001092
2045 1771.0879809999998997
2048 1769.5552660000000742
2060 1768.3038269999999557
2061 1767.0099920000000111
2065 1766.2935680000000502
2076 1764.2721309999999448
2088 1760.7093939999999748
2089 1755.4149139999999534
2090 1741.6308699999999590
2099 1733.2314100000000963
2113 1723.4411600000000817
2115 1709.7156789999999091
2118 1680.4143509999998969
2128 1672.9750030000000152
2139 1668.5446369999999661
2151 1643.8162449999999808
2152 1506.2865580000000136
2163 1496.9311809999999241
2164 1459.4082169999999223
2190 1428.8477530000000115
2193 1390.4092109999999138
2205 1386.7100279999999657
2208 1380.3400770000000648
2209 1298.2387269999999262
2252 1286.8804479999998875
2254 1285.4992910000000848
2268 1285.0239859999999226
2271 1284.0902920000000904
2273 1281.7494300000000749
2276 1278.5424219999999877
2280 1269.9078819999999723
2281 1265.6056559999999536
2290 1254.8322689999999966
2299 1210.2499700000000757
2302 1209.4042099999999209
2320 1167.6480249999999614
2357 1164.8744910000000345
2359 1162.1322640000000774
2360 1154.5818739999999707
2361 1139.1119980000000851
2362 1104.3265260000000580
2383 1096.4256040000000212
2387 1093.3005590000000211
2389 1085.4629449999999906
2399 1080.9306180000000950
2409 1071.1878690000000915
2418 1047.4703660000000127
2429 1044.0688549999999850
2430 1000.6875720000000456
2449 991.7162739999999985
2455 972.1656000000000404
2456 969.6817399999999907
2466 959.1014989999999898
2468 951.9818040000000110
2488 943.8705330000000231
2489 936.0231549999999743
2493 897.0329960000000256
2520 886.0713429999999562
2531 795.9478880000000345
2533 790.7686089999999695
2542 784.8994219999999586
2546 781.1747800000000552
2557 770.7176789999999755
2567 746.8099640000000363
2576 706.5967560000000276
2604 691.3283659999999600
2608 676.7355059999999867
2612 674.9933579999999438
2618 671.5381250000000364
2627 670.3540910000000395
2629 665.8923770000000104
2638 653.5302010000000337
2647 651.2350639999999657
2658 649.6690579999999500
2671 649.4619400000000269
2683 642.4344869999999901
2684 636.7706060000000434
2703 630.3826980000000049
2714 629.7339009999999462
2726 612.4489760000000160
2727 608.9512650000000349
2746 608.9402689999999438
2749 604.5439209999999548
2750 603.3104309999999941
2760 593.4243750000000546
2770 585.4699490000000424
2771 581.4173409999999649
2782 567.8403379999999743
2783 554.7874759999999696
2792 503.7327999999999975
2828 501.6705719999999928
2846 498.7870130000000017
2847 496.4754919999999743
2848 490.1133379999999988
2849 470.8909850000000006
2868 455.2374800000000050
2875 447.2518150000000219
2893 425.0997150000000033
2904 419.6084769999999935
2909 419.2143740000000207
2921 418.9085450000000037
2924 407.5342180000000099
2957 407.3266679999999837
2959 406.3945289999999773
2961 400.2175579999999968
2963 398.9630950000000098
2973 397.9335050000000251
2975 394.2142150000000242
2978 389.7984950000000026
2979 383.4866289999999935
2988 375.6257350000000201
2998 360.7996939999999881
3009 349.0236639999999966
3028 344.7603540000000066
3032 329.6344280000000140
3057 326.6437419999999747
3066 323.3139739999999733
3067 318.9659639999999854
3070 312.8618040000000065
3073 311.0361619999999903
3086 310.5539529999999786
3102 307.1695639999999798
3104 304.9303939999999784
3124 302.5374729999999772
3149 302.3569330000000264
3150 302.2254889999999818
3153 302.0162770000000023
3154 301.8421250000000100
3156 301.6105840000000171
3157 301.4636889999999880
3158 301.1480179999999791
3159 300.8570139999999924
3160 300.3594380000000115
3161 299.9823559999999816
3162 299.4542099999999891
3163 299.0595410000000243
3164 297.2764520000000061
3165 295.2941690000000108
3167 294.5409310000000005
3168 293.5442550000000210
3169 289.8644370000000094
3170 286.5393930000000182
3171 285.6543189999999868
3172 281.5920830000000024
3173 280.8939910000000282
3175 274.3935870000000250
3177 268.3003449999999930
3178 262.5761239999999930
3181 260.9918260000000032
3182 259.1925590000000170
3185 251.1014069999999947
3186 249.9116830000000107
3190 242.9718019999999967
3191 239.0439859999999896
3197 231.8209740000000068
3198 227.5540220000000033
