1 120.5880420000000015
2 47.3431619999999995
3 46.3623509999999968
9 37.9704929999999976
11 37.7367220000000003
13 37.3522069999999999
15 36.5373140000000021
18 35.8365020000000030
23 34.0299890000000005
24 33.9325490000000016
30 32.1566520000000011
52 32.1314520000000030
53 32.1156790000000001
77 32.0980100000000022
83 32.0973600000000019
85 32.0939539999999965
87 32.0925980000000024
104 32.0921540000000007
126 32.0920479999999984
129 32.0920169999999985
130 32.0920020000000008
152 32.0919859999999986
156 32.0919659999999993
166 32.0919499999999971
187 32.0919460000000001
196 32.0919439999999980
199 32.0919420000000031
209 32.0919409999999985
