1 3737278709.4280548095703125
12 1287631352.4695749282836914
26 1270421569.3604910373687744
27 886561759.6802209615707397
37 883974092.2180629968643188
45 257873993.0136359930038452
66 225569537.0575399994850159
74 160586583.7057029902935028
77 105812447.5119709968566895
85 71906663.0719390064477921
106 11829455.6404960006475449
108 8936510.2022689990699291
136 1029525.3532739999936894
174 924762.2568510000128299
190 921027.8706590000074357
205 447187.4612070000148378
229 440606.0550209999782965
259 150759.3724010000005364
276 84870.9400020000030054
278 26232.5055189999984577
280 8440.9816919999993843
282 6718.0169930000001841
298 4684.3376399999997375
312 146.3998860000000093
328 13.4368110000000005
330 5.9554570000000000
360 3.1599219999999999
362 2.8027240000000000
363 2.4233440000000002
377 2.0359250000000002
379 1.8371770000000001
409 0.1089340000000000
425 0.0335890000000000
441 0.0042020000000000
443 0.0017730000000000
445 0.0017200000000000
447 0.0016250000000000
477 0.0000050000000000
521 0.0000020000000000
523 0.0000000000000000
