1 128.0000000000000000
9 126.4500000000000028
11 118.1299999999999955
12 114.2900000000000063
14 109.0799999999999983
15 101.7300000000000040
18 99.4300000000000068
19 94.9300000000000068
25 90.9699999999999989
26 82.6099999999999994
46 80.8605170000000015
47 71.7883949999999942
54 70.6276469999999961
59 69.3903200000000027
69 63.6811199999999999
83 63.0571199999999976
87 61.3011199999999974
115 60.9026819999999987
126 59.4410820000000015
131 57.8078819999999993
135 55.6158819999999992
141 53.6952819999999988
142 51.4134820000000019
146 49.1880820000000014
174 45.9101870000000005
175 43.8461870000000005
183 42.5273869999999974
184 39.4109869999999987
185 37.6217869999999976
212 35.9494889999999998
236 33.4892889999999994
242 33.3584889999999987
248 32.8176890000000014
278 32.3415389999999974
293 31.1047389999999986
294 29.3143390000000004
315 29.2230890000000016
321 28.0910890000000002
342 27.6000189999999996
349 25.9956190000000014
350 25.5504190000000015
354 22.0228189999999984
359 20.6300190000000008
381 19.6876190000000015
402 19.6617679999999986
408 18.6541679999999985
420 18.6465679999999985
442 18.3028919999999999
464 18.2382339999999985
465 18.1636169999999986
479 18.1560169999999985
498 17.9709049999999984
507 17.7795829999999988
510 17.7172550000000015
515 17.6859460000000013
560 17.6696489999999997
564 17.6522429999999986
572 17.6442429999999995
590 17.6435490000000001
622 17.6384639999999990
654 17.6383749999999999
657 17.6270880000000005
678 17.6054540000000017
711 17.5980549999999987
717 17.5963339999999988
722 17.5955419999999982
727 17.5874109999999995
731 17.5859029999999983
750 17.5785109999999989
776 17.5772100000000009
783 17.5755219999999994
813 17.5680779999999999
856 17.5675339999999984
864 17.5671609999999987
871 17.5664179999999988
875 17.5661670000000001
888 17.5659889999999983
892 17.5656679999999987
901 17.5655220000000014
926 17.5647410000000015
933 17.5642810000000011
957 17.5638150000000017
962 17.5636960000000002
1005 17.5634179999999986
1021 17.5633330000000001
1028 17.5631999999999984
1037 17.5631899999999987
1039 17.5630859999999984
1067 17.5630190000000006
1076 17.5629829999999991
1077 17.5629029999999986
1086 17.5628940000000000
1095 17.5628300000000017
1141 17.5628169999999990
1142 17.5628069999999994
1146 17.5628050000000009
1150 17.5628039999999999
1152 17.5627560000000003
1178 17.5627050000000011
1182 17.5625910000000012
1217 17.5625590000000003
1236 17.5625579999999992
1243 17.5625430000000016
1250 17.5625339999999994
1259 17.5625320000000009
1266 17.5625309999999999
1268 17.5625269999999993
1298 17.5625239999999998
1300 17.5625229999999988
1312 17.5625220000000013
1334 17.5625210000000003
1368 17.5625199999999992
1390 17.5625169999999997
1393 17.5625150000000012
1394 17.5625140000000002
1416 17.5625129999999992
1430 17.5625120000000017
1433 17.5625110000000006
1453 17.5625089999999986
1459 17.5625080000000011
1492 17.5625059999999991
1496 17.5625040000000006
1542 17.5625029999999995
1612 17.5625019999999985
