1 24.1952609999999986
8 8.7481430000000007
10 6.1134880000000003
14 4.0802040000000002
19 3.9689429999999999
22 3.9084970000000001
23 3.8569610000000001
27 3.8066610000000001
28 3.7636639999999999
29 3.7307049999999999
30 3.6524269999999999
31 3.5771720000000000
32 3.5002710000000001
33 3.3152830000000000
34 3.1163580000000000
38 2.9597620000000000
42 2.8869410000000002
44 2.8199250000000000
45 2.7935439999999998
46 2.6727270000000001
47 2.5960760000000001
48 2.4657849999999999
49 2.3248000000000002
51 1.9565640000000000
52 1.9021110000000001
56 1.6392549999999999
61 1.5468070000000000
63 1.4649960000000000
64 1.3839269999999999
65 1.2998410000000000
67 1.1232569999999999
68 0.9675300000000000
72 0.7830340000000000
73 0.7140690000000000
75 0.5480810000000000
80 0.4479110000000000
84 0.4334700000000000
86 0.4023380000000000
88 0.3375050000000000
89 0.3182640000000000
91 0.2054740000000000
92 0.1546350000000000
98 0.1010500000000000
102 0.0924640000000000
103 0.0637780000000000
119 0.0529680000000000
122 0.0499990000000000
123 0.0339170000000000
124 0.0326080000000000
125 0.0313800000000000
126 0.0164080000000000
130 0.0082160000000000
134 0.0073000000000000
141 0.0045280000000000
148 0.0009820000000000
149 0.0009010000000000
161 0.0004160000000000
174 0.0003740000000000
180 0.0002630000000000
186 0.0000490000000000
199 0.0000470000000000
201 0.0000360000000000
202 0.0000160000000000
210 0.0000020000000000
223 0.0000010000000000
232 0.0000000000000000
