1 1693382470.6430981159210205
2 559314678.3384040594100952
7 283646963.7676860094070435
10 146409161.6170029938220978
51 133772189.3447480052709579
53 130240873.0179540067911148
56 125754772.8231649994850159
57 122075003.5907959938049316
61 118232989.7145960032939911
63 117311106.5202469974756241
66 111738378.5358079969882965
67 106584329.7257169932126999
70 96635180.0993169993162155
71 87380107.6474259942770004
74 77408884.3818890005350113
75 68058222.7741860002279282
77 54877880.5740199983119965
78 41515136.9069079980254173
79 35744694.2126709967851639
80 24093622.5507539995014668
82 5364419.4076439999043941
83 555575.5185579999815673
95 322309.3421719999751076
97 299382.8462469999794848
99 171261.5691269999952056
108 156849.1090039999980945
111 148765.9110569999902509
113 127943.9160339999943972
117 127864.6478309999947669
119 126235.4925599999987753
129 119620.2004069999966305
155 119364.1981649999943329
157 119214.8689650000014808
159 119156.8274070000043139
173 118906.1956230000068899
183 118779.8236020000040298
185 118093.4478280000039376
208 117952.4637280000024475
211 117147.1917970000067726
213 117124.0762390000018058
230 116790.4570260000036797
231 116666.3916520000057062
232 116532.0185539999947650
233 116157.1850129999947967
234 115961.2564730000012787
236 115606.5508030000055442
238 115213.9932680000056280
241 114353.4294159999990370
242 113963.7654860000038752
244 113467.6663890000054380
247 113317.1077380000060657
248 113242.2235859999927925
250 112406.9678850000054808
258 112402.5891940000001341
259 112105.4114790000021458
261 111440.1591409999964526
262 111113.8075939999980619
264 111005.9026160000066739
265 110896.0465839999960735
267 109451.7332579999929294
268 108774.2599440000049071
273 108284.8354600000020582
274 107555.8208420000009937
278 106461.7320150000014110
283 105608.0489669999951730
284 105441.9180999999953201
289 105290.1592300000047544
292 104795.8716149999963818
295 104120.3468140000040876
296 103591.2420799999963492
299 103253.0747960000007879
302 102702.5490430000063498
304 102072.5118130000046222
305 101301.1340340000024298
314 101285.2408290000021225
316 100666.6886269999959040
317 100163.2943839999934426
321 99861.0841910000017378
322 99587.5102760000008857
324 99158.3686639999941690
325 98847.8173149999929592
329 98438.5781109999952605
331 98432.7629259999957867
335 98259.4387750000023516
337 97620.9194710000010673
338 97298.7006209999963176
340 97215.2202890000044135
341 96924.3786379999946803
342 96525.3296030000055907
345 96505.7905190000019502
346 95583.6888920000055805
347 94704.6451559999986785
351 93452.1217089999991003
352 93007.1987320000043837
357 92294.4116530000028433
360 91220.7404229999956442
365 90337.3592090000020107
366 89809.7515459999995073
370 89226.5682260000030510
371 88449.0458119999966584
375 87697.0948639999987790
376 87108.1920890000037616
378 86686.3302319999929750
379 86372.0172159999929136
382 85940.4531450000067707
384 85650.5444980000029318
386 84291.0940149999951245
397 84121.3411959999939427
398 83797.2072749999933876
401 83747.0170519999956014
404 83549.1123170000064420
405 83385.8102709999948274
406 83085.3275200000061886
409 82898.7321269999956712
411 82583.6691220000066096
412 82496.9178059999976540
415 82018.1601950000040233
422 81683.8521719999989728
423 81548.4723669999948470
427 81383.1144280000007711
428 81115.2066449999983888
429 80921.2813210000022082
430 80532.4916910000029020
431 80503.9230709999974351
433 79947.1999400000058813
434 79393.6409509999939473
438 78359.2649439999950118
439 78126.8288820000016131
444 77701.0174969999934547
449 77632.4029909999953816
467 77476.1152620000066236
470 76855.1107340000016848
480 76669.8520580000040354
488 76385.8682419999968261
499 75906.3384039999946253
501 75806.8864449999964563
512 75319.1647130000055768
516 74542.7281170000060229
517 74202.0572169999941252
522 73884.8576139999931911
523 73873.2338639999943553
524 73671.5219470000010915
528 73196.4289600000047358
529 72669.0008180000004359
530 70945.1030440000031376
555 70662.8051949999935459
557 70345.0688780000054976
561 70318.8435940000053961
565 70271.1986860000033630
567 69955.5184259999950882
577 69392.2690489999949932
586 68787.0399089999991702
606 68261.3250189999962458
613 68195.5369099999952596
615 67829.3156140000064624
628 67658.2291359999944689
638 67286.6914110000070650
647 67119.1458149999962188
650 66082.0663340000028256
669 65464.6233829999982845
670 65077.6878409999990254
673 64461.8551569999981439
674 63378.3990820000035455
678 62918.9505130000034114
680 62348.3300810000000638
701 61919.3929139999963809
703 61670.3864689999973052
704 61505.2436069999967003
707 61427.5508390000031795
709 61209.1611039999988861
712 60854.1694550000029267
713 60736.4037929999976768
715 60379.9017979999989620
717 59935.4491130000023986
718 59427.2512080000014976
722 58969.6061019999979180
723 58351.5409209999997984
729 58041.8489209999970626
731 57381.8691909999979543
741 57100.4430219999994733
742 56842.3545139999987441
747 56433.7995890000020154
748 56131.5325389999998151
750 55991.7611360000009881
751 55936.5187260000020615
752 55193.4289080000016838
753 54450.2506619999985560
755 54033.6846890000015264
761 53989.3047149999983958
762 53761.8003089999983786
766 53658.7482030000028317
770 53650.7641480000020238
785 53489.9301940000004834
788 53265.3541489999988698
790 53260.0808400000023539
800 52503.1026389999969979
810 52350.5508810000028461
821 52281.7242909999986296
823 51022.6593060000013793
842 50314.2594089999984135
843 49966.7298589999991236
864 49942.9126249999972060
875 49870.8857809999972233
885 49594.5561230000021169
887 49507.3264800000033574
898 49420.6589200000016717
901 49410.2146839999986696
902 49352.6390580000006594
913 49242.5711519999968004
914 49009.7282479999994393
922 48662.2465410000004340
931 47632.8275349999967148
957 47085.0725119999988237
959 46409.7689259999970091
968 45917.5248090000022785
969 45548.8503300000011222
993 45403.1131289999975706
994 45343.8450999999986379
996 45260.0652229999977862
997 45237.3080629999967641
999 44984.7815449999980046
1000 44853.1744729999991250
1001 44835.9774519999991753
1002 44641.0802489999987301
1004 44291.5745220000026166
1007 44092.2313799999974435
1010 43971.2896600000021863
1012 43617.2777019999994081
1013 43589.5377829999997630
1016 43142.7242299999998068
1017 42863.5670220000029076
1020 42276.8511280000020633
1027 42100.4333520000000135
1029 42043.9058779999977560
1032 42002.2558209999988321
1033 41680.6665389999980107
1034 41432.4823980000001029
1037 41412.5388020000027609
1039 41243.0118399999992107
1042 41060.4429000000018277
1044 40850.0799620000034338
1047 40814.5317880000002333
1051 40760.4320329999973183
1053 40741.1463690000018687
1054 40396.9204850000023725
1055 40244.5778859999991255
1061 40175.0821540000033565
1064 39734.9523800000024494
1081 39208.2490760000000591
1084 39055.4405499999993481
1097 38902.9510559999980615
1109 38837.8522799999991548
1121 38807.1585550000017975
1133 38651.7397859999982757
1158 38568.9627200000031735
1160 38520.3346690000034869
1171 38477.0641889999969862
1173 38166.4035850000000210
1183 37298.9976680000036140
1193 36964.9004750000021886
1194 35313.6096259999976610
1217 34813.9573749999981374
1218 34121.7436809999999241
1221 33803.3640169999998761
1223 33636.8038969999979599
1226 33025.0998869999966701
1242 32868.5449270000026445
1244 32120.7812999999987369
1257 31297.6734480000013718
1274 30947.3051950000008219
1294 30653.7370660000015050
1295 30536.3244689999992261
1297 30473.2004669999987527
1299 30225.3265539999993052
1306 29992.4296749999994063
1317 29591.2486339999995835
1319 29015.7993999999998778
1320 28671.7181810000001860
1324 28436.2857890000013867
1325 28224.1849059999985911
1330 27811.4417099999991478
1332 27466.8491729999987001
1334 27294.3475409999991825
1340 27289.9847230000013951
1341 27052.4428579999985232
1352 25883.0574569999989762
1363 25464.8385410000009870
1365 24920.8786499999987427
1390 24756.5591800000001967
1395 24554.2458939999996801
1400 24519.4329949999992095
1410 24460.0145410000004631
1413 24082.7472600000000966
1440 23938.9608169999992242
1441 23648.7250099999982922
1443 23596.9222939999999653
1444 23290.6410709999981918
1445 22700.8796320000001288
1465 22498.4025499999988824
1467 21934.9349829999991925
1474 21776.5395009999992908
1475 21470.0079980000009527
1481 21278.8731890000017302
1482 20867.2085130000014033
1500 20664.5501629999998841
1501 20233.0063049999989744
1518 20185.4775379999991856
1535 20004.7837990000007267
1544 19997.9261450000012701
1554 19965.2499050000005809
1557 19937.6152350000011211
1570 19915.0702219999984663
1600 19897.4687330000015208
1602 19867.7491069999996398
1613 19865.5736580000011600
1614 19856.0191510000004200
1617 19855.3701279999986582
1624 19852.2662229999987176
1625 19820.1825969999990775
1626 19774.9418250000016997
1628 19732.1433189999988826
1632 19699.4054920000016864
1636 19621.6173659999985830
1646 19468.9599710000002233
1648 19444.8016270000007353
1665 19023.9399550000016461
1686 19007.4307829999997921
1689 18847.6325529999994615
1690 18718.3326940000006289
1692 18672.7857020000010380
1694 18550.2488929999999527
1697 18368.2843719999982568
1701 18355.5463649999983318
1706 18010.8135460000012245
1707 18003.8726820000010775
1723 17805.2302159999999276
1731 17663.5280319999983476
1732 17623.5655860000006214
1742 17609.3157189999983530
1761 17579.1325929999984510
1762 17538.9827780000014172
1767 17340.8403599999983271
1777 17161.9154830000006768
1796 17113.4525519999988319
1797 17008.3818559999999707
1799 16327.3649430000004941
1810 15975.3603220000004512
1835 15908.8210469999994530
1838 15832.2833300000002055
1843 15780.2513080000007903
1844 15761.1115140000001702
1847 15663.4326700000001438
1848 15594.8217399999994086
1850 15534.0568579999999201
1851 15462.0102630000001227
1852 15361.6124970000000758
1853 15342.3984739999996236
1856 15187.1248350000005303
1857 15081.0628489999999147
1867 15029.6385239999999612
1868 14956.5414639999999054
1870 14931.6017850000007456
1871 14923.0621730000002572
1872 14803.3407819999993080
1873 14686.5680109999993874
1877 14606.2842500000006112
1878 14552.2373069999994186
1881 14432.7292839999990974
1888 14243.5566350000008242
1890 14146.5455160000001342
1899 13958.6697160000003350
1923 13948.1179140000003827
1926 13946.0481839999993099
1927 13781.6853190000001632
1934 13651.5472730000001320
1935 13537.4092830000008689
1938 13467.9601270000002842
1940 13387.3758560000005673
1943 13249.0694490000005317
1949 13122.9577160000008007
1954 13068.5761889999994310
1956 13043.5216400000008434
1957 13041.6417280000005121
1959 12916.3957879999998113
1960 12872.2565319999994244
1965 12816.7060689999998431
1966 12785.8084660000004078
1969 12731.7495299999991403
1973 12728.6226249999999709
1975 12668.2332839999999123
1977 12607.2066959999992832
1986 12488.8531309999998484
2015 12484.5816040000008798
2020 12467.7007410000005621
2022 12399.0681270000004588
2024 12395.8084620000008726
2033 12379.3398170000000391
2034 12292.3561179999996966
2043 12040.7629949999991368
2054 12013.8410320000002685
2055 11944.2609599999996135
2072 11910.9276399999998830
2075 11845.1666559999994206
2094 11760.8234580000007554
2104 11760.2817909999994299
2106 11661.0357270000004064
2116 11538.5491120000006049
2125 11366.9178049999991345
2136 11357.3239730000004784
2140 11297.0521430000007967
2152 11096.5688460000001214
2157 11080.9263539999992645
2168 10755.0957379999999830
2169 10713.9978279999995721
2180 10038.2871770000001561
2224 9945.9237119999997958
2233 9919.8691990000006626
2236 9917.1111849999997503
2239 9646.4140819999993255
2241 9575.1611740000007558
2263 9539.5818670000007842
2264 9468.4223359999996319
2265 9358.2538519999998243
2280 9331.8793399999995017
2293 9253.1613140000008570
2295 9205.8308280000001105
2304 9143.3729280000006838
2313 9069.4880699999994249
2332 9023.0149330000003829
2337 8980.9951120000005176
2340 8952.3713489999990998
2350 8877.9294960000006540
2359 8656.2432829999997921
2384 8645.0199379999994562
2395 8608.8987190000007104
2405 8606.2015009999995527
2407 8581.1387099999992643
2408 8529.9263659999996889
2417 8450.1214729999992414
2427 8392.7027109999999084
2437 8315.3796760000004724
2446 8261.7394349999995029
2469 8259.4092160000000149
2471 8195.9356960000004619
2487 8187.8012250000001586
2490 8183.8862680000002001
2493 8166.3977770000001328
2494 8114.7140019999997094
2503 8020.7546060000004218
2504 7971.0619660000002114
2507 7917.7655089999998381
2528 7577.8063769999998840
2530 7472.9666690000003655
2557 7423.8053229999995892
2561 7412.9467299999996612
2563 7409.4397179999996297
2572 7327.4614060000003519
2575 7279.4504770000003191
2576 7275.7658490000003439
2586 7112.2994019999996453
2596 7067.5476360000002387
2599 7056.1283750000002328
2609 6941.9751800000003641
2632 6876.4530949999998484
2634 6741.5809950000002573
2635 6643.4306520000000091
2647 6622.3044060000001991
2648 6537.6866939999999886
2649 6321.3435740000004444
2660 6229.2259860000003755
2664 5918.4964079999999740
2681 5853.2606679999998960
2701 5731.8373419999998077
2702 5524.7198209999996834
2724 5497.6285280000001876
2725 5490.8140759999996590
2729 5469.0886149999996633
2730 5454.7694719999999506
2731 5444.0878489999995509
2732 5430.0314850000004299
2733 5392.5144289999998364
2734 5349.9322570000003907
2735 5334.6716560000004392
2736 5306.3470900000002075
2737 5233.8291129999997793
2738 5146.4350979999999254
2744 5133.4078680000002350
2745 5095.4593679999998130
2748 5060.5660470000002533
2750 5012.1625629999998637
2753 4976.6915760000001683
2762 4961.0208979999997609
2766 4959.3626059999996869
2768 4933.2034309999999095
2770 4901.8046409999997195
2775 4829.9476619999995819
2833 4829.3540430000002743
2835 4828.9949479999995674
2847 4828.2462130000003526
2848 4827.4716820000003281
2851 4826.8354030000000421
2853 4825.9680550000002768
2855 4805.9024730000001000
2856 4794.2836960000004183
2859 4791.3501429999996617
2869 4776.1881409999996322
2880 4772.2393430000001899
2890 4771.5457859999996799
2891 4742.7477010000002338
2909 4733.5992839999998978
2926 4702.7478940000000875
2928 4699.7714159999995900
2930 4677.1590159999996104
2931 4661.9023459999998522
2973 4634.0677210000003470
2975 4630.6619280000004437
2976 4603.0894939999998314
2978 4595.6974840000002587
2980 4595.0424419999999373
2981 4573.0511040000001231
2990 4529.6502549999995608
3000 4528.3864999999996144
3025 4517.2639239999998608
3026 4513.5266769999998360
3030 4505.4404880000001867
3054 4500.8515100000004168
3055 4497.4753870000004099
3057 4365.7893359999998211
3086 4348.4810239999997066
3088 4339.7340819999999439
3089 4331.0359790000002249
3091 4303.3748199999999997
3092 4259.6796210000002247
3103 4231.3644510000003720
3104 4176.4731549999996787
3113 4041.1081850000000486
3136 3951.0580460000001040
3158 3928.3016729999999370
3160 3900.9343480000002273
3161 3844.9310430000000451
3176 3803.4556090000000950
3197 3798.4807740000001104
3199 3785.8935089999999946
3200 3768.8444530000001578
