1 190071.9318499999935739
12 102886.6950459999934537
16 92115.7410979999986012
18 82715.9550929999968503
20 70426.9493979999970179
47 61364.0857969999997295
48 61191.1221769999974640
50 60816.7672709999969811
66 54342.1280249999981606
90 53204.5488350000014179
97 53087.2115960000010091
105 49682.2752570000011474
106 48596.3054370000027120
115 44381.0322870000018156
116 43034.4759869999979855
148 42821.3070959999968181
150 41118.3441129999991972
151 40227.9233430000022054
155 38949.5088180000020657
173 37966.2955940000028932
176 37206.8001700000022538
180 30616.3096469999982219
199 29551.8889559999988705
206 28709.2664000000004307
209 24570.9451369999987946
229 23742.7303390000015497
230 22978.8749859999988985
258 18595.8666340000017954
268 17578.9684469999992871
275 16183.6188380000003235
280 13808.9181160000007367
315 12957.8808819999994739
326 12725.4744900000005146
332 12589.0827250000002095
354 12390.5295819999992091
363 11131.6003459999992629
366 10868.1938499999996566
386 7721.3118119999999180
392 6887.3264920000001439
400 5685.8382730000002994
432 5097.1450610000001689
465 5008.0201719999995476
467 4824.5854529999996885
491 4472.3416630000001533
499 4281.7879480000001422
520 4240.7224999999998545
540 4181.0294320000002699
546 4091.0626050000000760
547 4076.6619040000000496
550 4063.4034489999999096
551 3780.0418859999999768
552 3682.5440210000001571
562 3647.6387249999997948
570 3592.5970189999998183
571 3557.9698619999999210
597 3524.9223189999997885
605 3512.7564449999999852
607 3488.1900660000001153
608 3413.4282370000000810
622 3358.9789190000001327
627 3188.2753280000001723
628 2901.7965399999998226
635 1273.4279619999999795
683 1129.3900510000000850
691 982.0882309999999507
711 800.8031730000000152
723 787.9965519999999515
724 685.8658789999999499
727 618.8060199999999895
730 515.1989889999999832
758 335.7886439999999766
780 326.1840889999999717
799 312.8069280000000276
821 203.8333480000000009
861 203.4866489999999999
866 197.7324519999999950
869 181.5152239999999892
874 161.7893870000000049
876 141.5920600000000036
878 141.2428069999999991
887 137.6339790000000107
893 119.1151600000000030
902 118.6739950000000050
910 107.5754380000000054
912 101.3155509999999992
921 98.5636439999999965
925 93.5049549999999954
931 90.8144999999999953
939 84.0159340000000014
966 81.8194289999999995
968 81.3976470000000063
972 81.1134749999999940
977 80.8657249999999976
980 79.1903879999999987
985 78.4294469999999961
1002 77.3844220000000007
1006 74.9069460000000049
1010 72.0916009999999972
1035 70.5130549999999943
1045 70.2196869999999933
1049 69.9980019999999996
1053 69.7770040000000051
1059 68.6984900000000067
1067 67.8265959999999950
1070 66.4791639999999973
1091 63.0205600000000032
1092 55.1658070000000009
1093 34.3000049999999987
1112 30.0562870000000011
1117 27.2815709999999996
1138 27.0138150000000010
1142 26.7016990000000014
1144 26.6831439999999986
1150 25.9748279999999987
1152 25.5962959999999988
1156 23.8848739999999999
1162 20.1530899999999988
1188 19.7701279999999997
1192 17.5324920000000013
1193 17.3183380000000007
1220 17.1384170000000005
1225 16.9779470000000003
1228 16.7264830000000018
1235 16.1537460000000017
1278 15.9959109999999995
1281 15.9881589999999996
1285 15.9249030000000005
1286 15.7910740000000001
1295 15.6606550000000002
1307 15.6119489999999992
1308 15.3761410000000005
1319 15.3251179999999998
1322 15.1686080000000008
1330 15.0990129999999994
1335 15.0162630000000004
1346 14.9876149999999999
1350 14.9803829999999998
1352 14.9779830000000000
1356 14.9332799999999999
1360 14.8767849999999999
1373 14.1949919999999992
1374 12.1496119999999994
1375 6.1386659999999997
1383 5.0144029999999997
1386 2.4306880000000000
1440 2.3810850000000001
1443 1.8043709999999999
1453 1.7017549999999999
1455 1.6518109999999999
1459 1.6306890000000001
1463 1.3334320000000000
1473 1.3325920000000000
1490 1.0072430000000001
1524 0.9590120000000000
1529 0.8885740000000000
1539 0.8199990000000000
1559 0.6967540000000000
1596 0.6680210000000000
1600 0.6550060000000000
1603 0.6434970000000000
1606 0.6148640000000000
1646 0.6068610000000000
1650 0.5872250000000000
1657 0.5844560000000000
1658 0.5526880000000000
1669 0.5464780000000000
1674 0.5397370000000000
1679 0.5387560000000000
1684 0.5297660000000000
1692 0.5225440000000000
1693 0.5000559999999999
1722 0.4869200000000000
1726 0.4747480000000000
1729 0.4629710000000000
1733 0.4573410000000000
1749 0.3543540000000000
1766 0.2318510000000000
1784 0.1757110000000000
1813 0.1666280000000000
1816 0.1466050000000000
1819 0.1259500000000000
1822 0.1082110000000000
1850 0.1072780000000000
1854 0.1062750000000000
1858 0.0982580000000000
1864 0.0902150000000000
1866 0.0861580000000000
1873 0.0727600000000000
1897 0.0686970000000000
1933 0.0670170000000000
1934 0.0500620000000000
1959 0.0460400000000000
1960 0.0426220000000000
1976 0.0361570000000000
2004 0.0331900000000000
2014 0.0318560000000000
2016 0.0317590000000000
2018 0.0312770000000000
2028 0.0305840000000000
2031 0.0304670000000000
2033 0.0299920000000000
2038 0.0288870000000000
2039 0.0275600000000000
2042 0.0266450000000000
2066 0.0251320000000000
2092 0.0222630000000000
2095 0.0220260000000000
2096 0.0211990000000000
2099 0.0197800000000000
2137 0.0179730000000000
2138 0.0144540000000000
2156 0.0087370000000000
2197 0.0086330000000000
2198 0.0076220000000000
2202 0.0075350000000000
2214 0.0070000000000000
2217 0.0055230000000000
2228 0.0052490000000000
2242 0.0048900000000000
2246 0.0045570000000000
2254 0.0045070000000000
2260 0.0044230000000000
2263 0.0044170000000000
2265 0.0041730000000000
2269 0.0041050000000000
2274 0.0040700000000000
2276 0.0038200000000000
2277 0.0037120000000000
2301 0.0036870000000000
2306 0.0036690000000000
2308 0.0033430000000000
2325 0.0032730000000000
2326 0.0032710000000000
2337 0.0031670000000000
2340 0.0030960000000000
2341 0.0030870000000000
2345 0.0030850000000000
2347 0.0028220000000000
2348 0.0027170000000000
2356 0.0027120000000000
2383 0.0026890000000000
2401 0.0026740000000000
2417 0.0025920000000000
2420 0.0022200000000000
2445 0.0021860000000000
2451 0.0021750000000000
2460 0.0021700000000000
2462 0.0021650000000000
2466 0.0021390000000000
2468 0.0021350000000000
2470 0.0021130000000000
2473 0.0021020000000000
2485 0.0020870000000000
2491 0.0020650000000000
2495 0.0020630000000000
2501 0.0019280000000000
2502 0.0015240000000000
2503 0.0004370000000000
2548 0.0004220000000000
2550 0.0003600000000000
2558 0.0001750000000000
2587 0.0001690000000000
2595 0.0001680000000000
2598 0.0001360000000000
2620 0.0001150000000000
2625 0.0001060000000000
2639 0.0000950000000000
2644 0.0000850000000000
2671 0.0000800000000000
2679 0.0000720000000000
2683 0.0000610000000000
2700 0.0000430000000000
2721 0.0000420000000000
2754 0.0000410000000000
2757 0.0000370000000000
2760 0.0000340000000000
2785 0.0000320000000000
2811 0.0000310000000000
2831 0.0000280000000000
2834 0.0000260000000000
2871 0.0000190000000000
2902 0.0000180000000000
2911 0.0000170000000000
2916 0.0000160000000000
2926 0.0000150000000000
2975 0.0000130000000000
3013 0.0000120000000000
3019 0.0000110000000000
3031 0.0000100000000000
3065 0.0000090000000000
3095 0.0000080000000000
