1 1808.8545180000000983
9 1741.5214969999999539
11 1486.8832390000000032
12 1351.1950540000000274
14 1238.8997719999999845
15 1102.6691539999999350
18 1056.8513430000000426
19 965.0894349999999804
20 930.4292789999999513
27 860.7937600000000202
32 826.0659229999999980
34 607.2491929999999911
66 552.7562309999999570
67 493.4150829999999814
75 448.9602970000000255
76 438.5247550000000274
77 431.3033009999999763
93 397.2255940000000010
99 397.1944250000000238
118 380.0718550000000278
123 343.2970639999999776
139 315.7996160000000145
147 315.6386309999999753
150 314.1947270000000003
160 262.0289490000000114
181 238.9628079999999954
183 236.8701609999999960
190 200.7431210000000021
194 188.1614069999999970
207 178.4540460000000053
214 177.7733340000000055
222 176.6139469999999960
229 152.6720540000000028
235 124.3269290000000069
236 91.8421330000000040
255 91.2434499999999957
276 89.9946139999999986
298 78.8587050000000005
330 78.7833739999999949
331 78.7651400000000024
334 78.0113659999999953
336 77.3776150000000058
338 74.5490410000000026
344 74.4315399999999983
352 73.7964640000000003
356 73.0944839999999942
360 69.8853990000000067
371 65.5434949999999930
386 60.2478759999999980
405 57.9082719999999966
419 57.5952830000000020
446 53.2484880000000018
447 46.2119550000000032
448 35.6188560000000010
457 32.2055509999999998
463 31.8239049999999999
484 31.7898859999999992
492 30.9472319999999996
497 30.7373879999999993
507 30.6407309999999988
510 29.7210539999999988
545 27.9378990000000016
566 27.3398000000000003
575 27.2133709999999986
594 27.1673170000000006
607 26.7728849999999987
633 26.7337869999999995
659 26.7301579999999994
665 26.7062710000000010
684 26.4579519999999988
688 26.4345749999999988
718 26.3698009999999989
754 26.3499659999999984
760 26.3468279999999986
769 26.3455639999999995
773 26.3442930000000004
793 26.3407580000000010
797 26.3144810000000007
817 26.2980049999999999
821 26.2955369999999995
857 26.2909269999999999
865 26.2909199999999998
886 26.2793899999999994
888 26.2784280000000017
892 26.2768319999999989
928 26.2715420000000002
932 26.2704330000000006
956 26.2693200000000004
959 26.2690829999999984
961 26.2690440000000009
962 26.2654190000000014
1016 26.2639789999999991
1042 26.2639199999999988
1050 26.2637380000000000
1054 26.2637299999999989
1055 26.2627260000000007
1070 26.2623029999999993
1074 26.2621830000000003
1075 26.2620830000000005
1085 26.2619949999999989
1110 26.2618420000000015
1114 26.2615310000000015
1158 26.2612430000000003
1159 26.2611199999999982
1169 26.2610199999999985
1170 26.2610099999999989
1171 26.2607150000000011
1172 26.2604509999999998
1181 26.2604460000000017
1189 26.2603669999999987
1193 26.2603310000000008
1196 26.2601019999999998
1201 26.2599109999999989
1204 26.2598680000000009
1224 26.2598219999999998
1233 26.2596990000000012
1266 26.2593199999999989
1272 26.2587270000000004
1305 26.2585240000000013
1306 26.2581990000000012
1308 26.2581160000000011
1309 26.2577390000000008
1315 26.2576070000000001
1316 26.2574010000000015
1320 26.2570659999999982
1325 26.2569799999999987
1327 26.2569030000000012
1328 26.2568389999999994
1329 26.2566169999999985
1330 26.2565570000000008
1331 26.2565360000000005
1337 26.2564290000000007
1352 26.2564199999999985
1353 26.2562700000000007
1356 26.2562239999999996
1358 26.2561740000000015
1365 26.2559310000000004
1371 26.2557960000000001
1372 26.2557739999999988
1378 26.2557560000000016
1383 26.2556410000000007
1389 26.2556149999999988
1391 26.2553939999999990
1392 26.2553379999999983
1403 26.2552909999999997
1409 26.2552860000000017
1417 26.2552650000000014
1419 26.2551780000000008
1439 26.2551319999999997
1440 26.2551249999999996
1448 26.2550600000000003
1449 26.2549819999999983
1462 26.2549419999999998
1463 26.2548819999999985
1467 26.2548729999999999
1468 26.2548150000000007
1474 26.2547649999999990
1475 26.2547330000000017
1476 26.2547159999999984
1477 26.2546560000000007
1483 26.2546420000000005
1485 26.2545859999999998
1486 26.2545560000000009
1488 26.2545180000000009
1489 26.2544579999999996
1507 26.2544469999999990
1524 26.2544409999999999
1529 26.2544390000000014
1531 26.2544339999999998
1534 26.2544259999999987
1541 26.2544240000000002
1546 26.2544210000000007
1549 26.2544180000000011
1555 26.2544159999999991
1556 26.2544100000000000
1568 26.2543870000000013
1605 26.2543840000000017
1622 26.2543669999999985
1630 26.2543609999999994
1636 26.2542979999999986
1649 26.2542960000000001
1650 26.2542839999999984
1653 26.2542760000000008
1654 26.2542639999999992
1655 26.2542569999999991
1656 26.2542399999999994
1662 26.2542329999999993
1664 26.2542259999999992
1667 26.2542019999999994
1668 26.2541989999999998
1670 26.2541750000000000
1671 26.2541480000000007
1676 26.2541350000000016
1677 26.2541040000000017
1688 26.2540979999999990
1691 26.2540809999999993
1704 26.2540610000000001
1706 26.2540580000000006
1718 26.2540300000000002
1719 26.2540210000000016
1722 26.2540109999999984
1723 26.2539909999999992
1733 26.2539589999999983
1734 26.2539279999999984
1741 26.2539090000000002
1742 26.2538739999999997
1747 26.2538710000000002
1748 26.2538699999999992
1749 26.2538659999999986
1751 26.2538429999999998
1755 26.2538079999999994
1756 26.2537839999999996
1759 26.2537500000000001
1760 26.2537009999999995
1768 26.2536829999999988
1769 26.2536820000000013
1772 26.2536790000000018
1775 26.2536500000000004
1779 26.2536290000000001
1781 26.2536200000000015
1783 26.2536139999999989
1789 26.2536009999999997
1794 26.2535780000000010
1799 26.2535670000000003
1806 26.2535649999999983
1811 26.2535610000000013
1813 26.2535479999999986
1817 26.2535230000000013
1818 26.2535150000000002
1823 26.2535120000000006
1824 26.2535090000000011
1827 26.2534950000000009
1828 26.2534920000000014
1833 26.2534840000000003
1837 26.2534409999999987
1838 26.2534109999999998
1854 26.2534099999999988
1857 26.2534059999999982
1860 26.2533850000000015
1862 26.2533740000000009
1873 26.2533560000000001
1890 26.2533470000000015
1900 26.2533449999999995
1903 26.2533439999999985
1913 26.2533360000000009
1916 26.2533309999999993
1930 26.2533260000000013
1934 26.2533230000000017
1943 26.2533180000000002
1944 26.2533169999999991
1945 26.2533160000000017
1951 26.2533129999999986
1957 26.2533110000000001
1959 26.2533099999999990
1960 26.2533090000000016
1964 26.2533050000000010
1965 26.2533040000000000
1967 26.2533020000000015
1968 26.2532969999999999
1973 26.2532950000000014
1975 26.2532940000000004
1983 26.2532840000000007
1990 26.2532810000000012
1992 26.2532800000000002
1999 26.2532789999999991
2006 26.2532379999999996
2056 26.2532350000000001
2062 26.2531900000000000
2066 26.2531570000000016
2100 26.2531239999999997
2101 26.2531080000000010
2111 26.2531050000000015
2113 26.2530940000000008
2117 26.2530619999999999
2118 26.2530369999999991
2138 26.2530339999999995
2142 26.2530119999999982
2143 26.2529989999999991
2146 26.2529800000000009
2147 26.2529789999999998
2179 26.2529119999999985
2180 26.2528730000000010
2225 26.2528599999999983
2261 26.2528560000000013
2264 26.2528329999999990
2275 26.2528250000000014
2281 26.2527960000000000
2282 26.2527830000000009
2286 26.2527660000000012
2287 26.2527520000000010
2296 26.2527329999999992
2308 26.2527310000000007
2313 26.2527299999999997
2314 26.2527270000000001
2365 26.2527259999999991
2372 26.2527250000000016
2373 26.2527229999999996
2387 26.2527219999999986
2411 26.2527159999999995
2453 26.2527130000000000
2469 26.2527110000000015
2470 26.2527089999999994
2476 26.2527070000000009
2477 26.2527049999999988
2478 26.2527040000000014
2479 26.2527000000000008
2485 26.2526989999999998
2486 26.2526919999999997
2495 26.2526890000000002
2496 26.2526839999999986
2500 26.2526830000000011
2501 26.2526779999999995
2505 26.2526760000000010
2506 26.2526720000000005
2508 26.2526709999999994
2509 26.2526639999999993
2513 26.2526599999999988
2514 26.2526490000000017
2520 26.2526480000000006
2521 26.2526450000000011
2525 26.2526410000000006
2526 26.2526359999999990
2531 26.2526340000000005
2535 26.2526299999999999
2541 26.2526270000000004
2542 26.2526240000000008
2550 26.2526229999999998
2551 26.2526189999999993
2577 26.2526170000000008
2578 26.2526130000000002
2581 26.2526119999999992
2592 26.2526110000000017
2601 26.2526100000000007
2603 26.2526040000000016
2604 26.2525990000000000
2619 26.2525979999999990
2623 26.2525949999999995
2624 26.2525930000000010
2626 26.2525909999999989
2627 26.2525869999999983
2634 26.2525849999999998
2635 26.2525799999999983
2640 26.2525769999999987
2641 26.2525750000000002
2643 26.2525739999999992
2644 26.2525720000000007
2646 26.2525680000000001
2647 26.2525629999999985
2648 26.2525620000000011
2649 26.2525520000000014
2654 26.2525489999999984
2655 26.2525359999999992
2664 26.2525350000000017
2666 26.2525280000000016
2667 26.2525270000000006
2671 26.2525189999999995
2672 26.2525179999999985
2693 26.2525149999999989
2708 26.2525130000000004
2717 26.2525119999999994
2736 26.2525109999999984
2752 26.2525100000000009
2753 26.2525089999999999
2768 26.2525079999999988
2769 26.2525070000000014
2778 26.2525060000000003
2779 26.2525049999999993
2790 26.2525039999999983
2791 26.2525030000000008
2808 26.2525019999999998
2810 26.2525009999999988
2825 26.2525000000000013
2832 26.2524990000000003
2837 26.2524960000000007
2841 26.2524850000000001
2859 26.2524839999999990
2860 26.2524799999999985
2863 26.2524709999999999
2864 26.2524599999999992
2865 26.2524370000000005
2900 26.2524359999999994
2904 26.2524340000000009
2907 26.2524319999999989
2927 26.2524259999999998
2979 26.2524249999999988
2982 26.2524170000000012
3007 26.2524149999999992
3008 26.2524140000000017
3013 26.2524130000000007
3032 26.2524100000000011
3035 26.2524060000000006
3055 26.2523979999999995
3056 26.2523920000000004
3063 26.2523899999999983
3066 26.2523869999999988
3088 26.2523809999999997
3091 26.2523739999999997
3111 26.2523669999999996
3115 26.2523620000000015
3119 26.2523519999999984
3123 26.2523480000000013
3223 26.2523470000000003
