1 0.0464280000000000
13 0.0400630000000000
19 0.0389760000000000
31 0.0376920000000000
43 0.0375570000000000
46 0.0339700000000000
47 0.0290230000000000
58 0.0276760000000000
61 0.0276290000000000
63 0.0263350000000000
66 0.0256400000000000
68 0.0243430000000000
74 0.0204910000000000
75 0.0180360000000000
78 0.0178030000000000
79 0.0174470000000000
82 0.0127600000000000
83 0.0102920000000000
84 0.0094810000000000
89 0.0091460000000000
92 0.0050400000000000
99 0.0034490000000000
108 0.0027200000000000
114 0.0017450000000000
135 0.0017200000000000
141 0.0016910000000000
143 0.0016530000000000
156 0.0016160000000000
170 0.0015380000000000
172 0.0014260000000000
184 0.0013470000000000
189 0.0008130000000000
194 0.0007420000000000
197 0.0006010000000000
201 0.0004240000000000
223 0.0002710000000000
235 0.0002680000000000
242 0.0002450000000000
243 0.0002140000000000
246 0.0001870000000000
249 0.0001750000000000
254 0.0001500000000000
256 0.0001430000000000
258 0.0001280000000000
265 0.0001110000000000
272 0.0001010000000000
273 0.0000960000000000
277 0.0000760000000000
288 0.0000490000000000
300 0.0000140000000000
321 0.0000100000000000
330 0.0000090000000000
332 0.0000080000000000
343 0.0000010000000000
357 0.0000000000000000
