1 0.0386560000000000
13 0.0298540000000000
19 0.0264620000000000
32 0.0249430000000000
36 0.0230260000000000
39 0.0199140000000000
42 0.0189770000000000
47 0.0185510000000000
49 0.0174180000000000
52 0.0169760000000000
55 0.0163770000000000
57 0.0157590000000000
59 0.0155930000000000
60 0.0146480000000000
66 0.0133730000000000
87 0.0132230000000000
93 0.0125550000000000
94 0.0124350000000000
98 0.0116770000000000
99 0.0108890000000000
105 0.0106680000000000
116 0.0106380000000000
119 0.0096330000000000
120 0.0095550000000000
126 0.0095490000000000
128 0.0092780000000000
131 0.0091440000000000
135 0.0089430000000000
143 0.0087460000000000
173 0.0087240000000000
184 0.0086700000000000
188 0.0085970000000000
194 0.0085900000000000
199 0.0083170000000000
227 0.0082200000000000
228 0.0081180000000000
231 0.0080760000000000
233 0.0079750000000000
260 0.0075160000000000
265 0.0073190000000000
267 0.0070710000000000
270 0.0065840000000000
271 0.0063730000000000
274 0.0061800000000000
303 0.0061160000000000
308 0.0060720000000000
310 0.0055840000000000
314 0.0055790000000000
323 0.0054020000000000
325 0.0053490000000000
327 0.0053240000000000
336 0.0053020000000000
341 0.0051880000000000
357 0.0050360000000000
360 0.0050070000000000
363 0.0049590000000000
364 0.0048530000000000
371 0.0048220000000000
374 0.0047890000000000
381 0.0047440000000000
384 0.0047370000000000
388 0.0047150000000000
393 0.0046830000000000
398 0.0046750000000000
430 0.0046190000000000
449 0.0045860000000000
478 0.0045820000000000
480 0.0045720000000000
487 0.0045590000000000
504 0.0045370000000000
506 0.0045310000000000
517 0.0045290000000000
534 0.0045220000000000
535 0.0045170000000000
544 0.0043920000000000
557 0.0043900000000000
560 0.0042190000000000
564 0.0041220000000000
611 0.0040630000000000
613 0.0039070000000000
624 0.0038950000000000
632 0.0038850000000000
635 0.0038800000000000
637 0.0038790000000000
639 0.0038680000000000
642 0.0038670000000000
645 0.0038590000000000
648 0.0038480000000000
650 0.0038380000000000
662 0.0038240000000000
673 0.0038180000000000
675 0.0038110000000000
679 0.0038000000000000
680 0.0037900000000000
691 0.0037890000000000
693 0.0037870000000000
696 0.0037720000000000
697 0.0037600000000000
704 0.0037530000000000
705 0.0037490000000000
708 0.0037410000000000
709 0.0037390000000000
710 0.0037380000000000
712 0.0037350000000000
714 0.0037330000000000
720 0.0037210000000000
741 0.0036660000000000
745 0.0036350000000000
772 0.0036330000000000
774 0.0036040000000000
779 0.0036010000000000
787 0.0035990000000000
788 0.0035830000000000
802 0.0035730000000000
806 0.0035720000000000
807 0.0035700000000000
809 0.0035640000000000
810 0.0035600000000000
815 0.0035580000000000
820 0.0035550000000000
835 0.0035540000000000
843 0.0035530000000000
848 0.0035520000000000
853 0.0035510000000000
884 0.0035500000000000
889 0.0035480000000000
892 0.0035470000000000
895 0.0035290000000000
924 0.0035260000000000
933 0.0035250000000000
938 0.0035220000000000
954 0.0035210000000000
