1 71.9428419999999988
11 68.1871129999999965
12 57.8661689999999993
13 40.2535740000000004
17 39.7027890000000028
20 38.5944119999999984
22 38.4678309999999968
39 38.2921940000000021
62 38.2705490000000026
66 37.4908989999999989
93 37.3756800000000027
95 37.2787629999999979
99 37.1707570000000018
106 36.8675309999999996
122 36.8348429999999993
126 36.6821100000000015
129 36.6788839999999965
131 36.6163870000000031
133 36.5652520000000010
141 36.5368270000000024
152 36.4754069999999970
157 36.4639499999999970
162 36.0174159999999972
164 35.9823670000000035
166 35.9714209999999994
266 35.9696649999999991
267 35.9661910000000020
320 35.9659619999999975
355 35.9658230000000003
415 35.9658190000000033
422 35.9658149999999992
426 35.9658019999999965
428 35.9658000000000015
433 35.9657929999999979
436 35.9657520000000019
437 35.9657180000000025
447 35.9657059999999973
448 35.9656829999999985
451 35.9656599999999997
452 35.9656049999999965
462 35.9655789999999982
463 35.9655470000000008
467 35.9655300000000011
468 35.9654990000000012
473 35.9654710000000009
474 35.9654120000000006
486 35.9654060000000015
491 35.9653520000000029
492 35.9653059999999982
504 35.9652820000000020
505 35.9652460000000005
509 35.9652310000000028
511 35.9652090000000015
518 35.9652030000000025
521 35.9651980000000009
537 35.9651959999999988
541 35.9651849999999982
542 35.9651789999999991
544 35.9651759999999996
568 35.9651730000000001
571 35.9651640000000015
579 35.9651229999999984
612 35.9651149999999973
613 35.9651119999999977
616 35.9651039999999966
675 35.9651029999999992
696 35.9651020000000017
704 35.9650970000000001
712 35.9650940000000006
713 35.9650910000000010
725 35.9650899999999965
738 35.9650889999999990
746 35.9650880000000015
747 35.9650859999999994
761 35.9650850000000020
796 35.9650839999999974
797 35.9650829999999999
813 35.9650760000000034
823 35.9650689999999997
847 35.9650660000000002
855 35.9650600000000011
868 35.9650529999999975
914 35.9650520000000000
917 35.9650469999999984
918 35.9650419999999968
919 35.9650409999999994
922 35.9650379999999998
923 35.9650359999999978
947 35.9650239999999997
948 35.9650200000000027
959 35.9650129999999990
974 35.9649760000000001
1030 35.9649720000000030
1031 35.9649649999999994
1046 35.9649640000000019
1047 35.9649619999999999
1050 35.9649539999999988
1071 35.9649509999999992
1085 35.9649489999999972
1086 35.9649459999999976
1123 35.9649440000000027
1124 35.9649399999999986
1127 35.9649360000000016
1128 35.9649259999999984
1129 35.9648949999999985
1135 35.9648570000000021
1161 35.9648529999999980
1173 35.9648279999999971
1185 35.9647799999999975
1210 35.9647649999999999
1223 35.9646320000000017
1234 35.9645999999999972
1271 35.9645920000000032
1275 35.9645820000000001
1285 35.9645140000000012
1334 35.9645069999999976
1337 35.9644990000000035
1379 35.9644869999999983
1425 35.9644819999999967
1426 35.9644789999999972
1443 35.9644759999999977
1444 35.9644720000000007
1452 35.9644710000000032
1453 35.9644679999999966
1456 35.9644649999999970
1457 35.9644610000000000
1465 35.9644600000000025
1467 35.9644589999999980
1470 35.9644540000000035
1471 35.9644499999999994
1482 35.9644490000000019
1483 35.9644479999999973
1492 35.9644449999999978
1493 35.9644430000000028
1504 35.9644419999999982
1505 35.9644400000000033
1509 35.9644389999999987
1510 35.9644380000000012
1513 35.9644359999999992
1514 35.9644329999999997
1522 35.9644320000000022
1523 35.9644309999999976
1524 35.9644300000000001
1529 35.9644279999999981
1530 35.9644270000000006
1571 35.9644260000000031
1577 35.9644249999999985
1578 35.9644240000000011
1588 35.9644229999999965
1590 35.9644219999999990
1604 35.9644210000000015
1611 35.9644199999999969
1622 35.9644189999999995
1636 35.9644180000000020
1640 35.9644169999999974
1665 35.9644159999999999
1667 35.9644100000000009
1684 35.9644090000000034
1697 35.9644079999999988
1716 35.9644049999999993
1717 35.9644040000000018
1726 35.9644029999999972
1728 35.9644019999999998
1747 35.9644010000000023
1748 35.9643999999999977
1787 35.9643990000000002
1788 35.9643980000000028
1797 35.9643969999999982
1798 35.9643960000000007
1805 35.9643950000000032
1806 35.9643939999999986
1811 35.9643930000000012
1812 35.9643919999999966
1820 35.9643909999999991
1823 35.9643900000000016
