1 0.1951530000000000
3 0.1796010000000000
6 0.1684310000000000
8 0.1296760000000000
20 0.1220570000000000
22 0.1132680000000000
25 0.1018560000000000
36 0.0810880000000000
38 0.0802440000000000
55 0.0685620000000000
61 0.0486900000000000
64 0.0481000000000000
72 0.0430920000000000
110 0.0429360000000000
144 0.0428550000000000
146 0.0416510000000000
147 0.0413050000000000
158 0.0409690000000000
164 0.0409230000000000
165 0.0406940000000000
166 0.0405130000000000
167 0.0403050000000000
169 0.0400280000000000
175 0.0399690000000000
183 0.0399310000000000
185 0.0398460000000000
194 0.0398270000000000
228 0.0398240000000000
233 0.0398100000000000
243 0.0397990000000000
244 0.0397840000000000
275 0.0397820000000000
280 0.0397780000000000
291 0.0397770000000000
316 0.0397640000000000
333 0.0397620000000000
334 0.0397580000000000
336 0.0397560000000000
338 0.0397530000000000
348 0.0397510000000000
387 0.0397500000000000
388 0.0397490000000000
393 0.0397460000000000
429 0.0397450000000000
435 0.0397440000000000
436 0.0397410000000000
458 0.0397370000000000
486 0.0397350000000000
510 0.0397340000000000
