1 0.3169790000000000
65 0.3162100000000000
71 0.3048230000000000
74 0.3041360000000000
77 0.3037080000000000
78 0.3028180000000000
83 0.2694770000000000
88 0.2659510000000000
89 0.2566870000000000
95 0.2395480000000000
96 0.2311360000000000
104 0.2217770000000000
111 0.2144620000000000
118 0.2104510000000000
124 0.1924940000000000
127 0.1856630000000000
149 0.1846140000000000
153 0.1841120000000000
155 0.1802810000000000
158 0.1778040000000000
161 0.1763910000000000
166 0.1733580000000000
174 0.1687370000000000
178 0.1684940000000000
232 0.1673990000000000
247 0.1667460000000000
251 0.1625360000000000
319 0.1620850000000000
333 0.1609070000000000
334 0.1607570000000000
349 0.1602830000000000
352 0.1598950000000000
353 0.1593420000000000
360 0.1592430000000000
371 0.1585710000000000
379 0.1584540000000000
401 0.1581650000000000
434 0.1576950000000000
455 0.1576440000000000
479 0.1569560000000000
506 0.1560850000000000
535 0.1560680000000000
539 0.1560410000000000
543 0.1557830000000000
570 0.1557540000000000
595 0.1556820000000000
598 0.1556800000000000
600 0.1556230000000000
606 0.1554160000000000
619 0.1553920000000000
672 0.1553580000000000
705 0.1553440000000000
711 0.1553310000000000
724 0.1552820000000000
727 0.1552630000000000
748 0.1552620000000000
750 0.1552530000000000
752 0.1552450000000000
759 0.1552280000000000
764 0.1552030000000000
774 0.1552000000000000
776 0.1551790000000000
790 0.1551560000000000
792 0.1551310000000000
808 0.1551250000000000
830 0.1551240000000000
835 0.1551130000000000
839 0.1551110000000000
924 0.1551060000000000
925 0.1551030000000000
950 0.1550980000000000
951 0.1550970000000000
954 0.1550950000000000
955 0.1550910000000000
964 0.1550850000000000
965 0.1550820000000000
971 0.1550810000000000
972 0.1550780000000000
975 0.1550720000000000
976 0.1550650000000000
981 0.1550640000000000
982 0.1550560000000000
986 0.1550520000000000
987 0.1550400000000000
990 0.1550390000000000
991 0.1550250000000000
996 0.1550200000000000
997 0.1550090000000000
998 0.1550030000000000
999 0.1549750000000000
1003 0.1549730000000000
1004 0.1549420000000000
1008 0.1549360000000000
1009 0.1548910000000000
1015 0.1548780000000000
1016 0.1548280000000000
1019 0.1548180000000000
1021 0.1548040000000000
1023 0.1547940000000000
1025 0.1547830000000000
1041 0.1547820000000000
1059 0.1547810000000000
1070 0.1547770000000000
1075 0.1547700000000000
1076 0.1547580000000000
1085 0.1547560000000000
1088 0.1547520000000000
1093 0.1547460000000000
1110 0.1547360000000000
1111 0.1547300000000000
1140 0.1546970000000000
1163 0.1546880000000000
1205 0.1546840000000000
1208 0.1546830000000000
1233 0.1546810000000000
1268 0.1546800000000000
1278 0.1546790000000000
1293 0.1546780000000000
1294 0.1546770000000000
1322 0.1546740000000000
1343 0.1546730000000000
1367 0.1546720000000000
1373 0.1546710000000000
1425 0.1546700000000000
