1 0.0053120000000000
6 0.0036260000000000
10 0.0028060000000000
25 0.0018510000000000
29 0.0018200000000000
30 0.0013770000000000
46 0.0013420000000000
51 0.0013360000000000
53 0.0010120000000000
68 0.0007600000000000
73 0.0004970000000000
111 0.0004720000000000
120 0.0004460000000000
121 0.0004250000000000
127 0.0004080000000000
128 0.0003930000000000
131 0.0003700000000000
132 0.0003270000000000
153 0.0003170000000000
154 0.0003120000000000
180 0.0003110000000000
187 0.0003100000000000
200 0.0003080000000000
241 0.0003070000000000
