1 98.7522340000000014
2 92.6117729999999995
3 89.6488360000000029
12 79.9937919999999991
13 78.5477379999999954
27 69.3537579999999991
80 65.2052089999999964
81 59.5806499999999986
82 54.9832269999999994
115 53.0048510000000022
123 50.6581550000000007
128 46.8770730000000029
131 41.7757890000000032
133 41.1338450000000009
137 37.2339569999999966
145 32.9776510000000016
149 32.6871030000000005
153 22.9722839999999984
169 13.4455790000000004
199 11.4092579999999995
200 9.5058869999999995
210 8.0896640000000009
232 5.5810079999999997
246 3.5733640000000002
279 2.8063199999999999
288 2.4845020000000000
292 2.2835040000000002
293 2.0596540000000001
297 1.7328390000000000
306 1.4716659999999999
352 1.1333549999999999
374 1.1141200000000000
379 1.1140859999999999
382 0.4722010000000000
394 0.4120710000000000
410 0.1563780000000000
438 0.1110670000000000
440 0.0898480000000000
445 0.0684850000000000
448 0.0655650000000000
450 0.0574720000000000
452 0.0354670000000000
467 0.0329450000000000
481 0.0294480000000000
483 0.0288730000000000
485 0.0188700000000000
491 0.0117120000000000
496 0.0095030000000000
501 0.0071210000000000
534 0.0063760000000000
536 0.0060740000000000
544 0.0037520000000000
569 0.0037420000000000
585 0.0024720000000000
599 0.0022910000000000
638 0.0022330000000000
647 0.0022310000000000
650 0.0021900000000000
675 0.0021120000000000
693 0.0021060000000000
698 0.0020890000000000
701 0.0020740000000000
702 0.0020690000000000
707 0.0020630000000000
710 0.0020450000000000
720 0.0020430000000000
724 0.0020330000000000
728 0.0020310000000000
732 0.0020240000000000
743 0.0020090000000000
744 0.0020030000000000
754 0.0020020000000000
758 0.0019920000000000
778 0.0019880000000000
782 0.0019800000000000
783 0.0019740000000000
785 0.0019290000000000
799 0.0018210000000000
811 0.0018200000000000
857 0.0017780000000000
896 0.0017750000000000
899 0.0017740000000000
903 0.0017720000000000
907 0.0017700000000000
909 0.0017680000000000
911 0.0017640000000000
928 0.0017600000000000
938 0.0017590000000000
948 0.0017580000000000
953 0.0017570000000000
955 0.0017560000000000
962 0.0017550000000000
967 0.0017540000000000
969 0.0017530000000000
979 0.0017520000000000
988 0.0017510000000000
989 0.0017500000000000
993 0.0017490000000000
1001 0.0017480000000000
1002 0.0017470000000000
1006 0.0017460000000000
1007 0.0017440000000000
1014 0.0017430000000000
1015 0.0017420000000000
1018 0.0017400000000000
1019 0.0017370000000000
1024 0.0017350000000000
1025 0.0017330000000000
1028 0.0017320000000000
1030 0.0017310000000000
1031 0.0017300000000000
1033 0.0017290000000000
1034 0.0017270000000000
1043 0.0017250000000000
1066 0.0017230000000000
1074 0.0017220000000000
1082 0.0017200000000000
1083 0.0017190000000000
1091 0.0017090000000000
1092 0.0017020000000000
1098 0.0016870000000000
1111 0.0016570000000000
1125 0.0016510000000000
1139 0.0016460000000000
1140 0.0016420000000000
1142 0.0016240000000000
1169 0.0016150000000000
1170 0.0016070000000000
1177 0.0015980000000000
1178 0.0015900000000000
1181 0.0015810000000000
1182 0.0015650000000000
1187 0.0015590000000000
1188 0.0015510000000000
1190 0.0015470000000000
1191 0.0015360000000000
1193 0.0015230000000000
1194 0.0015100000000000
1197 0.0014970000000000
1201 0.0014880000000000
1204 0.0014790000000000
1212 0.0014670000000000
1220 0.0014590000000000
1221 0.0014580000000000
1222 0.0014510000000000
1223 0.0014500000000000
1230 0.0014430000000000
1232 0.0014350000000000
1236 0.0014250000000000
1237 0.0014190000000000
1243 0.0014150000000000
1248 0.0014020000000000
1249 0.0013900000000000
1255 0.0013850000000000
1256 0.0013770000000000
1258 0.0013740000000000
1260 0.0013700000000000
1262 0.0013560000000000
1263 0.0013450000000000
1268 0.0013360000000000
1273 0.0013250000000000
1274 0.0013240000000000
1277 0.0013200000000000
1310 0.0013170000000000
1336 0.0012520000000000
1348 0.0012510000000000
1350 0.0012470000000000
1388 0.0012450000000000
1389 0.0012410000000000
1390 0.0012390000000000
1404 0.0012330000000000
1406 0.0012230000000000
1409 0.0012140000000000
1410 0.0012000000000000
1411 0.0011730000000000
1449 0.0011550000000000
1468 0.0011520000000000
1473 0.0011420000000000
1490 0.0011400000000000
1494 0.0011340000000000
1510 0.0011220000000000
1539 0.0011160000000000
1567 0.0011140000000000
1569 0.0011090000000000
1571 0.0011010000000000
1574 0.0010890000000000
1576 0.0010880000000000
1604 0.0010770000000000
1619 0.0010750000000000
1621 0.0010720000000000
1638 0.0010700000000000
1654 0.0010440000000000
1655 0.0010290000000000
1681 0.0010070000000000
1684 0.0010050000000000
1689 0.0009860000000000
1690 0.0009700000000000
1718 0.0009630000000000
1725 0.0009480000000000
1727 0.0009360000000000
1734 0.0009350000000000
1764 0.0009310000000000
1781 0.0009290000000000
1783 0.0009250000000000
1785 0.0009240000000000
1790 0.0009220000000000
1792 0.0009210000000000
1817 0.0008740000000000
1819 0.0008640000000000
1842 0.0008630000000000
1845 0.0008620000000000
1863 0.0008570000000000
1878 0.0008560000000000
1881 0.0008530000000000
1883 0.0008500000000000
1893 0.0008440000000000
1894 0.0008430000000000
1904 0.0008400000000000
1905 0.0008380000000000
1920 0.0008350000000000
1921 0.0008340000000000
1928 0.0008330000000000
1931 0.0008320000000000
1933 0.0008300000000000
1935 0.0008290000000000
1936 0.0008280000000000
1941 0.0008250000000000
1942 0.0008230000000000
1943 0.0008220000000000
1948 0.0008210000000000
1950 0.0008190000000000
1951 0.0008180000000000
1954 0.0008140000000000
1955 0.0008100000000000
1962 0.0008020000000000
1963 0.0007950000000000
1969 0.0007900000000000
1970 0.0007870000000000
1972 0.0007810000000000
1973 0.0007770000000000
1976 0.0007670000000000
1977 0.0007590000000000
1982 0.0007550000000000
1987 0.0007540000000000
1991 0.0007420000000000
1992 0.0007410000000000
1997 0.0007300000000000
1998 0.0007250000000000
2001 0.0007180000000000
2007 0.0007120000000000
2011 0.0007030000000000
2021 0.0006980000000000
2022 0.0006960000000000
2023 0.0006950000000000
2031 0.0006890000000000
2050 0.0006840000000000
2078 0.0006790000000000
2081 0.0006770000000000
2084 0.0006760000000000
2086 0.0006580000000000
2089 0.0006540000000000
2128 0.0006350000000000
2163 0.0006300000000000
2164 0.0006260000000000
2173 0.0006230000000000
2188 0.0006170000000000
2193 0.0006160000000000
2245 0.0006150000000000
2247 0.0006090000000000
