1 41.6816960000000023
3 41.5572439999999972
4 41.2482789999999966
5 40.6519240000000011
6 39.8745320000000021
7 39.2266150000000025
8 38.8662490000000034
9 38.7153769999999966
10 38.6606200000000015
11 38.6418239999999997
12 38.6354960000000034
13 38.6333800000000025
14 38.6326740000000015
15 38.6324389999999980
16 38.6323599999999985
17 38.6323340000000002
18 38.6323250000000016
19 38.6323220000000020
21 17.8095959999999991
22 17.8095239999999997
23 17.8095070000000000
24 17.8095019999999984
25 17.8095010000000009
26 17.8094999999999999
29 17.4815000000000005
37 17.4534999999999982
48 17.4287050000000008
51 17.4287039999999998
52 17.4287020000000012
53 17.4286999999999992
54 17.4286969999999997
55 17.4286959999999986
56 17.4286950000000012
89 17.4286929999999991
97 17.4286799999999999
99 17.4286610000000017
102 17.4285749999999986
119 17.4285640000000015
120 17.4285110000000003
125 17.4282739999999983
131 17.4279289999999989
136 17.4269190000000016
149 17.4264200000000002
155 17.4143809999999988
193 17.3860220000000005
201 17.3838219999999986
203 17.3756069999999987
204 17.3109089999999988
254 17.0872479999999989
263 16.6493140000000004
269 16.4364379999999990
271 11.9261499999999998
310 7.5928519999999997
323 4.8608430000000000
348 4.7946980000000003
425 4.7799769999999997
483 4.7794710000000000
500 4.7794280000000002
510 4.7794270000000001
512 4.7794249999999998
514 4.7794210000000001
522 4.7794200000000000
