1 2412781.0962669998407364
4 2039122.8744089999236166
5 1117789.8088340000249445
6 150565.0121079999953508
20 98058.0519040000071982
27 46064.8905499999964377
28 28710.9136650000000373
35 15816.7158859999999549
41 9148.5888080000004265
44 8208.1015100000004168
47 5777.8068940000002840
49 4909.2354269999996177
51 4507.1292180000000371
53 3205.4480060000000776
55 2749.4421879999999874
57 2240.3150399999999536
69 1870.7548400000000584
71 1721.0903189999999086
72 1432.1975789999999051
74 1356.1684150000000955
77 1173.3228779999999460
79 922.5769639999999754
81 914.4723350000000437
124 907.4425740000000360
141 903.2489289999999755
163 903.2346499999999878
173 903.2344110000000228
185 903.2343369999999823
198 903.2343339999999898
218 903.2343329999999924
222 903.2343319999999949
