1 22.4124939999999988
3 21.0486409999999999
4 20.4892259999999986
11 18.8324449999999999
14 16.0290789999999994
17 13.7275469999999995
18 8.3385370000000005
25 7.6587870000000002
28 6.9894330000000000
52 5.5827330000000002
54 5.3275119999999996
57 3.6814040000000001
60 2.8174679999999999
71 2.4030220000000000
82 2.0415079999999999
122 1.9952140000000000
153 1.6602250000000001
154 1.5745950000000000
162 0.9299520000000000
199 0.7613960000000000
232 0.7516480000000000
243 0.7094900000000000
273 0.7025520000000000
276 0.6960930000000000
280 0.6457390000000000
288 0.6384120000000000
292 0.6308410000000000
297 0.5969139999999999
309 0.5848630000000000
327 0.5667200000000000
336 0.5658800000000000
338 0.5596700000000000
344 0.5588800000000000
347 0.5472660000000000
355 0.5422960000000000
375 0.5411010000000001
377 0.5402260000000000
399 0.5305190000000000
431 0.5301830000000000
433 0.5202020000000001
440 0.5180430000000000
442 0.5122050000000000
443 0.5070030000000000
458 0.5032100000000000
470 0.4994750000000000
479 0.4992720000000000
485 0.4981110000000000
490 0.4973250000000000
493 0.4955270000000000
494 0.4901210000000000
501 0.4883150000000000
502 0.4875140000000000
505 0.4862950000000000
506 0.4836430000000000
509 0.4793660000000000
510 0.4733650000000000
513 0.4727000000000000
514 0.4697670000000000
517 0.4649950000000000
518 0.4595050000000000
519 0.4592490000000000
520 0.4495390000000000
522 0.4492960000000000
523 0.4419550000000000
525 0.4404360000000000
526 0.4314880000000000
531 0.4279020000000000
532 0.4217710000000000
535 0.4140050000000000
538 0.4058550000000000
539 0.4013230000000000
549 0.4006300000000000
551 0.3904220000000000
552 0.3860160000000000
556 0.3823210000000000
557 0.3710890000000000
561 0.3677070000000000
562 0.3574900000000000
568 0.3572930000000000
573 0.3519740000000000
574 0.3505930000000000
575 0.3463500000000000
586 0.3418160000000000
588 0.3416500000000000
607 0.3416280000000000
610 0.3397150000000000
628 0.3387720000000000
671 0.3379410000000000
678 0.3360890000000000
684 0.3342140000000000
716 0.3335770000000000
723 0.3330840000000000
727 0.3330260000000000
729 0.3317450000000000
751 0.3310040000000000
777 0.3307950000000000
778 0.3301950000000000
779 0.3300860000000000
801 0.3297620000000000
825 0.3288920000000000
826 0.3284930000000000
827 0.3280660000000000
828 0.3272620000000000
836 0.3265680000000000
837 0.3261730000000000
841 0.3257830000000000
842 0.3252440000000000
844 0.3251420000000000
845 0.3245360000000000
849 0.3242480000000000
850 0.3232950000000000
852 0.3228420000000000
853 0.3218750000000000
856 0.3217810000000000
857 0.3200980000000000
860 0.3193600000000000
861 0.3167370000000000
864 0.3164550000000000
865 0.3138710000000000
868 0.3138340000000000
872 0.3137270000000000
873 0.3122450000000000
874 0.3117050000000000
875 0.3104950000000000
880 0.3097470000000000
881 0.3087110000000000
882 0.3078790000000000
883 0.3061880000000000
884 0.3047270000000000
885 0.3039130000000000
888 0.2996150000000000
889 0.2970850000000000
894 0.2906350000000000
895 0.2858220000000000
912 0.2821090000000000
913 0.2801790000000000
923 0.2789720000000000
924 0.2757100000000000
926 0.2743130000000000
927 0.2693420000000000
931 0.2648690000000000
932 0.2637350000000000
933 0.2624270000000000
934 0.2579640000000000
935 0.2570400000000000
938 0.2551390000000000
941 0.2475450000000000
943 0.2428540000000000
944 0.2360630000000000
945 0.2330200000000000
948 0.2284610000000000
949 0.2176430000000000
953 0.2152540000000000
958 0.2069550000000000
959 0.2009140000000000
963 0.2000330000000000
964 0.1936030000000000
968 0.1883400000000000
969 0.1866240000000000
973 0.1839340000000000
975 0.1815600000000000
977 0.1759520000000000
981 0.1684100000000000
982 0.1595790000000000
986 0.1531230000000000
987 0.1464050000000000
989 0.1425450000000000
990 0.1337610000000000
994 0.1226630000000000
1014 0.1179540000000000
1017 0.1166930000000000
1021 0.1100570000000000
1038 0.1073710000000000
1076 0.1073400000000000
1094 0.1066640000000000
1098 0.1061770000000000
1101 0.1055890000000000
1103 0.1053930000000000
1135 0.1043520000000000
1136 0.1028770000000000
1147 0.1022790000000000
1148 0.1013410000000000
1151 0.1012540000000000
1152 0.1003880000000000
1155 0.1000800000000000
1157 0.0996740000000000
1159 0.0991430000000000
1162 0.0975400000000000
1163 0.0966600000000000
1167 0.0957850000000000
1168 0.0955940000000000
1169 0.0949790000000000
1172 0.0933940000000000
1185 0.0920580000000000
1186 0.0916740000000000
1195 0.0911130000000000
1196 0.0907440000000000
1201 0.0894870000000000
1202 0.0885100000000000
1213 0.0878240000000000
1214 0.0875430000000000
1218 0.0874780000000000
1225 0.0868760000000000
1246 0.0866820000000000
1247 0.0863760000000000
1280 0.0811890000000000
1314 0.0796730000000000
1323 0.0793970000000000
1326 0.0788510000000000
1336 0.0783180000000000
1339 0.0778250000000000
1340 0.0776230000000000
1350 0.0771190000000000
1353 0.0771180000000000
1354 0.0770010000000000
1359 0.0768280000000000
1360 0.0764330000000000
1376 0.0764040000000000
1384 0.0762990000000000
1413 0.0762160000000000
1463 0.0761770000000000
1508 0.0761690000000000
1525 0.0761680000000000
1527 0.0761530000000000
1532 0.0761450000000000
1538 0.0761190000000000
1539 0.0760930000000000
1548 0.0760890000000000
1550 0.0760830000000000
1551 0.0760660000000000
1552 0.0760590000000000
1553 0.0760490000000000
1556 0.0760310000000000
1557 0.0760070000000000
1560 0.0759810000000000
1561 0.0759240000000000
1570 0.0758830000000000
1629 0.0758810000000000
1631 0.0758790000000000
1634 0.0758660000000000
1637 0.0758650000000000
1645 0.0758590000000000
1652 0.0758570000000000
1675 0.0758560000000000
1680 0.0758540000000000
1700 0.0758530000000000
1703 0.0758520000000000
1723 0.0758490000000000
1769 0.0758480000000000
1779 0.0758470000000000
1801 0.0758450000000000
1833 0.0758430000000000
1852 0.0758400000000000
1887 0.0758380000000000
1915 0.0758370000000000
