1 0.0053130000000000
6 0.0036270000000000
16 0.0022200000000000
18 0.0013460000000000
21 0.0008950000000000
35 0.0007090000000000
49 0.0006820000000000
73 0.0006290000000000
80 0.0006190000000000
83 0.0006150000000000
87 0.0005980000000000
88 0.0005720000000000
91 0.0005520000000000
92 0.0005130000000000
95 0.0004920000000000
96 0.0004780000000000
97 0.0004500000000000
98 0.0004180000000000
116 0.0004130000000000
118 0.0004120000000000
122 0.0004110000000000
123 0.0004100000000000
126 0.0004080000000000
132 0.0003990000000000
150 0.0003920000000000
153 0.0003840000000000
155 0.0003830000000000
160 0.0003810000000000
162 0.0003800000000000
185 0.0003790000000000
191 0.0003770000000000
193 0.0003660000000000
195 0.0003650000000000
205 0.0003610000000000
220 0.0003560000000000
230 0.0003520000000000
236 0.0003510000000000
237 0.0003500000000000
254 0.0003490000000000
255 0.0003450000000000
258 0.0003420000000000
261 0.0003390000000000
280 0.0003370000000000
294 0.0003360000000000
296 0.0003350000000000
310 0.0003250000000000
322 0.0003220000000000
324 0.0003170000000000
332 0.0003130000000000
333 0.0003120000000000
338 0.0003090000000000
374 0.0003080000000000
