1 264839.1657400000258349
2 249430.5305400000070222
3 200180.4177400000044145
4 35661.1009399999966263
13 21404.6771399999997811
37 11085.4657399999996414
90 10960.0747520000004442
123 9463.7411790000005567
145 8332.1222660000003088
166 7897.5050449999998818
190 7381.9682270000002973
230 7295.5979509999997390
232 7258.5347460000002684
239 7186.9265539999996690
251 7164.0474000000003798
256 7152.6965460000001258
260 7071.8542760000000271
300 7068.6261940000003960
315 7049.6170270000002347
320 7049.1917549999998300
322 7038.6699520000001939
331 7020.9736919999995735
372 7017.6281140000000960
375 7016.9321479999998701
377 7014.0885150000003705
379 7011.3027320000001055
381 7010.7412210000002233
420 6966.6838049999996656
421 6953.0878169999996317
422 6949.9038410000002841
425 6924.4001719999996567
426 6908.3857980000002499
429 6841.5870089999998527
434 6788.2950680000003558
482 6777.2466139999996813
491 6755.7372240000004240
522 6749.6281419999995705
525 6747.2120439999998780
530 6743.6465159999997923
534 6723.5762469999999666
547 6721.6451759999999922
556 6720.9546460000001389
559 6720.4450239999996484
564 6717.0488850000001548
565 6709.8208819999999832
566 6709.1303070000003572
574 6706.6827860000003056
575 6706.4362810000002355
576 6698.3963379999995595
579 6698.3429120000000694
580 6693.3655129999997371
581 6691.8795589999999720
582 6689.4680200000002515
583 6687.1272980000003372
584 6682.9158850000003440
586 6674.9080190000004222
587 6659.3862129999997705
590 6658.6679739999999583
591 6649.0130189999999857
595 6639.0160699999996723
596 6617.0001620000002731
598 6612.8500999999996566
599 6582.8990499999999884
603 6579.6322739999995974
604 6560.8729620000003706
605 6542.7998969999998735
606 6510.1008689999998751
611 6501.3218699999997625
613 6497.5452820000000429
614 6494.3498849999996310
615 6475.9320159999997486
617 6471.4846749999996973
626 6462.6354149999997389
629 6451.9057210000000850
630 6449.1771989999997459
639 6431.9066739999998390
640 6410.2462230000001000
646 6406.3745040000003428
647 6383.1940640000002531
649 6380.1075170000003709
650 6347.7223590000003242
654 6330.3626270000004297
655 6285.8913439999996626
657 6285.1930519999996250
658 6225.2979880000002595
663 6171.7841989999997168
666 6137.8922290000000430
667 6108.1550219999999172
673 6099.3309660000004442
674 6084.0462690000003931
675 6012.8225769999999102
676 5915.6846869999999399
684 5889.3299649999999019
685 5835.9856410000002143
690 5740.9279619999997522
699 5695.1580649999996240
706 5680.0079310000000987
714 5628.3835269999999582
722 5592.8996280000001207
749 5588.6984789999996792
758 5575.8745419999995647
760 5575.3082299999996394
763 5563.9613630000003468
769 5561.9514179999996486
771 5559.6817760000003545
775 5558.9556329999995796
777 5556.2743239999999787
783 5555.5053010000001450
785 5550.5905510000002323
790 5549.3735710000000836
797 5547.6242990000000646
803 5547.3223379999999452
806 5545.4441559999995661
811 5545.1780230000003939
816 5544.4507340000000113
818 5544.3656810000002224
827 5543.7780499999998938
831 5543.3321660000001430
837 5543.0602380000000267
843 5542.8723200000003999
850 5542.7556139999996958
868 5542.6191760000001523
869 5542.5482169999995676
880 5542.4832219999998415
882 5542.3617340000000695
884 5542.3461079999997310
889 5542.3434600000000501
890 5542.3355089999995471
891 5542.3115889999999126
892 5542.2521759999999631
908 5542.1492170000001352
924 5542.0834750000003623
927 5541.8781660000004194
928 5541.8327559999997902
929 5541.6958789999998771
930 5541.2794149999999718
944 5539.9775369999997565
975 5537.9423319999996238
978 5537.1377979999997478
979 5534.7604090000004362
982 5534.2371999999995751
984 5532.6663319999997839
1004 5527.0649279999997816
1047 5526.1817769999997836
1056 5525.5236759999997957
1082 5525.2428030000000945
1098 5524.6840860000002067
1110 5524.5840760000000955
1114 5524.4273439999997208
1118 5524.3432979999997769
1127 5524.2668160000002899
1129 5524.1028269999997065
1139 5524.0787140000002182
1141 5524.0685770000000048
1143 5524.0347570000003543
1149 5524.0296280000002298
1152 5523.9605369999999311
1196 5523.9352310000003854
1227 5523.9050189999998111
1245 5523.8926989999999932
1278 5523.8908380000002580
1283 5523.8875859999998283
1289 5523.8860350000004473
1293 5523.8860290000002351
1299 5523.8835410000001502
1309 5523.8814540000003035
1320 5523.8807850000002873
1322 5523.8804559999998673
1331 5523.8802109999996901
1333 5523.8797020000001794
1342 5523.8795309999995879
1371 5523.8794649999999820
1373 5523.8792999999996027
1375 5523.8792890000004263
1376 5523.8789210000004459
1388 5523.8789139999998952
1416 5523.8786840000002485
1421 5523.8785770000004050
1436 5523.8785159999997632
1438 5523.8785090000001219
1445 5523.8784390000000712
1454 5523.8784269999996468
1457 5523.8783860000003187
1462 5523.8783339999999953
1466 5523.8782940000000963
1514 5523.8781559999997626
1515 5523.8780589999996664
1516 5523.8779729999996562
1517 5523.8777129999998579
1518 5523.8769320000001244
1519 5523.8745909999997821
1520 5523.8675690000000031
1521 5523.8465120000000752
1522 5523.7834130000001096
1523 5523.5947679999999309
1528 5523.5799619999997958
1533 5523.4126260000002731
1542 5523.2799420000001192
1545 5523.0199540000003253
1546 5522.5940039999995861
1549 5522.5239469999996800
1551 5522.3137900000001537
1603 5521.8106749999997191
1659 5521.7801209999997809
1665 5521.7751980000002732
1667 5521.7674470000001747
1672 5521.7521340000002965
1675 5521.7303410000004078
1689 5521.7264370000002600
1691 5521.7233040000000983
1699 5521.7140730000000985
1701 5521.7126289999996516
1743 5521.7081470000002810
1746 5521.6999320000004445
1779 5521.6995079999996960
1785 5521.6983309999995981
1788 5521.6978980000003503
1790 5521.6977059999999256
1792 5521.6973639999996522
1796 5521.6967130000002726
1828 5521.6957140000004074
1830 5521.6954789999999775
1861 5521.6948579999998401
1868 5521.6947620000000825
1870 5521.6942859999999200
1875 5521.6940640000002531
1895 5521.6939979999997377
1923 5521.6939499999998588
1929 5521.6939430000002176
1932 5521.6937500000003638
1934 5521.6937319999997271
1935 5521.6936100000002625
1942 5521.6935469999998531
1957 5521.6932900000001609
2035 5521.6932699999997567
2046 5521.6932589999996708
2057 5521.6932479999995849
2059 5521.6932420000002821
2064 5521.6932390000001760
2070 5521.6932129999995595
2071 5521.6932010000000446
2076 5521.6931839999997464
2081 5521.6931800000002113
2083 5521.6931699999995544
2086 5521.6931320000003325
2087 5521.6931100000001607
2093 5521.6931089999998221
2094 5521.6930720000000292
2099 5521.6930149999998321
2100 5521.6930080000001908
2102 5521.6930069999998523
2118 5521.6929950000003373
2119 5521.6929879999997866
2131 5521.6929849999996804
2133 5521.6929829999999129
2135 5521.6929810000001453
2139 5521.6929790000003777
2145 5521.6929780000000392
2149 5521.6929749999999331
2153 5521.6929739999995945
2193 5521.6929730000001655
2198 5521.6929719999998269
2230 5521.6929710000003979
2232 5521.6929700000000594
2305 5521.6929680000002918
