1 162440.4594630000065081
10 81903.1124069999932544
20 73584.8798970000061672
21 72799.6782760000060080
26 58808.7664890000014566
27 44995.2484760000006645
36 40841.0772349999970174
39 31720.2649129999990691
50 25966.3508130000009260
54 22325.6362760000010894
88 20453.5681699999986449
104 17790.8810620000003837
108 16350.6380659999995260
115 15004.4606509999994159
122 13571.7735929999998916
125 12697.8013410000003205
150 12556.5125800000005256
155 12268.6115480000007665
157 10999.0772209999995539
160 10745.1169599999993807
163 10580.5008290000005218
164 9150.6151160000008531
206 9093.3339739999992162
208 7693.0593600000001970
217 6579.7404919999999038
235 6239.4160499999998137
258 5743.2889699999996083
261 5227.2042469999996683
268 3949.9642749999998159
276 2560.2177000000001499
295 2555.0128869999998642
313 2479.3573559999999816
333 2436.9103359999999157
335 2262.8608850000000530
342 1455.8514079999999922
366 1171.7112389999999778
372 1011.7957880000000159
395 965.6590969999999743
398 900.5413419999999860
403 900.1189060000000381
406 896.6983179999999720
414 874.6493950000000268
421 848.7714999999999463
435 775.3611680000000206
468 755.8381190000000061
475 645.1902840000000197
484 476.4281250000000227
500 416.2225930000000176
503 411.9495350000000258
505 402.8315880000000107
515 331.7758000000000038
522 295.0263889999999947
534 292.7801870000000122
538 283.1697550000000092
545 276.6057559999999853
561 255.7471740000000011
563 237.6299229999999909
594 218.7920919999999967
595 195.1474039999999945
607 190.5705590000000029
609 177.4078509999999937
610 157.5081529999999930
653 137.8368309999999894
663 116.0330040000000054
664 100.9406819999999954
671 100.3659860000000066
676 85.5239619999999974
701 79.0040690000000012
719 78.7814120000000031
727 75.1790570000000002
752 74.5507329999999939
757 74.4256689999999992
758 74.1561020000000042
778 73.3172560000000004
787 73.2097600000000028
791 67.4907890000000066
813 59.3386139999999997
828 46.2963669999999965
829 46.1410539999999969
834 39.7100849999999994
837 28.4240069999999996
847 23.3711489999999991
852 20.4818110000000004
861 20.3653499999999994
862 20.0923650000000009
869 15.8804580000000009
877 12.4892280000000007
888 9.8988770000000006
907 9.0343800000000005
909 8.9362270000000006
911 8.8642190000000003
913 8.6503870000000003
917 8.4975660000000008
923 7.7127600000000003
925 7.5115699999999999
928 7.2879620000000003
930 7.2812729999999997
934 7.1532609999999996
936 7.0023340000000003
941 6.6552179999999996
943 6.3835189999999997
945 6.2275879999999999
956 6.2062819999999999
966 6.2034719999999997
970 6.1164339999999999
985 6.0606859999999996
987 6.0095580000000002
989 5.9394109999999998
995 5.8895780000000002
996 5.8621679999999996
1004 5.8229780000000000
1023 5.8109690000000001
1024 5.6989060000000000
1033 5.6212249999999999
1063 5.5691480000000002
1079 5.5036310000000004
1100 5.4979250000000004
1105 5.4742280000000001
1107 5.3919769999999998
1118 5.3905719999999997
1120 5.3894390000000003
1128 5.3801230000000002
1131 5.3605770000000001
1133 5.3537549999999996
1135 5.3525820000000000
1136 5.3455849999999998
1140 5.3312650000000001
1153 5.2799040000000002
1154 5.2776069999999997
1165 4.5990849999999996
1166 2.6038230000000002
1174 2.5759180000000002
1178 2.3622260000000002
1194 2.3106019999999998
1211 2.2484440000000001
1227 2.1797040000000001
1233 2.1636050000000000
1236 2.0162870000000002
1240 1.9751300000000001
1252 1.8984960000000000
1268 1.8558779999999999
1271 1.7134890000000000
1283 1.3774139999999999
1284 0.4672510000000000
1320 0.3866350000000000
1335 0.3715220000000000
1337 0.3303430000000000
1343 0.3001520000000000
1347 0.2870900000000000
1351 0.2501470000000000
1353 0.2375500000000000
1355 0.2334450000000000
1359 0.2153160000000000
1376 0.2000250000000000
1380 0.1868340000000000
1397 0.1659040000000000
1403 0.1535520000000000
1408 0.1472120000000000
1409 0.1373950000000000
1424 0.1292760000000000
1443 0.1268530000000000
1447 0.1220720000000000
1467 0.1214580000000000
1470 0.1170260000000000
1477 0.1073550000000000
1498 0.1025160000000000
1500 0.1021230000000000
1509 0.1020980000000000
1510 0.1014210000000000
1521 0.0875120000000000
1537 0.0824840000000000
1554 0.0794620000000000
1558 0.0787870000000000
1562 0.0777060000000000
1565 0.0694970000000000
1579 0.0693020000000000
1585 0.0686030000000000
1592 0.0676530000000000
1597 0.0671130000000000
1613 0.0669190000000000
1617 0.0655180000000000
1622 0.0652530000000000
1628 0.0647860000000000
1631 0.0642440000000000
1652 0.0641220000000000
1655 0.0638650000000000
1663 0.0637680000000000
1666 0.0636980000000000
1667 0.0634000000000000
1672 0.0575840000000000
1673 0.0426380000000000
1676 0.0410090000000000
1677 0.0311450000000000
1680 0.0278460000000000
1700 0.0202340000000000
1718 0.0187590000000000
1724 0.0183020000000000
1729 0.0146970000000000
1740 0.0142920000000000
1744 0.0134870000000000
1760 0.0124140000000000
1763 0.0123680000000000
1767 0.0123260000000000
1770 0.0111680000000000
1776 0.0100980000000000
1800 0.0094970000000000
1803 0.0087040000000000
1807 0.0086770000000000
1810 0.0083070000000000
1814 0.0079200000000000
1830 0.0068020000000000
1841 0.0062110000000000
1862 0.0058520000000000
1863 0.0055610000000000
1868 0.0054660000000000
1870 0.0052640000000000
1874 0.0052630000000000
1889 0.0051670000000000
1891 0.0051190000000000
1898 0.0049800000000000
1901 0.0049660000000000
1905 0.0039290000000000
1951 0.0037790000000000
1953 0.0036280000000000
1963 0.0034720000000000
1967 0.0034240000000000
1972 0.0033760000000000
1976 0.0033260000000000
1979 0.0033130000000000
1983 0.0032140000000000
1985 0.0031760000000000
1989 0.0031570000000000
1991 0.0031020000000000
1997 0.0030750000000000
2019 0.0029790000000000
2053 0.0029400000000000
2077 0.0028360000000000
2078 0.0027380000000000
2079 0.0024600000000000
2088 0.0020400000000000
2106 0.0009100000000000
2133 0.0006880000000000
2141 0.0006250000000000
2151 0.0005730000000000
2167 0.0005040000000000
2171 0.0004000000000000
2203 0.0003990000000000
2206 0.0003460000000000
2210 0.0003370000000000
2214 0.0003220000000000
2233 0.0003200000000000
2240 0.0003050000000000
2258 0.0002840000000000
2269 0.0002820000000000
2287 0.0002810000000000
2292 0.0002790000000000
2295 0.0002730000000000
2302 0.0002660000000000
2321 0.0002600000000000
2324 0.0002570000000000
2335 0.0001950000000000
2375 0.0001870000000000
2386 0.0001840000000000
2400 0.0001800000000000
2407 0.0001650000000000
2412 0.0001610000000000
2415 0.0001410000000000
2416 0.0001260000000000
2430 0.0001070000000000
2458 0.0001000000000000
2461 0.0000990000000000
2465 0.0000980000000000
2470 0.0000860000000000
2480 0.0000730000000000
2502 0.0000700000000000
2503 0.0000650000000000
2519 0.0000580000000000
2534 0.0000530000000000
2537 0.0000410000000000
2548 0.0000290000000000
2568 0.0000190000000000
2590 0.0000180000000000
2593 0.0000160000000000
2596 0.0000130000000000
2629 0.0000110000000000
2630 0.0000100000000000
2649 0.0000090000000000
2655 0.0000080000000000
2665 0.0000070000000000
2684 0.0000060000000000
2736 0.0000050000000000
2752 0.0000040000000000
2759 0.0000030000000000
2779 0.0000010000000000
