1 73.6732760000000013
2 67.1402329999999949
5 64.6843120000000056
20 64.1826159999999959
34 64.1144180000000006
40 55.8817519999999988
41 38.2445930000000018
42 26.3121440000000000
45 14.5147860000000009
46 9.9788549999999994
49 4.4196369999999998
54 3.9953979999999998
67 3.7807029999999999
72 3.6903769999999998
78 3.2997960000000002
86 2.5249560000000000
131 2.0117660000000002
133 1.6251730000000000
157 1.6068160000000000
199 1.6034580000000000
203 1.0877520000000001
208 1.0260039999999999
236 1.0217020000000001
272 1.0188960000000000
276 0.9789330000000001
277 0.8705830000000000
278 0.7157620000000000
279 0.6441890000000000
291 0.4367240000000000
309 0.2520860000000000
348 0.2046190000000000
386 0.2039390000000000
408 0.2038500000000000
417 0.2022800000000000
431 0.1986400000000000
452 0.1970420000000000
457 0.1922620000000000
460 0.1887590000000000
467 0.1872880000000000
474 0.1791460000000000
500 0.1785020000000000
503 0.1783500000000000
505 0.1761650000000000
513 0.1732190000000000
514 0.1728330000000000
515 0.1727170000000000
520 0.1721980000000000
523 0.1721410000000000
563 0.1685070000000000
570 0.1681420000000000
572 0.1660970000000000
595 0.1630500000000000
598 0.1623190000000000
599 0.1616390000000000
621 0.1609530000000000
625 0.1527740000000000
648 0.1509950000000000
649 0.1501900000000000
652 0.1500170000000000
661 0.1480780000000000
681 0.1455070000000000
683 0.1416820000000000
684 0.1414280000000000
685 0.1364700000000000
686 0.1313190000000000
709 0.1309250000000000
717 0.1291300000000000
752 0.1082300000000000
753 0.0951810000000000
770 0.0927390000000000
791 0.0914140000000000
798 0.0869340000000000
812 0.0776740000000000
832 0.0735090000000000
856 0.0694430000000000
857 0.0685820000000000
916 0.0669610000000000
929 0.0653690000000000
949 0.0630360000000000
957 0.0628190000000000
976 0.0594520000000000
984 0.0561340000000000
985 0.0545110000000000
995 0.0528480000000000
1012 0.0493130000000000
1031 0.0462760000000000
1033 0.0421160000000000
1034 0.0365560000000000
1073 0.0314730000000000
1100 0.0256780000000000
1121 0.0253680000000000
1125 0.0224820000000000
1126 0.0213750000000000
1172 0.0213220000000000
1174 0.0203630000000000
1182 0.0186490000000000
1186 0.0181940000000000
1197 0.0165650000000000
1205 0.0159460000000000
1229 0.0156080000000000
1236 0.0155410000000000
1242 0.0151990000000000
1246 0.0149320000000000
1248 0.0149030000000000
1251 0.0137200000000000
1263 0.0136860000000000
1265 0.0133180000000000
1269 0.0126580000000000
1308 0.0126140000000000
1312 0.0116750000000000
1313 0.0114810000000000
1320 0.0110600000000000
1343 0.0106860000000000
1371 0.0103870000000000
1392 0.0100670000000000
1413 0.0099770000000000
1464 0.0098160000000000
1465 0.0097910000000000
1480 0.0097380000000000
1490 0.0096050000000000
1491 0.0094900000000000
1501 0.0094220000000000
1502 0.0093050000000000
1507 0.0092530000000000
1508 0.0091430000000000
1515 0.0091400000000000
1516 0.0090280000000000
1520 0.0088850000000000
1521 0.0086260000000000
1530 0.0085720000000000
1531 0.0084110000000000
1537 0.0083270000000000
1540 0.0082630000000000
1542 0.0081940000000000
1544 0.0081260000000000
1545 0.0080670000000000
1546 0.0080490000000000
1550 0.0080070000000000
1553 0.0079990000000000
1556 0.0077900000000000
1557 0.0076980000000000
1558 0.0076290000000000
1559 0.0074030000000000
1570 0.0071970000000000
1571 0.0069850000000000
1581 0.0068950000000000
1582 0.0068940000000000
1583 0.0067940000000000
1584 0.0067820000000000
1588 0.0066960000000000
1592 0.0065630000000000
1594 0.0064740000000000
1595 0.0064700000000000
1598 0.0064380000000000
1601 0.0063830000000000
1606 0.0063530000000000
1619 0.0063000000000000
1631 0.0062950000000000
1633 0.0062650000000000
1636 0.0062570000000000
1639 0.0062420000000000
1641 0.0062330000000000
1647 0.0062280000000000
1650 0.0061890000000000
1653 0.0061770000000000
1655 0.0061080000000000
1668 0.0060510000000000
1669 0.0060350000000000
1678 0.0060060000000000
1679 0.0059960000000000
1682 0.0059900000000000
1706 0.0059260000000000
1731 0.0058990000000000
1733 0.0053890000000000
1734 0.0048570000000000
1793 0.0047510000000000
1797 0.0044550000000000
1819 0.0042540000000000
1828 0.0042480000000000
1847 0.0042110000000000
1851 0.0041850000000000
1883 0.0041570000000000
1885 0.0041310000000000
1886 0.0041070000000000
1924 0.0040540000000000
1925 0.0040340000000000
1948 0.0040110000000000
1954 0.0040050000000000
1958 0.0039990000000000
1979 0.0039780000000000
2015 0.0039700000000000
2049 0.0039640000000000
2052 0.0039370000000000
2054 0.0038940000000000
2055 0.0038660000000000
2068 0.0038560000000000
2069 0.0038510000000000
2070 0.0038250000000000
2071 0.0037970000000000
2076 0.0037830000000000
2077 0.0037710000000000
2079 0.0037210000000000
2080 0.0036520000000000
2088 0.0035870000000000
2089 0.0034850000000000
2097 0.0034640000000000
2098 0.0034080000000000
2100 0.0034040000000000
2101 0.0033660000000000
2104 0.0033190000000000
2106 0.0032260000000000
2107 0.0030880000000000
2114 0.0029920000000000
2115 0.0028270000000000
2122 0.0027540000000000
2123 0.0026020000000000
2129 0.0025750000000000
2130 0.0024940000000000
2133 0.0024370000000000
2134 0.0023540000000000
2138 0.0022290000000000
2139 0.0020800000000000
2154 0.0020360000000000
2158 0.0020290000000000
2169 0.0020150000000000
2175 0.0019830000000000
2182 0.0019740000000000
2187 0.0019610000000000
2197 0.0019340000000000
2200 0.0019080000000000
2201 0.0019010000000000
2204 0.0018810000000000
2205 0.0018600000000000
2208 0.0018330000000000
2209 0.0017880000000000
2216 0.0017650000000000
2218 0.0017180000000000
2219 0.0016500000000000
2225 0.0016470000000000
2226 0.0016100000000000
2229 0.0015750000000000
2230 0.0015660000000000
2234 0.0015280000000000
2236 0.0014990000000000
2238 0.0014730000000000
2240 0.0014230000000000
2241 0.0013900000000000
2244 0.0013750000000000
2245 0.0013670000000000
2251 0.0013170000000000
2266 0.0013160000000000
2269 0.0012860000000000
2293 0.0012840000000000
2300 0.0012670000000000
2323 0.0012470000000000
2327 0.0012430000000000
2362 0.0012370000000000
2382 0.0012340000000000
2437 0.0012330000000000
2444 0.0012250000000000
2491 0.0012210000000000
2494 0.0012180000000000
2514 0.0012170000000000
2516 0.0012160000000000
2518 0.0012120000000000
2522 0.0012110000000000
2527 0.0012100000000000
2540 0.0012090000000000
2544 0.0012060000000000
2545 0.0012050000000000
2554 0.0012030000000000
2555 0.0012020000000000
2556 0.0012010000000000
2557 0.0011980000000000
2566 0.0011940000000000
2567 0.0011890000000000
2575 0.0011880000000000
2576 0.0011850000000000
2578 0.0011840000000000
2579 0.0011790000000000
2582 0.0011780000000000
2583 0.0011710000000000
2588 0.0011700000000000
2589 0.0011640000000000
2593 0.0011610000000000
2594 0.0011550000000000
2598 0.0011530000000000
2599 0.0011470000000000
2605 0.0011460000000000
2607 0.0011420000000000
2609 0.0011410000000000
2611 0.0011350000000000
2618 0.0011330000000000
2622 0.0011300000000000
2625 0.0011260000000000
2626 0.0011250000000000
2640 0.0011240000000000
2644 0.0011220000000000
2653 0.0011210000000000
2666 0.0011200000000000
2745 0.0011190000000000
