1 1457.2717439999998987
3 1276.1789830000000165
4 878.8480329999999867
7 203.6748110000000054
9 200.1469470000000115
20 177.3367110000000082
23 164.4281440000000032
24 127.5163260000000065
37 125.3979860000000031
38 104.5197509999999994
51 104.3611999999999966
53 95.5748660000000001
54 88.9188379999999938
58 79.9188379999999938
60 58.7384979999999999
80 57.5033349999999999
81 54.6331029999999984
84 47.3217100000000030
86 34.5161689999999979
87 32.8176050000000004
96 22.6983159999999984
122 22.4089069999999992
135 21.9393029999999989
143 21.8920859999999990
163 21.8847270000000016
165 21.6144019999999983
167 21.3449470000000012
181 20.6634260000000012
183 19.1201839999999983
184 16.7418839999999989
185 9.4596400000000003
193 1.8996400000000000
219 1.8113500000000000
235 1.6355070000000000
242 1.1847790000000000
245 0.8736270000000000
249 0.6603360000000000
258 0.4616670000000000
270 0.3188460000000000
275 0.2901810000000000
277 0.2529720000000000
281 0.2326770000000000
282 0.1896790000000000
287 0.1858880000000000
293 0.1650880000000000
301 0.0559420000000000
335 0.0194840000000000
367 0.0145040000000000
369 0.0135870000000000
387 0.0075040000000000
421 0.0047620000000000
422 0.0030680000000000
429 0.0026940000000000
433 0.0021470000000000
435 0.0013920000000000
439 0.0010150000000000
442 0.0008900000000000
454 0.0008440000000000
457 0.0005810000000000
458 0.0005440000000000
470 0.0002010000000000
499 0.0001230000000000
504 0.0000860000000000
510 0.0000550000000000
514 0.0000360000000000
543 0.0000190000000000
572 0.0000100000000000
575 0.0000060000000000
582 0.0000040000000000
588 0.0000030000000000
592 0.0000020000000000
627 0.0000010000000000
667 0.0000000000000000
