1 400.5000000000000000
3 397.5199999999999818
4 388.8199999999999932
5 364.8799999999999955
6 312.5000000000000000
11 99.3421139999999951
20 79.3965709999999945
21 63.3142870000000002
23 55.3467910000000032
25 49.7174550000000011
31 49.6622739999999965
34 49.2734439999999978
36 49.0715349999999972
38 49.0636539999999997
40 49.0541479999999979
42 48.9870019999999968
57 48.9849310000000031
65 48.9846569999999986
70 48.9843219999999988
77 48.9842960000000005
81 48.9842579999999970
85 48.9842549999999974
94 48.9842540000000000
