1 8544.5776999999998225
11 5093.3850720000000365
12 119.6019660000000044
20 84.3350530000000020
22 74.1057160000000010
44 62.6406080000000003
66 34.3839370000000031
108 11.0697759999999992
162 10.8480709999999991
193 7.1058230000000000
194 6.4990379999999996
203 6.1099920000000001
233 5.3826749999999999
259 4.6399010000000001
260 4.1470070000000003
266 2.4699730000000000
267 2.3787530000000001
290 2.2541250000000002
299 1.2066159999999999
317 1.1230329999999999
367 1.0611690000000000
369 0.9710460000000000
372 0.9355599999999999
408 0.8997849999999999
409 0.8477760000000000
435 0.8355650000000000
440 0.8284680000000000
444 0.8211880000000000
452 0.8139230000000000
455 0.8135610000000000
461 0.7946029999999999
464 0.7790770000000000
465 0.7751749999999999
481 0.7626210000000000
482 0.7568220000000000
484 0.7381150000000000
485 0.7216240000000000
493 0.7003850000000000
494 0.6740140000000000
502 0.6559480000000000
503 0.6386880000000000
506 0.6365710000000000
513 0.6232010000000000
550 0.6201650000000000
570 0.6177820000000001
574 0.6125740000000000
576 0.6070620000000000
588 0.6050460000000000
607 0.6049700000000000
616 0.6047460000000000
669 0.6042200000000000
671 0.6039150000000000
679 0.6026250000000000
680 0.6013640000000000
690 0.6010620000000000
691 0.5994940000000000
697 0.5994060000000000
701 0.5979110000000000
703 0.5958170000000000
704 0.5927390000000000
720 0.5911729999999999
721 0.5907030000000000
742 0.5903860000000000
743 0.5903600000000000
753 0.5902450000000000
755 0.5897270000000000
757 0.5895300000000000
759 0.5893760000000000
760 0.5887360000000000
763 0.5887150000000000
764 0.5883330000000000
767 0.5878120000000000
769 0.5874520000000000
772 0.5866000000000000
773 0.5851380000000000
786 0.5831620000000000
787 0.5814710000000000
794 0.5812180000000000
795 0.5795910000000000
797 0.5791170000000000
798 0.5761200000000000
802 0.5760220000000000
803 0.5740390000000000
804 0.5739250000000000
805 0.5699000000000000
808 0.5696760000000000
809 0.5655380000000000
816 0.5622549999999999
817 0.5621730000000000
823 0.5605480000000000
824 0.5568320000000000
826 0.5561270000000000
827 0.5541530000000000
831 0.5534280000000000
832 0.5514580000000000
834 0.5493290000000000
835 0.5448430000000000
839 0.5430580000000000
840 0.5399700000000000
845 0.5333700000000000
846 0.5244610000000000
854 0.5215070000000001
855 0.5129290000000000
858 0.5109170000000000
859 0.5017620000000000
862 0.4991780000000000
863 0.4951130000000000
865 0.4881460000000000
866 0.4828500000000000
868 0.4739500000000000
869 0.4588380000000000
874 0.4537590000000000
877 0.4530070000000000
881 0.4455430000000000
898 0.4439400000000000
902 0.4413900000000000
909 0.4402960000000000
912 0.4350170000000000
927 0.4335820000000000
937 0.4315430000000000
938 0.4301550000000000
941 0.4293910000000000
948 0.4290530000000000
952 0.4284910000000000
956 0.4276120000000000
962 0.4271680000000000
997 0.4270000000000000
998 0.4268420000000000
1005 0.4258620000000000
1030 0.4256500000000000
1034 0.4254540000000000
1035 0.4245800000000000
1056 0.4244760000000000
1058 0.4243310000000000
1064 0.4242410000000000
1066 0.4240470000000000
1068 0.4238200000000000
1071 0.4233260000000000
1072 0.4228290000000000
1080 0.4225880000000000
1081 0.4217710000000000
1092 0.4212930000000000
1093 0.4204640000000000
1101 0.4179840000000000
1102 0.4130590000000000
1169 0.4117180000000000
1181 0.4112150000000000
1196 0.4111810000000000
1197 0.4106890000000000
1198 0.4098190000000000
1199 0.4097720000000000
1200 0.4089220000000000
1202 0.4086510000000000
1204 0.4080720000000000
1208 0.4077310000000000
1210 0.4075450000000000
1211 0.4066620000000000
1212 0.4058200000000000
1213 0.4039210000000000
1221 0.4038180000000000
1222 0.4020770000000000
1223 0.4019620000000000
1224 0.4006840000000000
1230 0.4000950000000000
1241 0.3998010000000000
1263 0.3982270000000000
1285 0.3976570000000000
1287 0.3971390000000000
1288 0.3966930000000000
1307 0.3963780000000000
1331 0.3957070000000000
1339 0.3954170000000000
1344 0.3952160000000000
1345 0.3949180000000000
1347 0.3942970000000000
1450 0.3942960000000000
1454 0.3942710000000000
1457 0.3942530000000000
1458 0.3942060000000000
1471 0.3942030000000000
1472 0.3941610000000000
1477 0.3941490000000000
1478 0.3940970000000000
1485 0.3940770000000000
1486 0.3940420000000000
1488 0.3940240000000000
1489 0.3939330000000000
1493 0.3938960000000000
1494 0.3937960000000000
1497 0.3937750000000000
1498 0.3936790000000000
1503 0.3936070000000000
1504 0.3934780000000000
1509 0.3934640000000000
1510 0.3932900000000000
1515 0.3932450000000000
1516 0.3930060000000000
1519 0.3929810000000000
1520 0.3927690000000000
1523 0.3927160000000000
1524 0.3924360000000000
1526 0.3923690000000000
1527 0.3921370000000000
1546 0.3920760000000000
1573 0.3920640000000000
1577 0.3920500000000000
1633 0.3920240000000000
1660 0.3920140000000000
1691 0.3920130000000000
1692 0.3920120000000000
1708 0.3920110000000000
1712 0.3919980000000000
1728 0.3919840000000000
1729 0.3919720000000000
1732 0.3919710000000000
1828 0.3919700000000000
1842 0.3919690000000000
1850 0.3919680000000000
1883 0.3919670000000000
1933 0.3919660000000000
1967 0.3919650000000000
