1 2323916.1489459997974336
4 1426710.8469420000910759
5 202383.2788280000095256
8 73992.7275050000025658
9 11768.6593190000003233
11 11330.2482099999997445
35 6867.8593190000001414
37 6249.2275570000001608
40 3000.7181489999998121
43 1132.0940800000000763
90 991.4512109999999439
93 909.8496450000000095
98 792.6267500000000155
108 782.5932480000000169
114 698.1656369999999470
124 654.2318520000000035
125 619.5310590000000275
139 503.9038130000000137
140 471.1208750000000123
143 466.3164370000000076
145 435.6632759999999962
149 373.9347960000000057
153 312.3231900000000110
157 299.3616749999999911
175 249.3348340000000007
187 179.0770569999999964
202 89.9186250000000058
206 50.3218590000000034
244 48.3515900000000016
245 45.7583029999999980
259 42.6329729999999998
263 40.6429789999999969
267 26.8730800000000016
283 18.3420929999999984
303 13.3956900000000001
318 13.0469720000000002
319 11.3982519999999994
347 10.4360130000000009
349 10.3957770000000007
351 10.2353839999999998
355 9.8669110000000000
361 9.8498380000000001
366 9.7751199999999994
370 9.4346610000000002
407 8.4229109999999991
419 8.1831370000000003
421 7.7167170000000000
438 6.6030220000000002
439 6.3618850000000000
444 6.1141670000000001
445 5.9834069999999997
449 5.4886619999999997
452 5.3763839999999998
457 5.0249649999999999
464 4.7932210000000000
472 4.6034629999999996
474 4.4071600000000002
475 4.2245999999999997
477 4.2085699999999999
478 4.1569250000000002
499 4.1242840000000003
514 3.1758069999999998
515 3.1523230000000000
523 2.9042119999999998
526 2.4009730000000000
527 2.1954330000000000
531 1.8952400000000000
532 1.7741819999999999
535 1.5655230000000000
537 0.9581260000000000
538 0.9180790000000000
552 0.8583080000000000
558 0.7878039999999999
561 0.7054420000000000
564 0.6984960000000000
566 0.6408190000000000
574 0.6161370000000000
582 0.5882650000000000
589 0.5671690000000000
590 0.5520480000000000
591 0.5513200000000000
592 0.5371140000000000
596 0.5130730000000000
598 0.5006690000000000
602 0.4648470000000000
616 0.4626620000000000
620 0.4449740000000000
621 0.4331950000000000
625 0.4246360000000000
627 0.4116050000000000
629 0.4083150000000000
633 0.4057270000000000
635 0.3992380000000000
640 0.3825990000000000
682 0.3805080000000000
684 0.3801150000000000
687 0.3791220000000000
696 0.3788990000000000
699 0.3748650000000000
702 0.3736830000000000
725 0.3217430000000000
736 0.3194190000000000
755 0.3090750000000000
782 0.3060980000000000
797 0.3008590000000000
801 0.2943120000000000
802 0.2859340000000000
803 0.2806640000000000
842 0.2745880000000000
847 0.2730200000000000
851 0.2714610000000000
854 0.2688360000000000
856 0.2684450000000000
882 0.2653760000000000
899 0.2648170000000000
910 0.2646340000000000
915 0.2643660000000000
919 0.2641950000000000
920 0.2633650000000000
933 0.2632070000000000
934 0.2623270000000000
940 0.2618000000000000
941 0.2612280000000000
943 0.2611300000000000
944 0.2608170000000000
947 0.2601350000000000
949 0.2592760000000000
950 0.2589300000000000
953 0.2583470000000000
954 0.2575990000000000
956 0.2570110000000000
957 0.2565280000000000
958 0.2556640000000000
959 0.2553960000000000
961 0.2548280000000000
967 0.2532780000000000
968 0.2516510000000000
973 0.2501080000000000
974 0.2484450000000000
977 0.2476550000000000
978 0.2467280000000000
979 0.2457400000000000
980 0.2441520000000000
982 0.2401450000000000
983 0.2354450000000000
988 0.2351720000000000
990 0.2334370000000000
991 0.2331140000000000
992 0.2278260000000000
993 0.2236740000000000
994 0.2236330000000000
995 0.2192160000000000
996 0.2187210000000000
997 0.2120970000000000
1000 0.2063600000000000
1001 0.2051320000000000
1002 0.1952770000000000
1003 0.1894070000000000
1005 0.1877290000000000
1006 0.1865930000000000
1007 0.1786900000000000
1008 0.1783070000000000
1011 0.1645600000000000
1019 0.1641010000000000
1024 0.1594330000000000
1029 0.1558110000000000
1035 0.1550940000000000
1037 0.1491650000000000
1038 0.1465240000000000
1041 0.1455220000000000
1044 0.1429300000000000
1047 0.1323280000000000
1048 0.1256530000000000
1054 0.1255440000000000
1055 0.1236630000000000
1056 0.1177840000000000
1057 0.1122800000000000
1059 0.1019390000000000
1060 0.0896930000000000
1068 0.0745270000000000
1069 0.0675260000000000
1071 0.0669080000000000
1072 0.0643920000000000
1075 0.0641060000000000
1077 0.0460800000000000
1095 0.0452630000000000
1097 0.0448530000000000
1100 0.0446700000000000
1104 0.0443200000000000
1110 0.0442390000000000
1112 0.0442240000000000
1114 0.0441690000000000
1119 0.0439440000000000
1150 0.0439330000000000
1153 0.0438790000000000
1155 0.0438260000000000
1157 0.0438130000000000
1161 0.0436850000000000
1165 0.0436790000000000
1166 0.0436550000000000
1169 0.0436030000000000
1184 0.0435930000000000
1188 0.0435410000000000
1192 0.0428700000000000
1193 0.0411870000000000
1195 0.0382020000000000
1197 0.0279910000000000
1233 0.0222850000000000
1255 0.0213620000000000
1262 0.0203770000000000
1269 0.0202820000000000
1277 0.0194590000000000
1300 0.0190780000000000
1302 0.0176660000000000
1303 0.0176090000000000
1308 0.0164250000000000
1310 0.0162090000000000
1311 0.0160680000000000
1329 0.0153930000000000
1336 0.0132320000000000
1348 0.0124380000000000
1349 0.0117410000000000
1387 0.0115220000000000
1392 0.0110630000000000
1398 0.0102090000000000
1421 0.0100380000000000
1436 0.0099770000000000
1441 0.0099500000000000
1442 0.0098980000000000
1446 0.0098690000000000
1454 0.0098550000000000
1460 0.0098510000000000
1461 0.0097950000000000
1462 0.0097550000000000
1474 0.0097030000000000
1487 0.0096010000000000
1490 0.0095190000000000
1491 0.0092170000000000
1502 0.0090660000000000
1526 0.0086700000000000
1549 0.0086040000000000
1556 0.0085550000000000
1557 0.0081830000000000
1558 0.0081610000000000
1567 0.0081500000000000
1571 0.0080860000000000
1573 0.0080270000000000
1575 0.0080160000000000
1577 0.0080000000000000
1580 0.0078590000000000
1588 0.0077690000000000
1590 0.0077310000000000
1594 0.0076110000000000
1595 0.0075060000000000
1599 0.0074870000000000
1602 0.0074230000000000
1603 0.0073850000000000
1606 0.0072400000000000
1607 0.0070500000000000
1613 0.0070020000000000
1614 0.0069910000000000
1615 0.0069880000000000
1617 0.0066810000000000
1618 0.0064630000000000
1621 0.0064600000000000
1622 0.0064180000000000
1624 0.0062400000000000
1626 0.0058740000000000
1627 0.0056140000000000
1639 0.0055710000000000
1641 0.0054070000000000
1645 0.0053410000000000
1650 0.0051900000000000
1653 0.0050740000000000
1654 0.0050530000000000
1659 0.0048490000000000
1660 0.0048290000000000
1663 0.0048160000000000
1665 0.0046620000000000
1666 0.0045790000000000
1668 0.0045370000000000
1670 0.0043120000000000
1671 0.0041140000000000
1674 0.0040740000000000
1676 0.0038480000000000
1679 0.0035650000000000
1680 0.0034960000000000
1684 0.0034690000000000
1686 0.0033050000000000
1692 0.0032050000000000
1695 0.0031440000000000
1697 0.0030130000000000
1699 0.0029880000000000
1703 0.0029080000000000
1707 0.0027390000000000
1708 0.0026370000000000
1715 0.0024770000000000
1716 0.0024710000000000
1717 0.0024400000000000
1725 0.0024060000000000
1729 0.0023950000000000
1733 0.0023860000000000
1736 0.0023660000000000
1739 0.0023610000000000
1741 0.0023580000000000
1743 0.0023520000000000
1749 0.0023510000000000
1751 0.0023490000000000
1754 0.0023450000000000
1756 0.0023440000000000
1768 0.0023420000000000
1806 0.0023410000000000
1810 0.0023370000000000
1811 0.0023290000000000
1832 0.0023020000000000
1866 0.0022980000000000
1881 0.0022970000000000
1882 0.0022930000000000
1890 0.0022920000000000
1904 0.0022910000000000
1906 0.0022900000000000
