1 1167710042.0736370086669922
2 1150831951.5452558994293213
3 1102272162.3206870555877686
4 962420405.1553410291671753
5 595962577.1692099571228027
6 21463202.5118959993124008
17 7623343.5213439995422959
18 1020782.3369970000348985
20 11224.5154380000003584
57 5962.6226550000001225
70 66.1644909999999982
119 46.2808709999999977
143 8.5147279999999999
198 8.4595389999999995
211 8.4561069999999994
220 8.4325609999999998
233 8.3910119999999999
319 8.3842669999999995
323 8.3732170000000004
409 8.3726050000000001
436 8.3724769999999999
438 8.3719289999999997
508 8.3719029999999997
542 8.3719020000000004
587 8.3719009999999994
