1 4984937.6575830001384020
2 4844969.3831470003351569
3 4409553.8553550001233816
4 3228785.1902160001918674
5 792140.9440190000459552
7 554486.3937490000389516
8 95026.6117689999955473
10 1590.8601610000000619
53 449.0725330000000213
66 105.2240610000000061
80 105.1846060000000023
96 14.5081430000000005
122 14.4965980000000005
164 9.9300219999999992
183 9.9121629999999996
286 9.8976740000000003
289 9.8777019999999993
305 9.8768469999999997
307 9.8731539999999995
315 9.8715460000000004
374 9.8713270000000009
379 9.8710079999999998
381 9.8707550000000008
405 9.8707209999999996
441 9.8707170000000009
