1 140.0000000000000000
5 129.9124799999999880
6 105.6473490000000055
16 101.7152200000000022
17 100.6434059999999988
20 92.7300249999999977
21 82.7136780000000016
23 52.7583619999999982
32 48.2416380000000018
40 31.7435960000000001
50 21.6421360000000007
64 14.6421360000000007
69 5.0000000000000000
111 4.6690300000000002
122 4.6379130000000002
124 4.4969950000000001
126 4.4529259999999997
141 4.3275899999999998
145 4.2761680000000002
156 4.1890729999999996
157 4.1261299999999999
162 3.8809160000000000
170 3.7824179999999998
203 3.7478050000000001
204 3.7016410000000000
205 3.6625649999999998
212 3.6015470000000001
213 3.5776620000000001
219 3.5302080000000000
220 3.5020259999999999
222 3.4884960000000000
223 3.4438140000000002
225 3.3798379999999999
226 3.3042050000000001
232 3.2421989999999998
233 3.1789390000000002
237 3.1530070000000001
239 3.0835279999999998
240 3.0638700000000001
243 2.9986240000000000
244 2.9446639999999999
247 2.9065669999999999
248 2.8826459999999998
251 2.8158310000000002
252 2.7358920000000002
255 2.6885409999999998
256 2.6227649999999998
261 2.6062449999999999
263 2.5501520000000002
265 2.5318200000000002
267 2.4212690000000001
278 2.4027810000000001
279 2.3753410000000001
283 2.3593590000000000
284 2.3532340000000000
286 2.2831890000000001
287 2.2277979999999999
290 2.1782879999999998
291 2.1362359999999998
295 2.0856340000000002
298 2.0731750000000000
300 2.0209619999999999
301 1.9826880000000000
302 1.9751840000000001
303 1.9734259999999999
307 1.8859130000000000
308 1.8840429999999999
310 1.8517840000000001
312 1.7519600000000000
319 1.7286830000000000
322 1.7077410000000000
323 1.6962230000000000
325 1.6274949999999999
326 1.6142939999999999
331 1.5485080000000000
332 1.5067619999999999
338 1.4988889999999999
339 1.4567079999999999
340 1.4412250000000000
343 1.4223710000000001
344 1.3984300000000001
354 1.3853970000000000
357 1.3654630000000001
359 1.3483790000000000
360 1.3283570000000000
365 1.3027540000000000
366 1.3026350000000000
367 1.2818320000000001
368 1.2689220000000001
371 1.2652520000000000
372 1.2619570000000000
373 1.2232179999999999
377 1.2227730000000001
378 1.2187110000000001
379 1.1781050000000000
385 1.1367989999999999
390 1.1354930000000001
391 1.1144780000000001
393 1.0724350000000000
394 1.0268150000000000
396 1.0007649999999999
398 0.9674390000000000
400 0.9303680000000000
401 0.9159940000000000
404 0.8765160000000000
405 0.8418130000000000
407 0.7678140000000000
413 0.7533029999999999
415 0.6819809999999999
416 0.6750770000000000
419 0.6584310000000000
423 0.5926610000000000
424 0.5620140000000000
427 0.5173890000000000
428 0.5070420000000000
431 0.4553170000000000
433 0.4476800000000000
434 0.4314670000000000
435 0.4048060000000000
437 0.3282620000000000
441 0.2908500000000000
442 0.2746250000000000
446 0.2409420000000000
449 0.2194480000000000
451 0.1879940000000000
452 0.1521080000000000
456 0.1302320000000000
460 0.1200820000000000
461 0.0602250000000000
471 0.0479240000000000
473 0.0454980000000000
475 0.0451000000000000
476 0.0290610000000000
477 0.0180460000000000
484 0.0135860000000000
485 0.0094350000000000
486 0.0030430000000000
507 0.0010670000000000
526 0.0008130000000000
541 0.0007010000000000
544 0.0004880000000000
549 0.0002130000000000
567 0.0001650000000000
571 0.0001380000000000
581 0.0001170000000000
586 0.0000750000000000
590 0.0000590000000000
594 0.0000520000000000
605 0.0000360000000000
609 0.0000310000000000
620 0.0000270000000000
656 0.0000170000000000
666 0.0000130000000000
667 0.0000090000000000
675 0.0000080000000000
684 0.0000060000000000
687 0.0000030000000000
693 0.0000010000000000
