1 0.0337880000000000
26 0.0294520000000000
34 0.0262380000000000
43 0.0218460000000000
53 0.0214240000000000
54 0.0208280000000000
56 0.0190430000000000
58 0.0186180000000000
60 0.0155620000000000
62 0.0130750000000000
63 0.0109550000000000
66 0.0087610000000000
75 0.0075080000000000
80 0.0060440000000000
92 0.0050350000000000
93 0.0044700000000000
112 0.0040510000000000
114 0.0039660000000000
123 0.0035590000000000
124 0.0032540000000000
133 0.0030460000000000
135 0.0028400000000000
140 0.0023090000000000
148 0.0021280000000000
149 0.0021080000000000
185 0.0017930000000000
196 0.0016420000000000
199 0.0016350000000000
226 0.0016150000000000
230 0.0016100000000000
245 0.0015390000000000
249 0.0014790000000000
251 0.0007020000000000
275 0.0006500000000000
278 0.0004350000000000
294 0.0004330000000000
298 0.0003190000000000
344 0.0002770000000000
352 0.0002700000000000
354 0.0001900000000000
363 0.0001740000000000
367 0.0001490000000000
372 0.0001130000000000
387 0.0000990000000000
389 0.0000710000000000
393 0.0000630000000000
411 0.0000310000000000
420 0.0000270000000000
422 0.0000120000000000
448 0.0000040000000000
467 0.0000030000000000
488 0.0000020000000000
499 0.0000000000000000
