1 213527.7581359999894630
14 104315.8914119999972172
37 101817.5451880000036908
38 86357.7424880000035046
40 81835.1083840000064811
41 72331.7330439999932423
47 70497.6370949999982258
49 67620.5866189999942435
51 57880.5402190000022529
67 52193.9534219999986817
68 47058.7809919999999693
101 40174.9344819999969332
117 35563.5799620000034338
125 34115.3040529999998398
129 33905.6278759999986505
139 26699.7264370000011695
171 25436.5146439999989525
176 24447.8540710000015679
183 22063.3261129999991681
198 21398.4523479999988922
220 21252.4790590000011434
224 20910.2597080000014103
232 19930.8419009999997797
236 18933.6334480000004987
239 17175.6507100000017090
266 16963.7580280000001949
268 16251.3310970000002271
283 16127.6188710000005813
307 15023.1487479999996140
308 14695.2797030000001541
328 14410.1190150000002177
330 14022.5638600000002043
347 10762.3567980000007083
355 10200.0145859999993263
385 7923.8745559999997568
424 7431.2154140000002371
450 7268.7986760000003414
454 6940.9296320000003107
472 6144.0312180000000808
493 5992.4660770000000412
513 4191.5382149999995818
522 4036.3735590000001139
545 3696.9438970000001063
550 3376.7003650000001471
553 3347.3665350000001126
557 3135.9426050000001851
560 3092.1941379999998389
562 2723.4173820000000887
575 2524.9423040000001492
596 2241.6582790000002205
600 1920.5509660000000167
646 1888.6627350000001115
652 1882.6789810000000216
661 1674.8406689999999344
663 1576.5525119999999788
666 1535.3037870000000567
674 1517.7503209999999854
696 1221.0541599999999107
723 1165.7234249999999065
726 1108.7337649999999485
730 1095.3722549999999956
758 973.6853230000000394
777 826.6021839999999656
821 788.2551640000000361
824 743.2925659999999652
831 714.9373150000000123
834 585.9602069999999685
858 521.4799430000000484
883 494.2302659999999719
904 454.3932750000000169
911 454.3055160000000114
915 420.8970620000000054
950 392.8968340000000126
962 392.3524600000000078
966 391.4113479999999754
969 343.3368209999999863
981 317.1252979999999866
990 312.6445899999999938
1010 258.3310979999999972
1066 207.9388549999999896
1093 163.8640910000000019
1095 163.3629870000000039
1103 143.4911250000000109
1105 132.1430440000000033
1119 126.3573240000000055
1121 113.7135849999999948
1128 104.0559539999999998
1135 97.9567770000000024
1140 95.7253469999999993
1143 84.7446110000000061
1154 82.6513410000000022
1161 77.3377299999999934
1165 76.7931739999999934
1174 75.7471460000000008
1180 75.0460300000000018
1183 74.3901900000000040
1188 66.9636480000000063
1252 47.4532710000000009
1255 45.3194489999999988
1278 41.8245500000000021
1292 36.1923049999999975
1300 34.4141979999999990
1302 26.4490790000000011
1336 23.9981149999999985
1338 23.3063879999999983
1356 20.5357990000000008
1375 18.1931690000000010
1393 16.9764270000000010
1394 16.4563409999999983
1400 14.5681089999999998
1403 14.1958800000000007
1407 14.1277010000000001
1429 13.0572189999999999
1438 12.2973560000000006
1444 11.4308789999999991
1453 11.2554610000000004
1456 10.9217350000000000
1461 10.6276609999999998
1483 9.9802979999999994
1492 9.2975980000000007
1504 9.2486780000000000
1509 8.3394700000000004
1525 8.2845010000000006
1530 8.0947809999999993
1540 7.9113569999999998
1556 6.9588599999999996
1594 6.0619730000000001
1595 5.6143869999999998
1611 5.0385080000000002
1632 4.8528929999999999
1682 3.8593229999999998
1695 3.6560589999999999
1705 3.0691839999999999
1740 2.8348190000000000
1744 2.2635850000000000
1761 1.7425130000000000
1762 1.7190799999999999
1773 1.5216090000000000
1797 1.5200279999999999
1801 1.5103730000000000
1805 1.4288320000000001
1809 1.2860929999999999
1827 1.2561220000000000
1862 1.0913700000000000
1876 0.9678350000000000
1902 0.8901250000000001
1933 0.6094720000000000
1947 0.5737490000000000
1948 0.5327499999999999
1958 0.4563670000000000
1973 0.4386160000000000
1976 0.3796120000000000
1982 0.3706460000000000
1992 0.3457510000000000
1995 0.3385480000000000
2004 0.3166300000000000
2007 0.3057010000000000
2022 0.2926830000000000
2041 0.2918580000000000
2060 0.2669280000000000
2066 0.2660450000000000
2068 0.2552620000000000
2076 0.2529090000000000
2080 0.2368390000000000
2083 0.2210770000000000
2086 0.2152450000000000
2100 0.2078710000000000
2104 0.1713150000000000
2115 0.1667240000000000
2119 0.1475360000000000
2130 0.1475320000000000
2139 0.1417410000000000
2162 0.1285160000000000
2166 0.1229550000000000
2186 0.1190570000000000
2211 0.1070780000000000
2217 0.1026940000000000
2219 0.1011710000000000
2227 0.0981840000000000
2236 0.0934780000000000
2256 0.0914950000000000
2260 0.0910370000000000
2262 0.0900700000000000
2265 0.0884420000000000
2268 0.0863490000000000
2280 0.0842270000000000
2285 0.0832750000000000
2295 0.0824840000000000
2298 0.0818650000000000
2306 0.0772280000000000
2329 0.0766780000000000
2350 0.0738850000000000
2353 0.0729640000000000
2388 0.0699780000000000
2391 0.0654500000000000
2397 0.0633490000000000
2398 0.0590230000000000
2428 0.0578410000000000
2429 0.0549290000000000
2430 0.0461930000000000
2434 0.0390140000000000
2461 0.0332170000000000
2470 0.0283390000000000
2477 0.0279810000000000
2506 0.0261420000000000
2512 0.0252470000000000
2514 0.0240980000000000
2516 0.0195810000000000
2533 0.0183300000000000
2548 0.0177610000000000
2551 0.0177030000000000
2559 0.0156060000000000
2573 0.0148890000000000
2581 0.0141100000000000
2624 0.0140900000000000
2626 0.0113640000000000
2627 0.0112750000000000
2641 0.0112240000000000
2644 0.0101350000000000
2648 0.0097180000000000
2683 0.0091520000000000
2686 0.0083840000000000
2731 0.0079710000000000
2735 0.0079010000000000
2742 0.0070980000000000
2761 0.0069630000000000
2765 0.0068950000000000
2766 0.0056240000000000
2805 0.0055900000000000
2808 0.0050470000000000
2816 0.0047420000000000
2820 0.0047050000000000
2822 0.0046550000000000
2825 0.0044350000000000
2834 0.0042910000000000
2837 0.0039260000000000
2850 0.0038360000000000
2858 0.0031450000000000
2859 0.0029460000000000
2878 0.0026150000000000
2884 0.0023850000000000
2889 0.0023360000000000
2909 0.0023090000000000
2929 0.0019780000000000
2936 0.0019220000000000
2942 0.0015860000000000
2968 0.0014450000000000
2982 0.0013060000000000
2984 0.0012870000000000
2999 0.0011470000000000
3001 0.0011460000000000
3020 0.0011020000000000
3025 0.0010980000000000
3055 0.0010890000000000
3057 0.0010840000000000
3061 0.0010830000000000
3064 0.0010760000000000
3065 0.0010580000000000
3068 0.0010200000000000
3071 0.0009920000000000
3072 0.0009670000000000
3091 0.0009510000000000
3095 0.0009490000000000
3098 0.0009360000000000
3127 0.0009320000000000
3148 0.0009280000000000
3153 0.0009190000000000
3173 0.0009160000000000
3174 0.0008950000000000
3177 0.0008940000000000
3211 0.0008910000000000
3215 0.0008880000000000
3219 0.0008850000000000
3221 0.0008800000000000
3225 0.0008750000000000
3227 0.0008690000000000
3232 0.0008670000000000
3245 0.0007980000000000
3246 0.0006910000000000
3250 0.0005570000000000
3256 0.0005170000000000
3264 0.0004080000000000
3283 0.0003620000000000
3287 0.0003080000000000
3300 0.0002480000000000
3326 0.0002410000000000
3330 0.0002240000000000
3353 0.0002140000000000
3359 0.0002000000000000
3360 0.0001930000000000
3367 0.0001900000000000
3368 0.0001890000000000
3372 0.0001810000000000
3375 0.0001790000000000
3379 0.0001750000000000
3382 0.0001740000000000
3384 0.0001700000000000
3387 0.0001690000000000
3389 0.0001660000000000
3393 0.0001570000000000
3395 0.0001530000000000
3403 0.0001500000000000
3410 0.0001410000000000
3437 0.0001250000000000
3444 0.0000950000000000
3466 0.0000930000000000
3469 0.0000860000000000
3472 0.0000740000000000
3480 0.0000730000000000
3485 0.0000610000000000
3508 0.0000580000000000
3511 0.0000570000000000
3517 0.0000560000000000
3519 0.0000520000000000
3528 0.0000490000000000
3560 0.0000480000000000
3563 0.0000470000000000
3572 0.0000450000000000
3580 0.0000440000000000
3607 0.0000430000000000
3619 0.0000420000000000
3686 0.0000410000000000
3695 0.0000370000000000
3714 0.0000360000000000
3737 0.0000350000000000
3742 0.0000340000000000
3775 0.0000320000000000
3797 0.0000300000000000
3815 0.0000290000000000
3816 0.0000280000000000
3828 0.0000270000000000
3832 0.0000260000000000
3833 0.0000250000000000
3842 0.0000240000000000
3846 0.0000230000000000
3848 0.0000220000000000
3849 0.0000210000000000
3865 0.0000200000000000
3866 0.0000190000000000
3870 0.0000180000000000
3875 0.0000170000000000
3894 0.0000160000000000
3922 0.0000150000000000
3932 0.0000140000000000
3946 0.0000130000000000
3986 0.0000120000000000
