1 4175.1286019999997734
2 482.7014139999999998
3 256.7624460000000113
13 225.1899530000000027
18 195.9276570000000106
19 166.3653639999999996
25 157.0300059999999860
27 134.5031879999999944
36 133.8867020000000139
49 133.8300250000000062
52 133.4720220000000097
57 133.1686139999999909
58 132.9297540000000026
60 132.8019250000000113
61 132.6366490000000056
62 132.0102400000000102
63 131.5062819999999988
65 130.3289049999999918
66 129.5001450000000034
68 128.0726239999999905
69 126.7308150000000069
71 126.1639839999999992
73 125.0069050000000033
74 124.4291879999999964
79 124.3663020000000046
84 124.2909379999999970
86 124.2894050000000021
98 124.2844130000000007
108 124.2811820000000012
109 124.2802030000000002
116 124.2796220000000034
119 124.2786660000000012
126 124.2785470000000032
130 124.2785379999999975
138 124.2785339999999934
141 124.2785290000000060
144 124.2785259999999994
