1 24.1999999999999993
8 8.7532160000000001
10 6.1075359999999996
14 4.0841000000000003
19 3.9705759999999999
22 3.9101409999999999
23 3.8531249999999999
27 3.8045249999999999
28 3.7638560000000001
29 3.7288359999999998
30 3.6541000000000001
31 3.5737809999999999
32 3.4980159999999998
33 3.3135560000000002
34 3.1189160000000000
38 2.9624959999999998
42 2.8843809999999999
44 2.8225959999999999
45 2.7954610000000000
46 2.6701959999999998
47 2.5937809999999999
48 2.4658609999999999
49 2.3262760000000000
51 1.9547410000000001
52 1.9034210000000000
56 1.6384360000000000
61 1.5479360000000000
63 1.4644610000000000
64 1.3835409999999999
65 1.3002210000000001
67 1.1236360000000001
68 0.9674560000000000
72 0.7825250000000000
73 0.7133760000000000
75 0.5486210000000000
80 0.4480160000000000
84 0.4335250000000000
86 0.4027410000000000
88 0.3376960000000000
89 0.3181250000000000
91 0.2055250000000000
92 0.1547010000000000
98 0.1011410000000000
102 0.0925000000000000
103 0.0637250000000000
118 0.0532610000000000
119 0.0293410000000000
130 0.0225250000000000
131 0.0125000000000000
149 0.0103240000000000
154 0.0091510000000000
155 0.0076960000000000
157 0.0055600000000000
158 0.0039510000000000
159 0.0035040000000000
160 0.0027420000000000
161 0.0007420000000000
165 0.0002420000000000
169 0.0000360000000000
179 0.0000170000000000
189 0.0000070000000000
201 0.0000000000000000
