1 19.2500000000000000
2 17.8500000000000014
3 15.1300000000000008
10 15.0899999999999999
17 14.4700000000000006
22 13.4600000000000009
27 12.7899999999999991
29 12.6300000000000008
37 12.2599999999999998
38 12.0099999999999998
65 10.4471570000000007
83 10.2511489999999998
86 7.9681160000000002
116 7.1576760000000004
135 7.0698520000000000
142 6.8270710000000001
163 6.6863330000000003
164 6.1712360000000004
165 3.6023450000000001
169 2.7239969999999998
189 2.7159779999999998
194 2.3588840000000002
225 2.2088839999999998
238 2.1913930000000001
269 1.7498849999999999
273 1.3999480000000000
286 1.3799330000000001
299 1.3499500000000000
301 1.2699520000000000
304 1.2199420000000001
321 1.1799420000000000
323 1.1399429999999999
329 1.1399300000000001
338 1.1299310000000000
349 1.0999310000000000
381 1.0696330000000001
399 0.9694210000000000
403 0.9145700000000000
413 0.8890050000000000
414 0.8756060000000000
429 0.8385940000000000
463 0.8364080000000000
473 0.8335190000000000
503 0.8326050000000000
506 0.8316420000000000
509 0.8306590000000000
515 0.8282110000000000
525 0.8280680000000000
529 0.8273760000000000
533 0.8255920000000000
553 0.8247190000000000
557 0.8246440000000000
562 0.8237480000000000
563 0.8231889999999999
567 0.8231530000000000
568 0.8231430000000000
569 0.8227630000000000
570 0.8220960000000000
571 0.8219020000000000
572 0.8209860000000000
574 0.8197520000000000
575 0.8177570000000000
576 0.8172950000000000
577 0.8161500000000000
579 0.8146800000000000
581 0.8139960000000001
585 0.8108560000000000
586 0.8072950000000000
592 0.8058000000000000
593 0.8038820000000000
595 0.7998180000000000
596 0.7941310000000000
603 0.7906270000000000
604 0.7891230000000000
605 0.7883220000000000
606 0.7831200000000000
608 0.7802970000000000
610 0.7802410000000000
615 0.7773160000000000
621 0.7730720000000000
622 0.7709990000000000
631 0.7697310000000001
632 0.7696010000000000
634 0.7679580000000000
640 0.7675000000000000
643 0.7627000000000000
647 0.7617119999999999
648 0.7589120000000000
661 0.7509060000000000
662 0.7493570000000001
677 0.7089400000000000
693 0.7014580000000000
694 0.6821720000000000
697 0.6810780000000000
713 0.6803670000000001
737 0.6767600000000000
745 0.6762350000000000
750 0.6710320000000000
763 0.6701350000000000
764 0.6652350000000000
789 0.6640980000000000
794 0.6627530000000000
803 0.6612810000000000
807 0.6542580000000000
809 0.6426090000000000
823 0.6406350000000000
848 0.6263180000000000
872 0.6252770000000000
880 0.6238240000000000
882 0.6229810000000000
885 0.6212870000000000
891 0.6208850000000000
895 0.6179550000000000
911 0.6028600000000000
929 0.5969020000000000
930 0.5878139999999999
934 0.5843460000000000
950 0.5819440000000000
952 0.5763830000000000
995 0.5715420000000000
998 0.5675020000000000
999 0.5671170000000000
1000 0.5619360000000000
1001 0.5544270000000000
1005 0.5543709999999999
1006 0.5490620000000001
1010 0.5427419999999999
1016 0.5384180000000000
1018 0.5351780000000000
1022 0.5296840000000000
1023 0.5257440000000000
1032 0.5195860000000000
1041 0.5185790000000000
1044 0.5177400000000000
1045 0.5081650000000000
1054 0.5020300000000000
1055 0.5009880000000000
1067 0.4960500000000000
1068 0.4930990000000000
1077 0.4870270000000000
1078 0.4861440000000000
1094 0.4848730000000000
1097 0.4847740000000000
1110 0.4838100000000000
1123 0.4833560000000000
1125 0.4800970000000000
1160 0.4789440000000000
1175 0.4748880000000000
1198 0.4742750000000000
1204 0.4730140000000000
1222 0.4729650000000000
1228 0.4726990000000000
1232 0.4724970000000000
1236 0.4724770000000000
1240 0.4723960000000000
1261 0.4720200000000000
1274 0.4719490000000000
1278 0.4719100000000000
1292 0.4717790000000000
1294 0.4717140000000000
1297 0.4716080000000000
1303 0.4715140000000000
1315 0.4714920000000000
1317 0.4714030000000000
1323 0.4713530000000000
1324 0.4713360000000000
1330 0.4713300000000000
1331 0.4713060000000000
1333 0.4712950000000000
1335 0.4712180000000000
1336 0.4711190000000000
1338 0.4710500000000000
1339 0.4708870000000000
1343 0.4708220000000000
1344 0.4706830000000000
1345 0.4705900000000000
1346 0.4703010000000000
1349 0.4702110000000000
1350 0.4698640000000000
1352 0.4696700000000000
1353 0.4690620000000000
1356 0.4689700000000000
1357 0.4682930000000000
1359 0.4679560000000000
1360 0.4669520000000000
1363 0.4663440000000000
1364 0.4648960000000000
1366 0.4648170000000000
1367 0.4631950000000000
1368 0.4631590000000000
1369 0.4606960000000000
1372 0.4585330000000000
1373 0.4556270000000000
1390 0.4555590000000000
1394 0.4553170000000000
1401 0.4550200000000000
1411 0.4547110000000000
1416 0.4530810000000000
1429 0.4527510000000000
1430 0.4523230000000000
1431 0.4519870000000000
1441 0.4519020000000000
1443 0.4517450000000000
1445 0.4514270000000000
1451 0.4513190000000000
1457 0.4511030000000000
1459 0.4507470000000000
1463 0.4507270000000000
1467 0.4507090000000000
1470 0.4503770000000000
1476 0.4501890000000000
1500 0.4500100000000000
1501 0.4500070000000000
1502 0.4500030000000000
1509 0.4489930000000000
1523 0.4485040000000000
1557 0.4484430000000000
1559 0.4484340000000000
1561 0.4481950000000000
1572 0.4481820000000000
1578 0.4480540000000000
1583 0.4479190000000000
1610 0.4479150000000000
1614 0.4478810000000000
1640 0.4477800000000000
1641 0.4474800000000000
1644 0.4473930000000000
1659 0.4473860000000000
1663 0.4473480000000000
1667 0.4472690000000000
1677 0.4472040000000000
1678 0.4472000000000000
1711 0.4471440000000000
1713 0.4471160000000000
1717 0.4470960000000000
1719 0.4470950000000000
1722 0.4470760000000000
1725 0.4470590000000000
1729 0.4470450000000000
1733 0.4470430000000000
1734 0.4470370000000000
1739 0.4470240000000000
1743 0.4470210000000000
1748 0.4470140000000000
1749 0.4469920000000000
1756 0.4469890000000000
1767 0.4469880000000000
1768 0.4469800000000000
1817 0.4469790000000000
1821 0.4469770000000000
1868 0.4469750000000000
1874 0.4469740000000000
1880 0.4469730000000000
