1 56.5000000000000000
2 48.8601999999999990
3 44.2792000000000030
12 43.5137580000000028
14 41.9887769999999989
17 40.0246640000000014
21 38.4059489999999997
23 37.9248430000000027
31 31.4759190000000011
32 24.1291459999999987
51 19.6027309999999986
52 12.1531859999999998
53 1.5830530000000000
58 0.3101770000000000
88 0.3023490000000000
97 0.2932210000000000
106 0.2833010000000000
107 0.1464040000000000
127 0.1145930000000000
136 0.0738030000000000
137 0.0734830000000000
160 0.0659840000000000
161 0.0607710000000000
165 0.0559200000000000
179 0.0551590000000000
181 0.0540980000000000
185 0.0511460000000000
186 0.0502550000000000
189 0.0494080000000000
194 0.0469990000000000
195 0.0449570000000000
203 0.0435340000000000
207 0.0431110000000000
209 0.0415760000000000
213 0.0411330000000000
215 0.0408440000000000
216 0.0399020000000000
217 0.0393890000000000
218 0.0385270000000000
219 0.0376500000000000
220 0.0373200000000000
221 0.0356030000000000
224 0.0328580000000000
225 0.0298170000000000
232 0.0279750000000000
238 0.0270790000000000
241 0.0267920000000000
244 0.0251790000000000
245 0.0234220000000000
254 0.0231240000000000
258 0.0227340000000000
259 0.0217410000000000
260 0.0212760000000000
263 0.0208870000000000
266 0.0203760000000000
267 0.0197220000000000
269 0.0195910000000000
272 0.0186450000000000
273 0.0178160000000000
276 0.0166520000000000
279 0.0146640000000000
298 0.0145930000000000
323 0.0132950000000000
325 0.0132360000000000
328 0.0131560000000000
330 0.0123360000000000
331 0.0120770000000000
354 0.0115610000000000
363 0.0115570000000000
373 0.0115440000000000
374 0.0107290000000000
392 0.0104270000000000
393 0.0102920000000000
395 0.0096950000000000
405 0.0092950000000000
418 0.0090780000000000
422 0.0090740000000000
424 0.0088660000000000
447 0.0084700000000000
449 0.0081530000000000
460 0.0077190000000000
461 0.0070620000000000
497 0.0070600000000000
498 0.0070490000000000
499 0.0070430000000000
500 0.0070350000000000
511 0.0068080000000000
513 0.0065350000000000
524 0.0063500000000000
528 0.0060450000000000
530 0.0059710000000000
562 0.0059030000000000
564 0.0058960000000000
575 0.0055870000000000
577 0.0055080000000000
589 0.0051840000000000
607 0.0051770000000000
616 0.0051750000000000
627 0.0050820000000000
630 0.0049340000000000
632 0.0046990000000000
633 0.0046290000000000
646 0.0045840000000000
659 0.0045250000000000
673 0.0044930000000000
687 0.0043840000000000
699 0.0042290000000000
711 0.0042040000000000
722 0.0040540000000000
725 0.0040210000000000
736 0.0038050000000000
747 0.0037370000000000
748 0.0036760000000000
777 0.0035430000000000
781 0.0034700000000000
783 0.0033520000000000
797 0.0032830000000000
809 0.0032620000000000
820 0.0030380000000000
837 0.0030130000000000
851 0.0028890000000000
863 0.0028610000000000
864 0.0027580000000000
865 0.0025060000000000
896 0.0023830000000000
908 0.0022750000000000
930 0.0022350000000000
931 0.0021620000000000
942 0.0021390000000000
945 0.0021230000000000
946 0.0021050000000000
959 0.0020460000000000
961 0.0019960000000000
973 0.0019220000000000
985 0.0018230000000000
987 0.0017790000000000
998 0.0016620000000000
1012 0.0014850000000000
1047 0.0013800000000000
1074 0.0013780000000000
1076 0.0013750000000000
1077 0.0013670000000000
1080 0.0013610000000000
1084 0.0013520000000000
1085 0.0013490000000000
1090 0.0013360000000000
1091 0.0013280000000000
1094 0.0013140000000000
1095 0.0013060000000000
1097 0.0012910000000000
1098 0.0012770000000000
1103 0.0012720000000000
1104 0.0012660000000000
1108 0.0012480000000000
1114 0.0012430000000000
1115 0.0012400000000000
1116 0.0012350000000000
1121 0.0012180000000000
1122 0.0012150000000000
1124 0.0012040000000000
1125 0.0011910000000000
1128 0.0011890000000000
1130 0.0011630000000000
1131 0.0011470000000000
1134 0.0011390000000000
1137 0.0011010000000000
1148 0.0010970000000000
1153 0.0010880000000000
1160 0.0010810000000000
1161 0.0010800000000000
1165 0.0010780000000000
1174 0.0010740000000000
1175 0.0010720000000000
1179 0.0010710000000000
1183 0.0010700000000000
1185 0.0010650000000000
1186 0.0010630000000000
1190 0.0010610000000000
1191 0.0010590000000000
1193 0.0010530000000000
1195 0.0010470000000000
1196 0.0010390000000000
1199 0.0010320000000000
1200 0.0010260000000000
1202 0.0010180000000000
1203 0.0010150000000000
1205 0.0010040000000000
1206 0.0010030000000000
1207 0.0009940000000000
1213 0.0009920000000000
1218 0.0009850000000000
1219 0.0009830000000000
1220 0.0009730000000000
1221 0.0009700000000000
1225 0.0009630000000000
1226 0.0009600000000000
1227 0.0009540000000000
1230 0.0009410000000000
1231 0.0009380000000000
1233 0.0009190000000000
1237 0.0009160000000000
1243 0.0008950000000000
1244 0.0008890000000000
1253 0.0008880000000000
1255 0.0008770000000000
1256 0.0008740000000000
1268 0.0008680000000000
1270 0.0008650000000000
1271 0.0008620000000000
1276 0.0008540000000000
1277 0.0008510000000000
1279 0.0008440000000000
1280 0.0008370000000000
1284 0.0008260000000000
1285 0.0008210000000000
1288 0.0008130000000000
1289 0.0008090000000000
1294 0.0007990000000000
1295 0.0007940000000000
1297 0.0007830000000000
1298 0.0007740000000000
1302 0.0007470000000000
1303 0.0007320000000000
1314 0.0007190000000000
1322 0.0007010000000000
1323 0.0006970000000000
1327 0.0006920000000000
1328 0.0006910000000000
1333 0.0006710000000000
1334 0.0006610000000000
1337 0.0006540000000000
1338 0.0006510000000000
1344 0.0006450000000000
1346 0.0006380000000000
1350 0.0006340000000000
1353 0.0006170000000000
1354 0.0006070000000000
1359 0.0006060000000000
1361 0.0006050000000000
1363 0.0005890000000000
1368 0.0005800000000000
1372 0.0005770000000000
1377 0.0005670000000000
1378 0.0005660000000000
1383 0.0005600000000000
1390 0.0005580000000000
1395 0.0005560000000000
1397 0.0005470000000000
1398 0.0005450000000000
1401 0.0005430000000000
1408 0.0005420000000000
1409 0.0005380000000000
1418 0.0005360000000000
1421 0.0005350000000000
1424 0.0005320000000000
1425 0.0005290000000000
1428 0.0005280000000000
1430 0.0005260000000000
1431 0.0005230000000000
1432 0.0005220000000000
1435 0.0005160000000000
1436 0.0005130000000000
1440 0.0005090000000000
1442 0.0005060000000000
1443 0.0005040000000000
1444 0.0005010000000000
1446 0.0004990000000000
1447 0.0004960000000000
1449 0.0004860000000000
1450 0.0004820000000000
1451 0.0004790000000000
1452 0.0004730000000000
1453 0.0004720000000000
1455 0.0004690000000000
1457 0.0004580000000000
1458 0.0004570000000000
1468 0.0004550000000000
1470 0.0004520000000000
1473 0.0004510000000000
1475 0.0004490000000000
1476 0.0004440000000000
1477 0.0004380000000000
1483 0.0004350000000000
1484 0.0004320000000000
1485 0.0004310000000000
1488 0.0004240000000000
1489 0.0004230000000000
1490 0.0004180000000000
1491 0.0004090000000000
1496 0.0004050000000000
1499 0.0003950000000000
1500 0.0003870000000000
1502 0.0003860000000000
1503 0.0003780000000000
1504 0.0003760000000000
1507 0.0003750000000000
1510 0.0003710000000000
1511 0.0003620000000000
1517 0.0003550000000000
1539 0.0003490000000000
