1 33658150719.1495513916015625
2 30074542388.9518203735351562
3 19922031744.2704010009765625
4 644671470.7724610567092896
8 624217510.9773349761962891
34 226320682.5971550047397614
42 213653663.3258259892463684
45 125172431.0995019972324371
55 118587326.2984469980001450
63 62173143.8615309968590736
130 60223445.2756460011005402
138 50129483.5378260016441345
140 46950247.1226010024547577
150 46804703.6926719993352890
202 46241810.9617189988493919
236 45942973.4775110036134720
244 45377133.8626940026879311
249 44816740.2692629992961884
252 44666675.9514729976654053
254 44567677.4978760033845901
258 44062036.7850959971547127
263 43915547.2984379976987839
265 43772609.1417749971151352
272 43630648.1948449984192848
276 43368758.1803070008754730
277 43184792.8288889974355698
283 43081519.3497209995985031
299 42862929.0369570031762123
314 37536197.6554849967360497
331 37213552.3030880019068718
334 35334000.0562879964709282
335 34321100.2755760028958321
355 31648182.0529950000345707
369 31545915.2546290010213852
383 20459328.1085000000894070
399 19404401.2482799999415874
400 10919372.8121750000864267
403 9725448.1512729991227388
429 8634642.2823760006576777
448 7226867.4627700001001358
463 7091653.9502940000966191
464 6583684.1753690000623465
468 5480693.0459500001743436
469 4539870.7811690000817180
478 4450308.6229029996320605
484 3514853.4964200002141297
485 3047938.0024330001324415
488 2748947.9694610000588000
508 2444338.8898590002208948
515 2188225.7713910001330078
517 1370719.3314869999885559
541 1356428.2362100000027567
554 1315356.0424490000586957
555 1208510.5732970000244677
567 1039723.1763209999771789
600 1034142.3941499999491498
607 1001807.6848779999418184
623 972786.9619129999773577
638 972616.6498810000484809
676 859244.4458249999443069
677 845940.7125890000024810
681 787334.0714940000325441
684 712634.4770260000368580
685 682177.8956890000263229
701 547140.6219249999849126
706 431308.0136710000224411
708 322265.9458519999752752
740 274353.2217149999924004
742 255379.6809110000031069
755 242364.8000220000103582
760 240974.0169839999871328
763 197131.9637670000083745
764 179644.2154539999901317
805 177065.5827020000142511
809 176391.2572900000086520
814 174275.9968349999981001
818 165138.9689810000127181
846 151452.7681070000107866
870 63621.5480779999998049
889 62264.3483609999966575
908 60465.5921759999982896
912 49374.1907760000030976
927 46813.3794669999988400
944 29069.6512120000006689
945 18895.2718300000015006
948 16604.0841069999987667
966 16213.7470659999999043
970 14210.8531710000006569
971 10055.6659899999995105
989 8858.3641630000001896
990 5986.5752339999999094
991 3916.3711699999998928
1007 3285.3994769999999335
1051 2327.6742199999998775
1054 1237.9273029999999380
1062 1016.8093519999999899
1072 512.2881650000000491
1074 510.9503300000000081
1078 477.6664069999999924
1086 414.0268429999999853
1090 375.5158769999999890
1095 365.0401889999999980
1098 300.0363009999999804
1115 246.4682050000000118
1161 125.7837509999999952
1165 120.6314129999999949
1182 93.2049580000000049
1186 66.1632630000000006
1230 46.0539119999999969
1246 44.9192019999999985
1247 18.2326039999999985
1267 17.8969479999999983
1271 12.4666340000000009
1295 9.4468169999999994
1319 7.3839920000000001
1320 6.7817769999999999
1334 6.2048990000000002
1363 6.1141759999999996
1367 6.0833630000000003
1371 5.9533959999999997
1373 5.6772210000000003
1463 5.6757080000000002
1471 5.6751610000000001
1485 5.3595290000000002
1487 5.3361080000000003
1534 5.3216180000000000
1544 5.3215320000000004
1546 5.2912290000000004
1565 5.2874350000000003
1574 5.2862900000000002
1583 5.2845000000000004
1587 5.2842989999999999
1589 5.2841769999999997
1592 5.2838560000000001
1596 5.2834339999999997
1602 5.2833350000000001
1618 5.2832179999999997
1622 5.2830919999999999
1626 5.2830779999999997
1643 5.2829689999999996
1647 5.2829340000000000
1664 5.2828850000000003
1680 5.2828569999999999
1695 5.2828540000000004
1699 5.2828530000000002
1703 5.2828320000000000
1707 5.2828099999999996
1724 5.2828090000000003
1728 5.2827950000000001
1730 5.2825280000000001
1767 5.2824759999999999
1771 5.2822870000000002
1772 5.2822849999999999
1841 5.2822360000000002
1845 5.2822279999999999
1858 5.2816169999999998
1918 5.2816070000000002
1920 5.2816039999999997
1929 5.2816010000000002
1934 5.2815919999999998
1945 5.2815909999999997
1948 5.2815899999999996
1950 5.2815820000000002
1951 5.2815779999999997
1957 5.2815729999999999
1958 5.2815630000000002
1963 5.2815570000000003
1964 5.2815510000000003
1966 5.2815450000000004
1967 5.2815310000000002
1971 5.2815230000000000
1972 5.2815070000000004
1974 5.2815019999999997
1975 5.2814850000000000
1977 5.2814819999999996
1978 5.2814610000000002
1980 5.2814589999999999
1981 5.2814340000000000
1983 5.2814280000000000
1984 5.2814110000000003
1986 5.2813910000000002
1987 5.2813600000000003
1993 5.2813429999999997
2004 5.2813359999999996
2005 5.2813189999999999
2010 5.2813119999999998
2011 5.2812890000000001
2017 5.2812760000000001
2018 5.2812679999999999
2020 5.2812400000000004
2021 5.2811990000000000
2027 5.2811599999999999
2028 5.2811110000000001
2033 5.2810920000000001
2034 5.2810569999999997
2036 5.2810160000000002
2037 5.2809260000000000
2043 5.2808710000000003
2044 5.2807839999999997
2046 5.2807729999999999
2047 5.2806519999999999
2050 5.2806230000000003
2051 5.2804599999999997
2053 5.2804560000000000
2054 5.2802480000000003
2058 5.2801749999999998
2059 5.2800269999999996
2060 5.2800140000000004
2061 5.2797749999999999
2063 5.2796979999999998
2064 5.2793400000000004
2067 5.2792950000000003
2068 5.2789419999999998
2071 5.2789200000000003
2072 5.2788789999999999
2073 5.2786720000000003
2074 5.2784149999999999
2076 5.2784030000000000
2077 5.2783850000000001
2078 5.2783210000000000
2091 5.2783020000000000
2094 5.2782869999999997
2098 5.2782489999999997
2104 5.2782479999999996
2107 5.2782359999999997
2109 5.2782039999999997
2113 5.2781950000000002
2116 5.2781589999999996
2117 5.2781459999999996
2123 5.2781209999999996
2127 5.2781159999999998
2130 5.2781029999999998
2135 5.2780639999999996
2136 5.2780540000000000
2138 5.2780250000000004
2139 5.2779990000000003
2141 5.2779809999999996
2142 5.2779360000000004
2144 5.2779319999999998
2145 5.2778830000000001
2149 5.2778400000000003
2150 5.2778119999999999
2151 5.2777370000000001
2152 5.2776129999999997
2156 5.2775590000000001
2157 5.2774910000000004
2159 5.2774479999999997
2160 5.2774390000000002
2161 5.2771910000000002
2162 5.2769190000000004
2166 5.2769029999999999
2167 5.2767600000000003
2168 5.2767460000000002
2169 5.2766830000000002
2171 5.2763499999999999
2172 5.2760889999999998
2175 5.2758849999999997
2176 5.2754849999999998
2184 5.2751479999999997
2185 5.2745730000000002
2189 5.2745420000000003
2190 5.2741800000000003
2193 5.2740479999999996
2194 5.2739649999999996
2195 5.2737129999999999
2196 5.2736530000000004
2197 5.2727800000000000
2198 5.2718309999999997
2202 5.2711800000000002
2203 5.2700199999999997
2207 5.2691949999999999
2208 5.2679600000000004
2210 5.2675619999999999
2211 5.2653850000000002
2216 5.2652400000000004
2217 5.2645920000000004
2219 5.2628659999999998
2220 5.2606320000000002
2229 5.2600189999999998
2230 5.2583359999999999
2234 5.2578990000000001
2239 5.2573720000000002
2244 5.2566550000000003
2248 5.2556900000000004
2256 5.2553109999999998
2267 5.2549750000000000
2269 5.2545789999999997
2272 5.2545690000000000
2276 5.2541039999999999
2282 5.2535230000000004
2284 5.2535020000000001
2291 5.2527140000000001
2292 5.2522599999999997
2298 5.2519190000000000
2299 5.2511609999999997
2305 5.2509870000000003
2306 5.2507469999999996
2309 5.2500619999999998
2310 5.2494880000000004
2311 5.2493040000000004
2312 5.2488010000000003
2313 5.2482749999999996
2314 5.2467340000000000
2319 5.2457289999999999
2320 5.2449870000000001
2321 5.2443140000000001
2322 5.2427419999999998
2329 5.2414209999999999
2330 5.2400640000000003
2331 5.2398999999999996
2333 5.2398129999999998
2336 5.2397109999999998
2338 5.2377130000000003
2348 5.2372490000000003
2350 5.2372449999999997
2352 5.2355060000000000
2353 5.2341329999999999
2356 5.2337530000000001
2361 5.2336090000000004
2363 5.2330059999999996
2365 5.2308149999999998
2366 5.2297039999999999
2373 5.2291619999999996
2374 5.2283679999999997
2375 5.2279090000000004
2376 5.2266230000000000
2378 5.2254069999999997
2379 5.2237070000000001
2392 5.2216079999999998
2409 5.2215759999999998
2413 5.2207640000000000
2430 5.2199159999999996
2433 5.2197300000000002
2435 5.2196449999999999
2444 5.2195689999999999
2446 5.2194409999999998
2448 5.2184510000000000
2462 5.2181129999999998
2463 5.2181040000000003
2477 5.2177949999999997
2494 5.2177899999999999
2497 5.2174250000000004
2514 5.2174160000000001
2518 5.2173530000000001
2532 5.2170509999999997
2533 5.2169900000000000
2632 5.2169800000000004
2643 5.2168910000000004
2645 5.2167740000000000
2653 5.2167100000000000
2654 5.2166309999999996
2662 5.2165270000000001
2663 5.2164219999999997
2670 5.2163630000000003
2671 5.2163320000000004
2674 5.2162750000000004
2675 5.2162360000000003
2682 5.2162319999999998
2695 5.2159399999999998
2723 5.2158140000000000
2724 5.2156960000000003
2752 5.2156789999999997
2754 5.2154710000000000
2830 5.2154579999999999
2834 5.2154569999999998
2839 5.2154530000000001
2845 5.2154369999999997
2846 5.2154350000000003
2852 5.2154330000000000
2855 5.2154299999999996
2857 5.2154210000000001
2858 5.2154189999999998
2863 5.2154170000000004
2865 5.2154129999999999
2868 5.2154109999999996
2871 5.2154059999999998
2884 5.2154020000000001
2887 5.2154010000000000
2890 5.2153999999999998
2896 5.2153429999999998
2897 5.2152669999999999
2902 5.2151969999999999
2927 5.2151810000000003
2928 5.2151630000000004
2930 5.2151389999999997
2933 5.2150780000000001
2936 5.2149310000000000
2961 5.2149140000000003
2965 5.2147959999999998
2969 5.2147139999999998
3026 5.2146889999999999
3032 5.2146800000000004
3035 5.2146359999999996
3039 5.2146150000000002
3041 5.2145710000000003
3053 5.2145599999999996
3055 5.2145549999999998
3058 5.2145339999999996
3061 5.2145270000000004
3065 5.2144830000000004
3066 5.2144640000000004
3074 5.2144000000000004
3075 5.2143839999999999
3076 5.2143600000000001
3077 5.2143220000000001
3082 5.2143150000000000
3083 5.2142770000000001
3085 5.2142730000000004
3087 5.2141690000000001
3088 5.2140510000000004
3092 5.2140219999999999
3093 5.2139470000000001
3095 5.2139449999999998
3096 5.2139420000000003
3097 5.2137859999999998
3098 5.2136329999999997
3100 5.2135920000000002
3101 5.2134060000000000
3103 5.2133830000000003
3104 5.2132389999999997
3108 5.2127210000000002
3109 5.2121329999999997
3117 5.2115060000000000
3118 5.2106599999999998
3122 5.2105680000000003
3123 5.2096580000000001
3126 5.2094849999999999
3127 5.2085049999999997
3128 5.2083149999999998
3129 5.2064170000000001
3133 5.2061359999999999
3134 5.2046299999999999
3137 5.2037880000000003
3139 5.2034419999999999
3140 5.2026990000000000
3141 5.2016689999999999
3142 5.2007989999999999
3154 5.2003880000000002
3155 5.1999849999999999
3160 5.1997380000000000
3162 5.1995060000000004
3166 5.1987110000000003
3168 5.1980820000000003
3170 5.1979300000000004
3177 5.1978960000000001
3179 5.1964990000000002
3180 5.1950750000000001
3189 5.1947809999999999
3190 5.1946050000000001
3191 5.1931450000000003
3192 5.1912669999999999
3199 5.1905830000000002
3201 5.1894520000000002
3202 5.1893539999999998
3203 5.1876699999999998
3204 5.1861280000000001
3208 5.1839829999999996
3209 5.1811999999999996
3212 5.1809979999999998
3213 5.1800959999999998
3215 5.1793860000000000
3219 5.1789100000000001
3221 5.1765829999999999
3222 5.1749080000000003
3227 5.1716319999999998
3231 5.1707020000000004
3233 5.1702570000000003
3242 5.1691050000000001
3249 5.1687779999999997
3251 5.1677830000000000
3257 5.1669130000000001
3258 5.1659389999999998
3275 5.1652930000000001
3305 5.1647999999999996
3306 5.1644829999999997
3310 5.1643239999999997
3311 5.1637820000000003
3316 5.1635840000000002
3317 5.1632410000000002
3324 5.1631309999999999
3333 5.1631169999999997
3335 5.1630370000000001
3337 5.1630320000000003
3340 5.1629949999999996
3344 5.1629199999999997
3350 5.1629050000000003
3354 5.1627749999999999
3355 5.1627070000000002
3365 5.1625790000000000
3366 5.1625670000000001
3367 5.1625209999999999
3369 5.1624850000000002
3370 5.1624819999999998
3373 5.1624040000000004
3374 5.1623310000000000
3375 5.1622909999999997
3376 5.1621519999999999
3380 5.1620730000000004
3381 5.1618149999999998
3386 5.1617280000000001
3387 5.1616989999999996
3388 5.1613930000000003
3389 5.1610639999999997
3393 5.1608320000000001
3394 5.1603719999999997
3396 5.1602800000000002
3397 5.1597169999999997
3400 5.1594850000000001
3401 5.1586819999999998
3404 5.1583769999999998
3405 5.1578780000000002
3406 5.1576599999999999
3407 5.1564579999999998
3410 5.1563129999999999
3411 5.1550609999999999
3416 5.1542310000000002
3417 5.1528890000000001
3425 5.1521319999999999
3426 5.1514170000000004
3427 5.1513410000000004
3428 5.1512430000000000
3429 5.1504899999999996
3430 5.1504640000000004
3431 5.1498830000000000
3437 5.1491689999999997
3446 5.1484360000000002
3456 5.1484009999999998
3459 5.1483809999999997
3460 5.1476540000000002
3461 5.1474780000000004
3462 5.1474370000000000
3463 5.1473420000000001
3468 5.1471689999999999
3472 5.1466729999999998
3485 5.1466349999999998
3492 5.1464689999999997
3493 5.1463900000000002
3499 5.1462349999999999
3506 5.1460749999999997
3507 5.1459770000000002
3515 5.1459190000000001
3516 5.1458060000000003
3519 5.1457530000000000
3520 5.1456739999999996
3523 5.1454529999999998
3524 5.1452660000000003
3530 5.1452450000000001
3531 5.1450030000000000
3535 5.1447430000000001
3536 5.1443209999999997
3541 5.1441860000000004
3542 5.1440060000000001
3543 5.1438449999999998
3544 5.1433929999999997
3546 5.1431480000000001
3547 5.1423810000000003
3551 5.1423290000000001
3552 5.1417719999999996
3555 5.1417409999999997
3556 5.1415870000000004
3557 5.1412149999999999
3558 5.1410859999999996
3559 5.1403939999999997
3560 5.1395999999999997
3569 5.1391429999999998
3570 5.1390830000000003
3572 5.1384489999999996
3573 5.1376770000000000
3577 5.1374170000000001
3578 5.1365889999999998
3582 5.1357949999999999
3583 5.1349280000000004
3585 5.1339649999999999
3586 5.1326130000000001
3590 5.1314359999999999
3591 5.1298800000000000
3593 5.1295180000000000
3594 5.1284910000000004
3598 5.1279480000000000
3602 5.1260070000000004
3604 5.1243400000000001
3605 5.1236709999999999
3615 5.1211880000000001
3617 5.1209559999999996
3620 5.1200720000000004
3628 5.1174720000000002
3641 5.1170169999999997
3643 5.1160550000000002
3644 5.1156059999999997
3645 5.1151150000000003
3646 5.1149120000000003
3647 5.1141750000000004
3653 5.1125559999999997
3654 5.1110819999999997
3658 5.1108609999999999
3661 5.1102480000000003
3663 5.1091540000000002
3665 5.1074539999999997
3674 5.1073599999999999
3676 5.1063260000000001
3680 5.1044760000000000
3690 5.1044260000000001
3692 5.1035279999999998
3693 5.1027889999999996
3700 5.1013289999999998
3701 5.0995990000000004
3711 5.0980629999999998
3712 5.0970019999999998
3716 5.0962990000000001
3723 5.0947829999999996
3724 5.0933710000000003
3729 5.0922859999999996
3730 5.0905779999999998
3740 5.0891000000000002
3743 5.0881249999999998
3745 5.0868710000000004
3746 5.0856510000000004
3749 5.0849929999999999
3750 5.0825149999999999
3755 5.0816220000000003
3761 5.0792000000000002
3762 5.0776669999999999
3765 5.0773770000000003
3767 5.0759869999999996
3768 5.0746580000000003
3775 5.0740590000000001
3780 5.0725780000000000
3782 5.0716320000000001
3784 5.0705819999999999
3785 5.0693630000000001
3797 5.0692690000000002
3800 5.0688329999999997
3802 5.0685140000000004
3804 5.0681019999999997
3807 5.0661209999999999
3811 5.0654349999999999
3813 5.0647120000000001
3817 5.0631370000000002
3818 5.0630439999999997
3848 5.0626949999999997
3858 5.0626259999999998
3862 5.0621919999999996
3866 5.0620149999999997
3875 5.0618770000000000
3880 5.0618689999999997
3884 5.0618420000000004
3887 5.0618169999999996
3891 5.0617960000000002
3893 5.0617700000000001
3904 5.0617419999999997
3912 5.0617409999999996
3913 5.0617109999999998
3920 5.0617060000000000
3928 5.0616740000000000
3929 5.0616440000000003
3938 5.0616390000000004
3939 5.0616300000000001
3941 5.0616070000000004
3942 5.0615839999999999
3944 5.0615699999999997
3945 5.0615290000000002
3948 5.0615129999999997
3949 5.0614499999999998
3953 5.0614359999999996
3954 5.0613750000000000
3958 5.0613169999999998
3959 5.0612450000000004
3963 5.0611959999999998
3964 5.0611210000000000
3968 5.0610520000000001
3969 5.0609849999999996
3975 5.0609289999999998
3976 5.0608719999999998
3985 5.0608599999999999
3988 5.0608570000000004
3990 5.0608329999999997
3997 5.0608230000000001
4011 5.0608209999999998
4012 5.0608120000000003
4014 5.0608050000000002
4023 5.0607389999999999
4043 5.0606609999999996
4045 5.0604180000000003
4047 5.0599509999999999
4093 5.0590310000000001
4094 5.0584449999999999
4097 5.0581310000000004
4111 5.0579109999999998
4115 5.0578130000000003
4118 5.0577959999999997
4156 5.0572939999999997
4170 5.0559029999999998
4238 5.0558880000000004
4247 5.0558820000000004
4250 5.0558740000000002
4259 5.0558709999999998
4260 5.0558699999999996
4263 5.0558649999999998
4266 5.0558630000000004
4269 5.0558600000000000
4270 5.0558399999999999
4271 5.0558269999999998
4286 5.0558220000000000
4287 5.0558059999999996
4292 5.0557960000000000
4293 5.0557699999999999
4298 5.0557679999999996
4299 5.0557439999999998
4301 5.0557379999999998
4302 5.0556979999999996
4305 5.0556910000000004
4306 5.0556440000000000
4310 5.0556179999999999
4311 5.0555630000000003
4315 5.0555420000000000
4316 5.0555019999999997
4317 5.0554880000000004
4318 5.0554199999999998
4321 5.0553879999999998
4322 5.0553059999999999
4327 5.0552880000000000
4328 5.0552330000000003
4333 5.0551050000000002
4334 5.0549710000000001
4342 5.0549410000000004
4343 5.0548109999999999
4345 5.0547969999999998
4346 5.0546290000000003
4349 5.0545890000000000
4350 5.0543800000000001
4353 5.0543490000000002
4354 5.0541960000000001
4356 5.0541669999999996
4357 5.0539980000000000
4359 5.0539079999999998
4360 5.0536849999999998
4365 5.0536490000000001
4367 5.0535709999999998
4373 5.0535209999999999
4381 5.0535030000000001
4387 5.0534889999999999
4389 5.0534590000000001
4392 5.0534239999999997
4396 5.0534230000000004
4398 5.0533640000000002
4399 5.0533510000000001
4405 5.0533400000000004
4409 5.0533169999999998
4413 5.0532810000000001
4416 5.0532190000000003
4417 5.0531590000000000
4424 5.0531379999999997
4425 5.0531180000000004
4426 5.0530980000000003
4427 5.0530840000000001
4428 5.0530679999999997
4431 5.0530460000000001
4433 5.0529830000000002
4434 5.0529820000000001
4435 5.0529380000000002
4438 5.0527980000000001
4439 5.0526549999999997
4447 5.0526239999999998
4449 5.0525859999999998
4451 5.0525159999999998
4455 5.0524579999999997
4457 5.0523730000000002
4458 5.0523100000000003
4460 5.0522590000000003
4461 5.0521520000000004
4466 5.0520490000000002
4467 5.0519999999999996
4477 5.0519540000000003
4484 5.0519360000000004
4492 5.0519020000000001
4498 5.0518809999999998
4520 5.0518669999999997
4522 5.0514929999999998
4524 5.0510869999999999
4538 5.0509209999999998
4540 5.0505920000000000
4543 5.0502589999999996
4544 5.0497379999999996
4545 5.0493290000000002
4547 5.0474249999999996
4562 5.0469249999999999
4619 5.0464370000000001
4642 5.0458869999999996
4656 5.0457460000000003
4672 5.0453080000000003
4679 5.0450910000000002
4690 5.0447810000000004
4693 5.0447530000000000
4696 5.0447519999999999
4699 5.0447160000000002
4701 5.0440740000000002
4702 5.0436750000000004
4714 5.0433019999999997
4715 5.0430450000000002
4716 5.0428759999999997
4717 5.0423850000000003
4722 5.0418630000000002
4723 5.0415010000000002
4725 5.0407140000000004
4726 5.0396260000000002
4730 5.0395079999999997
4731 5.0387550000000001
4734 5.0375769999999997
4735 5.0364810000000002
4738 5.0356649999999998
4739 5.0350710000000003
4740 5.0344629999999997
4741 5.0337069999999997
4744 5.0330630000000003
4745 5.0314839999999998
4747 5.0303860000000000
4748 5.0296380000000003
4749 5.0287559999999996
4750 5.0272480000000002
4755 5.0235760000000003
4756 5.0193519999999996
4760 5.0181279999999999
4761 5.0171500000000000
4765 5.0144750000000000
4768 5.0102149999999996
4769 5.0066839999999999
4782 5.0036199999999997
4783 5.0029130000000004
4784 5.0028220000000001
4786 5.0026710000000003
4793 4.9984010000000003
4797 4.9967079999999999
4835 4.9966309999999998
4841 4.9966210000000002
4843 4.9955860000000003
4850 4.9954320000000001
4853 4.9951309999999998
4855 4.9950359999999998
4858 4.9947999999999997
4862 4.9943369999999998
4867 4.9938690000000001
4868 4.9937860000000001
4874 4.9929680000000003
4875 4.9924830000000000
4885 4.9918550000000002
4886 4.9912000000000001
4893 4.9909200000000000
4894 4.9902889999999998
4899 4.9890549999999996
4900 4.9876560000000003
4909 4.9875949999999998
4911 4.9873260000000004
4913 4.9864020000000000
4914 4.9859869999999997
4916 4.9855369999999999
4917 4.9850310000000002
4918 4.9848039999999996
4919 4.9839820000000001
4922 4.9832369999999999
4923 4.9827589999999997
4948 4.9827159999999999
4950 4.9826889999999997
4953 4.9825960000000000
4962 4.9823639999999996
4963 4.9823279999999999
4970 4.9823110000000002
4973 4.9821790000000004
4974 4.9821600000000004
4975 4.9820719999999996
4976 4.9820570000000002
4979 4.9819449999999996
4980 4.9819040000000001
4981 4.9817039999999997
4982 4.9814179999999997
4986 4.9811009999999998
4987 4.9806249999999999
4992 4.9805659999999996
4994 4.9804230000000000
4996 4.9799850000000001
4997 4.9794679999999998
5004 4.9793640000000003
5005 4.9791699999999999
5006 4.9788259999999998
5007 4.9782229999999998
5010 4.9776720000000001
5011 4.9767580000000002
5017 4.9761439999999997
5018 4.9757480000000003
5019 4.9753999999999996
5020 4.9744640000000002
5026 4.9741669999999996
5029 4.9740279999999997
5032 4.9735399999999998
5033 4.9732849999999997
5035 4.9731480000000001
5036 4.9729179999999999
5041 4.9726260000000000
5045 4.9720089999999999
5049 4.9711730000000003
5050 4.9705110000000001
5057 4.9704959999999998
5062 4.9694060000000002
5063 4.9687739999999998
5066 4.9686110000000001
5067 4.9676679999999998
5073 4.9663490000000001
5074 4.9652909999999997
5077 4.9646109999999997
5078 4.9625300000000001
5085 4.9621300000000002
5087 4.9613009999999997
5088 4.9612340000000001
5090 4.9583320000000004
5091 4.9558600000000004
5094 4.9550799999999997
5095 4.9532480000000003
5096 4.9526810000000001
5097 4.9497130000000000
5099 4.9489840000000003
5103 4.9440400000000002
5107 4.9432229999999997
5108 4.9425280000000003
5109 4.9415889999999996
5114 4.9369360000000002
5115 4.9323059999999996
5121 4.9307090000000002
5126 4.9277389999999999
5129 4.9242730000000003
5133 4.9233909999999996
5134 4.9208049999999997
5138 4.9206120000000002
5147 4.9186189999999996
5149 4.9162819999999998
5183 4.9156570000000004
5186 4.9153370000000001
5188 4.9146869999999998
5198 4.9126469999999998
5200 4.9117470000000001
5201 4.9116869999999997
5206 4.9115229999999999
5211 4.9113699999999998
5214 4.9095620000000002
5215 4.9095180000000003
5226 4.9093629999999999
5229 4.9090809999999996
5233 4.9090629999999997
5234 4.9076880000000003
5235 4.9070910000000003
5240 4.9069190000000003
5243 4.9069039999999999
5245 4.9065519999999996
5253 4.9062159999999997
5255 4.9061760000000003
5257 4.9058869999999999
5266 4.9057890000000004
5287 4.9053370000000003
5358 4.9053149999999999
5362 4.9053129999999996
5366 4.9053069999999996
5369 4.9052829999999998
5377 4.9052740000000004
5382 4.9052429999999996
5383 4.9052170000000004
5394 4.9051989999999996
5395 4.9051760000000000
5399 4.9051710000000002
5400 4.9051460000000002
5403 4.9051359999999997
5404 4.9051039999999997
5405 4.9051020000000003
5406 4.9050490000000000
5411 4.9050330000000004
5412 4.9049740000000002
5415 4.9049430000000003
5416 4.9048619999999996
5419 4.9048590000000001
5420 4.9047879999999999
5422 4.9047650000000003
5423 4.9046870000000000
5425 4.9046599999999998
5426 4.9045600000000000
5428 4.9045249999999996
5429 4.9043929999999998
5431 4.9043700000000001
5432 4.9042170000000000
5435 4.9041819999999996
5436 4.9040800000000004
5439 4.9040379999999999
5441 4.9039710000000003
5463 4.9039650000000004
5467 4.9039520000000003
5470 4.9039229999999998
5471 4.9038930000000001
5477 4.9038880000000002
5479 4.9038500000000003
5480 4.9038120000000003
5485 4.9037629999999996
5486 4.9036920000000004
5492 4.9036799999999996
5494 4.9035900000000003
5495 4.9034909999999998
5501 4.9034800000000001
5502 4.9034589999999998
5503 4.9033990000000003
5504 4.9033350000000002
5506 4.9032499999999999
5507 4.9031409999999997
5512 4.9031279999999997
5514 4.9029639999999999
5515 4.9027820000000002
5522 4.9027149999999997
5523 4.9026500000000004
5525 4.9025619999999996
5529 4.9023469999999998
5530 4.9021030000000003
5535 4.9020710000000003
5538 4.9017439999999999
5539 4.9014730000000002
5543 4.9014699999999998
5544 4.9012520000000004
5546 4.9010860000000003
5547 4.9007050000000003
5549 4.9005460000000003
5550 4.8999050000000004
5556 4.8996240000000002
5557 4.8987900000000000
5561 4.8986980000000004
5562 4.8982859999999997
5563 4.8981159999999999
5564 4.8976309999999996
5565 4.8972939999999996
5566 4.8960949999999999
5569 4.8960749999999997
5570 4.8953439999999997
5572 4.8946569999999996
5573 4.8934949999999997
5577 4.8930179999999996
5578 4.8921310000000000
5584 4.8913609999999998
5585 4.8910950000000000
5586 4.8895479999999996
5587 4.8879690000000000
5590 4.8879039999999998
5591 4.8875620000000000
5596 4.8850569999999998
5604 4.8837089999999996
5608 4.8822710000000002
5609 4.8805379999999996
5617 4.8798779999999997
5622 4.8793030000000002
5624 4.8774949999999997
5625 4.8766600000000002
5631 4.8752360000000001
5632 4.8740459999999999
5636 4.8739559999999997
5639 4.8714089999999999
5640 4.8697790000000003
5654 4.8684229999999999
5655 4.8664500000000004
5666 4.8646750000000001
5667 4.8634060000000003
5676 4.8615370000000002
5691 4.8611519999999997
5692 4.8606449999999999
5694 4.8604539999999998
5695 4.8603909999999999
5700 4.8594510000000000
5702 4.8577640000000004
5703 4.8560509999999999
5710 4.8559219999999996
5714 4.8555359999999999
5715 4.8554310000000003
5716 4.8534959999999998
5721 4.8534639999999998
5723 4.8519310000000004
5724 4.8516190000000003
5726 4.8498900000000003
5737 4.8491210000000002
5738 4.8476999999999997
5743 4.8475880000000000
5778 4.8443090000000000
5779 4.8421360000000000
5781 4.8385100000000003
5837 4.8384210000000003
5839 4.8383450000000003
5843 4.8382110000000003
5848 4.8381809999999996
5850 4.8381230000000004
5851 4.8379560000000001
5863 4.8379079999999997
5871 4.8378870000000003
5873 4.8378079999999999
5874 4.8377610000000004
5879 4.8377480000000004
5880 4.8376900000000003
5881 4.8376539999999997
5882 4.8375420000000000
5887 4.8375069999999996
5888 4.8374119999999996
5889 4.8373929999999996
5890 4.8372849999999996
5893 4.8371100000000000
5894 4.8368960000000003
5896 4.8368700000000002
5897 4.8366800000000003
5899 4.8365400000000003
5900 4.8362699999999998
5903 4.8360700000000003
5904 4.8358299999999996
5907 4.8356009999999996
5908 4.8353770000000003
5922 4.8353570000000001
5926 4.8353219999999997
5928 4.8353210000000004
5932 4.8353080000000004
5939 4.8353060000000001
5942 4.8352719999999998
5956 4.8352550000000001
5957 4.8352539999999999
5964 4.8352490000000001
5966 4.8352409999999999
5968 4.8352300000000001
5969 4.8352240000000002
5975 4.8352040000000001
5976 4.8351889999999997
5978 4.8351870000000003
5979 4.8351639999999998
5985 4.8351540000000002
5987 4.8351360000000003
5988 4.8351280000000001
5989 4.8350949999999999
5990 4.8350479999999996
5994 4.8350390000000001
5995 4.8349869999999999
5998 4.8349710000000004
5999 4.8349200000000003
6001 4.8348610000000001
6002 4.8347579999999999
6006 4.8346960000000001
6007 4.8346080000000002
6008 4.8345770000000003
6009 4.8344040000000001
6012 4.8343129999999999
6013 4.8340969999999999
6015 4.8340769999999997
6016 4.8337770000000004
6018 4.8336959999999998
6019 4.8333510000000004
6022 4.8331720000000002
6023 4.8327200000000001
6025 4.8326739999999999
6026 4.8322200000000004
6029 4.8317779999999999
6030 4.8311010000000003
6033 4.8308629999999999
6034 4.8302040000000002
6041 4.8301790000000002
6042 4.8298280000000000
6045 4.8293450000000000
6046 4.8288770000000003
6048 4.8284840000000004
6049 4.8275490000000003
6053 4.8269560000000000
6054 4.8261839999999996
6056 4.8257479999999999
6060 4.8250190000000002
6063 4.8235260000000002
6064 4.8222180000000003
6071 4.8212359999999999
6072 4.8194920000000003
6077 4.8191990000000002
6085 4.8175860000000004
6086 4.8161750000000003
6093 4.8131870000000001
6094 4.8119560000000003
6095 4.8116490000000001
6096 4.8097120000000002
6105 4.8096079999999999
6106 4.8072970000000002
6112 4.8059570000000003
6113 4.8039329999999998
6120 4.8030080000000002
6123 4.8015470000000002
6142 4.8003250000000000
6143 4.7996780000000001
6153 4.7979799999999999
6219 4.7975019999999997
6221 4.7971320000000004
6223 4.7969980000000003
6225 4.7969480000000004
6232 4.7956740000000000
6233 4.7950080000000002
6242 4.7946660000000003
6243 4.7939129999999999
6246 4.7939059999999998
6247 4.7934840000000003
6249 4.7928699999999997
6250 4.7922149999999997
6253 4.7921019999999999
6255 4.7920759999999998
6257 4.7916069999999999
6260 4.7903450000000003
6261 4.7899440000000002
6262 4.7895659999999998
6263 4.7893939999999997
6265 4.7893470000000002
6267 4.7891979999999998
6270 4.7884310000000001
6275 4.7884140000000004
6286 4.7883750000000003
6288 4.7883240000000002
6292 4.7882670000000003
6293 4.7882140000000000
6301 4.7881780000000003
6303 4.7881600000000004
6307 4.7881169999999997
6309 4.7880929999999999
6315 4.7880450000000003
6321 4.7880110000000000
6325 4.7879709999999998
6326 4.7879540000000000
6327 4.7879420000000001
6328 4.7879379999999996
6331 4.7878309999999997
6332 4.7877229999999997
6337 4.7876989999999999
6338 4.7876969999999996
6339 4.7876000000000003
6340 4.7875519999999998
6342 4.7875059999999996
6343 4.7875009999999998
6345 4.7874499999999998
6347 4.7872880000000002
6348 4.7871920000000001
6351 4.7870450000000000
6352 4.7868259999999996
6359 4.7867259999999998
6360 4.7865780000000004
6362 4.7865060000000001
6363 4.7865029999999997
6366 4.7862730000000004
6367 4.7862499999999999
6370 4.7862419999999997
6372 4.7861490000000000
6374 4.7857060000000002
6375 4.7853250000000003
6387 4.7851260000000000
6388 4.7850109999999999
6390 4.7848550000000003
6391 4.7848020000000000
6395 4.7846529999999996
6397 4.7846099999999998
6406 4.7845639999999996
6408 4.7845300000000002
6412 4.7845219999999999
6414 4.7844790000000001
6416 4.7844720000000001
6420 4.7844709999999999
6425 4.7844559999999996
6429 4.7844519999999999
6433 4.7844499999999996
6448 4.7844379999999997
6463 4.7844300000000004
6467 4.7844280000000001
6496 4.7844230000000003
6510 4.7844210000000000
6527 4.7844189999999998
6529 4.7843309999999999
6532 4.7843220000000004
6549 4.7842770000000003
6564 4.7840639999999999
6565 4.7837100000000001
6592 4.7836840000000000
6640 4.7834870000000000
6685 4.7834550000000000
6688 4.7834529999999997
6690 4.7834500000000002
6693 4.7834139999999996
6702 4.7834029999999998
6705 4.7833959999999998
6707 4.7833949999999996
6711 4.7833899999999998
6715 4.7833889999999997
6717 4.7833819999999996
6722 4.7833769999999998
6727 4.7833740000000002
6730 4.7833720000000000
6737 4.7833709999999998
6739 4.7833589999999999
6740 4.7833540000000001
6747 4.7833519999999998
6748 4.7833449999999997
6753 4.7833420000000002
6754 4.7833340000000000
6761 4.7833259999999997
6762 4.7833209999999999
6778 4.7833189999999997
6790 4.7833180000000004
6797 4.7833170000000003
6806 4.7832999999999997
6832 4.7832879999999998
6847 4.7832530000000002
6860 4.7832400000000002
6874 4.7831859999999997
6896 4.7831809999999999
6900 4.7831640000000002
6902 4.7831619999999999
6916 4.7831590000000004
6923 4.7831570000000001
6924 4.7831520000000003
6927 4.7831429999999999
6932 4.7831190000000001
6946 4.7830950000000003
6950 4.7830839999999997
6965 4.7830209999999997
6968 4.7830180000000002
6971 4.7828850000000003
6973 4.7828540000000004
7000 4.7828090000000003
7001 4.7827070000000003
7002 4.7825720000000000
7016 4.7822149999999999
7099 4.7822120000000004
7101 4.7821990000000003
7103 4.7821800000000003
7108 4.7821619999999996
7114 4.7820349999999996
7119 4.7820150000000003
7143 4.7818160000000001
7146 4.7817790000000002
7147 4.7816729999999996
7149 4.7816099999999997
7152 4.7814319999999997
7153 4.7813650000000001
7156 4.7813569999999999
7157 4.7812210000000004
7160 4.7812070000000002
