1 15.8545119999999997
4 12.8968389999999999
7 12.5142980000000001
10 11.7033480000000001
12 10.0168350000000004
14 8.8300310000000000
17 8.0157120000000006
20 6.3750330000000002
42 2.1517350000000000
61 1.8020540000000000
104 1.7242540000000000
109 1.7193909999999999
136 1.7014590000000001
152 1.6788989999999999
165 1.6506460000000001
166 1.6187950000000000
169 1.6111380000000000
170 1.5825499999999999
171 1.5735090000000000
172 1.5318000000000001
179 1.5285610000000001
187 1.4923040000000001
188 1.4795080000000000
216 1.4652680000000000
228 1.4637610000000001
230 1.4562619999999999
231 1.4481599999999999
236 1.4412600000000000
238 1.4396249999999999
239 1.4371920000000000
240 1.4264420000000000
241 1.4103850000000000
244 1.4093920000000000
245 1.3982770000000000
246 1.3887100000000001
247 1.3712880000000001
249 1.3549739999999999
250 1.3357370000000000
252 1.3114809999999999
253 1.2754060000000000
255 1.2640540000000000
256 1.2389460000000001
257 1.1970499999999999
258 1.1022590000000001
262 1.0740710000000000
263 1.0381780000000000
266 0.9810230000000000
267 0.9398510000000000
270 0.9299770000000001
272 0.8184080000000000
273 0.7274500000000000
277 0.7060689999999999
282 0.6230690000000000
283 0.5998040000000000
286 0.5297920000000000
289 0.4800640000000000
304 0.4743420000000000
306 0.4638370000000000
307 0.4337160000000000
308 0.3990750000000000
329 0.3873780000000000
344 0.3835730000000000
359 0.3723570000000000
375 0.3582310000000000
378 0.3531220000000000
393 0.3453120000000000
430 0.3448470000000000
433 0.3443420000000000
435 0.3432280000000000
438 0.3420720000000000
443 0.3394720000000000
445 0.3379880000000000
446 0.3372770000000000
455 0.3358980000000000
461 0.3357680000000000
471 0.3346210000000000
503 0.3341060000000000
514 0.3328240000000000
518 0.3327070000000000
519 0.3304000000000000
521 0.3299470000000000
522 0.3288730000000000
525 0.3282810000000000
528 0.3273530000000000
529 0.3268680000000000
553 0.3264770000000000
569 0.3252170000000000
570 0.3249080000000000
573 0.3245870000000000
589 0.3243200000000000
604 0.3243110000000000
605 0.3231550000000000
633 0.3228130000000000
651 0.3226440000000000
652 0.3221530000000000
654 0.3220630000000000
657 0.3218690000000000
661 0.3212810000000000
665 0.3208640000000000
687 0.3202830000000000
691 0.3185380000000000
692 0.3183780000000000
717 0.3177270000000000
738 0.3175280000000000
741 0.3171220000000000
755 0.3165060000000000
781 0.3161830000000000
782 0.3158860000000000
789 0.3158770000000000
811 0.3155880000000000
815 0.3132260000000000
816 0.3130530000000000
827 0.3121260000000000
846 0.3117630000000000
848 0.3116440000000000
861 0.3104780000000000
864 0.3094070000000000
865 0.3090380000000000
877 0.3089110000000000
878 0.3069610000000000
879 0.3042610000000000
899 0.3033540000000000
900 0.3024520000000000
903 0.3014540000000000
936 0.3010780000000000
943 0.3009980000000000
957 0.3006530000000000
972 0.3001420000000000
994 0.2996460000000000
999 0.2987930000000000
1024 0.2968090000000000
1041 0.2958660000000000
1042 0.2945900000000000
1045 0.2944730000000000
1046 0.2941630000000000
1047 0.2940890000000000
1049 0.2937020000000000
1050 0.2936150000000000
1051 0.2933490000000000
1054 0.2930610000000000
1059 0.2919610000000000
1096 0.2919150000000000
1099 0.2916460000000000
1101 0.2914230000000000
1135 0.2913310000000000
1136 0.2912790000000000
1143 0.2912420000000000
1168 0.2912370000000000
1169 0.2912360000000000
1172 0.2912220000000000
1173 0.2911950000000000
1174 0.2911890000000000
1176 0.2911490000000000
1177 0.2911330000000000
1180 0.2911300000000000
1182 0.2911250000000000
1186 0.2910700000000000
1200 0.2910630000000000
1201 0.2910560000000000
1202 0.2910350000000000
1207 0.2910220000000000
1211 0.2909970000000000
1217 0.2909880000000000
1226 0.2909720000000000
1251 0.2909710000000000
1261 0.2909650000000000
1264 0.2909610000000000
1265 0.2909540000000000
1276 0.2909500000000000
1300 0.2909470000000000
1301 0.2909450000000000
1302 0.2909420000000000
1340 0.2909280000000000
1351 0.2908860000000000
1354 0.2908540000000000
1355 0.2908210000000000
1358 0.2907830000000000
1359 0.2907180000000000
1373 0.2907150000000000
1395 0.2906090000000000
1397 0.2903970000000000
1440 0.2903550000000000
1453 0.2903510000000000
1455 0.2902980000000000
1456 0.2902690000000000
1459 0.2902470000000000
1460 0.2901910000000000
1463 0.2901670000000000
1464 0.2900560000000000
1467 0.2900220000000000
1468 0.2898610000000000
1471 0.2898500000000000
1487 0.2898310000000000
1490 0.2898220000000000
1498 0.2897970000000000
1499 0.2897770000000000
1508 0.2897670000000000
1509 0.2897520000000000
1511 0.2897470000000000
1512 0.2897330000000000
1514 0.2897020000000000
1515 0.2896590000000000
1519 0.2896300000000000
1520 0.2895720000000000
1522 0.2895430000000000
1523 0.2894890000000000
1525 0.2894720000000000
1526 0.2894130000000000
1528 0.2893450000000000
1529 0.2892700000000000
1538 0.2892300000000000
1539 0.2891520000000000
1545 0.2890840000000000
1546 0.2890180000000000
1552 0.2889560000000000
1553 0.2889120000000000
1573 0.2889040000000000
1574 0.2888980000000000
1594 0.2888310000000000
1628 0.2888230000000000
1642 0.2888170000000000
1644 0.2888150000000000
1648 0.2888050000000000
1649 0.2888040000000000
1650 0.2887920000000000
1654 0.2887900000000000
1657 0.2887810000000000
1658 0.2887670000000000
1660 0.2887650000000000
1662 0.2887570000000000
1664 0.2887500000000000
1665 0.2887330000000000
1666 0.2887310000000000
1671 0.2887250000000000
1674 0.2886980000000000
1675 0.2886780000000000
1676 0.2886760000000000
1682 0.2886540000000000
1683 0.2886410000000000
1697 0.2886150000000000
1700 0.2886120000000000
1716 0.2886070000000000
1724 0.2885960000000000
1731 0.2885930000000000
1767 0.2885900000000000
1769 0.2885890000000000
1773 0.2885880000000000
1790 0.2885870000000000
1814 0.2885860000000000
1828 0.2885850000000000
1866 0.2885840000000000
