1 0.3538600000000000
62 0.3482390000000000
66 0.3448450000000000
68 0.3109970000000000
74 0.2753020000000000
75 0.2695540000000000
82 0.2574500000000000
85 0.2364010000000000
89 0.2297540000000000
119 0.2272790000000000
126 0.2247170000000000
128 0.2232810000000000
130 0.2232580000000000
131 0.2098730000000000
132 0.1963020000000000
147 0.1939930000000000
151 0.1896460000000000
173 0.1893850000000000
207 0.1840190000000000
244 0.1832670000000000
249 0.1767960000000000
263 0.1759430000000000
280 0.1757630000000000
282 0.1752530000000000
296 0.1740110000000000
322 0.1735670000000000
348 0.1731880000000000
356 0.1695960000000000
376 0.1691760000000000
401 0.1686430000000000
408 0.1682050000000000
418 0.1675160000000000
436 0.1670010000000000
468 0.1662030000000000
471 0.1661160000000000
506 0.1660770000000000
514 0.1660720000000000
519 0.1660430000000000
524 0.1659710000000000
527 0.1658700000000000
530 0.1658660000000000
532 0.1658020000000000
533 0.1656590000000000
538 0.1656020000000000
547 0.1655950000000000
552 0.1654680000000000
573 0.1653970000000000
590 0.1652930000000000
595 0.1652220000000000
598 0.1651780000000000
603 0.1651030000000000
639 0.1650120000000000
658 0.1649210000000000
674 0.1648980000000000
698 0.1648860000000000
706 0.1648730000000000
711 0.1647590000000000
712 0.1646750000000000
719 0.1646640000000000
720 0.1645610000000000
724 0.1645330000000000
726 0.1645320000000000
729 0.1644710000000000
730 0.1643950000000000
732 0.1643380000000000
733 0.1641530000000000
737 0.1641180000000000
740 0.1640750000000000
741 0.1639620000000000
742 0.1639190000000000
743 0.1636630000000000
748 0.1635830000000000
749 0.1633450000000000
752 0.1631540000000000
753 0.1627520000000000
758 0.1627470000000000
759 0.1623900000000000
761 0.1622560000000000
762 0.1619820000000000
764 0.1616900000000000
777 0.1616540000000000
787 0.1616270000000000
789 0.1614820000000000
802 0.1613150000000000
818 0.1613130000000000
823 0.1612780000000000
825 0.1611790000000000
826 0.1610480000000000
835 0.1610100000000000
838 0.1609980000000000
839 0.1608730000000000
840 0.1608510000000000
841 0.1608070000000000
846 0.1606740000000000
847 0.1605440000000000
851 0.1604700000000000
852 0.1601710000000000
858 0.1599880000000000
859 0.1595480000000000
864 0.1595310000000000
865 0.1590610000000000
869 0.1588120000000000
870 0.1581630000000000
874 0.1581130000000000
875 0.1574150000000000
877 0.1574070000000000
878 0.1563450000000000
882 0.1562830000000000
883 0.1552040000000000
886 0.1548460000000000
888 0.1544230000000000
890 0.1542590000000000
899 0.1537370000000000
904 0.1537100000000000
905 0.1536610000000000
917 0.1534000000000000
918 0.1533280000000000
919 0.1531830000000000
920 0.1526720000000000
928 0.1523910000000000
929 0.1518010000000000
936 0.1515580000000000
956 0.1513120000000000
964 0.1495040000000000
969 0.1484350000000000
986 0.1459640000000000
1019 0.1458470000000000
1021 0.1458070000000000
1022 0.1449940000000000
1029 0.1449350000000000
1032 0.1444120000000000
1036 0.1436680000000000
1037 0.1435140000000000
1063 0.1432200000000000
1115 0.1432020000000000
1118 0.1431820000000000
1119 0.1431690000000000
1121 0.1430970000000000
1124 0.1430770000000000
1127 0.1429290000000000
1181 0.1429190000000000
1183 0.1429110000000000
1185 0.1428940000000000
1190 0.1427890000000000
1239 0.1427870000000000
1245 0.1427760000000000
1254 0.1427690000000000
1257 0.1427480000000000
1307 0.1427430000000000
1318 0.1427420000000000
1321 0.1427320000000000
1352 0.1427290000000000
1397 0.1427270000000000
1399 0.1427260000000000
1408 0.1427220000000000
1436 0.1427210000000000
1476 0.1427200000000000
1519 0.1427190000000000
1536 0.1427180000000000
