1 112234.3382969999947818
4 89966.8651399999944260
5 83858.5016809999942780
17 69945.1064159999950789
20 40749.1939029999994091
39 35184.8287199999977020
47 25452.9025189999993017
50 12274.8367139999991196
80 7758.3767889999999170
86 7344.3390259999996488
88 6430.5027419999996710
92 3729.9589179999998123
96 2933.9082800000001043
103 1543.1694099999999708
136 1153.7943740000000616
138 1091.1060569999999643
162 873.1921959999999672
164 361.2740339999999719
200 287.4969780000000128
204 254.7241860000000031
212 237.9889149999999916
216 226.8443739999999877
220 224.2065829999999949
224 213.2840119999999899
238 197.7838950000000011
252 195.8345940000000098
258 129.2859929999999906
278 95.2591450000000037
293 94.6838999999999942
295 87.7553829999999948
297 62.8657299999999992
301 53.8234029999999990
311 32.0099939999999989
332 31.1549249999999986
356 30.9775139999999993
358 30.1805459999999997
370 23.7369360000000000
373 17.0054219999999994
374 16.6306189999999994
376 16.0299610000000001
382 15.1300880000000006
384 13.9164980000000007
387 13.0143789999999999
390 12.9543730000000004
392 12.7218149999999994
396 11.0799339999999997
398 10.8708980000000004
401 10.7714289999999995
415 10.5495450000000002
417 8.6343250000000005
418 7.2773089999999998
424 6.8580290000000002
427 6.4263159999999999
435 6.1336339999999998
436 5.2555860000000001
464 3.2339639999999998
468 2.5695549999999998
472 1.7056659999999999
483 1.5654330000000001
485 1.4243779999999999
503 1.2034940000000001
528 1.1603110000000001
531 1.1172130000000000
544 1.0992189999999999
546 1.0456310000000000
547 1.0004540000000000
552 0.8834220000000000
558 0.8759280000000000
561 0.8394830000000000
565 0.8200470000000000
576 0.2398800000000000
585 0.1969870000000000
603 0.1858770000000000
622 0.1662010000000000
625 0.1642340000000000
627 0.1564480000000000
642 0.1504120000000000
644 0.1490310000000000
646 0.1362200000000000
650 0.1302150000000000
654 0.1265860000000000
681 0.1090520000000000
683 0.0831680000000000
684 0.0797820000000000
690 0.0668390000000000
695 0.0617060000000000
702 0.0443620000000000
722 0.0405580000000000
731 0.0365880000000000
758 0.0353570000000000
762 0.0347100000000000
768 0.0345720000000000
769 0.0336580000000000
775 0.0334870000000000
780 0.0329710000000000
784 0.0327220000000000
785 0.0319920000000000
790 0.0319210000000000
791 0.0311390000000000
795 0.0307780000000000
796 0.0296810000000000
804 0.0296650000000000
819 0.0290690000000000
821 0.0288320000000000
837 0.0284490000000000
857 0.0283530000000000
859 0.0282350000000000
875 0.0282130000000000
877 0.0280400000000000
887 0.0280060000000000
901 0.0279380000000000
902 0.0278780000000000
914 0.0277780000000000
935 0.0272510000000000
936 0.0257620000000000
937 0.0217980000000000
938 0.0110630000000000
953 0.0087770000000000
959 0.0071560000000000
963 0.0070360000000000
976 0.0046360000000000
978 0.0042490000000000
980 0.0029050000000000
989 0.0027350000000000
991 0.0024700000000000
993 0.0021560000000000
995 0.0017050000000000
998 0.0016100000000000
1000 0.0014820000000000
1005 0.0013750000000000
1009 0.0011770000000000
1011 0.0008050000000000
1026 0.0007930000000000
1031 0.0005760000000000
1033 0.0005210000000000
1036 0.0004290000000000
1051 0.0003830000000000
1055 0.0003250000000000
1058 0.0002210000000000
1074 0.0002090000000000
1076 0.0001600000000000
1091 0.0001480000000000
1093 0.0001100000000000
1109 0.0000970000000000
1113 0.0000910000000000
1119 0.0000830000000000
1122 0.0000800000000000
1132 0.0000740000000000
1136 0.0000720000000000
1149 0.0000590000000000
1153 0.0000540000000000
1155 0.0000530000000000
1156 0.0000480000000000
1160 0.0000400000000000
1162 0.0000350000000000
1181 0.0000340000000000
1184 0.0000200000000000
1226 0.0000190000000000
1239 0.0000170000000000
1242 0.0000130000000000
1243 0.0000110000000000
1262 0.0000080000000000
1275 0.0000050000000000
