1 26.9297980000000017
11 25.6207680000000018
12 14.3543819999999993
19 9.6542619999999992
36 4.7390169999999996
61 2.4503100000000000
78 1.2993589999999999
93 0.7630200000000000
109 0.4436620000000000
114 0.4185670000000000
134 0.4157020000000000
162 0.3172270000000000
167 0.1054250000000000
174 0.1048470000000000
226 0.0591190000000000
252 0.0551210000000000
258 0.0517450000000000
266 0.0484200000000000
270 0.0463170000000000
273 0.0372330000000000
297 0.0300330000000000
300 0.0250520000000000
311 0.0177800000000000
341 0.0107450000000000
355 0.0105420000000000
357 0.0100930000000000
361 0.0093790000000000
364 0.0093360000000000
366 0.0087200000000000
375 0.0082380000000000
378 0.0080640000000000
383 0.0080130000000000
385 0.0075610000000000
388 0.0074080000000000
398 0.0073640000000000
420 0.0072810000000000
422 0.0071810000000000
424 0.0071200000000000
455 0.0071150000000000
457 0.0068840000000000
458 0.0068710000000000
478 0.0060190000000000
479 0.0045220000000000
505 0.0027140000000000
532 0.0025640000000000
536 0.0025180000000000
539 0.0024700000000000
551 0.0024290000000000
554 0.0021820000000000
559 0.0021410000000000
567 0.0021210000000000
573 0.0021110000000000
575 0.0020770000000000
578 0.0020370000000000
580 0.0020300000000000
582 0.0019610000000000
583 0.0019440000000000
607 0.0019080000000000
610 0.0018660000000000
630 0.0018280000000000
642 0.0018160000000000
657 0.0014910000000000
658 0.0014550000000000
685 0.0013900000000000
686 0.0013620000000000
689 0.0012290000000000
690 0.0012020000000000
732 0.0011730000000000
756 0.0010460000000000
757 0.0009990000000000
772 0.0008680000000000
775 0.0007190000000000
778 0.0005150000000000
781 0.0002710000000000
799 0.0002260000000000
814 0.0002230000000000
879 0.0001620000000000
884 0.0001540000000000
886 0.0001520000000000
888 0.0001470000000000
894 0.0001340000000000
896 0.0001260000000000
899 0.0001250000000000
903 0.0001100000000000
905 0.0001090000000000
936 0.0001050000000000
942 0.0001040000000000
947 0.0001010000000000
965 0.0000960000000000
972 0.0000950000000000
996 0.0000940000000000
1025 0.0000770000000000
1043 0.0000760000000000
1046 0.0000710000000000
1053 0.0000700000000000
1055 0.0000650000000000
1059 0.0000640000000000
1070 0.0000620000000000
1077 0.0000590000000000
1085 0.0000570000000000
1090 0.0000550000000000
1123 0.0000510000000000
1125 0.0000450000000000
1150 0.0000440000000000
1153 0.0000430000000000
1161 0.0000420000000000
1178 0.0000390000000000
1182 0.0000380000000000
1199 0.0000370000000000
1259 0.0000360000000000
