1 139.3392859999999871
3 139.3330330000000004
4 139.3172959999999989
5 139.0461589999999887
6 138.1518330000000105
7 137.6807760000000087
8 137.4918490000000020
9 137.4245349999999917
10 137.4015780000000007
11 137.3938670000000002
12 137.3912899999999979
13 137.3904300000000092
14 137.3901429999999948
15 137.3900480000000073
16 137.3900160000000028
17 137.3900050000000022
18 137.3900020000000097
19 137.3900010000000123
20 137.3899999999999864
24 122.3900000000000006
25 77.3900000000000006
26 12.6099999999999994
28 8.8008340000000000
41 7.8893649999999997
53 2.4085709999999998
64 1.7474600000000000
91 0.9631330000000000
95 0.9504629999999999
96 0.9366630000000000
109 0.9349750000000000
114 0.9333550000000000
115 0.9285580000000000
147 0.9279750000000000
151 0.9263650000000000
180 0.9260770000000000
209 0.9260740000000000
210 0.9260650000000000
211 0.9260389999999999
212 0.9260210000000000
226 0.9260010000000000
267 0.9259910000000000
268 0.9259830000000000
271 0.9259770000000001
277 0.9239460000000000
278 0.9187090000000000
279 0.9039040000000000
280 0.8644260000000000
281 0.7837680000000000
298 0.7610240000000000
303 0.7584700000000000
309 0.7471850000000000
310 0.7467160000000000
313 0.7463680000000000
314 0.7373680000000000
315 0.7236089999999999
316 0.7137890000000000
318 0.7083780000000000
319 0.6996510000000000
320 0.6835420000000000
321 0.6703860000000000
322 0.6698200000000000
323 0.6412940000000000
325 0.6328740000000000
330 0.5606890000000000
335 0.5582880000000000
338 0.5281520000000000
341 0.5191290000000000
342 0.5180270000000000
352 0.5000160000000000
356 0.4835310000000000
359 0.4823420000000000
360 0.4758600000000000
361 0.4495060000000000
362 0.4342090000000000
365 0.4290130000000000
366 0.4091670000000000
367 0.3731510000000000
368 0.3160370000000000
372 0.2173310000000000
373 0.1979900000000000
374 0.1816330000000000
391 0.1767840000000000
395 0.1766680000000000
404 0.1743920000000000
413 0.1610600000000000
416 0.1548150000000000
429 0.1464120000000000
443 0.1458680000000000
447 0.1299530000000000
482 0.1275390000000000
489 0.1267580000000000
490 0.1266660000000000
501 0.1264930000000000
503 0.1263410000000000
519 0.1260900000000000
528 0.1259140000000000
546 0.1256660000000000
547 0.1253420000000000
556 0.1252080000000000
558 0.1252050000000000
561 0.1251930000000000
562 0.1249920000000000
563 0.1248240000000000
568 0.1247660000000000
570 0.1246110000000000
571 0.1246090000000000
572 0.1245100000000000
574 0.1243710000000000
614 0.1243570000000000
621 0.1243510000000000
625 0.1243420000000000
658 0.1243410000000000
660 0.1243400000000000
664 0.1243390000000000
