1 6.5999999999999996
8 4.1840000000000002
10 3.4760000000000000
14 2.2900000000000000
19 2.0990000000000002
22 2.0609999999999999
27 2.0360000000000000
32 1.9960000000000000
43 1.9860000000000000
65 1.9851859999999999
69 1.9836250000000000
72 1.9823400000000000
75 1.9793259999999999
79 1.9780560000000000
80 1.9758460000000000
88 1.9732520000000000
96 1.9693780000000001
106 1.9693600000000000
116 1.9667319999999999
124 1.9593780000000001
125 1.9548620000000001
132 1.9039820000000001
133 1.8358580000000000
144 1.7689779999999999
153 1.6878620000000000
162 1.6440220000000001
169 1.5830180000000000
183 1.4728580000000000
186 1.3770220000000000
191 1.3654980000000001
196 1.3129780000000000
198 1.2986620000000000
200 1.2851820000000000
202 1.2754980000000000
210 1.2490399999999999
217 1.2013339999999999
226 1.1616139999999999
233 1.1504540000000001
238 1.0280540000000000
246 0.9503340000000000
248 0.9344140000000000
249 0.9226940000000000
252 0.9141340000000000
253 0.8844140000000000
254 0.8544140000000000
258 0.8297060000000001
262 0.8289740000000000
264 0.7934260000000000
265 0.7764940000000000
268 0.7703860000000000
271 0.7627740000000000
272 0.7302940000000000
276 0.7258140000000000
277 0.7193340000000000
278 0.6993340000000000
279 0.6808540000000000
282 0.6503740000000000
292 0.6069340000000000
303 0.5507339999999999
308 0.5445340000000000
310 0.5254940000000000
320 0.5201460000000000
326 0.5178660000000000
327 0.4130260000000000
338 0.3684400000000000
342 0.3162400000000000
351 0.1690400000000000
352 0.1029600000000000
366 0.0123030000000000
381 0.0069220000000000
389 0.0052980000000000
397 0.0052200000000000
399 0.0017740000000000
421 0.0016450000000000
422 0.0011060000000000
425 0.0006410000000000
434 0.0003460000000000
446 0.0003240000000000
448 0.0003220000000000
451 0.0001790000000000
456 0.0000730000000000
472 0.0000240000000000
494 0.0000110000000000
505 0.0000070000000000
509 0.0000050000000000
513 0.0000020000000000
528 0.0000010000000000
