1 99.1511869999999931
2 92.2838509999999985
3 63.7274870000000035
4 32.3634500000000003
11 15.7794109999999996
15 11.2127949999999998
19 5.8458540000000001
23 4.9768230000000004
29 0.4223890000000000
49 0.4027300000000000
50 0.3486320000000000
51 0.2091950000000000
52 0.0092310000000000
112 0.0061650000000000
114 0.0032370000000000
129 0.0024440000000000
159 0.0021050000000000
161 0.0014430000000000
163 0.0006050000000000
166 0.0004530000000000
177 0.0003790000000000
181 0.0002640000000000
182 0.0000240000000000
226 0.0000140000000000
228 0.0000100000000000
247 0.0000070000000000
249 0.0000030000000000
270 0.0000010000000000
284 0.0000000000000000
