1 5427.6676889999998821
4 4098.2830279999998311
5 1245.0917050000000472
7 1157.9808920000000398
10 763.9034440000000359
12 321.1325780000000236
31 321.0149010000000089
38 298.4157230000000141
44 278.6130590000000211
51 229.7207280000000083
53 175.6530079999999998
57 123.5033710000000013
78 120.3800370000000015
83 118.3901019999999988
86 101.0749650000000059
91 98.1183099999999939
120 88.4437020000000018
123 88.3785620000000023
124 79.9086379999999963
126 63.5842230000000015
129 63.1040679999999981
139 42.8638929999999974
183 40.9796410000000009
185 36.4376589999999965
188 34.9694300000000027
191 30.6488830000000014
203 27.8828819999999986
206 27.1811119999999988
211 25.8906150000000004
226 25.3826000000000001
229 24.8431360000000012
231 23.8910690000000017
232 18.0952729999999988
276 17.4756689999999999
295 17.1371119999999983
304 16.6928419999999988
309 16.6250080000000011
311 16.4893949999999982
322 16.2606709999999985
323 16.1190420000000003
330 16.1052849999999985
332 16.0477190000000007
334 15.9068249999999995
337 15.7510870000000001
344 15.7431509999999992
347 15.5708590000000004
348 15.4382629999999992
349 15.4111630000000002
350 15.2477370000000008
354 15.1499849999999991
355 14.8543400000000005
358 14.6533289999999994
359 14.2335510000000003
362 14.0798939999999995
363 13.4506999999999994
367 13.1518230000000003
368 12.9336330000000004
369 12.5824890000000007
371 12.0906269999999996
372 11.4073790000000006
376 11.0666499999999992
380 9.8527220000000000
381 9.4873449999999995
383 9.3483780000000003
384 8.5252269999999992
386 8.1675319999999996
387 7.1012029999999999
390 7.0197209999999997
393 5.4611270000000003
394 4.7172150000000004
399 2.4909390000000000
416 2.3374380000000001
422 2.2587190000000001
423 2.1853140000000000
426 2.1139579999999998
427 2.0099689999999999
429 1.8957910000000000
431 1.7522750000000000
452 1.6663539999999999
453 1.5854870000000001
475 1.5478440000000000
489 1.3794990000000000
500 1.3551340000000001
533 1.2339800000000001
550 1.1916110000000000
551 1.1844830000000000
562 1.1787620000000001
572 1.1776780000000000
576 1.1732039999999999
579 1.1688470000000000
601 1.1683610000000000
605 1.1681859999999999
607 1.1681200000000000
610 1.1667310000000000
611 1.1665829999999999
612 1.1663900000000000
613 1.1661530000000000
614 1.1657000000000000
616 1.1647040000000000
622 1.1636780000000000
624 1.1630609999999999
634 1.1621509999999999
635 1.1618800000000000
639 1.1609920000000000
643 1.1593480000000000
644 1.1575089999999999
650 1.1561490000000001
651 1.1543820000000000
655 1.1534089999999999
656 1.1515720000000000
657 1.1513050000000000
659 1.1496590000000000
660 1.1484970000000001
661 1.1480580000000000
677 1.1475580000000001
680 1.1468179999999999
683 1.1464240000000001
686 1.1448250000000000
744 1.1447430000000001
746 1.1447419999999999
752 1.1445870000000000
756 1.1445240000000001
757 1.1442730000000001
758 1.1441390000000000
759 1.1439649999999999
766 1.1438130000000000
767 1.1437670000000000
769 1.1432890000000000
770 1.1428240000000001
776 1.1426639999999999
777 1.1421530000000000
783 1.1421380000000001
784 1.1420750000000000
786 1.1420319999999999
801 1.1419200000000000
803 1.1418100000000000
813 1.1417830000000000
816 1.1416809999999999
824 1.1415070000000000
827 1.1414260000000001
828 1.1411009999999999
851 1.1410950000000000
857 1.1404230000000000
862 1.1364700000000001
866 1.1362049999999999
869 1.1336390000000001
870 1.1312150000000001
895 1.1287380000000000
906 1.1270270000000000
912 1.1265289999999999
936 1.1265140000000000
937 1.1256120000000001
940 1.1253700000000000
941 1.1241639999999999
943 1.1232160000000000
944 1.1208650000000000
950 1.1202179999999999
956 1.1178049999999999
957 1.1152400000000000
989 1.1147520000000000
1010 1.1137300000000001
1042 1.1135440000000001
1050 1.1135139999999999
1070 1.1133850000000001
1094 1.1133430000000000
1099 1.1132660000000001
1101 1.1132340000000001
1142 1.1132059999999999
1152 1.1131850000000001
1153 1.1131810000000000
1155 1.1131789999999999
1163 1.1131439999999999
1165 1.1131310000000001
1166 1.1131240000000000
1174 1.1130910000000001
1175 1.1130540000000000
1179 1.1130469999999999
1182 1.1129810000000000
1183 1.1129190000000000
1187 1.1129160000000000
1188 1.1128439999999999
1190 1.1127990000000001
1191 1.1126760000000000
1194 1.1126160000000000
1195 1.1124590000000001
1197 1.1124270000000001
1198 1.1122150000000000
1200 1.1122080000000001
1201 1.1119619999999999
1203 1.1117859999999999
1204 1.1113470000000001
1206 1.1113240000000000
1207 1.1107620000000000
1209 1.1107000000000000
1210 1.1099509999999999
1212 1.1096950000000001
1213 1.1085929999999999
1215 1.1085460000000000
1216 1.1071730000000000
1218 1.1067890000000000
1219 1.1048830000000001
1221 1.1044190000000000
1222 1.1023339999999999
1224 1.1020570000000001
1248 1.1020540000000001
1251 1.1018390000000000
1260 1.1017820000000000
1263 1.1017550000000000
1268 1.1016859999999999
1271 1.1014949999999999
1272 1.1012980000000001
1273 1.1007089999999999
1274 1.1006750000000001
1278 1.1005430000000000
1282 1.1005149999999999
1283 1.1003820000000000
1295 1.1002529999999999
1296 1.1000900000000000
1297 1.0997470000000000
1311 1.0990350000000000
1312 1.0979460000000001
1313 1.0917990000000000
1324 1.0779690000000000
1327 1.0717680000000001
1373 1.0711310000000001
1380 1.0701499999999999
1388 1.0692880000000000
1410 1.0662350000000000
1413 1.0658510000000001
1424 1.0651550000000001
1425 1.0630640000000000
1428 1.0604030000000000
1432 1.0557780000000001
1456 1.0519970000000001
1469 1.0487080000000000
1470 1.0462680000000000
1491 1.0442810000000000
1493 1.0423070000000001
1497 1.0396700000000001
1498 1.0351910000000000
1501 1.0345990000000000
1503 1.0297010000000000
1506 1.0279630000000000
1509 1.0250750000000000
1510 1.0224620000000000
1519 1.0156110000000000
1520 1.0097490000000000
1529 1.0088330000000001
1530 1.0042139999999999
1531 1.0040320000000000
1533 1.0007400000000000
1534 0.9923390000000000
1538 0.9917550000000001
1542 0.9800230000000000
1543 0.9785620000000000
1550 0.9725360000000000
1553 0.9624500000000000
1554 0.9573270000000000
1559 0.9483760000000000
1560 0.9405420000000000
1562 0.9363880000000000
1564 0.9325920000000000
1569 0.9153690000000000
1570 0.9036230000000000
1571 0.9006450000000000
1572 0.8834379999999999
1575 0.8686280000000000
1576 0.8450550000000000
1579 0.8269450000000000
1584 0.7883410000000000
1587 0.7653960000000000
1588 0.7361310000000000
1595 0.7328230000000000
1597 0.7243970000000000
1602 0.6914190000000000
1606 0.6811500000000000
1607 0.6656970000000000
1613 0.6419970000000000
1614 0.6363500000000000
1618 0.6352440000000000
1622 0.6212440000000000
1635 0.6209880000000000
1641 0.6170920000000000
1645 0.6152050000000000
1690 0.6150730000000000
1691 0.6145620000000001
1696 0.6144350000000000
1701 0.6115410000000000
1702 0.6108220000000000
1709 0.6089869999999999
1715 0.6075650000000000
1716 0.6066790000000000
1719 0.6056730000000000
1720 0.6036770000000000
1724 0.6030710000000000
1726 0.6013110000000000
1727 0.6010250000000000
1728 0.5985260000000000
1729 0.5970610000000000
1732 0.5967320000000000
1741 0.5953889999999999
1745 0.5951100000000000
1750 0.5939570000000000
1751 0.5937600000000000
1756 0.5913650000000000
1757 0.5892350000000000
1762 0.5889210000000000
1765 0.5834210000000000
1766 0.5819890000000000
1768 0.5800860000000000
1769 0.5748540000000000
1772 0.5745330000000000
1773 0.5693770000000000
1775 0.5671330000000000
1776 0.5631650000000000
1778 0.5560850000000001
1779 0.5450739999999999
1782 0.5407530000000000
1783 0.5326480000000000
1785 0.5284860000000000
1786 0.5141670000000000
1788 0.5083070000000000
1789 0.4882800000000000
1794 0.4817940000000000
1795 0.4670650000000000
1797 0.4635550000000000
1800 0.4629620000000000
1808 0.4627790000000000
1816 0.4607020000000000
1823 0.4600430000000000
1830 0.4599090000000000
1835 0.4583030000000000
1851 0.4580400000000000
1856 0.4579590000000000
1865 0.4572910000000000
1873 0.4571220000000000
1874 0.4569910000000000
1880 0.4565840000000000
1881 0.4563190000000000
1885 0.4562960000000000
1886 0.4558040000000000
1890 0.4552630000000000
1891 0.4546940000000000
1893 0.4541430000000000
1894 0.4533310000000000
1897 0.4521570000000000
1898 0.4510310000000000
1901 0.4505160000000000
1902 0.4491480000000000
1905 0.4479030000000000
1906 0.4456490000000000
1909 0.4454590000000000
1910 0.4429760000000000
1912 0.4418910000000000
1913 0.4382720000000000
1916 0.4374690000000000
1917 0.4357640000000000
1918 0.4337860000000000
1919 0.4328270000000000
1920 0.4318050000000000
1930 0.4298540000000000
1931 0.4285080000000000
1937 0.4282200000000000
1938 0.4281480000000000
1939 0.4254040000000000
1940 0.4228000000000000
1946 0.4207970000000000
1947 0.4178460000000000
1949 0.4161910000000000
1955 0.4152970000000000
1959 0.4127740000000000
1973 0.3973660000000000
1989 0.3959550000000000
1992 0.3952230000000000
1993 0.3924220000000000
2002 0.3919040000000000
2004 0.3918110000000000
2019 0.3883280000000000
2020 0.3863590000000000
2021 0.3822570000000000
2034 0.3811010000000000
2035 0.3804800000000000
2039 0.3796250000000000
2040 0.3730160000000000
2072 0.3718570000000000
2073 0.3717210000000000
2120 0.3711850000000000
2127 0.3689110000000000
2128 0.3686580000000000
2139 0.3684600000000000
2140 0.3680190000000000
2142 0.3680160000000000
2144 0.3674150000000000
2145 0.3669810000000000
2153 0.3666190000000000
2154 0.3663920000000000
2161 0.3662210000000000
2167 0.3660170000000000
2178 0.3659040000000000
2182 0.3659000000000000
2188 0.3658010000000000
2189 0.3657120000000000
2193 0.3657040000000000
2194 0.3656140000000000
2197 0.3655750000000000
2202 0.3655670000000000
2203 0.3654260000000000
2204 0.3653910000000000
2205 0.3651480000000000
2207 0.3651230000000000
2209 0.3649860000000000
2212 0.3647170000000000
2213 0.3642960000000000
2216 0.3642820000000000
2217 0.3638670000000000
2223 0.3637690000000000
2235 0.3635030000000000
2245 0.3633690000000000
2246 0.3632480000000000
2255 0.3631900000000000
2256 0.3630230000000000
2259 0.3629350000000000
2263 0.3628320000000000
2264 0.3626950000000000
2276 0.3626570000000000
2278 0.3626520000000000
2282 0.3625530000000000
2287 0.3625230000000000
2288 0.3624460000000000
2291 0.3623930000000000
2294 0.3622880000000000
2295 0.3621690000000000
2300 0.3621040000000000
2301 0.3619550000000000
2303 0.3619300000000000
2305 0.3619290000000000
2308 0.3618460000000000
2310 0.3617240000000000
2314 0.3615890000000000
2363 0.3614750000000000
2376 0.3614670000000000
2386 0.3614150000000000
2426 0.3614070000000000
2443 0.3614060000000000
2447 0.3614000000000000
2456 0.3613820000000000
2457 0.3613770000000000
2458 0.3613620000000000
2459 0.3613320000000000
2460 0.3612910000000000
2482 0.3612650000000000
2486 0.3612550000000000
2490 0.3612300000000000
2524 0.3612250000000000
2525 0.3612150000000000
2526 0.3611920000000000
2536 0.3611730000000000
2548 0.3611700000000000
2549 0.3611570000000000
2552 0.3611390000000000
2587 0.3611320000000000
2588 0.3611130000000000
2591 0.3611120000000000
2593 0.3611090000000000
2614 0.3611060000000000
2637 0.3610920000000000
2642 0.3610310000000000
2666 0.3610250000000000
2667 0.3609850000000000
2670 0.3609660000000000
2672 0.3609580000000000
2678 0.3609390000000000
2679 0.3608930000000000
2686 0.3608710000000000
2690 0.3608470000000000
2691 0.3607880000000000
2699 0.3607740000000000
2703 0.3607510000000000
2704 0.3606910000000000
2712 0.3606610000000000
2715 0.3605770000000000
2716 0.3604860000000000
2722 0.3604810000000000
2724 0.3604450000000000
2725 0.3603610000000000
2726 0.3603380000000000
2727 0.3602050000000000
2730 0.3601840000000000
2731 0.3601580000000000
2732 0.3600230000000000
2733 0.3598720000000000
2737 0.3598660000000000
2738 0.3597460000000000
2740 0.3596410000000000
2741 0.3594360000000000
2745 0.3594320000000000
2747 0.3592580000000000
2748 0.3590790000000000
2752 0.3590720000000000
2753 0.3590300000000000
2755 0.3588990000000000
2756 0.3588670000000000
2758 0.3586840000000000
2759 0.3584260000000000
2763 0.3581090000000000
2764 0.3577380000000000
2767 0.3577310000000000
2768 0.3575960000000000
2773 0.3572230000000000
2774 0.3569070000000000
2779 0.3566210000000000
2780 0.3561560000000000
2784 0.3559990000000000
2785 0.3555350000000000
2787 0.3554250000000000
2789 0.3553200000000000
2791 0.3551890000000000
2792 0.3550870000000000
2793 0.3545890000000000
2805 0.3545420000000000
2820 0.3544830000000000
2828 0.3543840000000000
2843 0.3543500000000000
2844 0.3543490000000000
2854 0.3543250000000000
2855 0.3543010000000000
2856 0.3542940000000000
2857 0.3542840000000000
2860 0.3542670000000000
2861 0.3542180000000000
2863 0.3542080000000000
2864 0.3541410000000000
2866 0.3541220000000000
2867 0.3540290000000000
2869 0.3540160000000000
2870 0.3538980000000000
2872 0.3538400000000000
2873 0.3536520000000000
2875 0.3536230000000000
2876 0.3534190000000000
2883 0.3533950000000000
2888 0.3533150000000000
2892 0.3531620000000000
2893 0.3530580000000000
2899 0.3525860000000000
2915 0.3523080000000000
2921 0.3522800000000000
2930 0.3520840000000000
2933 0.3518870000000000
2934 0.3516330000000000
2936 0.3516160000000000
2937 0.3515210000000000
2943 0.3512270000000000
2944 0.3509000000000000
2952 0.3508220000000000
2953 0.3506000000000000
2955 0.3505710000000000
2956 0.3504180000000000
2958 0.3503040000000000
2959 0.3500020000000000
2960 0.3498830000000000
2961 0.3494570000000000
2963 0.3492980000000000
2964 0.3485410000000000
2967 0.3481460000000000
2968 0.3471310000000000
2970 0.3466170000000000
2978 0.3465390000000000
2983 0.3463950000000000
2985 0.3460380000000000
2989 0.3458280000000000
2990 0.3451650000000000
2999 0.3444200000000000
3000 0.3436220000000000
3005 0.3429250000000000
3006 0.3421880000000000
3008 0.3417860000000000
3009 0.3410250000000000
3010 0.3408190000000000
3011 0.3391090000000000
3013 0.3390410000000000
3014 0.3367680000000000
3016 0.3362470000000000
3017 0.3331250000000000
3019 0.3321490000000000
3020 0.3286060000000000
3022 0.3270060000000000
3023 0.3211450000000000
3025 0.3190390000000000
3026 0.3101780000000000
3028 0.3086990000000000
3029 0.2969350000000000
3031 0.2948510000000000
3032 0.2805660000000000
3034 0.2757430000000000
3035 0.2582120000000000
3037 0.2559780000000000
3038 0.2478970000000000
3039 0.2460440000000000
3042 0.2441310000000000
3054 0.2397710000000000
3055 0.2367160000000000
3061 0.2359830000000000
3062 0.2338190000000000
3063 0.2327600000000000
3064 0.2292790000000000
3066 0.2281860000000000
3068 0.2273150000000000
3070 0.2249340000000000
3080 0.2238680000000000
3085 0.2234660000000000
3095 0.2232550000000000
3099 0.2230650000000000
3101 0.2220600000000000
3102 0.2214030000000000
3107 0.2204290000000000
3108 0.2201600000000000
3111 0.2192150000000000
3112 0.2182100000000000
3114 0.2179240000000000
3115 0.2171400000000000
3116 0.2168910000000000
3117 0.2160870000000000
3120 0.2130890000000000
3121 0.2102270000000000
3130 0.2091640000000000
3131 0.2073100000000000
3134 0.2064430000000000
3135 0.2047070000000000
3137 0.2032690000000000
3138 0.2002990000000000
3153 0.1996100000000000
3154 0.1992620000000000
3166 0.1987980000000000
3176 0.1987550000000000
3181 0.1986520000000000
3182 0.1985230000000000
3188 0.1985210000000000
3225 0.1984060000000000
3234 0.1983160000000000
3238 0.1980480000000000
3239 0.1978850000000000
3247 0.1977350000000000
3252 0.1977000000000000
3259 0.1975910000000000
3292 0.1975820000000000
3309 0.1975450000000000
3310 0.1975280000000000
3313 0.1974790000000000
3344 0.1974690000000000
3371 0.1974620000000000
3393 0.1974550000000000
3398 0.1974500000000000
3402 0.1974370000000000
3428 0.1974320000000000
3449 0.1974280000000000
3453 0.1974260000000000
3458 0.1974250000000000
3470 0.1974230000000000
3471 0.1974200000000000
3503 0.1974170000000000
3507 0.1974160000000000
3508 0.1974120000000000
3510 0.1974110000000000
3513 0.1974080000000000
3514 0.1974070000000000
3515 0.1974020000000000
3519 0.1973960000000000
3520 0.1973880000000000
3527 0.1973860000000000
3531 0.1973800000000000
3534 0.1973770000000000
3539 0.1973710000000000
3541 0.1973700000000000
3542 0.1973660000000000
3543 0.1973640000000000
3544 0.1973570000000000
3551 0.1973560000000000
3552 0.1973520000000000
3553 0.1973450000000000
3554 0.1973330000000000
3561 0.1973320000000000
3568 0.1973260000000000
3579 0.1973200000000000
3584 0.1973170000000000
3589 0.1973090000000000
3615 0.1973050000000000
3647 0.1973010000000000
3648 0.1972990000000000
3657 0.1972960000000000
3658 0.1972920000000000
3663 0.1972900000000000
3664 0.1972860000000000
3675 0.1972850000000000
3683 0.1972840000000000
3736 0.1972830000000000
