1 2502.1527299999997922
3 2275.2921219999998357
5 1375.1476210000000719
15 198.5914469999999881
18 105.2399850000000043
26 25.9740010000000012
28 24.9998080000000016
61 22.7621169999999999
66 16.0830589999999987
74 15.0079809999999991
87 14.6317579999999996
90 14.6170810000000007
100 14.4629680000000000
104 14.4439489999999999
108 14.3411170000000006
118 14.3086929999999999
119 14.2374550000000006
122 14.1958490000000008
123 14.1658340000000003
124 14.0770320000000009
125 14.0131219999999992
126 13.9156700000000004
127 13.7077969999999993
128 13.6948480000000004
129 13.5736260000000009
130 13.4851589999999995
132 13.0154879999999995
133 12.4857259999999997
135 12.4835429999999992
136 12.3526120000000006
137 11.3137980000000002
138 10.0031549999999996
140 9.3544099999999997
141 8.1613830000000007
142 6.5888720000000003
144 6.2300620000000002
152 6.1540489999999997
154 5.8535300000000001
162 5.8527199999999997
163 5.6854600000000000
164 5.6039599999999998
167 5.4105600000000003
168 5.1708829999999999
172 4.8597029999999997
173 4.5993510000000004
175 4.5384320000000002
177 4.0712089999999996
178 3.8444970000000001
181 3.6990560000000001
182 3.3782649999999999
187 3.1486990000000001
188 3.0608290000000000
192 2.9165179999999999
193 2.8203680000000002
194 2.5103369999999998
195 2.3024339999999999
199 2.0950150000000001
200 1.7608029999999999
203 1.4858350000000000
204 1.4312540000000000
205 1.1750080000000001
207 1.1474240000000000
210 1.0841790000000000
211 0.6633820000000000
212 0.6513430000000000
214 0.4967710000000000
220 0.4672490000000000
221 0.2600600000000000
227 0.2308840000000000
229 0.1575010000000000
230 0.1146940000000000
233 0.0844370000000000
234 0.0475000000000000
236 0.0467750000000000
242 0.0046810000000000
250 0.0046730000000000
266 0.0012390000000000
268 0.0000000000000000
