1 4.9222549999999998
2 4.8383580000000004
8 1.8520420000000000
90 1.1433300000000000
139 1.0660149999999999
143 0.9620590000000000
146 0.9105750000000000
148 0.7523800000000000
161 0.7455180000000000
167 0.7019890000000000
169 0.5023640000000000
173 0.4486520000000000
228 0.4153620000000000
231 0.3901030000000000
234 0.3842570000000000
244 0.3575050000000000
248 0.3416530000000000
250 0.3393490000000000
252 0.3251940000000000
256 0.3153240000000000
262 0.3145590000000000
284 0.3093900000000000
301 0.2987610000000000
305 0.2962610000000000
333 0.2831420000000000
337 0.2718140000000000
393 0.2717970000000000
397 0.2652620000000000
436 0.2638440000000000
440 0.2626610000000000
444 0.2622590000000000
449 0.2617660000000000
454 0.2587230000000000
467 0.2580770000000000
518 0.2575210000000000
521 0.2573540000000000
526 0.2570370000000000
528 0.2564220000000000
529 0.2564000000000000
535 0.2560790000000000
545 0.2551060000000000
575 0.2550390000000000
611 0.2547850000000000
612 0.2545320000000000
626 0.2544220000000000
632 0.2543150000000000
638 0.2543010000000000
639 0.2542100000000000
642 0.2541300000000000
644 0.2538420000000000
646 0.2537770000000000
675 0.2537520000000000
679 0.2537480000000000
683 0.2537350000000000
696 0.2537150000000000
716 0.2536360000000000
758 0.2536300000000000
762 0.2536140000000000
801 0.2536090000000000
805 0.2536070000000000
831 0.2536050000000000
835 0.2536010000000000
851 0.2535960000000000
865 0.2535920000000000
870 0.2535900000000000
909 0.2535890000000000
916 0.2535880000000000
919 0.2535800000000000
949 0.2535790000000000
956 0.2535780000000000
959 0.2535740000000000
962 0.2535720000000000
964 0.2535700000000000
974 0.2535690000000000
981 0.2535680000000000
985 0.2535670000000000
988 0.2535660000000000
993 0.2535640000000000
1002 0.2535620000000000
1024 0.2535590000000000
1025 0.2535580000000000
1026 0.2535570000000000
1058 0.2535550000000000
1066 0.2535540000000000
1068 0.2535520000000000
1077 0.2535500000000000
1094 0.2535480000000000
1128 0.2535470000000000
