1 15.5000000000000000
2 14.0999999999999996
3 11.3800000000000008
15 10.1102369999999997
31 9.6211599999999997
45 9.3357340000000004
54 8.9137660000000007
55 6.4910620000000003
83 6.2143459999999999
88 5.2143459999999999
89 2.2143459999999999
109 1.7654110000000001
116 1.6216170000000001
138 0.9497100000000001
165 0.8483100000000000
178 0.7451530000000000
180 0.5819430000000000
186 0.5424580000000000
188 0.5162810000000000
190 0.5011160000000000
192 0.3943320000000000
198 0.3913050000000000
200 0.3806720000000000
204 0.3772280000000000
205 0.3707400000000000
208 0.3178640000000000
216 0.2948160000000000
226 0.2883720000000000
228 0.2745530000000000
260 0.2695380000000000
263 0.2688080000000000
265 0.2648820000000000
270 0.2515740000000000
286 0.2430660000000000
287 0.2404780000000000
290 0.2383390000000000
291 0.2363820000000000
292 0.2321450000000000
338 0.2320670000000000
341 0.2315760000000000
345 0.2311270000000000
347 0.2310580000000000
359 0.2308340000000000
363 0.2305760000000000
407 0.2304720000000000
408 0.2302970000000000
418 0.2302940000000000
419 0.2302930000000000
422 0.2302910000000000
424 0.2302750000000000
426 0.2302560000000000
429 0.2302240000000000
433 0.2301660000000000
453 0.2301590000000000
490 0.2301470000000000
491 0.2301330000000000
499 0.2301240000000000
505 0.2301150000000000
506 0.2301120000000000
507 0.2301050000000000
508 0.2300910000000000
511 0.2300850000000000
512 0.2300720000000000
513 0.2300570000000000
514 0.2300240000000000
520 0.2300140000000000
527 0.2300120000000000
530 0.2300070000000000
544 0.2300050000000000
548 0.2300030000000000
551 0.2300000000000000
553 0.2299990000000000
561 0.2299970000000000
562 0.2299960000000000
563 0.2299940000000000
573 0.2299930000000000
580 0.2299880000000000
581 0.2299770000000000
598 0.2299720000000000
601 0.2299610000000000
602 0.2299490000000000
613 0.2299480000000000
637 0.2299370000000000
650 0.2299360000000000
653 0.2299330000000000
659 0.2299320000000000
710 0.2299300000000000
