1 112.0000000000000000
13 87.7199999999999989
14 39.1199999999999974
18 36.6899999999999977
19 21.8599999999999994
52 21.3799999999999990
56 20.9100000000000001
63 20.0100000000000016
68 18.6600000000000001
87 17.3999999999999986
142 17.1799999999999997
166 16.9102500000000013
170 16.7505600000000001
176 16.4705599999999990
179 16.4305599999999998
180 16.0305600000000013
189 15.7605599999999999
213 15.6088900000000006
230 15.5428899999999999
241 15.4888899999999996
270 15.4689800000000002
293 15.4630810000000007
296 15.3969109999999993
298 15.3175709999999992
306 15.2889839999999992
333 15.2474310000000006
337 15.1774310000000003
342 15.1074310000000001
348 15.0674309999999991
390 15.0601889999999994
398 15.0576080000000001
410 15.0558569999999996
413 15.0555210000000006
415 15.0526789999999995
418 15.0518459999999994
419 15.0468240000000009
441 15.0445530000000005
454 15.0368820000000003
467 15.0139770000000006
486 14.9723710000000008
493 14.9708559999999995
516 14.9707509999999999
553 14.9649590000000003
555 14.9643090000000001
587 14.9640380000000004
636 14.9640039999999992
638 14.9638390000000001
646 14.9636270000000007
659 14.9634950000000000
678 14.9634060000000009
692 14.9633950000000002
709 14.9632919999999991
710 14.9632810000000003
757 14.9632679999999993
761 14.9632500000000004
770 14.9632269999999998
772 14.9632149999999999
778 14.9631760000000007
783 14.9631500000000006
787 14.9631299999999996
807 14.9631030000000003
816 14.9630949999999991
817 14.9630770000000002
822 14.9630749999999999
825 14.9630700000000001
829 14.9630690000000008
853 14.9628370000000004
870 14.9627110000000005
890 14.9627040000000004
896 14.9626940000000008
916 14.9626300000000008
934 14.9626009999999994
958 14.9625880000000002
975 14.9625859999999999
978 14.9625769999999996
982 14.9625430000000001
1001 14.9625409999999999
1005 14.9625240000000002
1009 14.9625199999999996
1038 14.9625149999999998
1042 14.9625129999999995
1044 14.9625100000000000
1094 14.9625070000000004
1108 14.9625059999999994
1145 14.9625050000000002
1182 14.9625029999999999
1217 14.9625020000000006
1258 14.9625009999999996
