1 26.9041660000000000
11 25.6442380000000014
12 14.3580279999999991
19 9.6594599999999993
36 4.7370270000000003
61 2.4527610000000002
72 2.0099619999999998
112 1.2201169999999999
113 0.8177780000000000
128 0.6690000000000000
129 0.3828890000000000
143 0.2504540000000000
151 0.1589910000000000
204 0.1482590000000000
210 0.0305860000000000
277 0.0288140000000000
296 0.0283470000000000
306 0.0266800000000000
313 0.0262940000000000
314 0.0255260000000000
324 0.0247320000000000
325 0.0244360000000000
335 0.0240140000000000
352 0.0143860000000000
400 0.0142200000000000
412 0.0141060000000000
415 0.0140680000000000
418 0.0138490000000000
421 0.0137890000000000
426 0.0136710000000000
435 0.0135570000000000
440 0.0135410000000000
444 0.0134740000000000
484 0.0129960000000000
492 0.0129830000000000
508 0.0128240000000000
528 0.0127230000000000
536 0.0123870000000000
537 0.0122820000000000
544 0.0120700000000000
545 0.0117470000000000
556 0.0116720000000000
557 0.0112230000000000
561 0.0109520000000000
562 0.0106110000000000
566 0.0105930000000000
567 0.0103570000000000
568 0.0100170000000000
569 0.0096210000000000
573 0.0093730000000000
574 0.0089880000000000
582 0.0089710000000000
584 0.0086300000000000
587 0.0086020000000000
589 0.0082500000000000
590 0.0080350000000000
595 0.0076840000000000
596 0.0072100000000000
601 0.0071410000000000
602 0.0066170000000000
608 0.0064620000000000
609 0.0064430000000000
610 0.0060930000000000
611 0.0060350000000000
615 0.0055050000000000
616 0.0054000000000000
623 0.0043630000000000
624 0.0039800000000000
633 0.0037210000000000
639 0.0031840000000000
647 0.0031480000000000
650 0.0029360000000000
652 0.0029350000000000
657 0.0026610000000000
664 0.0023720000000000
667 0.0020660000000000
668 0.0018420000000000
678 0.0016450000000000
679 0.0016040000000000
686 0.0014790000000000
689 0.0014580000000000
692 0.0014450000000000
696 0.0011240000000000
699 0.0010990000000000
701 0.0010370000000000
702 0.0010270000000000
705 0.0008650000000000
708 0.0008130000000000
712 0.0007410000000000
714 0.0005830000000000
715 0.0005620000000000
724 0.0004840000000000
726 0.0004100000000000
731 0.0003800000000000
761 0.0003640000000000
765 0.0002800000000000
770 0.0001750000000000
771 0.0001210000000000
811 0.0001150000000000
817 0.0000590000000000
836 0.0000580000000000
877 0.0000530000000000
879 0.0000380000000000
901 0.0000360000000000
905 0.0000350000000000
914 0.0000320000000000
951 0.0000310000000000
