1 11189.0000000000000000
2 11020.7000000000007276
3 10515.7999999999992724
4 9001.1000000000003638
5 4457.0000000000000000
7 3727.6999999999998181
8 1539.7999999999999545
10 195.0000000000000000
52 167.9569999999999936
78 65.2939999999999969
81 31.3939999999999984
134 15.5401399999999992
167 15.5379000000000005
198 15.3883500000000009
232 15.3882600000000007
240 15.3816900000000008
244 15.3811099999999996
272 15.3774730000000002
273 15.3761270000000003
290 15.3757549999999998
324 15.3754919999999995
334 15.3752080000000007
361 15.3750359999999997
461 15.3750210000000003
468 15.3750149999999994
472 15.3750070000000001
514 15.3750020000000003
555 15.3750009999999993
581 15.3750000000000000
