1 8158876.6252110004425049
11 2863990.8936939998529851
12 1119.3422310000000834
21 187.6991069999999979
23 42.7877129999999966
88 41.2713999999999999
91 31.4058020000000013
123 28.9258160000000011
127 20.2722000000000016
130 2.4696210000000001
147 2.4308250000000000
175 2.0671409999999999
178 1.5275230000000000
202 0.3354640000000000
249 0.3298960000000000
252 0.3288200000000000
258 0.2822790000000000
260 0.2509590000000000
268 0.2109980000000000
271 0.1899760000000000
276 0.1803900000000000
278 0.1786250000000000
286 0.1690580000000000
299 0.1638430000000000
302 0.1632560000000000
332 0.1630070000000000
335 0.1614120000000000
338 0.1573400000000000
364 0.1563950000000000
396 0.1524840000000000
400 0.1482480000000000
418 0.1395560000000000
419 0.1348730000000000
432 0.1269260000000000
433 0.1206920000000000
448 0.1192880000000000
454 0.1106550000000000
455 0.1029830000000000
462 0.1015660000000000
463 0.0952480000000000
468 0.0893900000000000
469 0.0852980000000000
470 0.0848630000000000
471 0.0847890000000000
472 0.0830040000000000
474 0.0779410000000000
475 0.0730700000000000
476 0.0715440000000000
477 0.0648000000000000
479 0.0617460000000000
480 0.0562510000000000
481 0.0486220000000000
482 0.0335600000000000
493 0.0238330000000000
498 0.0212720000000000
505 0.0190400000000000
510 0.0188060000000000
512 0.0178640000000000
519 0.0177230000000000
521 0.0167860000000000
525 0.0166810000000000
529 0.0160290000000000
531 0.0156570000000000
536 0.0155730000000000
541 0.0154660000000000
545 0.0154390000000000
553 0.0151160000000000
557 0.0149610000000000
604 0.0149480000000000
613 0.0148830000000000
619 0.0148780000000000
635 0.0148570000000000
652 0.0148440000000000
669 0.0148110000000000
699 0.0148010000000000
701 0.0143970000000000
727 0.0143810000000000
732 0.0143540000000000
734 0.0142360000000000
771 0.0142060000000000
788 0.0141740000000000
827 0.0141500000000000
832 0.0141370000000000
834 0.0141360000000000
838 0.0141260000000000
841 0.0140680000000000
855 0.0140600000000000
857 0.0140240000000000
869 0.0140030000000000
871 0.0139930000000000
875 0.0139860000000000
878 0.0139820000000000
883 0.0139530000000000
891 0.0139440000000000
892 0.0139410000000000
898 0.0139380000000000
900 0.0139180000000000
902 0.0139170000000000
908 0.0138930000000000
909 0.0138740000000000
919 0.0138500000000000
920 0.0138270000000000
925 0.0138200000000000
926 0.0138020000000000
930 0.0137750000000000
931 0.0137540000000000
937 0.0137510000000000
942 0.0137290000000000
949 0.0137250000000000
950 0.0137230000000000
959 0.0137210000000000
965 0.0137160000000000
967 0.0137150000000000
971 0.0137060000000000
972 0.0137040000000000
975 0.0137020000000000
981 0.0136970000000000
986 0.0136860000000000
987 0.0136810000000000
997 0.0136710000000000
998 0.0136700000000000
1001 0.0136650000000000
1002 0.0136630000000000
1007 0.0136610000000000
1009 0.0136470000000000
1010 0.0136430000000000
1014 0.0136410000000000
1017 0.0136370000000000
1019 0.0136360000000000
1022 0.0136300000000000
1024 0.0136220000000000
1026 0.0136180000000000
1029 0.0136080000000000
1030 0.0136030000000000
1034 0.0135980000000000
1036 0.0135970000000000
1038 0.0135830000000000
1039 0.0135770000000000
1044 0.0135610000000000
1047 0.0135510000000000
1048 0.0135470000000000
1051 0.0135460000000000
1053 0.0135450000000000
1057 0.0135280000000000
1063 0.0135270000000000
1070 0.0135170000000000
1077 0.0135140000000000
1088 0.0135130000000000
1089 0.0135120000000000
1094 0.0135060000000000
1108 0.0135050000000000
1114 0.0135040000000000
1116 0.0135020000000000
1117 0.0135010000000000
1118 0.0135000000000000
1119 0.0134990000000000
1121 0.0134960000000000
1122 0.0134940000000000
1126 0.0134930000000000
1128 0.0134890000000000
1129 0.0134860000000000
1134 0.0134790000000000
1135 0.0134720000000000
1145 0.0134650000000000
1146 0.0134580000000000
1150 0.0134560000000000
1151 0.0134460000000000
1156 0.0134420000000000
1157 0.0134350000000000
1160 0.0134240000000000
1161 0.0134110000000000
1165 0.0134010000000000
1166 0.0133820000000000
1171 0.0133670000000000
1172 0.0133490000000000
1174 0.0133480000000000
1175 0.0133280000000000
1177 0.0133270000000000
1178 0.0133080000000000
1183 0.0132720000000000
1184 0.0132440000000000
1187 0.0132350000000000
1188 0.0132010000000000
1192 0.0131880000000000
1193 0.0131550000000000
1198 0.0131240000000000
1199 0.0130860000000000
1202 0.0130640000000000
1203 0.0129950000000000
1208 0.0129880000000000
1209 0.0129340000000000
1212 0.0128950000000000
1213 0.0128150000000000
1217 0.0127240000000000
1218 0.0125820000000000
1223 0.0125490000000000
1224 0.0124750000000000
1226 0.0124400000000000
1229 0.0122850000000000
1230 0.0121060000000000
1235 0.0120050000000000
1236 0.0118310000000000
1239 0.0118270000000000
1240 0.0116950000000000
1243 0.0116410000000000
1244 0.0115450000000000
1245 0.0115100000000000
1246 0.0113710000000000
1248 0.0112250000000000
1249 0.0110550000000000
1253 0.0110130000000000
1254 0.0109170000000000
1256 0.0107020000000000
1257 0.0104380000000000
1264 0.0103650000000000
1265 0.0103560000000000
1270 0.0103100000000000
1271 0.0102980000000000
1273 0.0101520000000000
1274 0.0100650000000000
1276 0.0098620000000000
1277 0.0097080000000000
1278 0.0094670000000000
1279 0.0089460000000000
1284 0.0087140000000000
1285 0.0082610000000000
1290 0.0077420000000000
1291 0.0070330000000000
1297 0.0065020000000000
1298 0.0060300000000000
1300 0.0059960000000000
1302 0.0055370000000000
1303 0.0051210000000000
1305 0.0050620000000000
1306 0.0045500000000000
1311 0.0042020000000000
1313 0.0036740000000000
1317 0.0035520000000000
1329 0.0035110000000000
1332 0.0031970000000000
1340 0.0031700000000000
1342 0.0030930000000000
1346 0.0028390000000000
1347 0.0028070000000000
1353 0.0027430000000000
1359 0.0023790000000000
1360 0.0021900000000000
1372 0.0019620000000000
1375 0.0018630000000000
1379 0.0016860000000000
1380 0.0015750000000000
1386 0.0013900000000000
1387 0.0011950000000000
1395 0.0009730000000000
1396 0.0009690000000000
1397 0.0009510000000000
1403 0.0008390000000000
1405 0.0005670000000000
1413 0.0003880000000000
1429 0.0002640000000000
1436 0.0002290000000000
1440 0.0002190000000000
1454 0.0001750000000000
1458 0.0001670000000000
1471 0.0001600000000000
1472 0.0001550000000000
1479 0.0001520000000000
1481 0.0001340000000000
1492 0.0001320000000000
1496 0.0001310000000000
1503 0.0001260000000000
1505 0.0001230000000000
1513 0.0001220000000000
1522 0.0001210000000000
1524 0.0001190000000000
1578 0.0001160000000000
1624 0.0001150000000000
