1 16.4337860000000013
4 7.8445549999999997
7 6.7306140000000001
17 5.4206269999999996
30 4.3036300000000001
31 3.5430720000000000
34 3.1652870000000002
37 2.7510279999999998
39 1.8930260000000001
40 1.6584600000000000
48 1.0763309999999999
50 0.8941940000000000
53 0.4876900000000000
59 0.3433300000000000
63 0.3190840000000000
64 0.3184420000000000
79 0.2491560000000000
82 0.1803560000000000
86 0.1716660000000000
114 0.1175450000000000
127 0.1131450000000000
132 0.1078740000000000
133 0.1065100000000000
136 0.0980090000000000
143 0.0975520000000000
146 0.0900700000000000
173 0.0855680000000000
187 0.0823170000000000
190 0.0819710000000000
191 0.0738740000000000
213 0.0735510000000000
215 0.0730530000000000
217 0.0724580000000000
223 0.0719370000000000
225 0.0714810000000000
231 0.0705590000000000
242 0.0451680000000000
255 0.0348570000000000
268 0.0185470000000000
279 0.0179540000000000
290 0.0168370000000000
302 0.0138840000000000
313 0.0126970000000000
317 0.0118510000000000
320 0.0113030000000000
325 0.0109670000000000
329 0.0102930000000000
335 0.0095640000000000
336 0.0094640000000000
354 0.0092680000000000
366 0.0088880000000000
391 0.0087960000000000
393 0.0086960000000000
397 0.0086740000000000
401 0.0086330000000000
420 0.0086300000000000
434 0.0086170000000000
437 0.0085570000000000
451 0.0084920000000000
466 0.0084230000000000
493 0.0083690000000000
495 0.0083640000000000
502 0.0083610000000000
506 0.0083500000000000
508 0.0083450000000000
522 0.0083050000000000
537 0.0082940000000000
539 0.0082820000000000
542 0.0082700000000000
555 0.0082500000000000
556 0.0082180000000000
570 0.0082150000000000
571 0.0082080000000000
572 0.0082000000000000
575 0.0081770000000000
579 0.0081620000000000
580 0.0081470000000000
581 0.0081300000000000
586 0.0081120000000000
587 0.0080810000000000
588 0.0080760000000000
604 0.0080430000000000
608 0.0080170000000000
609 0.0079890000000000
622 0.0079750000000000
637 0.0078700000000000
652 0.0078260000000000
676 0.0078210000000000
687 0.0078130000000000
717 0.0077970000000000
731 0.0077860000000000
733 0.0077490000000000
735 0.0075350000000000
737 0.0075080000000000
739 0.0074580000000000
740 0.0074100000000000
752 0.0073470000000000
768 0.0073120000000000
769 0.0072540000000000
773 0.0071950000000000
774 0.0071730000000000
778 0.0069300000000000
779 0.0068070000000000
788 0.0066540000000000
802 0.0063660000000000
823 0.0061390000000000
826 0.0059560000000000
827 0.0057710000000000
831 0.0055190000000000
854 0.0053630000000000
879 0.0051690000000000
884 0.0049840000000000
901 0.0048800000000000
915 0.0048660000000000
918 0.0048060000000000
954 0.0048000000000000
967 0.0047950000000000
970 0.0045310000000000
972 0.0044920000000000
995 0.0043960000000000
1014 0.0043430000000000
1016 0.0043350000000000
1036 0.0043020000000000
1041 0.0042720000000000
1098 0.0042170000000000
1114 0.0041480000000000
1116 0.0040780000000000
1118 0.0040760000000000
1120 0.0040280000000000
1133 0.0039450000000000
1134 0.0039050000000000
1140 0.0038470000000000
1141 0.0037690000000000
1143 0.0037420000000000
1144 0.0036120000000000
1148 0.0035430000000000
1149 0.0035180000000000
1151 0.0034510000000000
1153 0.0034010000000000
1154 0.0033610000000000
1155 0.0033190000000000
1156 0.0032580000000000
1164 0.0031650000000000
1165 0.0030960000000000
1177 0.0030880000000000
1179 0.0029520000000000
1180 0.0028930000000000
1189 0.0028690000000000
1190 0.0028330000000000
1192 0.0027770000000000
1193 0.0027120000000000
1197 0.0027060000000000
1201 0.0026380000000000
1204 0.0026370000000000
1205 0.0026040000000000
1207 0.0025930000000000
1210 0.0024790000000000
1211 0.0024540000000000
1212 0.0024490000000000
1213 0.0024340000000000
1216 0.0023980000000000
1226 0.0023470000000000
1227 0.0023280000000000
1247 0.0023190000000000
1253 0.0023070000000000
1259 0.0022970000000000
1273 0.0022900000000000
1311 0.0022880000000000
1381 0.0022870000000000
