1 11300132732473.4570312500000000
14 9311404512960.1464843750000000
15 4726829798357.2431640625000000
16 3513356767305.4887695312500000
33 1794534103794.4174804687500000
37 1410928486388.5280761718750000
44 1053862481969.8041992187500000
61 874452015054.8282470703125000
78 822696891689.9777832031250000
85 798229297686.8724365234375000
103 701955081380.6669921875000000
109 582700541238.8094482421875000
117 561899677085.2451171875000000
119 548307484650.4088745117187500
123 511338047958.5385742187500000
127 506284401324.0041503906250000
129 491348918058.7473144531250000
132 483120897785.8170166015625000
133 456898905338.3034667968750000
140 449725124597.1256103515625000
143 419376870227.5490112304687500
146 416557099619.4788818359375000
149 369811359538.8270263671875000
171 82536229321.1567993164062500
173 27138464027.4833106994628906
190 3439226017.6120738983154297
254 159664484.1967020034790039
307 147124843.5192649960517883
309 101430605.3419180065393448
328 74734444.3317860066890717
352 32297757.0343500003218651
403 32116367.5312630012631416
407 27413061.0439019985496998
410 15127333.7795710004866123
424 10959377.9123359993100166
446 10356141.9322399999946356
464 785156.5655040000565350
466 263617.2079570000059903
483 15190.5644439999996393
517 713.9199720000000298
578 154.5531220000000019
580 65.3535550000000001
598 45.7672170000000023
616 36.9968489999999974
650 0.5490730000000000
652 0.1664350000000000
669 0.1398200000000000
704 0.0985720000000000
706 0.0118410000000000
724 0.0008750000000000
773 0.0008200000000000
775 0.0005900000000000
793 0.0000170000000000
937 0.0000130000000000
945 0.0000110000000000
954 0.0000100000000000
991 0.0000080000000000
993 0.0000070000000000
994 0.0000060000000000
1001 0.0000050000000000
1010 0.0000040000000000
1021 0.0000030000000000
1049 0.0000020000000000
