1 154575360.0000000000000000
3 154569986.0000000000000000
4 154553888.0000000000000000
5 154505810.0000000000000000
6 154363520.0000000000000000
7 153954146.0000000000000000
8 152883488.0000000000000000
9 151088690.0000000000000000
12 81470050.0000000000000000
13 42635528.0000000000000000
15 22944256.0000000000000000
17 15935650.0000000000000000
18 12201746.0000000000000000
22 5725448.0000000000000000
23 1881288.0000000000000000
26 1079138.0000000000000000
29 775912.0000000000000000
31 509540.0000000000000000
33 356978.0000000000000000
35 144722.0000000000000000
40 61610.0000000000000000
41 55432.0000000000000000
42 19072.0000000000000000
46 19012.0000000000000000
49 2692.0000000000000000
50 936.0000000000000000
51 250.0000000000000000
56 52.0000000000000000
63 50.0000000000000000
79 49.5656400000000019
81 49.1286470000000008
84 49.0547880000000021
101 49.0541369999999972
113 48.9844069999999974
128 48.9843970000000013
130 48.9842569999999995
151 48.9842540000000000
