1 0.0288830000000000
40 0.0234190000000000
52 0.0197740000000000
66 0.0172040000000000
74 0.0160650000000000
82 0.0151910000000000
85 0.0141120000000000
92 0.0124960000000000
93 0.0115830000000000
99 0.0105860000000000
100 0.0098850000000000
109 0.0084700000000000
116 0.0074900000000000
117 0.0067510000000000
119 0.0063480000000000
124 0.0059400000000000
130 0.0037950000000000
142 0.0037600000000000
155 0.0034490000000000
158 0.0034360000000000
161 0.0032710000000000
170 0.0031130000000000
171 0.0029570000000000
178 0.0028980000000000
181 0.0028800000000000
185 0.0025330000000000
199 0.0023870000000000
200 0.0021110000000000
203 0.0019050000000000
218 0.0013910000000000
256 0.0012930000000000
273 0.0010460000000000
281 0.0010040000000000
304 0.0009080000000000
307 0.0007860000000000
317 0.0006320000000000
318 0.0005480000000000
326 0.0004690000000000
329 0.0003240000000000
337 0.0003200000000000
348 0.0002120000000000
387 0.0001870000000000
407 0.0001850000000000
425 0.0001710000000000
428 0.0001700000000000
431 0.0000650000000000
469 0.0000490000000000
471 0.0000400000000000
482 0.0000330000000000
485 0.0000280000000000
518 0.0000230000000000
523 0.0000210000000000
529 0.0000200000000000
537 0.0000190000000000
541 0.0000180000000000
553 0.0000170000000000
602 0.0000160000000000
