1 10590.9478739999995014
2 10002.3153679999995802
6 6105.2173339999999371
7 409.1009730000000104
17 216.0288769999999943
28 191.4383679999999970
30 170.5244950000000017
37 143.7143169999999941
45 23.4909660000000002
55 20.9272360000000006
64 5.9496729999999998
83 5.5843150000000001
106 3.5065620000000002
108 2.4512380000000000
114 2.2156400000000001
116 2.0046759999999999
123 1.8684220000000000
127 1.5999900000000000
128 1.4325390000000000
132 1.3227570000000000
134 1.1621170000000001
135 0.9528830000000000
137 0.9309190000000001
139 0.6507950000000000
140 0.6112620000000000
141 0.4458050000000000
142 0.2529630000000000
145 0.2406140000000000
150 0.2313680000000000
151 0.2004560000000000
154 0.1791080000000000
170 0.0397140000000000
172 0.0352740000000000
174 0.0066070000000000
190 0.0025250000000000
194 0.0006880000000000
216 0.0000010000000000
235 0.0000000000000000
