1 2500.0000000000000000
3 2274.4072879999998804
5 1374.8082119999999122
14 198.4072879999999941
17 105.3246149999999943
25 25.0000000000000000
63 19.9935399999999994
69 19.7605800000000009
72 19.5017780000000016
75 19.0209049999999991
76 18.8183590000000009
78 17.8161099999999983
79 17.4195129999999985
89 16.9385429999999992
90 16.5702129999999990
93 15.8187610000000003
94 15.2598710000000004
96 15.0484679999999997
97 15.0013100000000001
98 13.1478999999999999
99 12.2681269999999998
102 11.7285350000000008
103 10.3077710000000007
106 8.1608669999999996
107 7.6728600000000000
110 6.9178030000000001
119 6.6729799999999999
123 6.5712380000000001
125 6.3391770000000003
126 6.3257940000000001
127 5.9471520000000000
128 5.6486739999999998
130 5.4935109999999998
132 4.8066000000000004
133 4.4245099999999997
138 3.6772550000000002
139 3.4705349999999999
143 3.3189020000000000
145 3.1460930000000000
150 3.0656930000000000
151 3.0469830000000000
152 2.8273480000000002
154 2.5295540000000001
157 2.4155039999999999
161 2.1318730000000001
162 2.1133899999999999
163 2.0336040000000000
165 1.8769450000000001
167 1.7435970000000001
169 1.6144430000000001
173 1.6111219999999999
176 1.5062050000000000
177 1.3281480000000001
178 1.1599580000000000
182 0.9510890000000000
183 0.8801140000000000
184 0.8390480000000000
187 0.5846690000000000
192 0.5534060000000000
194 0.4602160000000000
198 0.3329220000000000
199 0.3000050000000000
202 0.2480140000000000
203 0.1679280000000000
205 0.1501270000000000
209 0.1442520000000000
211 0.0621350000000000
212 0.0564890000000000
213 0.0290810000000000
227 0.0218310000000000
237 0.0099060000000000
247 0.0000590000000000
265 0.0000150000000000
285 0.0000100000000000
287 0.0000020000000000
290 0.0000010000000000
299 0.0000000000000000
