1 1031.6477390000000014
2 884.8834419999999454
3 420.6536310000000185
4 108.8626239999999967
9 79.4845530000000053
13 46.9758250000000004
15 12.9951650000000001
17 11.0635940000000002
34 0.1356060000000000
36 0.0547590000000000
77 0.0101280000000000
103 0.0008110000000000
116 0.0007220000000000
118 0.0001960000000000
125 0.0001900000000000
126 0.0001790000000000
127 0.0001710000000000
134 0.0001700000000000
147 0.0001650000000000
149 0.0001100000000000
153 0.0000200000000000
155 0.0000020000000000
160 0.0000000000000000
