1 7929369.2869220003485680
4 4682054.7623629998415709
5 2413011.8425309997983277
8 2282961.0128999999724329
10 1590791.9764179999474436
12 1320191.2100009999703616
14 715902.0963250000495464
17 713811.8480889999773353
18 710823.8703900000546128
19 703175.4134580000536516
23 570445.7542730000568554
28 508891.6035430000047199
34 335885.5404069999931380
51 320983.6350359999923967
54 161309.1123709999956191
60 150034.4003190000075847
68 134135.0229640000034124
71 125023.1314370000036433
74 96218.9548019999929238
94 91306.8601230000058422
98 88081.4564410000020871
125 87497.3745480000070529
126 86901.2488040000025649
135 86779.0855250000022352
144 86772.4887489999964600
152 86523.3250319999933708
153 86451.6954629999963799
170 86010.9223659999988740
184 85796.4630239999969490
207 85772.8605490000045393
215 85763.0188630000047851
216 85757.6443219999928260
219 85745.4398890000011306
302 85744.8111420000059297
308 85744.7582729999994626
309 85744.5550519999960670
313 85744.5274880000069970
318 85744.4832230000029085
326 85744.4588720000028843
328 85744.4563499999931082
330 85744.4147039999952540
335 85744.3924289999995381
339 85744.3647059999930207
340 85744.3381640000006882
344 85744.3374389999953564
346 85744.3276159999950323
348 85744.2914170000003651
351 85744.2872930000012275
352 85744.2856650000030641
353 85744.2846259999932954
355 85744.2223830000002636
356 85744.1827579999953741
365 85744.1795710000005784
366 85744.1769280000007711
367 85744.1455669999995735
368 85744.1239619999978459
369 85744.0980899999995017
370 85744.0558619999937946
373 85744.0379140000004554
376 85744.0084689999930561
377 85743.9929050000064308
379 85743.9558289999986300
383 85743.8882390000071609
384 85743.8564119999937247
386 85743.8303799999994226
390 85743.7423940000007860
391 85743.7111929999955464
396 85743.6489080000028480
414 85743.6334289999940665
432 85743.6275509999977658
439 85743.6254349999944679
441 85743.6250299999956042
443 85743.6237200000032317
446 85743.6220389999944018
451 85743.6205429999972694
463 85743.6176700000069104
474 85743.6167399999976624
500 85743.6163680000026943
546 85743.6163660000020172
550 85743.6163640000013402
554 85743.6163620000006631
571 85743.6163570000062464
