1 904.0000000000000000
10 582.0254999999999654
11 139.1999999999999886
13 129.4493999999999971
14 76.9647999999999968
15 74.1006000000000000
34 73.0366000000000071
42 57.9724000000000004
62 56.1657000000000011
64 51.6146559999999965
65 46.4764839999999992
77 43.9544750000000022
83 41.2579179999999965
85 37.4595040000000026
86 37.1826089999999994
95 34.1420439999999985
107 32.9608160000000012
119 31.4119479999999989
122 28.7610959999999984
123 28.0702730000000003
127 21.8191290000000002
154 20.4040560000000006
159 18.6730899999999984
160 17.6212799999999987
176 17.3949800000000003
187 16.7547800000000002
190 14.7224579999999996
199 14.4575440000000004
206 13.5258590000000005
215 13.0027899999999992
231 12.9212349999999994
247 12.3321780000000008
274 12.1401420000000009
280 12.0012469999999993
281 11.9626180000000009
284 11.0850880000000007
289 10.6524439999999991
316 10.3236390000000000
335 10.3232649999999992
341 10.2922030000000007
385 10.2745789999999992
387 10.2733530000000002
389 10.2686539999999997
391 10.2621870000000008
396 10.2476430000000001
431 10.2464980000000008
433 10.2440110000000004
442 10.2426940000000002
446 10.2419130000000003
449 10.2414470000000009
450 10.2411700000000003
459 10.2411320000000003
462 10.2410619999999994
468 10.2406690000000005
469 10.2400730000000006
479 10.2392690000000002
517 10.2389790000000005
519 10.2389779999999995
531 10.2389740000000007
580 10.2389729999999997
