1 11296272706111.2988281250000000
14 9302390349245.9589843750000000
15 4725264100810.8623046875000000
16 3513899926518.5795898437500000
33 1793330501121.7268066406250000
38 1409518738325.4853515625000000
54 1035289246762.2947998046875000
79 787022077588.8132324218750000
132 738249228320.7088623046875000
134 176479238878.7536315917968750
136 14847636843.1314945220947266
148 5201257742.3990402221679688
165 3557341395.5967760086059570
235 3522942455.1567020416259766
268 718499045.4215199947357178
291 653140770.6743940114974976
321 460806825.7856739759445190
349 347107742.0863699913024902
375 207651623.2947140038013458
388 205950229.5494320094585419
405 158922130.1316919922828674
422 55363961.6414619982242584
439 47226535.0791520029306412
455 402533.7234750000061467
577 376925.4133990000118501
579 366181.3384910000022501
581 285939.2739890000084415
588 242764.6374990000040270
590 199236.3424550000054296
598 171938.7669680000108201
609 169226.0964009999879636
611 151759.0663690000073984
613 146628.3794700000144076
617 139519.3843390000110958
621 123855.8794020000059390
626 121188.4560499999934109
629 119875.8835830000025453
631 108343.2028920000011567
636 101781.8437490000069374
641 92711.7082780000055209
660 11075.8584269999992102
707 247.6358759999999961
786 3.3552670000000000
804 1.6482610000000000
821 0.7557010000000000
855 0.1137470000000000
932 0.0850390000000000
934 0.0780920000000000
936 0.0743880000000000
938 0.0669770000000000
940 0.0566370000000000
942 0.0533290000000000
952 0.0524960000000000
955 0.0423440000000000
978 0.0404950000000000
981 0.0389770000000000
983 0.0383260000000000
985 0.0362130000000000
988 0.0314320000000000
1002 0.0301060000000000
1024 0.0298760000000000
1026 0.0293370000000000
1028 0.0273100000000000
1041 0.0271670000000000
1044 0.0262930000000000
1049 0.0262060000000000
1052 0.0249630000000000
1074 0.0247420000000000
1075 0.0233040000000000
1078 0.0230610000000000
1087 0.0212510000000000
1095 0.0200010000000000
1102 0.0188940000000000
1108 0.0187190000000000
1113 0.0184080000000000
1122 0.0179710000000000
1124 0.0171690000000000
1128 0.0165870000000000
1130 0.0158150000000000
1131 0.0153480000000000
1138 0.0152380000000000
1140 0.0143320000000000
1143 0.0141210000000000
1147 0.0136630000000000
1155 0.0123410000000000
1158 0.0113820000000000
1159 0.0109120000000000
1167 0.0104580000000000
1171 0.0103190000000000
1173 0.0102780000000000
1184 0.0096500000000000
1191 0.0085490000000000
1192 0.0082970000000000
1207 0.0000010000000000
1254 0.0000000000000000
