1 0.0267400000000000
54 0.0257400000000000
58 0.0240720000000000
70 0.0206130000000000
82 0.0195420000000000
88 0.0184370000000000
97 0.0168190000000000
104 0.0156230000000000
122 0.0154940000000000
126 0.0153000000000000
129 0.0152440000000000
135 0.0147470000000000
151 0.0147250000000000
155 0.0147050000000000
173 0.0144030000000000
194 0.0143660000000000
196 0.0141420000000000
198 0.0139900000000000
222 0.0137560000000000
229 0.0133330000000000
231 0.0131040000000000
232 0.0129840000000000
240 0.0125890000000000
244 0.0123950000000000
246 0.0121500000000000
247 0.0119190000000000
254 0.0118900000000000
256 0.0116990000000000
257 0.0116900000000000
259 0.0116020000000000
266 0.0114270000000000
275 0.0113790000000000
285 0.0111640000000000
286 0.0111580000000000
296 0.0111330000000000
300 0.0109200000000000
302 0.0108900000000000
326 0.0108740000000000
327 0.0106100000000000
351 0.0104980000000000
370 0.0104800000000000
389 0.0103570000000000
394 0.0102660000000000
397 0.0101660000000000
417 0.0099690000000000
441 0.0097750000000000
456 0.0097560000000000
463 0.0096190000000000
469 0.0095050000000000
470 0.0094630000000000
487 0.0093360000000000
506 0.0091170000000000
524 0.0088120000000000
556 0.0087350000000000
559 0.0086750000000000
564 0.0086300000000000
596 0.0080570000000000
602 0.0079690000000000
603 0.0078610000000000
604 0.0078190000000000
606 0.0075030000000000
607 0.0073260000000000
609 0.0070370000000000
610 0.0068480000000000
630 0.0064330000000000
631 0.0063960000000000
633 0.0063860000000000
635 0.0063650000000000
646 0.0061480000000000
650 0.0061360000000000
672 0.0060290000000000
675 0.0059200000000000
727 0.0058450000000000
731 0.0058280000000000
734 0.0058090000000000
754 0.0057520000000000
755 0.0057000000000000
773 0.0055780000000000
775 0.0052280000000000
794 0.0051880000000000
797 0.0050270000000000
798 0.0048460000000000
801 0.0047220000000000
806 0.0046910000000000
824 0.0046250000000000
828 0.0042300000000000
829 0.0041630000000000
848 0.0040470000000000
869 0.0039520000000000
911 0.0039430000000000
913 0.0039340000000000
921 0.0038680000000000
947 0.0037950000000000
969 0.0037600000000000
975 0.0037420000000000
997 0.0035780000000000
1031 0.0035140000000000
1048 0.0035070000000000
1051 0.0035040000000000
1056 0.0034740000000000
1058 0.0034730000000000
1060 0.0034370000000000
1063 0.0034340000000000
1081 0.0034270000000000
1083 0.0034000000000000
1102 0.0033970000000000
1104 0.0033930000000000
1116 0.0033810000000000
1132 0.0033770000000000
1147 0.0033740000000000
1155 0.0033710000000000
1157 0.0033690000000000
1165 0.0033680000000000
1174 0.0033670000000000
1180 0.0033640000000000
1182 0.0033630000000000
1194 0.0033610000000000
1203 0.0033590000000000
1204 0.0033570000000000
1212 0.0033540000000000
1213 0.0033520000000000
1218 0.0033510000000000
1221 0.0033480000000000
1222 0.0033440000000000
1231 0.0033420000000000
1233 0.0033400000000000
1243 0.0033390000000000
1245 0.0033350000000000
1267 0.0033340000000000
1268 0.0033330000000000
1302 0.0033080000000000
1307 0.0033030000000000
1325 0.0032860000000000
1326 0.0032830000000000
1329 0.0032810000000000
1351 0.0032700000000000
1368 0.0032670000000000
1372 0.0032630000000000
1407 0.0032540000000000
1415 0.0032510000000000
1434 0.0032500000000000
1453 0.0032420000000000
1496 0.0032380000000000
1514 0.0032350000000000
1517 0.0032340000000000
1528 0.0032330000000000
1529 0.0032310000000000
1533 0.0032240000000000
1546 0.0032230000000000
1554 0.0032200000000000
1555 0.0032190000000000
1559 0.0032180000000000
1560 0.0032160000000000
1569 0.0032150000000000
1571 0.0032120000000000
1572 0.0032080000000000
1585 0.0032030000000000
1586 0.0031980000000000
1594 0.0031940000000000
1595 0.0031880000000000
1597 0.0031850000000000
1598 0.0031690000000000
1604 0.0031680000000000
1605 0.0031500000000000
1607 0.0031430000000000
1608 0.0031310000000000
1610 0.0031200000000000
1611 0.0030720000000000
1625 0.0030490000000000
1626 0.0030190000000000
1638 0.0030120000000000
1639 0.0029920000000000
1642 0.0029850000000000
1643 0.0029650000000000
1650 0.0029620000000000
1652 0.0029520000000000
1659 0.0029400000000000
1678 0.0029190000000000
1697 0.0029130000000000
1723 0.0028980000000000
1728 0.0028910000000000
1744 0.0028890000000000
1749 0.0028780000000000
1778 0.0028760000000000
1782 0.0028660000000000
1791 0.0028480000000000
1817 0.0028370000000000
1822 0.0028360000000000
1872 0.0028350000000000
1875 0.0028330000000000
1877 0.0028300000000000
1883 0.0028260000000000
1887 0.0028240000000000
1911 0.0028210000000000
1948 0.0028190000000000
1956 0.0028170000000000
1968 0.0028160000000000
2007 0.0028120000000000
2011 0.0028110000000000
2020 0.0028100000000000
2022 0.0028090000000000
2023 0.0028080000000000
2046 0.0028010000000000
2099 0.0028000000000000
