1 73.6782050000000055
2 67.0740119999999962
5 64.7314259999999990
20 64.1297009999999972
34 54.8855369999999994
48 51.1942609999999974
49 44.3047759999999968
50 28.5728350000000013
51 14.0183490000000006
62 13.6482030000000005
63 13.0455539999999992
67 12.7757000000000005
71 7.2010699999999996
73 5.1151609999999996
83 3.7051910000000001
166 3.6747350000000001
193 3.5895649999999999
219 3.5620150000000002
220 3.4239649999999999
221 3.2698350000000000
249 3.2209729999999999
254 3.1544750000000001
265 3.1368689999999999
273 2.5691320000000002
281 2.5562049999999998
294 2.3947240000000001
315 2.0748890000000002
316 1.8500410000000000
331 1.7037570000000000
354 1.4358460000000000
356 1.3801530000000000
357 1.2700430000000000
362 1.2532799999999999
370 1.0522350000000000
388 0.7375170000000000
418 0.4871990000000000
421 0.3272260000000000
497 0.3230620000000000
504 0.3104530000000000
511 0.2966410000000000
531 0.2950060000000000
564 0.2814910000000000
606 0.2787660000000000
612 0.2715680000000000
613 0.2667960000000000
666 0.2649440000000000
669 0.2639600000000000
670 0.2596980000000000
676 0.2596850000000000
680 0.2565790000000000
681 0.2534240000000000
690 0.2521450000000000
691 0.2469020000000000
697 0.2440680000000000
698 0.2372030000000000
705 0.2356980000000000
706 0.2303270000000000
711 0.2286660000000000
712 0.2259530000000000
713 0.2207380000000000
714 0.2076640000000000
723 0.2003720000000000
724 0.1880580000000000
729 0.1864600000000000
732 0.1850640000000000
733 0.1832160000000000
734 0.1820240000000000
737 0.1723000000000000
738 0.1688080000000000
741 0.1641590000000000
742 0.1611800000000000
752 0.1557110000000000
760 0.1530210000000000
768 0.1506880000000000
776 0.1468770000000000
777 0.1413570000000000
794 0.1412040000000000
797 0.1380140000000000
800 0.1355260000000000
801 0.1336000000000000
808 0.1331230000000000
810 0.1325660000000000
812 0.1312430000000000
813 0.1304790000000000
816 0.1265100000000000
823 0.1264710000000000
840 0.1254030000000000
843 0.1245410000000000
851 0.1231690000000000
865 0.1224170000000000
867 0.1221270000000000
877 0.1219680000000000
881 0.1201310000000000
902 0.1190770000000000
921 0.1190110000000000
942 0.1171300000000000
946 0.1166760000000000
949 0.1141340000000000
972 0.1128920000000000
1006 0.1102490000000000
1010 0.1087350000000000
1016 0.1048770000000000
1052 0.1032790000000000
1053 0.1022440000000000
1063 0.1013960000000000
1094 0.1002410000000000
1104 0.0980250000000000
1105 0.0973870000000000
1129 0.0967260000000000
1152 0.0956690000000000
1157 0.0949980000000000
1162 0.0889620000000000
1186 0.0873310000000000
1187 0.0872250000000000
1196 0.0869930000000000
1211 0.0855460000000000
1259 0.0848650000000000
1261 0.0805400000000000
1269 0.0792130000000000
1272 0.0621140000000000
1273 0.0618940000000000
1324 0.0602290000000000
1339 0.0585800000000000
1356 0.0583880000000000
1361 0.0556660000000000
1362 0.0544700000000000
1419 0.0538970000000000
1459 0.0537980000000000
1469 0.0535400000000000
1473 0.0528550000000000
1507 0.0527950000000000
1508 0.0525980000000000
1530 0.0524460000000000
1531 0.0523560000000000
1566 0.0521470000000000
1590 0.0518390000000000
1591 0.0517610000000000
1620 0.0515730000000000
1621 0.0515530000000000
1624 0.0515490000000000
1630 0.0514260000000000
1634 0.0513960000000000
1636 0.0513740000000000
1640 0.0511100000000000
1647 0.0509900000000000
1648 0.0508370000000000
1656 0.0508350000000000
1658 0.0507750000000000
1660 0.0505350000000000
1661 0.0502860000000000
1674 0.0501230000000000
1675 0.0498810000000000
1683 0.0498000000000000
1687 0.0495700000000000
1688 0.0493790000000000
1691 0.0493780000000000
1692 0.0492200000000000
1699 0.0491120000000000
1700 0.0490400000000000
1702 0.0490100000000000
1704 0.0488060000000000
1705 0.0486700000000000
1708 0.0486360000000000
1713 0.0486310000000000
1715 0.0483900000000000
1717 0.0483190000000000
1718 0.0482860000000000
1720 0.0481330000000000
1721 0.0481240000000000
1724 0.0477870000000000
1725 0.0475180000000000
1729 0.0474950000000000
1730 0.0473320000000000
1731 0.0470590000000000
1732 0.0464070000000000
1738 0.0461830000000000
1739 0.0458790000000000
1742 0.0455800000000000
1744 0.0451700000000000
1745 0.0444750000000000
1752 0.0440800000000000
1753 0.0439430000000000
1755 0.0431590000000000
1756 0.0424090000000000
1759 0.0423320000000000
1760 0.0418500000000000
1765 0.0405950000000000
1766 0.0395410000000000
1773 0.0389110000000000
1776 0.0383160000000000
1777 0.0376860000000000
1784 0.0371840000000000
1786 0.0362430000000000
1787 0.0358540000000000
1794 0.0355610000000000
1807 0.0351770000000000
1830 0.0351380000000000
1833 0.0350720000000000
1834 0.0348360000000000
1870 0.0348230000000000
1877 0.0345560000000000
1893 0.0343870000000000
1894 0.0342840000000000
1912 0.0342110000000000
1915 0.0341640000000000
1926 0.0340310000000000
1927 0.0339430000000000
1941 0.0338860000000000
1942 0.0338620000000000
1944 0.0338120000000000
1945 0.0337310000000000
1951 0.0336910000000000
1954 0.0336150000000000
1958 0.0334950000000000
1959 0.0334140000000000
1971 0.0332580000000000
1972 0.0330820000000000
1982 0.0330560000000000
1984 0.0330050000000000
1985 0.0329730000000000
1988 0.0327920000000000
1989 0.0325780000000000
1999 0.0324940000000000
2001 0.0323390000000000
2002 0.0322390000000000
2004 0.0322020000000000
2005 0.0320630000000000
2009 0.0319760000000000
2010 0.0317650000000000
2014 0.0317110000000000
2015 0.0316800000000000
2017 0.0315320000000000
2022 0.0314010000000000
2027 0.0313270000000000
2029 0.0312970000000000
2033 0.0312530000000000
2036 0.0311350000000000
2044 0.0309880000000000
2046 0.0309100000000000
2047 0.0308870000000000
2054 0.0308130000000000
2055 0.0307540000000000
2056 0.0306760000000000
2057 0.0305930000000000
2065 0.0303220000000000
2066 0.0300960000000000
2072 0.0300570000000000
2073 0.0297560000000000
2080 0.0296000000000000
2081 0.0293360000000000
2083 0.0293170000000000
2084 0.0291140000000000
2087 0.0290330000000000
2088 0.0286670000000000
2091 0.0282880000000000
2092 0.0274340000000000
2099 0.0273410000000000
2100 0.0269510000000000
2102 0.0268430000000000
2103 0.0263480000000000
2107 0.0260330000000000
2108 0.0257390000000000
2110 0.0250340000000000
2111 0.0239850000000000
2118 0.0235100000000000
2119 0.0225890000000000
2124 0.0224900000000000
2125 0.0217140000000000
2128 0.0213430000000000
2129 0.0203700000000000
2134 0.0201320000000000
2137 0.0193550000000000
2139 0.0185110000000000
2142 0.0175940000000000
2143 0.0163180000000000
2148 0.0159020000000000
2149 0.0147120000000000
2154 0.0134570000000000
2155 0.0115480000000000
2169 0.0109060000000000
2171 0.0097250000000000
2177 0.0091600000000000
2178 0.0090290000000000
2179 0.0085300000000000
2180 0.0083140000000000
2183 0.0080580000000000
2188 0.0063420000000000
2197 0.0050840000000000
2198 0.0047210000000000
2209 0.0042600000000000
2212 0.0033170000000000
2213 0.0031040000000000
2221 0.0029300000000000
2238 0.0026810000000000
2248 0.0025490000000000
2254 0.0020110000000000
2282 0.0019900000000000
2286 0.0019170000000000
2298 0.0018970000000000
2301 0.0018830000000000
2374 0.0018800000000000
2378 0.0018770000000000
2408 0.0018720000000000
2414 0.0018680000000000
2416 0.0018620000000000
2435 0.0018570000000000
2486 0.0018560000000000
2534 0.0018550000000000
2544 0.0018540000000000
2546 0.0018530000000000
2564 0.0018520000000000
