1 0.2914490000000000
59 0.2785940000000000
65 0.2740570000000000
70 0.2604220000000000
76 0.2503130000000000
88 0.2280960000000000
94 0.2125330000000000
100 0.2053160000000000
104 0.1824320000000000
128 0.1782870000000000
129 0.1706900000000000
155 0.1689020000000000
205 0.1685170000000000
208 0.1672230000000000
210 0.1664440000000000
220 0.1659480000000000
222 0.1657570000000000
224 0.1642120000000000
230 0.1637180000000000
259 0.1632730000000000
270 0.1621240000000000
282 0.1613860000000000
309 0.1613310000000000
311 0.1612390000000000
313 0.1610810000000000
318 0.1610290000000000
321 0.1607980000000000
346 0.1607270000000000
349 0.1606920000000000
351 0.1603930000000000
358 0.1603860000000000
403 0.1603740000000000
406 0.1600950000000000
425 0.1599890000000000
472 0.1599750000000000
478 0.1598630000000000
508 0.1598560000000000
515 0.1598460000000000
520 0.1598370000000000
521 0.1597870000000000
525 0.1597790000000000
526 0.1597650000000000
529 0.1597150000000000
530 0.1596980000000000
555 0.1596760000000000
568 0.1596400000000000
575 0.1596220000000000
593 0.1596180000000000
594 0.1596100000000000
599 0.1596090000000000
602 0.1596070000000000
603 0.1596040000000000
606 0.1595850000000000
618 0.1595810000000000
620 0.1595760000000000
625 0.1595740000000000
644 0.1595710000000000
649 0.1595690000000000
651 0.1595670000000000
674 0.1595620000000000
681 0.1595610000000000
690 0.1595560000000000
722 0.1595530000000000
752 0.1595520000000000
763 0.1595510000000000
774 0.1595500000000000
776 0.1595490000000000
777 0.1595470000000000
780 0.1595460000000000
789 0.1595430000000000
790 0.1595410000000000
797 0.1595400000000000
802 0.1595360000000000
803 0.1595330000000000
807 0.1595320000000000
808 0.1595270000000000
814 0.1595230000000000
815 0.1595160000000000
820 0.1595150000000000
821 0.1595090000000000
823 0.1595070000000000
824 0.1594960000000000
827 0.1594940000000000
828 0.1594770000000000
832 0.1594750000000000
833 0.1594550000000000
837 0.1594490000000000
838 0.1594220000000000
842 0.1594120000000000
843 0.1593790000000000
847 0.1593640000000000
848 0.1593150000000000
852 0.1593060000000000
853 0.1592500000000000
857 0.1592170000000000
858 0.1591360000000000
862 0.1591200000000000
863 0.1590250000000000
866 0.1590200000000000
867 0.1589030000000000
869 0.1588980000000000
870 0.1587310000000000
874 0.1586930000000000
875 0.1586370000000000
876 0.1586310000000000
878 0.1585480000000000
912 0.1585210000000000
913 0.1584540000000000
920 0.1584340000000000
924 0.1583630000000000
930 0.1583510000000000
938 0.1582610000000000
960 0.1582090000000000
966 0.1581980000000000
975 0.1581830000000000
978 0.1581800000000000
979 0.1581760000000000
1021 0.1581720000000000
1024 0.1581440000000000
1025 0.1581190000000000
1026 0.1580910000000000
1043 0.1580870000000000
1044 0.1580450000000000
1045 0.1579540000000000
1060 0.1578820000000000
1061 0.1577410000000000
1062 0.1576360000000000
1077 0.1576230000000000
1101 0.1575010000000000
1146 0.1574590000000000
1203 0.1574560000000000
1205 0.1574530000000000
1207 0.1574360000000000
1210 0.1574270000000000
1217 0.1574230000000000
1219 0.1574200000000000
1231 0.1574120000000000
1240 0.1574110000000000
1250 0.1574090000000000
1255 0.1574080000000000
1257 0.1574030000000000
1286 0.1574020000000000
1297 0.1573990000000000
1334 0.1573980000000000
1338 0.1573960000000000
1365 0.1573950000000000
1387 0.1573940000000000
1437 0.1573930000000000
1442 0.1573920000000000
1451 0.1573910000000000
1454 0.1573900000000000
