1 9.3796990000000005
3 1.1533220000000000
57 0.6004870000000000
84 0.5329270000000000
87 0.2885050000000000
98 0.2786480000000000
102 0.1332910000000000
130 0.1289860000000000
147 0.1126320000000000
149 0.0587820000000000
176 0.0580140000000000
184 0.0549620000000000
188 0.0547030000000000
191 0.0530230000000000
216 0.0513220000000000
243 0.0331580000000000
282 0.0328450000000000
296 0.0304300000000000
309 0.0299970000000000
336 0.0299300000000000
338 0.0290390000000000
341 0.0287660000000000
343 0.0265090000000000
345 0.0251920000000000
347 0.0238910000000000
355 0.0224170000000000
368 0.0179210000000000
393 0.0159280000000000
403 0.0152700000000000
426 0.0140810000000000
455 0.0138610000000000
458 0.0135480000000000
478 0.0134840000000000
506 0.0133010000000000
510 0.0128800000000000
519 0.0124730000000000
527 0.0120970000000000
583 0.0120660000000000
587 0.0119740000000000
590 0.0119150000000000
594 0.0119020000000000
596 0.0118850000000000
598 0.0118590000000000
602 0.0118120000000000
607 0.0117360000000000
613 0.0116030000000000
614 0.0115690000000000
621 0.0115490000000000
625 0.0114900000000000
627 0.0114180000000000
628 0.0113990000000000
629 0.0112790000000000
630 0.0111330000000000
635 0.0111160000000000
637 0.0109530000000000
638 0.0108750000000000
642 0.0106900000000000
643 0.0105330000000000
650 0.0103260000000000
651 0.0101600000000000
654 0.0101400000000000
659 0.0099770000000000
660 0.0098440000000000
663 0.0098200000000000
664 0.0097520000000000
665 0.0096640000000000
666 0.0094890000000000
670 0.0093930000000000
671 0.0093740000000000
672 0.0091350000000000
673 0.0090200000000000
675 0.0088720000000000
676 0.0086170000000000
679 0.0083850000000000
680 0.0079680000000000
685 0.0078630000000000
690 0.0073410000000000
691 0.0067890000000000
700 0.0066050000000000
703 0.0061670000000000
704 0.0059060000000000
705 0.0058820000000000
706 0.0054040000000000
710 0.0050730000000000
711 0.0044360000000000
718 0.0034620000000000
719 0.0028070000000000
736 0.0026220000000000
740 0.0025420000000000
748 0.0024040000000000
758 0.0022490000000000
763 0.0021140000000000
790 0.0020780000000000
791 0.0020500000000000
798 0.0020120000000000
799 0.0019850000000000
804 0.0019760000000000
808 0.0019270000000000
809 0.0019150000000000
810 0.0019010000000000
811 0.0018900000000000
818 0.0018850000000000
822 0.0018820000000000
824 0.0018640000000000
829 0.0018620000000000
831 0.0018490000000000
835 0.0018400000000000
836 0.0018330000000000
838 0.0018210000000000
853 0.0018190000000000
858 0.0018180000000000
860 0.0018170000000000
869 0.0018150000000000
886 0.0018140000000000
897 0.0018130000000000
915 0.0018100000000000
929 0.0017080000000000
936 0.0016950000000000
937 0.0016810000000000
940 0.0016660000000000
942 0.0016650000000000
951 0.0016610000000000
952 0.0016590000000000
956 0.0016550000000000
957 0.0016520000000000
958 0.0016480000000000
963 0.0016400000000000
964 0.0016350000000000
967 0.0016320000000000
970 0.0016240000000000
974 0.0016230000000000
982 0.0016170000000000
983 0.0016150000000000
986 0.0016080000000000
987 0.0016050000000000
989 0.0015970000000000
990 0.0015880000000000
995 0.0015830000000000
996 0.0015770000000000
998 0.0015750000000000
1000 0.0015610000000000
1001 0.0015450000000000
1009 0.0015440000000000
1012 0.0015330000000000
1013 0.0015310000000000
1019 0.0015230000000000
1036 0.0015210000000000
1048 0.0015170000000000
1053 0.0015160000000000
1056 0.0015150000000000
1078 0.0015140000000000
1083 0.0014850000000000
1096 0.0013840000000000
1098 0.0013370000000000
1101 0.0013280000000000
1102 0.0013090000000000
1104 0.0010890000000000
1106 0.0008930000000000
1107 0.0008900000000000
1123 0.0007880000000000
1124 0.0007180000000000
1151 0.0006730000000000
1165 0.0006220000000000
1167 0.0004050000000000
1193 0.0003850000000000
1195 0.0003070000000000
1214 0.0002800000000000
1220 0.0002790000000000
1222 0.0002620000000000
1224 0.0002590000000000
1229 0.0002430000000000
1232 0.0002260000000000
1238 0.0002220000000000
1276 0.0002160000000000
1277 0.0002090000000000
1279 0.0001990000000000
1287 0.0001940000000000
1289 0.0001800000000000
1297 0.0001710000000000
1307 0.0001680000000000
1309 0.0001620000000000
1313 0.0001570000000000
1319 0.0001560000000000
1327 0.0001480000000000
1328 0.0001470000000000
1330 0.0001460000000000
1336 0.0001450000000000
1339 0.0001360000000000
1345 0.0001340000000000
1350 0.0001330000000000
1360 0.0001300000000000
1364 0.0001290000000000
1368 0.0001260000000000
1380 0.0001230000000000
1381 0.0001210000000000
1386 0.0001200000000000
1391 0.0001170000000000
1392 0.0001150000000000
1401 0.0001120000000000
1402 0.0001110000000000
1405 0.0001100000000000
1410 0.0001080000000000
1413 0.0001050000000000
1414 0.0001020000000000
1431 0.0001000000000000
1434 0.0000990000000000
1443 0.0000970000000000
1450 0.0000950000000000
1451 0.0000940000000000
1457 0.0000920000000000
1460 0.0000910000000000
1461 0.0000900000000000
1465 0.0000890000000000
1470 0.0000850000000000
1471 0.0000820000000000
1483 0.0000780000000000
1484 0.0000750000000000
1488 0.0000740000000000
1489 0.0000700000000000
1494 0.0000690000000000
1495 0.0000650000000000
1500 0.0000600000000000
1501 0.0000570000000000
1502 0.0000560000000000
1503 0.0000520000000000
1504 0.0000500000000000
1505 0.0000430000000000
1509 0.0000420000000000
1510 0.0000410000000000
1512 0.0000310000000000
1513 0.0000290000000000
1515 0.0000270000000000
1517 0.0000260000000000
1521 0.0000170000000000
1537 0.0000150000000000
1539 0.0000130000000000
1549 0.0000110000000000
1553 0.0000090000000000
1562 0.0000080000000000
1568 0.0000070000000000
1571 0.0000040000000000
1597 0.0000010000000000
