1 3991040465.4786648750305176
14 1208467372.9316670894622803
39 1145753349.0321159362792969
40 1068784956.6607049703598022
48 1030947381.5233060121536255
51 990104833.5255039930343628
54 922027626.9956380128860474
58 870311878.1206870079040527
65 417888812.4449939727783203
86 264269629.1430819928646088
106 14574684.1223290003836155
122 10107994.3451780006289482
166 1333132.0186999998986721
205 708792.3050160000566393
224 8880.9155780000000959
315 444.0917279999999892
317 337.3204759999999851
332 234.6318320000000028
349 73.4628239999999977
368 5.9716839999999998
386 0.3503250000000000
491 0.0087110000000000
536 0.0001910000000000
538 0.0000590000000000
555 0.0000050000000000
621 0.0000010000000000
654 0.0000000000000000
