1 903.1522710000000416
10 582.1657149999999774
11 139.1492480000000000
13 129.3489989999999921
14 77.0269370000000038
15 74.1192450000000065
34 73.0548270000000031
51 56.3902679999999989
52 50.9029820000000015
59 50.5671760000000035
60 47.3766579999999990
65 47.2296499999999995
70 46.5370789999999985
74 37.6466720000000024
92 29.1726640000000010
93 28.8815559999999998
98 26.1893829999999994
100 23.6078940000000017
110 23.3375169999999983
114 21.2820469999999986
143 19.9868099999999984
148 19.5887810000000009
150 19.2882309999999997
158 19.1766590000000008
159 18.8965129999999988
163 18.3703980000000016
168 15.3643330000000002
177 13.0886180000000003
202 12.3722110000000001
220 12.0478410000000000
227 11.9030419999999992
231 11.5872349999999997
246 11.5477039999999995
251 10.7981829999999999
269 10.7614230000000006
280 10.5946040000000004
295 10.5459849999999999
325 10.5397940000000006
329 10.5027919999999995
346 10.4899579999999997
348 10.4860559999999996
353 10.4552840000000007
373 10.4370510000000003
378 10.4346219999999992
381 10.4207830000000001
390 10.3906299999999998
422 10.3692560000000000
439 10.3532259999999994
443 10.3427240000000005
447 10.3399260000000002
452 10.3307939999999991
456 10.3187809999999995
482 10.2540259999999996
494 10.2524060000000006
498 10.2426750000000002
522 10.2393780000000003
526 10.2370540000000005
528 10.2317409999999995
535 10.2303689999999996
545 10.2302070000000001
595 10.2298829999999992
628 10.2297829999999994
630 10.2295200000000008
632 10.2291159999999994
641 10.2290980000000005
644 10.2290759999999992
659 10.2289530000000006
675 10.2289340000000006
681 10.2289250000000003
696 10.2289220000000007
698 10.2289200000000005
706 10.2289169999999991
713 10.2289159999999999
723 10.2289150000000006
726 10.2289139999999996
749 10.2289119999999993
791 10.2289110000000001
792 10.2289100000000008
819 10.2289089999999998
829 10.2289080000000006
851 10.2289060000000003
