1 308106428512.9408569335937500
4 219303847724.0693969726562500
5 64964884869.7817230224609375
6 1143384655.1320641040802002
21 1134896967.0552170276641846
24 781315532.1319650411605835
25 115693035.6537840068340302
26 11755737.8524879999458790
36 3435567.1943359998986125
38 3036419.1990979998372495
42 2262987.5574880000203848
44 1890809.8849609999451786
46 1550548.3794960000086576
48 254687.7718189999868628
104 251729.4807689999870490
106 245761.3725320000085048
122 245676.0235939999984112
124 239511.6233049999864306
128 239293.2912699999869801
131 238640.0912989999924321
132 236584.2052240000048187
133 230576.2331549999944400
134 213925.3037809999950696
135 167515.6989590000011958
136 115893.5785529999993742
142 112726.8688530000072205
147 103009.8535390000033658
149 93356.5323780000035185
191 92543.4341259999928297
211 89284.6899319999938598
213 86703.7373030000017025
233 86448.2596199999970850
236 86174.1051880000013625
239 86000.8724459999939427
260 85830.1833610000030603
272 85826.9362750000000233
274 85825.3432270000048447
275 85824.4692499999946449
277 85824.2109070000005886
287 85823.1263559999933932
300 85823.0058330000028946
302 85822.7336289999948349
310 85822.2287650000071153
320 85822.2018930000049295
322 85822.2018919999973150
347 85822.2016259999945760
