1 8160611.7248940002173185
11 2864495.9973419997841120
12 1119.5562789999999040
21 187.8344309999999950
23 42.8266739999999970
88 41.2310900000000018
91 31.3903900000000000
123 28.9276949999999999
127 20.2782710000000002
130 2.4673029999999998
147 2.4294699999999998
179 2.3435100000000002
200 1.5499170000000000
204 1.5178790000000000
210 1.4246239999999999
212 0.6417090000000000
240 0.6230070000000000
243 0.5662410000000000
247 0.5553310000000000
250 0.5093740000000000
254 0.4838480000000000
255 0.3233790000000000
268 0.2482060000000000
270 0.1991690000000000
271 0.1962920000000000
273 0.1933980000000000
276 0.0706140000000000
291 0.0671010000000000
322 0.0350970000000000
342 0.0336890000000000
394 0.0324360000000000
396 0.0266160000000000
416 0.0262260000000000
419 0.0256340000000000
423 0.0247190000000000
430 0.0233230000000000
442 0.0213040000000000
452 0.0209670000000000
472 0.0207410000000000
508 0.0201280000000000
511 0.0192150000000000
512 0.0187650000000000
523 0.0186410000000000
524 0.0183330000000000
529 0.0178540000000000
530 0.0177350000000000
533 0.0171700000000000
587 0.0167650000000000
600 0.0163640000000000
601 0.0162580000000000
604 0.0162530000000000
611 0.0160840000000000
615 0.0159650000000000
621 0.0129460000000000
627 0.0129080000000000
657 0.0124430000000000
658 0.0121410000000000
659 0.0108250000000000
660 0.0089990000000000
666 0.0078780000000000
678 0.0076130000000000
682 0.0075430000000000
689 0.0074130000000000
694 0.0072960000000000
695 0.0068680000000000
697 0.0065200000000000
713 0.0061030000000000
714 0.0058030000000000
736 0.0056190000000000
737 0.0054230000000000
741 0.0053310000000000
743 0.0051020000000000
744 0.0048550000000000
748 0.0047310000000000
749 0.0047130000000000
751 0.0045200000000000
752 0.0045150000000000
753 0.0043100000000000
754 0.0043080000000000
755 0.0041850000000000
759 0.0037670000000000
760 0.0035390000000000
768 0.0034770000000000
772 0.0030910000000000
773 0.0030090000000000
778 0.0030030000000000
781 0.0029150000000000
783 0.0028170000000000
789 0.0027340000000000
794 0.0026460000000000
797 0.0025600000000000
799 0.0025420000000000
804 0.0023840000000000
818 0.0021800000000000
819 0.0020620000000000
826 0.0020420000000000
827 0.0019340000000000
838 0.0018160000000000
839 0.0017800000000000
841 0.0017190000000000
843 0.0017110000000000
846 0.0016560000000000
851 0.0016490000000000
857 0.0015220000000000
873 0.0015070000000000
877 0.0014740000000000
881 0.0014700000000000
961 0.0014690000000000
963 0.0014600000000000
965 0.0014540000000000
973 0.0014490000000000
977 0.0014470000000000
981 0.0014410000000000
986 0.0014390000000000
1010 0.0014380000000000
1013 0.0014360000000000
1026 0.0014350000000000
1033 0.0014340000000000
1060 0.0014180000000000
1061 0.0014090000000000
1103 0.0014080000000000
1109 0.0014030000000000
1112 0.0013940000000000
1118 0.0013930000000000
1120 0.0013900000000000
1123 0.0013850000000000
1134 0.0013830000000000
1156 0.0013580000000000
1157 0.0013470000000000
1173 0.0013390000000000
1192 0.0013370000000000
1213 0.0013240000000000
1217 0.0013230000000000
1222 0.0013100000000000
1225 0.0012990000000000
1226 0.0012940000000000
1234 0.0012930000000000
1235 0.0012850000000000
1245 0.0012820000000000
1246 0.0012790000000000
1249 0.0012780000000000
1252 0.0012700000000000
1257 0.0012570000000000
1258 0.0012550000000000
1264 0.0012540000000000
1265 0.0012490000000000
1269 0.0012480000000000
1275 0.0012340000000000
1276 0.0012220000000000
1285 0.0012140000000000
1286 0.0012090000000000
1291 0.0012040000000000
1294 0.0011890000000000
1295 0.0011840000000000
1299 0.0011800000000000
1302 0.0011740000000000
1305 0.0011560000000000
1306 0.0011380000000000
1312 0.0011350000000000
1313 0.0011170000000000
1318 0.0011120000000000
1320 0.0011090000000000
1322 0.0011020000000000
1324 0.0010840000000000
1325 0.0010810000000000
1327 0.0010610000000000
1328 0.0010320000000000
1335 0.0010300000000000
1338 0.0009770000000000
1339 0.0009360000000000
1346 0.0009260000000000
1347 0.0009040000000000
1348 0.0009000000000000
1349 0.0008720000000000
1352 0.0008350000000000
1353 0.0007930000000000
1357 0.0007400000000000
1358 0.0006800000000000
1363 0.0006510000000000
1364 0.0006220000000000
1365 0.0005890000000000
1366 0.0005280000000000
1371 0.0004970000000000
1372 0.0004900000000000
1376 0.0004720000000000
1378 0.0004540000000000
1381 0.0004480000000000
1383 0.0003740000000000
1388 0.0003560000000000
1394 0.0003210000000000
1396 0.0003120000000000
1409 0.0003050000000000
1416 0.0003040000000000
1418 0.0002880000000000
1427 0.0002870000000000
1433 0.0002800000000000
1436 0.0002770000000000
1449 0.0002760000000000
1451 0.0002750000000000
1455 0.0002740000000000
1464 0.0002730000000000
1539 0.0002720000000000
1556 0.0002710000000000
