1 34.3398419999999973
2 32.8421069999999986
7 32.0108770000000007
27 29.8895130000000009
28 29.4371410000000004
40 29.1552930000000003
41 26.3975830000000009
53 25.8533270000000002
54 23.9856939999999987
64 21.6503140000000016
65 19.8519849999999991
100 18.3418519999999994
108 12.8020110000000003
117 11.2288119999999996
125 11.1649080000000005
128 10.7472449999999995
129 10.6492939999999994
131 9.1661599999999996
133 8.1033890000000000
137 7.9185540000000003
177 6.5181540000000000
183 6.0441170000000000
193 5.9425220000000003
199 5.6500659999999998
203 5.4007579999999997
204 5.1928140000000003
212 4.7717809999999998
247 4.5448810000000002
256 4.2775540000000003
261 4.2391209999999999
263 3.6800190000000002
298 2.9330259999999999
309 2.7502570000000000
349 2.6198190000000001
354 2.6135839999999999
372 2.5672679999999999
410 2.5308020000000000
413 2.3489469999999999
435 2.1067879999999999
462 2.0338460000000000
488 2.0090390000000000
514 1.7972950000000001
534 1.7707130000000000
560 1.7492470000000000
570 1.6942410000000001
576 1.6893579999999999
605 1.6526179999999999
633 1.6425529999999999
654 1.6259539999999999
690 1.5590489999999999
707 1.4832799999999999
708 1.4620059999999999
710 1.4519040000000001
720 1.4346170000000000
722 1.4004520000000000
726 1.3843250000000000
728 1.3797610000000000
731 1.3783630000000000
735 1.3133429999999999
741 1.2829060000000001
747 1.2664540000000000
750 1.2432259999999999
756 1.1342600000000000
757 1.0956530000000000
770 1.0933990000000000
774 1.0336950000000000
788 1.0227500000000000
813 0.9979730000000000
860 0.9914720000000000
865 0.9609820000000000
895 0.9581200000000000
902 0.9411170000000000
935 0.9352710000000000
951 0.9342510000000001
994 0.9287460000000000
997 0.8871410000000000
1018 0.8341900000000000
1027 0.8114110000000000
1030 0.8064200000000000
1064 0.8001000000000000
1065 0.7958430000000000
1075 0.7797020000000000
1077 0.7604379999999999
1078 0.7501230000000000
1081 0.7423300000000000
1082 0.7400150000000000
1092 0.7121580000000000
1093 0.7071190000000001
1095 0.6994820000000000
1096 0.6778290000000000
1118 0.6232900000000000
1159 0.5973610000000000
1204 0.5912360000000000
1214 0.5867980000000000
1221 0.5844700000000000
1223 0.5615610000000000
1224 0.5501190000000000
1243 0.5460260000000000
1250 0.5312500000000000
1254 0.5274280000000000
1257 0.5233370000000001
1258 0.5088180000000000
1279 0.5031850000000000
1315 0.5003010000000000
1318 0.4960150000000000
1337 0.4930320000000000
1357 0.4890030000000000
1386 0.4880600000000000
1394 0.4879430000000000
1399 0.4810530000000000
1403 0.4797100000000000
1404 0.4702600000000000
1423 0.4667410000000000
1443 0.4595930000000000
1444 0.4574780000000000
1464 0.4523290000000000
1467 0.4487730000000000
1468 0.4431120000000000
1485 0.4244850000000000
1507 0.4084860000000000
1532 0.4067690000000000
1535 0.3914400000000000
1539 0.3887200000000000
1540 0.3690510000000000
1577 0.3288030000000000
1597 0.3247610000000000
1602 0.3232320000000000
1610 0.3215650000000000
1614 0.3057930000000000
1666 0.2953080000000000
1667 0.2884980000000000
1692 0.2844970000000000
1693 0.2822210000000000
1717 0.2798150000000000
1738 0.2792940000000000
1740 0.2783710000000000
1746 0.2762540000000000
1748 0.2746090000000000
1749 0.2705450000000000
1766 0.2632740000000000
1802 0.2598350000000000
1807 0.2592030000000000
1808 0.2586460000000000
1811 0.2478630000000000
1815 0.2468240000000000
1857 0.2448520000000000
1889 0.2421470000000000
1894 0.2364810000000000
1957 0.2362070000000000
1961 0.2349810000000000
1977 0.2348590000000000
1985 0.2348430000000000
1989 0.2347270000000000
1993 0.2344500000000000
1999 0.2341610000000000
2000 0.2340640000000000
2004 0.2335700000000000
2005 0.2321630000000000
2033 0.2319870000000000
2069 0.2301480000000000
2070 0.2300510000000000
2091 0.2294440000000000
2113 0.2281740000000000
2132 0.2271420000000000
2155 0.2268880000000000
2160 0.2265740000000000
2166 0.2264790000000000
2180 0.2263800000000000
2185 0.2262290000000000
2189 0.2261970000000000
2191 0.2261250000000000
2193 0.2258660000000000
2196 0.2255670000000000
2197 0.2253240000000000
2213 0.2248140000000000
2214 0.2247330000000000
2219 0.2243380000000000
2220 0.2241830000000000
2222 0.2241560000000000
2223 0.2239590000000000
2226 0.2237900000000000
2227 0.2232470000000000
2231 0.2226750000000000
2232 0.2219160000000000
2240 0.2212190000000000
2241 0.2207100000000000
2244 0.2205350000000000
2245 0.2192260000000000
2252 0.2182390000000000
2253 0.2164450000000000
2258 0.2161700000000000
2259 0.2140800000000000
2264 0.2136880000000000
2265 0.2114590000000000
2268 0.2111370000000000
2269 0.2079650000000000
2273 0.2078150000000000
2274 0.2055490000000000
2278 0.2036040000000000
2279 0.2015700000000000
2289 0.2013750000000000
2290 0.1993930000000000
2295 0.1990760000000000
2296 0.1982210000000000
2299 0.1972710000000000
2302 0.1951760000000000
2303 0.1923870000000000
2309 0.1918350000000000
2310 0.1908570000000000
2316 0.1902680000000000
2320 0.1898830000000000
2343 0.1894460000000000
2344 0.1890380000000000
2354 0.1887200000000000
2355 0.1879280000000000
2370 0.1875460000000000
2371 0.1875400000000000
2376 0.1873220000000000
2381 0.1872130000000000
2384 0.1864220000000000
2385 0.1855420000000000
2387 0.1844600000000000
2414 0.1839910000000000
2439 0.1832620000000000
2446 0.1820560000000000
2467 0.1818840000000000
2472 0.1812680000000000
2475 0.1811250000000000
2519 0.1808820000000000
2522 0.1800750000000000
2526 0.1797700000000000
2530 0.1790110000000000
2531 0.1781560000000000
2541 0.1766710000000000
2595 0.1751920000000000
2596 0.1742240000000000
2612 0.1738910000000000
2613 0.1724090000000000
2621 0.1720020000000000
2622 0.1714920000000000
2623 0.1713280000000000
2627 0.1709470000000000
2629 0.1706770000000000
2630 0.1697070000000000
2632 0.1688150000000000
2633 0.1681940000000000
2636 0.1670220000000000
2637 0.1665140000000000
2639 0.1661760000000000
2640 0.1651160000000000
2642 0.1650490000000000
2644 0.1636340000000000
2645 0.1625750000000000
2654 0.1621560000000000
2656 0.1615290000000000
2667 0.1614030000000000
2676 0.1613930000000000
2683 0.1613860000000000
2691 0.1612550000000000
2707 0.1610680000000000
2708 0.1609730000000000
2732 0.1609510000000000
2765 0.1602280000000000
2777 0.1601060000000000
2789 0.1597130000000000
2797 0.1596950000000000
2798 0.1596410000000000
2821 0.1595930000000000
2851 0.1595080000000000
2855 0.1592110000000000
2892 0.1591410000000000
2920 0.1590980000000000
2926 0.1590840000000000
2930 0.1590230000000000
2932 0.1590160000000000
2937 0.1589760000000000
2938 0.1589660000000000
2950 0.1589410000000000
2984 0.1588640000000000
2994 0.1588600000000000
2995 0.1588190000000000
3015 0.1588120000000000
3018 0.1588080000000000
3021 0.1587750000000000
3022 0.1587290000000000
3030 0.1586920000000000
3032 0.1586860000000000
3036 0.1586300000000000
3037 0.1585360000000000
3044 0.1585260000000000
3045 0.1584240000000000
3051 0.1583950000000000
3052 0.1583490000000000
3054 0.1583440000000000
3055 0.1582170000000000
3059 0.1581900000000000
3060 0.1580080000000000
3065 0.1580060000000000
3066 0.1578610000000000
3068 0.1578120000000000
3083 0.1577410000000000
3084 0.1576550000000000
3090 0.1576060000000000
3091 0.1576010000000000
3092 0.1576000000000000
3095 0.1575600000000000
3099 0.1575210000000000
3100 0.1574880000000000
3101 0.1574720000000000
3102 0.1573700000000000
3106 0.1572950000000000
3107 0.1570510000000000
3111 0.1570370000000000
3112 0.1568070000000000
3117 0.1567910000000000
3125 0.1567590000000000
3138 0.1567350000000000
3166 0.1566810000000000
3186 0.1566420000000000
3208 0.1566320000000000
3210 0.1566240000000000
3214 0.1566010000000000
3243 0.1565780000000000
3246 0.1565710000000000
3253 0.1565530000000000
3265 0.1565380000000000
3281 0.1565370000000000
3282 0.1565360000000000
3289 0.1565280000000000
3290 0.1565220000000000
3292 0.1565020000000000
3293 0.1564890000000000
3303 0.1564840000000000
3312 0.1564810000000000
3317 0.1564800000000000
3322 0.1564700000000000
3323 0.1564630000000000
3328 0.1564590000000000
3341 0.1564520000000000
3342 0.1564420000000000
3345 0.1564390000000000
3346 0.1564210000000000
3354 0.1564160000000000
3355 0.1564070000000000
3357 0.1564040000000000
3358 0.1563760000000000
3364 0.1563640000000000
3365 0.1563380000000000
3368 0.1563300000000000
3369 0.1562800000000000
3377 0.1562650000000000
3378 0.1562170000000000
3381 0.1562040000000000
3382 0.1561450000000000
3388 0.1561120000000000
3389 0.1560220000000000
3394 0.1560130000000000
3395 0.1559100000000000
3399 0.1558980000000000
3400 0.1557670000000000
3405 0.1557490000000000
3406 0.1556280000000000
3409 0.1556120000000000
3424 0.1555980000000000
3434 0.1555890000000000
3450 0.1555770000000000
3454 0.1555590000000000
3473 0.1555580000000000
3515 0.1555540000000000
3529 0.1555420000000000
3536 0.1555050000000000
3564 0.1554940000000000
3572 0.1554920000000000
3592 0.1554880000000000
3614 0.1554870000000000
3615 0.1554850000000000
3619 0.1554780000000000
3629 0.1554720000000000
3630 0.1554700000000000
3670 0.1554690000000000
3715 0.1554680000000000
3721 0.1554670000000000
3726 0.1554610000000000
3727 0.1554500000000000
3741 0.1554470000000000
3772 0.1554440000000000
3773 0.1554360000000000
3778 0.1554100000000000
3782 0.1553810000000000
3816 0.1553320000000000
3817 0.1552770000000000
3824 0.1551230000000000
3825 0.1547720000000000
3826 0.1540140000000000
3879 0.1539520000000000
3882 0.1539370000000000
3889 0.1539270000000000
3908 0.1539110000000000
3910 0.1538800000000000
3944 0.1538530000000000
3963 0.1538410000000000
3964 0.1538190000000000
3972 0.1538180000000000
3977 0.1537970000000000
3980 0.1537790000000000
3981 0.1537450000000000
3991 0.1537420000000000
3992 0.1537280000000000
4000 0.1536990000000000
4001 0.1536630000000000
4009 0.1536340000000000
4010 0.1535790000000000
4031 0.1535340000000000
4093 0.1535290000000000
4096 0.1535250000000000
4102 0.1535220000000000
4143 0.1535210000000000
4148 0.1535100000000000
4200 0.1535040000000000
4214 0.1534950000000000
4290 0.1534920000000000
4317 0.1534910000000000
4329 0.1534900000000000
4354 0.1534890000000000
4355 0.1534850000000000
4356 0.1534720000000000
4357 0.1534340000000000
4358 0.1533190000000000
4365 0.1533150000000000
4370 0.1533100000000000
4373 0.1532970000000000
4374 0.1532000000000000
4398 0.1531880000000000
4417 0.1531180000000000
4437 0.1530300000000000
4441 0.1529830000000000
4450 0.1529580000000000
4469 0.1529500000000000
4496 0.1529070000000000
4531 0.1528820000000000
4556 0.1528760000000000
4568 0.1528710000000000
4607 0.1528690000000000
4625 0.1528660000000000
4645 0.1528640000000000
4654 0.1528590000000000
4655 0.1528530000000000
4681 0.1528510000000000
4682 0.1528450000000000
4691 0.1528430000000000
4699 0.1528410000000000
4702 0.1528400000000000
4704 0.1528380000000000
4721 0.1528350000000000
4738 0.1528340000000000
4739 0.1528310000000000
4747 0.1528280000000000
4748 0.1528260000000000
4753 0.1528250000000000
4754 0.1528210000000000
4756 0.1528200000000000
4757 0.1528150000000000
4763 0.1528140000000000
4764 0.1528130000000000
4765 0.1528110000000000
4766 0.1528030000000000
4770 0.1528000000000000
4771 0.1527870000000000
4777 0.1527830000000000
4778 0.1527660000000000
4783 0.1527650000000000
4784 0.1527470000000000
4790 0.1527370000000000
4791 0.1527320000000000
4792 0.1527240000000000
4793 0.1527200000000000
4794 0.1527170000000000
4796 0.1527100000000000
4852 0.1527060000000000
4863 0.1527050000000000
4866 0.1527040000000000
4880 0.1527020000000000
4881 0.1527000000000000
4885 0.1526980000000000
4892 0.1526970000000000
4898 0.1526950000000000
4899 0.1526940000000000
4913 0.1526930000000000
4957 0.1526920000000000
4999 0.1526910000000000
