1 0.0337320000000000
39 0.0317100000000000
47 0.0279600000000000
50 0.0264510000000000
57 0.0254190000000000
59 0.0239410000000000
61 0.0232140000000000
65 0.0229210000000000
68 0.0223750000000000
73 0.0221830000000000
77 0.0216530000000000
79 0.0209830000000000
84 0.0199920000000000
88 0.0195080000000000
101 0.0193570000000000
104 0.0190210000000000
105 0.0182830000000000
112 0.0176670000000000
121 0.0175800000000000
128 0.0167010000000000
129 0.0162330000000000
139 0.0161770000000000
144 0.0154560000000000
145 0.0148000000000000
157 0.0139350000000000
158 0.0135710000000000
167 0.0128180000000000
171 0.0122430000000000
183 0.0116150000000000
184 0.0112190000000000
190 0.0110230000000000
203 0.0109600000000000
208 0.0108900000000000
211 0.0105660000000000
219 0.0103270000000000
220 0.0101990000000000
224 0.0100890000000000
225 0.0096310000000000
232 0.0095700000000000
238 0.0094540000000000
239 0.0094010000000000
240 0.0089570000000000
241 0.0083140000000000
250 0.0083100000000000
251 0.0081690000000000
254 0.0073520000000000
257 0.0069170000000000
258 0.0068360000000000
262 0.0066670000000000
273 0.0063900000000000
302 0.0055890000000000
310 0.0054620000000000
334 0.0052330000000000
387 0.0050970000000000
408 0.0050290000000000
430 0.0050260000000000
434 0.0049980000000000
446 0.0049800000000000
452 0.0049760000000000
457 0.0049700000000000
467 0.0049550000000000
506 0.0049540000000000
525 0.0049440000000000
531 0.0049320000000000
562 0.0049170000000000
590 0.0049160000000000
626 0.0049150000000000
630 0.0049130000000000
638 0.0049120000000000
645 0.0049110000000000
652 0.0049100000000000
653 0.0049090000000000
665 0.0049080000000000
666 0.0049070000000000
678 0.0049060000000000
683 0.0049050000000000
684 0.0049040000000000
692 0.0049030000000000
693 0.0049020000000000
705 0.0049010000000000
710 0.0048990000000000
711 0.0048980000000000
719 0.0048970000000000
720 0.0048950000000000
724 0.0048940000000000
725 0.0048910000000000
730 0.0048880000000000
731 0.0048830000000000
736 0.0048820000000000
738 0.0048810000000000
741 0.0048790000000000
743 0.0048770000000000
745 0.0048760000000000
748 0.0048750000000000
749 0.0048730000000000
753 0.0048700000000000
754 0.0048680000000000
760 0.0048640000000000
761 0.0048580000000000
764 0.0048500000000000
810 0.0048410000000000
822 0.0048390000000000
832 0.0048360000000000
845 0.0048350000000000
852 0.0048340000000000
869 0.0048330000000000
884 0.0048310000000000
901 0.0048250000000000
910 0.0048230000000000
926 0.0048220000000000
927 0.0048190000000000
928 0.0048180000000000
932 0.0048130000000000
934 0.0048000000000000
964 0.0047970000000000
996 0.0047950000000000
1002 0.0047920000000000
1008 0.0047910000000000
1015 0.0047900000000000
1024 0.0047890000000000
1032 0.0047880000000000
1052 0.0047870000000000
