1 7926693.3369969995692372
4 4682437.3507700003683567
5 2414344.1455140002071857
9 1954405.1708959999959916
10 1120548.9158840000163764
11 728778.7907180000329390
13 353143.1678979999851435
22 270931.0871760000009090
25 242094.4495729999907780
29 224834.9211179999983869
31 183567.3557870000076946
33 161487.9966420000127982
37 153338.8985739999916404
48 126904.1470609999960288
51 123833.2267509999946924
55 119604.6780100000032689
58 116170.8155720000067959
106 114571.2694449999980861
107 111236.1140299999970011
111 110823.6136729999998352
113 108984.6749299999937648
114 104937.3409769999998389
117 102431.3997749999980442
118 100484.9566219999978784
126 97147.3499909999954980
133 93042.6075249999994412
134 87224.6614709999994375
143 87108.6116340000007767
145 87104.8932939999940572
157 86348.8173669999960111
159 86212.2014179999969201
161 86123.2943590000068070
172 86086.8271959999983665
173 86067.2385700000013458
181 85938.6638340000063181
186 85915.1031769999972312
188 85889.3083190000033937
197 85886.1864470000000438
201 85885.1492880000005243
203 85861.6629959999991115
205 85850.0296380000072531
208 85827.0235399999946821
224 85822.7816599999932805
242 85822.4577569999964908
258 85822.2020449999981793
281 85822.2017769999947632
293 85822.2016880000010133
302 85822.2016259999945760
