1 70.5751879999999971
2 62.9321770000000029
3 58.2852209999999999
9 55.8595279999999974
18 46.3245160000000027
26 41.9893179999999973
27 40.6501880000000000
32 39.0723810000000000
35 38.0492459999999966
54 37.4558740000000014
63 37.1032179999999983
64 30.3581420000000008
96 24.2759509999999992
97 21.4819670000000009
110 21.1690900000000006
118 20.9620819999999988
120 18.1365300000000005
121 18.0232300000000016
159 17.7774870000000007
187 17.7772329999999990
189 16.1335879999999996
215 15.3975200000000001
217 6.4585939999999997
263 5.6954710000000004
276 5.3181900000000004
277 5.1516599999999997
283 5.0150680000000003
287 4.6338140000000001
288 4.3234149999999998
301 4.2982550000000002
304 3.9139879999999998
305 3.6780550000000001
310 3.5770469999999999
312 3.1390959999999999
313 2.7066170000000001
318 2.7065510000000002
320 2.3262399999999999
321 2.0753800000000000
322 1.9240210000000000
323 1.5721130000000001
325 1.5276410000000000
326 1.3873920000000000
327 1.1429250000000000
328 0.8899650000000000
329 0.7768389999999999
331 0.3124740000000000
339 0.2328470000000000
345 0.2300520000000000
350 0.1458300000000000
353 0.0619230000000000
361 0.0605530000000000
363 0.0509540000000000
366 0.0308020000000000
368 0.0291740000000000
372 0.0210300000000000
374 0.0202520000000000
376 0.0141800000000000
383 0.0079880000000000
385 0.0014420000000000
387 0.0002480000000000
430 0.0001790000000000
454 0.0001390000000000
479 0.0001370000000000
480 0.0001360000000000
530 0.0001350000000000
541 0.0001340000000000
