1 20575924.4326569996774197
14 6221895.4350250000134110
15 1959.9786899999999150
26 109.1929109999999952
54 27.3113390000000003
84 6.6210599999999999
127 6.2365719999999998
134 4.0873850000000003
139 3.5549860000000000
144 3.2195550000000002
154 3.1863519999999999
174 3.1829540000000001
193 2.5985060000000000
195 2.3642080000000001
200 2.1849419999999999
204 2.0619390000000002
226 2.0036909999999999
247 1.5864090000000000
251 1.4686470000000000
290 1.3758459999999999
295 1.3738170000000001
297 1.3143339999999999
320 1.0108560000000000
341 0.8463340000000000
345 0.7532840000000000
346 0.7169489999999999
351 0.6518659999999999
352 0.5035760000000000
361 0.5009930000000000
364 0.4683140000000000
390 0.3016760000000000
392 0.2362160000000000
399 0.1586000000000000
400 0.0772860000000000
405 0.0696370000000000
459 0.0611660000000000
468 0.0534810000000000
492 0.0525350000000000
496 0.0435490000000000
522 0.0403870000000000
547 0.0402580000000000
598 0.0394490000000000
600 0.0382020000000000
611 0.0377750000000000
616 0.0367620000000000
621 0.0365070000000000
628 0.0359950000000000
636 0.0357850000000000
642 0.0350160000000000
653 0.0347660000000000
713 0.0339090000000000
714 0.0335620000000000
722 0.0331060000000000
723 0.0325920000000000
725 0.0325560000000000
726 0.0320990000000000
732 0.0318030000000000
734 0.0317690000000000
738 0.0309190000000000
739 0.0306240000000000
742 0.0297970000000000
743 0.0293220000000000
744 0.0291550000000000
745 0.0286060000000000
749 0.0283460000000000
750 0.0278750000000000
752 0.0273220000000000
755 0.0260080000000000
756 0.0256020000000000
762 0.0246820000000000
764 0.0238860000000000
765 0.0233560000000000
766 0.0232230000000000
770 0.0223040000000000
780 0.0220130000000000
787 0.0209570000000000
790 0.0206810000000000
798 0.0204350000000000
800 0.0196310000000000
803 0.0191290000000000
817 0.0186100000000000
819 0.0183340000000000
832 0.0183210000000000
834 0.0182770000000000
838 0.0176310000000000
840 0.0173250000000000
848 0.0172390000000000
853 0.0171090000000000
857 0.0170530000000000
861 0.0169950000000000
864 0.0167890000000000
869 0.0167010000000000
873 0.0163760000000000
874 0.0161360000000000
878 0.0160540000000000
879 0.0158530000000000
886 0.0157940000000000
891 0.0156330000000000
894 0.0152640000000000
900 0.0150600000000000
902 0.0149350000000000
910 0.0148530000000000
912 0.0147910000000000
914 0.0143500000000000
919 0.0141800000000000
920 0.0138830000000000
922 0.0138760000000000
923 0.0135150000000000
930 0.0134830000000000
931 0.0133410000000000
935 0.0129870000000000
938 0.0129800000000000
940 0.0123890000000000
941 0.0118130000000000
947 0.0118020000000000
948 0.0110280000000000
959 0.0110240000000000
961 0.0108290000000000
964 0.0106450000000000
966 0.0098390000000000
967 0.0096030000000000
973 0.0089750000000000
974 0.0082650000000000
982 0.0077400000000000
983 0.0075620000000000
986 0.0073060000000000
1022 0.0064540000000000
1023 0.0060810000000000
1027 0.0046740000000000
1080 0.0044510000000000
1088 0.0041930000000000
1089 0.0033450000000000
1108 0.0032430000000000
1115 0.0031960000000000
1119 0.0030110000000000
1127 0.0027000000000000
1140 0.0026970000000000
1142 0.0024980000000000
1157 0.0024970000000000
1162 0.0023480000000000
1174 0.0022970000000000
1176 0.0022140000000000
1190 0.0021480000000000
1191 0.0020860000000000
1200 0.0020490000000000
1201 0.0020050000000000
1205 0.0019030000000000
1206 0.0018090000000000
1213 0.0016720000000000
1214 0.0015230000000000
1218 0.0014820000000000
1219 0.0013240000000000
1224 0.0013020000000000
1225 0.0012210000000000
1227 0.0011480000000000
1228 0.0010850000000000
1230 0.0010640000000000
1231 0.0010170000000000
1232 0.0009960000000000
1235 0.0009590000000000
1237 0.0009110000000000
1241 0.0007880000000000
1243 0.0007840000000000
1245 0.0007470000000000
1247 0.0007160000000000
1253 0.0005950000000000
1271 0.0005820000000000
1287 0.0005360000000000
1348 0.0005290000000000
1390 0.0005280000000000
1393 0.0005240000000000
1404 0.0005230000000000
1407 0.0005220000000000
1413 0.0005210000000000
1417 0.0005200000000000
1422 0.0005180000000000
1426 0.0005150000000000
1483 0.0005140000000000
1530 0.0005130000000000
