1 9.3856719999999996
3 1.1522049999999999
50 0.6540300000000000
65 0.5665030000000000
71 0.2922170000000000
76 0.1799180000000000
110 0.1762820000000000
112 0.1146320000000000
122 0.0955540000000000
124 0.0871440000000000
128 0.0707870000000000
161 0.0686870000000000
165 0.0670430000000000
166 0.0561520000000000
167 0.0530290000000000
170 0.0523590000000000
173 0.0519500000000000
187 0.0512720000000000
188 0.0502200000000000
217 0.0471020000000000
236 0.0351740000000000
258 0.0326300000000000
259 0.0301300000000000
263 0.0294750000000000
271 0.0292740000000000
275 0.0288710000000000
280 0.0282840000000000
282 0.0278980000000000
300 0.0254150000000000
301 0.0251100000000000
306 0.0242620000000000
307 0.0242290000000000
311 0.0228260000000000
322 0.0225820000000000
331 0.0223860000000000
335 0.0210340000000000
336 0.0202250000000000
350 0.0197300000000000
351 0.0197190000000000
352 0.0196980000000000
355 0.0191800000000000
359 0.0189570000000000
361 0.0188290000000000
363 0.0185900000000000
368 0.0182370000000000
372 0.0181870000000000
378 0.0176960000000000
379 0.0175090000000000
383 0.0174990000000000
384 0.0174090000000000
386 0.0172520000000000
389 0.0169870000000000
394 0.0169520000000000
397 0.0163180000000000
398 0.0159890000000000
411 0.0158710000000000
413 0.0154450000000000
414 0.0152180000000000
433 0.0150750000000000
439 0.0150330000000000
441 0.0149640000000000
442 0.0149600000000000
472 0.0148470000000000
475 0.0138190000000000
487 0.0133520000000000
489 0.0120000000000000
504 0.0118000000000000
521 0.0114350000000000
525 0.0086620000000000
569 0.0079670000000000
590 0.0078950000000000
592 0.0077420000000000
606 0.0077030000000000
608 0.0076930000000000
613 0.0076290000000000
616 0.0076210000000000
631 0.0076010000000000
633 0.0075770000000000
649 0.0075560000000000
654 0.0075480000000000
655 0.0075330000000000
669 0.0068530000000000
671 0.0068110000000000
673 0.0057340000000000
674 0.0040590000000000
701 0.0030390000000000
736 0.0030360000000000
738 0.0028920000000000
740 0.0028170000000000
756 0.0024960000000000
759 0.0024500000000000
772 0.0023810000000000
773 0.0022250000000000
778 0.0021650000000000
784 0.0021060000000000
786 0.0020920000000000
788 0.0020530000000000
796 0.0019440000000000
800 0.0019010000000000
801 0.0018790000000000
804 0.0018250000000000
805 0.0018100000000000
807 0.0016760000000000
808 0.0015490000000000
820 0.0015190000000000
822 0.0014360000000000
823 0.0014090000000000
826 0.0013390000000000
829 0.0013130000000000
841 0.0013050000000000
861 0.0012680000000000
864 0.0011890000000000
869 0.0011820000000000
884 0.0009450000000000
911 0.0009400000000000
912 0.0009370000000000
937 0.0007300000000000
976 0.0006890000000000
978 0.0006770000000000
981 0.0006720000000000
983 0.0006610000000000
990 0.0006000000000000
998 0.0005940000000000
1008 0.0005810000000000
1011 0.0005700000000000
1014 0.0005650000000000
1021 0.0005470000000000
1022 0.0005420000000000
1029 0.0005390000000000
1035 0.0005100000000000
1036 0.0004900000000000
1049 0.0004870000000000
1051 0.0004800000000000
1054 0.0004780000000000
1056 0.0004600000000000
1057 0.0004410000000000
1064 0.0004240000000000
1065 0.0004060000000000
1067 0.0003980000000000
1068 0.0003730000000000
1073 0.0003620000000000
1074 0.0003560000000000
1075 0.0003270000000000
1076 0.0002900000000000
1084 0.0002600000000000
1085 0.0002450000000000
1089 0.0002360000000000
1104 0.0002310000000000
1107 0.0002270000000000
1113 0.0002100000000000
1114 0.0002040000000000
1122 0.0001960000000000
1123 0.0001880000000000
1127 0.0001800000000000
1128 0.0001700000000000
1131 0.0001630000000000
1132 0.0001570000000000
1137 0.0001480000000000
1138 0.0001420000000000
1147 0.0001390000000000
1154 0.0001380000000000
1156 0.0001340000000000
1160 0.0001310000000000
1174 0.0001300000000000
1182 0.0001290000000000
1192 0.0001280000000000
1227 0.0001270000000000
1247 0.0001130000000000
1250 0.0001120000000000
1251 0.0001100000000000
1253 0.0000990000000000
1255 0.0000790000000000
1281 0.0000690000000000
1284 0.0000650000000000
1285 0.0000560000000000
1288 0.0000430000000000
1291 0.0000320000000000
1353 0.0000310000000000
1357 0.0000300000000000
1362 0.0000280000000000
1364 0.0000270000000000
1368 0.0000260000000000
1376 0.0000250000000000
1380 0.0000240000000000
1384 0.0000230000000000
1434 0.0000210000000000
1436 0.0000160000000000
1438 0.0000130000000000
1441 0.0000120000000000
1442 0.0000100000000000
1456 0.0000090000000000
1487 0.0000070000000000
1489 0.0000060000000000
1496 0.0000050000000000
1502 0.0000040000000000
1519 0.0000030000000000
1534 0.0000020000000000
1572 0.0000010000000000
