1 215.0569050000000004
4 97.3772079999999960
15 86.0123609999999985
16 72.9910090000000054
20 70.2308610000000044
21 68.2752780000000001
22 40.3259169999999969
23 12.4262809999999995
33 10.3548519999999993
35 5.7766909999999996
55 5.6229789999999999
60 4.6222040000000000
61 2.4632209999999999
72 0.2567820000000000
91 0.2004900000000000
111 0.0256980000000000
115 0.0218080000000000
143 0.0215380000000000
153 0.0157890000000000
155 0.0058420000000000
166 0.0028930000000000
184 0.0015080000000000
209 0.0001050000000000
216 0.0000070000000000
244 0.0000050000000000
257 0.0000010000000000
281 0.0000000000000000
