1 2.0927780000000000
5 2.0243530000000001
11 1.3736400000000000
18 1.3344549999999999
29 1.0022590000000000
66 0.9354770000000000
89 0.8917650000000000
94 0.7847530000000000
102 0.5904160000000001
112 0.5520710000000000
133 0.4740250000000000
139 0.4513170000000000
149 0.3144130000000000
188 0.2418950000000000
194 0.1665640000000000
217 0.1593110000000000
252 0.1574290000000000
261 0.1536850000000000
275 0.1519290000000000
295 0.1503980000000000
298 0.1498380000000000
318 0.1478130000000000
337 0.1441010000000000
340 0.1423940000000000
360 0.1421510000000000
361 0.1411110000000000
367 0.1410500000000000
390 0.1379830000000000
393 0.1349070000000000
395 0.1304800000000000
396 0.1277900000000000
403 0.1255360000000000
426 0.1215830000000000
444 0.1187270000000000
464 0.1168590000000000
472 0.1123650000000000
500 0.1080350000000000
506 0.1065290000000000
508 0.1060710000000000
512 0.1058940000000000
517 0.1022000000000000
533 0.1008830000000000
543 0.0988860000000000
544 0.0983790000000000
559 0.0968540000000000
564 0.0968420000000000
571 0.0966600000000000
576 0.0962200000000000
580 0.0956800000000000
593 0.0955950000000000
595 0.0946810000000000
603 0.0946670000000000
605 0.0946540000000000
607 0.0937890000000000
613 0.0935710000000000
621 0.0932660000000000
622 0.0930120000000000
628 0.0929350000000000
631 0.0927110000000000
632 0.0925860000000000
634 0.0922220000000000
635 0.0917600000000000
636 0.0912770000000000
637 0.0907560000000000
640 0.0902760000000000
641 0.0896030000000000
644 0.0895310000000000
646 0.0886820000000000
647 0.0885040000000000
650 0.0884930000000000
652 0.0877570000000000
654 0.0863770000000000
655 0.0859600000000000
657 0.0855490000000000
658 0.0846870000000000
659 0.0838860000000000
660 0.0825840000000000
663 0.0816730000000000
664 0.0806340000000000
666 0.0798940000000000
667 0.0778990000000000
671 0.0777880000000000
674 0.0763350000000000
677 0.0738930000000000
686 0.0735360000000000
693 0.0727480000000000
700 0.0726340000000000
703 0.0704250000000000
713 0.0693250000000000
714 0.0688660000000000
715 0.0686540000000000
720 0.0685670000000000
728 0.0685270000000000
732 0.0684590000000000
734 0.0679880000000000
738 0.0676450000000000
740 0.0666180000000000
741 0.0664810000000000
744 0.0661530000000000
756 0.0657780000000000
762 0.0650720000000000
768 0.0649920000000000
774 0.0640750000000000
775 0.0638010000000000
786 0.0632560000000000
790 0.0627770000000000
801 0.0618920000000000
804 0.0618510000000000
811 0.0615500000000000
812 0.0612430000000000
820 0.0609140000000000
821 0.0606180000000000
823 0.0605460000000000
824 0.0605160000000000
825 0.0604500000000000
828 0.0602740000000000
830 0.0601420000000000
835 0.0595280000000000
842 0.0589380000000000
873 0.0588350000000000
892 0.0575680000000000
908 0.0572160000000000
916 0.0571680000000000
918 0.0567970000000000
920 0.0565860000000000
927 0.0565240000000000
934 0.0561170000000000
935 0.0560910000000000
942 0.0558320000000000
955 0.0554960000000000
962 0.0553670000000000
967 0.0553340000000000
973 0.0553250000000000
981 0.0549900000000000
982 0.0548860000000000
997 0.0548770000000000
1002 0.0546440000000000
1003 0.0545800000000000
1011 0.0545050000000000
1017 0.0544020000000000
1018 0.0543810000000000
1019 0.0543560000000000
1020 0.0542870000000000
1022 0.0542300000000000
1023 0.0541070000000000
1025 0.0540880000000000
1027 0.0540040000000000
1028 0.0538960000000000
1030 0.0538050000000000
1031 0.0537680000000000
1033 0.0536830000000000
1035 0.0535040000000000
1036 0.0530280000000000
1043 0.0528350000000000
1045 0.0526170000000000
1050 0.0524380000000000
1052 0.0522190000000000
1056 0.0521350000000000
1058 0.0518400000000000
1064 0.0517100000000000
1066 0.0512030000000000
1067 0.0511290000000000
1073 0.0507810000000000
1074 0.0503890000000000
1078 0.0499860000000000
1079 0.0494520000000000
1084 0.0493820000000000
1085 0.0493770000000000
1087 0.0493570000000000
1089 0.0492350000000000
1091 0.0490120000000000
1093 0.0485690000000000
1097 0.0484070000000000
1102 0.0482200000000000
1104 0.0482160000000000
1106 0.0474960000000000
1107 0.0474660000000000
1110 0.0473690000000000
1111 0.0473610000000000
1113 0.0473430000000000
1115 0.0473160000000000
1118 0.0467680000000000
1119 0.0466500000000000
1122 0.0463240000000000
1131 0.0461680000000000
1135 0.0459580000000000
1137 0.0457630000000000
1139 0.0456530000000000
1152 0.0453060000000000
1161 0.0450340000000000
1171 0.0450240000000000
1173 0.0447860000000000
1194 0.0447530000000000
1196 0.0445790000000000
1197 0.0444380000000000
1208 0.0443610000000000
1211 0.0442100000000000
1213 0.0441690000000000
1226 0.0441070000000000
1231 0.0440080000000000
1252 0.0438690000000000
1276 0.0437790000000000
1302 0.0435960000000000
1312 0.0435020000000000
1313 0.0434740000000000
1315 0.0434390000000000
1316 0.0433470000000000
1321 0.0433260000000000
1322 0.0432420000000000
1331 0.0431960000000000
1344 0.0430770000000000
1367 0.0430720000000000
1372 0.0430400000000000
1376 0.0429760000000000
1394 0.0429320000000000
1428 0.0423000000000000
1447 0.0421820000000000
1449 0.0414720000000000
1451 0.0414020000000000
1492 0.0413600000000000
1495 0.0412970000000000
1498 0.0412410000000000
1513 0.0411890000000000
1517 0.0411730000000000
1519 0.0411370000000000
1539 0.0411240000000000
1548 0.0411040000000000
1549 0.0410720000000000
1570 0.0409290000000000
1602 0.0408310000000000
1606 0.0407650000000000
1626 0.0407000000000000
1645 0.0406740000000000
1667 0.0406720000000000
1700 0.0406200000000000
1707 0.0405580000000000
1726 0.0405560000000000
1749 0.0404980000000000
1751 0.0404590000000000
1755 0.0403990000000000
1804 0.0403760000000000
1810 0.0403670000000000
1814 0.0403300000000000
1841 0.0403280000000000
1846 0.0403270000000000
1880 0.0403110000000000
1883 0.0402760000000000
1901 0.0402500000000000
1902 0.0402430000000000
1914 0.0402390000000000
1922 0.0402270000000000
1928 0.0402200000000000
1929 0.0402190000000000
1930 0.0402120000000000
1931 0.0402060000000000
1940 0.0402050000000000
1947 0.0401980000000000
1958 0.0401960000000000
1963 0.0401950000000000
1975 0.0401940000000000
1982 0.0401930000000000
1994 0.0401920000000000
2002 0.0401910000000000
2066 0.0401850000000000
2067 0.0401830000000000
2074 0.0401780000000000
2092 0.0401760000000000
2100 0.0401680000000000
2132 0.0401640000000000
2154 0.0401610000000000
2172 0.0401600000000000
2178 0.0401590000000000
2183 0.0401560000000000
2185 0.0401510000000000
2210 0.0401480000000000
2213 0.0401470000000000
2234 0.0401450000000000
2257 0.0401420000000000
2277 0.0401390000000000
2297 0.0401380000000000
2317 0.0401370000000000
2336 0.0401340000000000
2355 0.0401330000000000
2377 0.0401310000000000
2388 0.0401290000000000
