1 16.1587969999999999
4 2.2671999999999999
8 1.9502830000000000
9 1.6763180000000000
10 1.5264430000000000
11 1.5120030000000000
24 1.3777400000000000
38 1.1087430000000000
39 0.5514950000000000
45 0.2602220000000000
56 0.1753840000000000
85 0.1307490000000000
94 0.0996960000000000
99 0.0907620000000000
132 0.0903080000000000
138 0.0869610000000000
154 0.0826590000000000
166 0.0814120000000000
171 0.0761390000000000
172 0.0735570000000000
176 0.0704010000000000
188 0.0693400000000000
189 0.0616630000000000
193 0.0581880000000000
215 0.0526410000000000
216 0.0499670000000000
218 0.0438090000000000
219 0.0414390000000000
223 0.0397980000000000
224 0.0395190000000000
243 0.0356870000000000
245 0.0355290000000000
250 0.0329890000000000
252 0.0324070000000000
258 0.0302110000000000
259 0.0294180000000000
275 0.0280920000000000
290 0.0271480000000000
305 0.0265740000000000
317 0.0255390000000000
328 0.0255230000000000
330 0.0251630000000000
337 0.0251060000000000
351 0.0250100000000000
366 0.0249490000000000
368 0.0248670000000000
380 0.0248020000000000
381 0.0246980000000000
385 0.0246500000000000
411 0.0246130000000000
432 0.0246010000000000
434 0.0245610000000000
436 0.0245480000000000
449 0.0245420000000000
451 0.0245280000000000
455 0.0245270000000000
464 0.0245210000000000
465 0.0245090000000000
466 0.0245070000000000
521 0.0245050000000000
578 0.0245040000000000
