1 308385880728.9899291992187500
4 219490103958.7413635253906250
5 64962943227.5595703125000000
6 1142717257.8060040473937988
21 1134407263.9792768955230713
24 780710904.2672480344772339
25 115577818.4387699961662292
26 11746335.1621530000120401
36 3432140.9840069999918342
38 3036261.8259990001097322
42 2263220.1589910001493990
44 1892285.9909709999337792
46 1549013.5158160000573844
48 254443.0915500000119209
115 244572.2577570000139531
117 244355.8368290000071283
118 236666.9388320000143722
121 234922.9648919999890495
129 234593.5369289999944158
133 233604.3476359999913257
142 233449.6306519999925513
152 233398.6817600000067614
221 233395.6104120000090916
229 233386.0656099999905564
273 233385.5697849999996834
277 233384.3769109999993816
284 233382.4506819999951404
285 233367.1959330000099726
310 233364.2623629999870900
311 233355.2588709999981802
312 233328.8217949999962002
313 233285.8478950000135228
360 233281.1241009999939706
361 233273.3096859999932349
381 233272.1969880000106059
385 233270.4229639999975916
386 233268.4362259999907110
387 233266.1442190000088885
390 233265.2001860000018496
395 233260.6601369999989402
407 233260.4312959999952000
413 233224.3442389999981970
414 233116.9842509999871254
415 232838.8272930000093766
416 232243.5546050000120886
417 229666.6658689999894705
418 223016.7469039999996312
419 221547.1997949999931734
421 204076.9791109999932814
424 202926.5522270000074059
427 165940.5662880000018049
429 155574.6727119999995921
433 130500.2795659999974305
434 125185.9927690000040457
437 106947.5494500000058906
439 99687.5888739999936661
443 95875.8173780000070110
456 94769.5291790000046603
460 94362.5213519999961136
462 93441.1667900000029476
466 92594.9611860000004526
467 87202.1337639999983367
478 86801.2638580000057118
480 86684.8199590000003809
482 86518.1115229999995790
507 86383.4782290000002831
509 86365.2414609999977984
524 86341.0580139999947278
534 86253.8539460000029067
555 85921.0970609999931185
557 85879.3128109999961453
572 85777.5418289999943227
584 85747.7604359999968437
611 85747.5507199999992736
655 85747.2839390000008279
657 85744.9383769999985816
671 85744.8901610000029905
674 85744.8613730000070063
675 85744.5583349999942584
682 85744.5317849999992177
688 85744.4890330000052927
693 85744.4349610000062967
694 85744.3926269999938086
699 85744.3368829999963054
700 85744.2712900000042282
702 85744.2453280000045197
703 85744.1635240000032354
705 85744.0403240000014193
706 85743.8671100000065053
708 85743.8073259999946458
709 85743.5957079999934649
711 85743.5097689999965951
713 85743.3148329999967245
714 85743.0566019999969285
716 85742.9532780000008643
717 85742.8054580000025453
719 85742.5914099999936298
721 85742.5401419999980135
725 85742.4046430000016699
726 85742.3184170000022277
729 85742.0864140000048792
730 85741.9518180000013672
733 85741.8933169999945676
734 85741.7266919999965467
736 85741.7190549999941140
740 85741.5260080000007292
748 85741.5230880000017351
749 85741.4975050000066403
750 85741.3694129999930738
751 85741.2715239999961341
753 85741.2639420000050450
755 85741.1909049999958370
760 85741.1086400000058347
763 85740.9971619999996619
764 85740.9318519999942509
772 85740.9290119999932358
776 85740.8082520000025397
777 85740.7358209999947576
782 85740.7065609999990556
784 85740.6610369999980321
785 85740.6484429999982240
790 85740.5961709999974119
797 85740.5652750000008382
802 85740.5637949999945704
805 85740.5243880000052741
806 85740.5045209999952931
809 85740.5006310000026133
813 85740.4861110000056215
817 85740.4714399999938905
818 85740.4620419999992009
820 85740.4566340000019409
822 85740.4472130000067409
823 85740.4468400000041584
824 85740.4305310000054305
826 85740.4238920000061626
829 85740.3928370000066934
830 85740.3736440000066068
833 85740.3622389999945881
835 85740.3217509999958565
836 85740.3207750000001397
838 85740.2869789999967907
839 85740.2779840000002878
842 85740.2260629999946104
848 85740.1974519999930635
849 85740.1863210000010440
852 85740.1768230000016047
855 85740.1445150000072317
857 85740.1361699999979464
858 85740.1297270000068238
860 85740.0866169999935664
864 85740.0679300000047078
865 85740.0557499999995343
868 85739.9994449999940116
871 85739.9919709999958286
876 85739.9745919999986654
884 85739.9477469999983441
885 85739.9314779999986058
887 85739.9203010000055656
888 85739.9098360000061803
890 85739.8839960000041174
894 85739.8671299999987241
895 85739.8530259999970440
896 85739.8359729999938281
897 85739.8081070000043837
898 85739.8043000000034226
899 85739.7731809999968391
902 85739.7591779999929713
903 85739.7442710000032093
908 85739.6895220000005793
920 85739.6889979999978095
922 85739.6716949999972712
923 85739.6640849999967031
926 85739.6597389999951702
927 85739.6487639999977546
930 85739.6407869999966351
931 85739.6204759999964153
934 85739.5934710000001360
935 85739.5680730000021867
938 85739.5295199999964098
939 85739.4915509999991627
942 85739.4609930000005988
944 85739.4096719999943161
945 85739.3660030000028200
948 85739.3246179999987362
950 85739.3122949999960838
953 85739.2630749999952968
954 85739.2309370000002673
960 85739.2061859999957960
966 85739.1910269999934826
984 85739.1899120000016410
986 85738.9181130000069970
995 85738.6800599999987753
998 85738.5523479999974370
1018 85738.3050090000033379
1050 85738.2943300000042655
1051 85738.2836819999938598
1056 85738.2830899999971734
1058 85738.2738859999954002
1059 85738.2651880000048550
1060 85738.2550259999989066
1062 85738.2546020000008866
1063 85738.2538059999933466
1065 85738.2384500000043772
1066 85738.2348380000039469
1078 85738.2334949999931268
1083 85738.2319399999978486
1086 85738.2305250000063097
1087 85738.2280369999934919
1088 85738.2211399999941932
1089 85738.2061519999988377
1091 85738.0449479999952018
1101 85738.0436469999986002
1102 85738.0412650000071153
1105 85738.0017229999939445
1131 85737.9901350000000093
1136 85737.9880089999933261
1140 85737.9725699999980861
1150 85737.9721770000032848
1153 85737.9184059999970486
1156 85737.9181680000037886
1177 85737.9102830000047106
1180 85737.8976620000030380
1209 85737.8928869999945164
1211 85737.8909450000064680
1212 85737.8788139999960549
1213 85737.8774980000016512
1217 85737.8773990000045160
1221 85737.8772999999928288
1223 85737.8772750000061933
1227 85737.8767709999956423
1231 85737.8763809999945806
1258 85737.8762779999960912
1263 85737.8762319999950705
1269 85737.8761010000016540
1270 85737.8760110000002896
1275 85737.8760020000045188
1277 85737.8758010000019567
1278 85737.8756359999970300
1282 85737.8756259999936447
1283 85737.8755490000039572
1284 85737.8754250000056345
1285 85737.8752249999961350
1286 85737.8751670000056038
1287 85737.8749609999940731
1288 85737.8747569999977713
1289 85737.8743220000033034
1291 85737.8741020000015851
1292 85737.8738829999929294
1293 85737.8736420000059297
1294 85737.8734609999955865
1295 85737.8729190000012750
1296 85737.8726170000009006
1303 85737.8722459999989951
1312 85737.8721720000030473
1320 85737.8721610000065994
1324 85737.8721269999950891
1325 85737.8721010000008391
1330 85737.8716920000006212
1332 85737.8690099999948870
1333 85737.8657850000017788
1352 85737.8648589999938849
1355 85737.8618779999960680
1356 85737.8615549999958603
1359 85737.8597089999966556
1371 85737.8587459999980638
1374 85737.8471029999927850
1392 85737.8359429999982240
1393 85737.8342319999937899
1405 85737.8310059999930672
1406 85737.8292959999962477
1408 85737.8290450000058627
1409 85737.8280890000023646
1414 85737.8268950000056066
1420 85737.8265149999933783
1425 85737.8264699999999721
1426 85737.8263730000035139
1429 85737.8261630000051809
1433 85737.8260650000011083
1434 85737.8256649999966612
1435 85737.8254549999983283
1440 85737.8253019999974640
1441 85737.8251980000059120
1444 85737.8249849999992875
1449 85737.8248770000063814
1455 85737.8247470000060275
1456 85737.8247249999985797
1458 85737.8246809999982361
1466 85737.8246409999992466
1469 85737.8246190000063507
1474 85737.8246050000016112
1477 85737.8246010000002570
1479 85737.8245960000058403
1483 85737.8245949999982258
1487 85737.8245940000051633
1491 85737.8245929999975488
1509 85737.8245920000044862
