1 1305.7904200000000401
3 1305.4087799999999788
4 1305.1935920000000806
6 1301.6137830000000122
7 1294.2040759999999864
8 1285.7419500000000880
9 1280.4813130000000001
10 1277.5767619999999170
11 1276.6737909999999374
12 1276.0575329999999212
15 1016.5519000000000460
16 786.3410280000000512
17 277.0035839999999894
21 276.7233600000000138
25 17.8114519999999992
33 17.7866150000000012
36 17.7824950000000008
45 17.7818250000000013
59 17.4222080000000012
60 17.4167190000000005
63 17.4065489999999983
129 17.4050879999999992
165 17.4048410000000011
224 17.4048349999999985
279 17.4048049999999996
294 17.4048039999999986
326 17.4048030000000011
