1 2537761691.5519061088562012
4 1686113329.8568060398101807
7 1524603354.9617030620574951
9 882200128.7585209608078003
14 723783089.3699070215225220
18 712045806.6923170089721680
19 425267194.2823879718780518
27 128345251.6022550016641617
29 16957818.9336749985814095
31 6400028.6801899997517467
71 130073.3122029999940423
116 112584.6839020000043092
124 80162.0611670000071172
125 4420.0254000000004453
134 57.7360770000000016
156 56.1558169999999990
173 0.1664750000000000
184 0.1177530000000000
194 0.0094590000000000
196 0.0084590000000000
206 0.0000550000000000
208 0.0000130000000000
219 0.0000020000000000
231 0.0000000000000000
