1 3735116872.6515359878540039
12 1288919585.9609110355377197
26 1269413660.0882821083068848
27 885788313.9836640357971191
37 883215162.8180589675903320
45 452203722.5923600196838379
47 356587534.1741610169410706
49 78730521.9873750060796738
51 63804869.7396700009703636
79 16808114.3287720009684563
81 10380275.9060629997402430
83 9611749.1881179995834827
111 924692.7887549999868497
145 924181.1095470000291243
171 894980.2240160000510514
173 894468.5448079999769107
186 10943.7580180000004475
215 6158.2487000000000990
217 5544.1335230000004231
219 5159.8312999999998283
290 136.9292220000000100
314 0.3500140000000000
316 0.2631210000000000
318 0.2596420000000000
362 0.0624390000000000
378 0.0005270000000000
407 0.0003410000000000
423 0.0002670000000000
425 0.0000020000000000
468 0.0000000000000000
