1 16.4308310000000013
4 7.8420459999999999
7 6.7239560000000003
10 4.2033909999999999
13 3.7041149999999998
29 1.8916420000000000
43 0.6376470000000000
56 0.5955780000000001
61 0.5572120000000000
80 0.3106190000000000
106 0.2647910000000000
111 0.1247070000000000
133 0.1107600000000000
135 0.1079050000000000
138 0.1025360000000000
165 0.0920240000000000
179 0.0855130000000000
199 0.0843640000000000
203 0.0827640000000000
218 0.0798310000000000
231 0.0664910000000000
244 0.0648890000000000
257 0.0505150000000000
274 0.0437460000000000
278 0.0430990000000000
284 0.0394040000000000
290 0.0367680000000000
291 0.0333270000000000
294 0.0237140000000000
341 0.0229110000000000
342 0.0208880000000000
351 0.0207790000000000
355 0.0197760000000000
372 0.0182670000000000
378 0.0169690000000000
381 0.0162490000000000
384 0.0150590000000000
387 0.0150520000000000
396 0.0149590000000000
397 0.0132370000000000
398 0.0124620000000000
399 0.0123910000000000
428 0.0120270000000000
436 0.0119780000000000
438 0.0119640000000000
441 0.0114940000000000
442 0.0113140000000000
446 0.0109050000000000
447 0.0105970000000000
450 0.0105560000000000
452 0.0101740000000000
468 0.0092390000000000
483 0.0090550000000000
489 0.0088100000000000
505 0.0086380000000000
508 0.0086010000000000
510 0.0082050000000000
521 0.0081910000000000
549 0.0080820000000000
570 0.0080680000000000
583 0.0080190000000000
585 0.0077130000000000
600 0.0076550000000000
610 0.0075390000000000
617 0.0074580000000000
632 0.0072380000000000
635 0.0070980000000000
643 0.0069970000000000
646 0.0067440000000000
648 0.0067410000000000
653 0.0067390000000000
665 0.0067000000000000
677 0.0066940000000000
682 0.0065920000000000
691 0.0065590000000000
694 0.0064550000000000
695 0.0063980000000000
719 0.0062430000000000
752 0.0061050000000000
754 0.0060380000000000
760 0.0059820000000000
761 0.0059610000000000
763 0.0059500000000000
776 0.0059350000000000
790 0.0059330000000000
792 0.0059320000000000
799 0.0059290000000000
809 0.0059230000000000
810 0.0059210000000000
819 0.0059200000000000
820 0.0059180000000000
824 0.0059170000000000
826 0.0059150000000000
827 0.0059140000000000
828 0.0059130000000000
832 0.0059080000000000
833 0.0059030000000000
837 0.0059020000000000
838 0.0058970000000000
842 0.0058920000000000
843 0.0058830000000000
846 0.0058820000000000
847 0.0058730000000000
850 0.0058670000000000
851 0.0058570000000000
852 0.0058490000000000
853 0.0058270000000000
857 0.0058240000000000
858 0.0058170000000000
859 0.0058010000000000
860 0.0057800000000000
861 0.0057790000000000
862 0.0057450000000000
865 0.0057370000000000
866 0.0057190000000000
868 0.0056960000000000
869 0.0056620000000000
872 0.0056390000000000
873 0.0056020000000000
874 0.0055850000000000
875 0.0055210000000000
878 0.0055050000000000
879 0.0054640000000000
882 0.0054420000000000
883 0.0054370000000000
885 0.0053280000000000
886 0.0052470000000000
892 0.0051960000000000
896 0.0051230000000000
897 0.0051060000000000
899 0.0050860000000000
901 0.0050170000000000
902 0.0049580000000000
910 0.0049550000000000
917 0.0049080000000000
921 0.0048460000000000
922 0.0048110000000000
929 0.0047750000000000
930 0.0047210000000000
932 0.0047060000000000
933 0.0046510000000000
935 0.0046420000000000
938 0.0045140000000000
939 0.0044070000000000
943 0.0043630000000000
944 0.0042910000000000
946 0.0041950000000000
947 0.0041120000000000
949 0.0040380000000000
950 0.0039430000000000
952 0.0038780000000000
953 0.0037810000000000
954 0.0037690000000000
955 0.0037340000000000
958 0.0035220000000000
963 0.0034870000000000
964 0.0034440000000000
968 0.0034030000000000
970 0.0032420000000000
975 0.0032150000000000
980 0.0031700000000000
988 0.0031550000000000
989 0.0031450000000000
992 0.0031280000000000
995 0.0030340000000000
996 0.0029970000000000
1004 0.0029960000000000
1007 0.0029860000000000
1009 0.0029030000000000
1010 0.0028700000000000
1015 0.0028550000000000
1017 0.0027680000000000
1018 0.0026860000000000
1022 0.0026670000000000
1024 0.0026480000000000
1026 0.0025360000000000
1027 0.0024890000000000
1031 0.0024170000000000
1034 0.0023440000000000
1044 0.0023410000000000
1048 0.0023230000000000
1052 0.0023200000000000
1056 0.0023080000000000
1058 0.0023010000000000
1067 0.0022980000000000
1070 0.0022950000000000
1072 0.0022910000000000
1084 0.0022900000000000
1089 0.0022890000000000
1098 0.0022880000000000
