1 26.7500000000000000
2 25.7399999999999984
3 24.8900000000000006
12 22.9800000000000004
13 22.8500000000000014
22 20.9400000000000013
23 20.8099999999999987
46 15.6699999999999999
69 11.6997590000000002
86 11.1897590000000005
88 10.0697589999999995
96 9.2597590000000007
123 8.8073650000000008
145 8.1766400000000008
146 6.6834400000000000
147 4.1921600000000003
157 3.5778400000000001
178 3.2172269999999998
187 3.0799270000000001
189 2.6703139999999999
212 2.2110979999999998
219 1.6690080000000000
254 1.6589400000000001
260 1.6146199999999999
289 1.5209779999999999
298 1.5030859999999999
300 1.4229660000000000
324 1.3865209999999999
328 1.3448180000000001
345 1.3424450000000001
349 1.3014319999999999
362 1.2573350000000001
366 1.2164779999999999
390 1.0486930000000001
399 0.9525390000000000
423 0.8962730000000000
456 0.6205240000000000
466 0.5610590000000000
472 0.5562740000000000
475 0.4974170000000000
476 0.4669120000000000
514 0.3689080000000000
519 0.3543730000000000
525 0.2110680000000000
544 0.1690480000000000
556 0.1657950000000000
560 0.1534580000000000
562 0.1530830000000000
566 0.1369630000000000
582 0.1347490000000000
586 0.1279030000000000
588 0.0996400000000000
607 0.0930310000000000
613 0.0911890000000000
617 0.0755360000000000
656 0.0729710000000000
658 0.0652630000000000
663 0.0575170000000000
677 0.0493730000000000
690 0.0446850000000000
693 0.0402450000000000
704 0.0394250000000000
708 0.0345860000000000
720 0.0326520000000000
727 0.0287200000000000
740 0.0253910000000000
773 0.0252790000000000
777 0.0249520000000000
780 0.0248050000000000
785 0.0247400000000000
789 0.0245810000000000
793 0.0243160000000000
796 0.0217140000000000
813 0.0216630000000000
841 0.0215320000000000
843 0.0211860000000000
863 0.0204420000000000
864 0.0204390000000000
866 0.0200500000000000
868 0.0194680000000000
870 0.0193830000000000
875 0.0178780000000000
876 0.0163240000000000
902 0.0162080000000000
906 0.0161930000000000
916 0.0161230000000000
933 0.0157800000000000
934 0.0155910000000000
949 0.0155670000000000
950 0.0154260000000000
951 0.0152120000000000
952 0.0150150000000000
961 0.0148480000000000
979 0.0146900000000000
990 0.0141630000000000
1003 0.0140340000000000
1007 0.0139210000000000
1009 0.0138410000000000
1035 0.0137630000000000
1037 0.0136560000000000
1052 0.0122320000000000
1069 0.0122030000000000
1092 0.0121690000000000
1100 0.0120200000000000
1105 0.0119360000000000
1106 0.0117960000000000
1111 0.0117230000000000
1129 0.0116640000000000
1134 0.0116300000000000
1137 0.0116030000000000
1140 0.0115750000000000
1141 0.0114700000000000
1151 0.0114660000000000
1155 0.0113820000000000
1180 0.0109630000000000
1198 0.0109430000000000
1199 0.0109280000000000
1202 0.0108100000000000
1217 0.0107820000000000
1225 0.0107440000000000
1246 0.0107240000000000
1251 0.0106880000000000
1277 0.0106660000000000
1291 0.0106550000000000
1293 0.0105940000000000
1313 0.0105860000000000
1325 0.0105850000000000
1327 0.0105830000000000
1329 0.0105780000000000
1332 0.0105730000000000
1337 0.0105650000000000
1339 0.0105620000000000
1358 0.0105590000000000
1362 0.0105560000000000
1384 0.0105540000000000
1390 0.0105530000000000
1395 0.0105520000000000
1401 0.0105510000000000
1402 0.0105500000000000
1429 0.0105490000000000
1438 0.0105480000000000
1458 0.0105470000000000
1497 0.0105460000000000
1515 0.0105450000000000
1516 0.0105440000000000
1520 0.0105420000000000
1521 0.0105400000000000
1531 0.0105390000000000
1532 0.0105360000000000
1538 0.0105340000000000
1540 0.0105330000000000
1541 0.0105320000000000
1542 0.0105310000000000
1543 0.0105300000000000
1550 0.0105290000000000
1552 0.0105280000000000
1553 0.0105260000000000
1558 0.0105240000000000
1559 0.0105210000000000
1565 0.0105200000000000
1566 0.0105170000000000
1569 0.0105150000000000
1570 0.0105100000000000
1574 0.0105080000000000
1579 0.0105070000000000
1582 0.0105020000000000
1589 0.0105010000000000
1596 0.0104990000000000
1597 0.0104970000000000
1601 0.0104940000000000
1604 0.0104920000000000
1617 0.0104910000000000
1632 0.0104900000000000
1667 0.0104890000000000
1691 0.0104880000000000
1698 0.0104870000000000
1703 0.0104850000000000
1717 0.0104830000000000
1734 0.0104820000000000
1757 0.0104810000000000
1763 0.0104800000000000
1764 0.0104780000000000
1769 0.0104770000000000
1799 0.0104760000000000
1829 0.0104750000000000
