1 5839039.3213160000741482
4 5615429.9655170002952218
5 4944660.3550439998507500
6 3930832.9803419997915626
8 2148190.5860290001146495
12 1859443.7748040000442415
37 1673277.9321940001100302
41 1631056.0232230001129210
46 1224582.2927069999277592
60 1122806.4206290000583977
87 1115435.3072820000816137
92 1110079.9487389998976141
94 1073486.7641799999400973
110 1073456.6413400000892580
115 1073441.1488099999260157
131 957034.3299979999428615
133 809727.3670909999636933
137 795528.7901690000435337
138 736977.8715940000256523
140 679555.3463560000527650
142 653701.4772200000006706
143 540826.2690530000254512
144 510763.4443130000145175
146 470333.1503529999754392
147 358419.5695019999984652
161 344761.9420069999760017
183 301540.4824459999799728
185 277563.1315990000148304
186 238102.3995510000095237
197 234228.5098970000108238
198 218779.1978480000107083
200 204875.5413040000130422
209 179834.8918929999927059
212 178659.6946809999935795
218 177089.5876960000023246
219 153613.0316720000118949
226 147333.4555099999997765
238 125213.2303479999973206
240 71949.9942350000055740
243 30086.0292599999993399
285 26273.6993430000002263
296 22211.3003570000000764
304 13404.9560770000007324
345 11780.0545789999996487
346 11536.8561489999992773
348 11316.6732040000006236
354 11086.1200580000004265
356 10248.8063340000007884
363 9832.3331589999997959
383 9553.5597369999995863
396 4469.2150949999995646
417 4385.1054489999996804
419 2717.5569369999998344
421 2564.5660339999999451
422 2276.2977620000001480
430 2241.6138850000002094
432 1777.4618969999999081
439 1750.9094470000000001
448 1685.9014449999999670
452 1472.7775500000000193
469 1129.4949690000000828
472 1119.5377029999999650
473 986.0575619999999617
478 965.2746280000000070
479 800.9882350000000315
481 446.4915990000000079
493 329.2737440000000220
495 323.8139770000000226
502 254.4841810000000066
506 183.2184440000000052
525 174.6451920000000086
548 128.7971009999999978
550 105.6563000000000017
565 96.9343530000000015
581 82.9792989999999975
584 71.3308279999999968
586 66.3451170000000019
592 47.6077060000000003
617 46.7487220000000008
625 45.1259609999999967
628 44.4016179999999991
630 43.9238440000000026
643 43.0689980000000006
647 42.9120320000000035
651 41.6377269999999982
664 41.1339230000000029
672 40.7323919999999973
676 40.6545089999999973
680 40.4136230000000012
688 34.1287409999999980
689 18.8340150000000008
702 10.8829530000000005
717 10.4269520000000000
744 10.2700160000000000
756 8.4955900000000000
768 7.9175540000000000
769 7.4971709999999998
784 7.3810349999999998
788 5.0328450000000000
791 4.1378089999999998
813 2.8265359999999999
828 2.7748110000000001
834 2.6943609999999998
836 2.4465170000000001
857 2.4328379999999998
861 2.1663019999999999
875 2.0852789999999999
878 1.7669230000000000
879 1.6886900000000000
880 1.5726059999999999
892 1.4916450000000001
906 1.2136880000000001
907 0.3798170000000000
925 0.3760920000000000
944 0.3094730000000000
959 0.2957270000000000
963 0.2944640000000000
965 0.2786130000000000
992 0.2022760000000000
995 0.1297330000000000
1023 0.1294310000000000
1025 0.1225170000000000
1027 0.1190340000000000
1029 0.1161700000000000
1041 0.0979440000000000
1066 0.0977770000000000
1069 0.0933260000000000
1085 0.0903940000000000
1086 0.0815990000000000
1089 0.0812650000000000
1090 0.0777600000000000
1114 0.0708400000000000
1119 0.0655690000000000
1120 0.0604050000000000
1122 0.0582470000000000
1125 0.0525980000000000
1136 0.0473090000000000
1152 0.0296800000000000
1165 0.0296370000000000
1166 0.0210960000000000
1167 0.0193060000000000
1174 0.0165640000000000
1176 0.0147270000000000
1183 0.0133540000000000
1185 0.0110620000000000
1202 0.0109040000000000
1207 0.0108860000000000
1216 0.0088960000000000
1236 0.0077720000000000
1250 0.0065130000000000
1252 0.0064930000000000
1254 0.0036740000000000
1261 0.0033420000000000
1265 0.0022440000000000
1275 0.0021230000000000
1299 0.0020700000000000
1301 0.0018690000000000
1321 0.0017880000000000
1333 0.0017740000000000
1336 0.0016890000000000
1351 0.0007050000000000
1357 0.0005780000000000
1367 0.0005140000000000
1375 0.0003600000000000
1381 0.0003110000000000
1383 0.0002240000000000
1386 0.0001900000000000
1390 0.0001290000000000
1400 0.0001240000000000
1404 0.0001170000000000
1418 0.0001090000000000
1420 0.0000820000000000
1447 0.0000810000000000
1460 0.0000800000000000
1463 0.0000790000000000
1466 0.0000750000000000
1469 0.0000720000000000
1471 0.0000710000000000
1489 0.0000700000000000
1496 0.0000690000000000
1499 0.0000680000000000
1501 0.0000650000000000
1503 0.0000360000000000
1512 0.0000330000000000
1514 0.0000280000000000
1516 0.0000270000000000
1520 0.0000260000000000
1522 0.0000230000000000
1534 0.0000160000000000
1539 0.0000150000000000
1554 0.0000140000000000
1556 0.0000130000000000
1558 0.0000110000000000
1563 0.0000100000000000
1583 0.0000090000000000
1592 0.0000080000000000
1623 0.0000070000000000
1630 0.0000060000000000
1648 0.0000040000000000
1649 0.0000030000000000
1665 0.0000020000000000
