1 1794074.9948499999009073
4 1208940.8101560000795871
5 249943.4585800000058953
6 48427.4776669999992009
8 16925.8336909999998170
12 925.4326979999999594
15 25.0241940000000014
39 24.1179810000000003
48 22.4663229999999992
55 18.7300040000000010
68 17.9773689999999995
78 17.8552689999999998
79 15.0478170000000002
80 11.0168979999999994
94 9.2577870000000004
96 7.6944640000000000
109 7.6244699999999996
111 7.6222479999999999
116 6.8310599999999999
117 6.2959129999999996
119 6.0813790000000001
121 6.0458439999999998
128 6.0266349999999997
129 6.0046080000000002
131 5.9668809999999999
132 5.9178949999999997
133 5.9038019999999998
135 5.7976179999999999
136 5.6880530000000000
138 5.4771570000000001
139 5.3012930000000003
140 5.2712289999999999
141 5.0707250000000004
142 4.7291030000000003
144 4.4243730000000001
145 4.1576209999999998
148 4.0132539999999999
149 3.7095880000000001
153 3.6360670000000002
155 3.3878919999999999
158 3.1011419999999998
163 2.8747579999999999
164 2.7704219999999999
167 2.6068370000000001
168 2.4708820000000000
171 2.4174380000000002
172 2.2610880000000000
174 2.2278680000000000
176 2.1365669999999999
178 2.0486650000000002
181 1.9177560000000000
184 1.8397260000000000
185 1.7186110000000001
189 1.6654350000000000
190 1.6357889999999999
191 1.5309100000000000
192 1.4508700000000001
194 1.3319410000000000
195 1.3188169999999999
196 1.2775280000000000
198 1.1782630000000001
200 1.1631460000000000
203 0.9874210000000000
207 0.9791210000000000
208 0.9035069999999999
213 0.8352130000000000
214 0.7923130000000000
217 0.7737990000000000
219 0.6966930000000000
220 0.6254860000000000
222 0.5437520000000000
224 0.5376240000000000
226 0.4697190000000000
228 0.4611060000000000
230 0.4462750000000000
232 0.3785050000000000
238 0.3471660000000000
239 0.3384760000000000
240 0.3178010000000000
243 0.2601760000000000
244 0.2496590000000000
247 0.2122850000000000
249 0.1776990000000000
250 0.1377370000000000
253 0.0999060000000000
257 0.0822210000000000
259 0.0579270000000000
269 0.0475340000000000
270 0.0329900000000000
273 0.0287290000000000
281 0.0281480000000000
283 0.0231170000000000
288 0.0196180000000000
289 0.0183530000000000
292 0.0100090000000000
294 0.0075050000000000
295 0.0009820000000000
310 0.0004160000000000
321 0.0000610000000000
323 0.0000550000000000
333 0.0000370000000000
339 0.0000310000000000
343 0.0000160000000000
351 0.0000040000000000
356 0.0000010000000000
366 0.0000000000000000
