1 11897.8203649999995832
14 6661.3833160000003772
15 159.4057209999999998
27 86.8456560000000053
61 60.3026830000000018
66 48.6752380000000002
119 46.1591579999999979
123 43.1466199999999986
125 37.6382789999999972
134 28.1828560000000010
208 26.9586159999999992
251 24.7486210000000000
252 23.1106259999999999
288 16.4454659999999997
289 12.8390480000000000
307 11.4963490000000004
313 11.4059320000000000
318 9.4420450000000002
331 9.1528700000000001
332 7.8635869999999999
334 6.9012409999999997
340 6.3507259999999999
370 6.2469429999999999
372 6.1051919999999997
391 5.9411839999999998
416 5.9318790000000003
453 5.9127619999999999
457 5.7281740000000001
468 5.7185389999999998
480 5.6850170000000002
491 5.6741520000000003
494 5.5845279999999997
562 5.5837750000000002
563 5.5630150000000000
569 5.5366989999999996
596 5.5304039999999999
597 5.5041789999999997
609 5.4879480000000003
610 5.4586309999999996
618 5.4379749999999998
619 5.3888990000000003
625 5.3724170000000004
628 5.3708739999999997
629 5.3166240000000000
632 5.3158849999999997
633 5.2562980000000001
639 5.2336900000000002
640 5.1469920000000000
644 5.1360739999999998
645 5.1358300000000003
646 5.1351570000000004
647 5.1075679999999997
649 5.0327380000000002
650 4.9256489999999999
654 4.9006530000000001
655 4.7546059999999999
659 4.7539300000000004
660 4.6650320000000001
664 4.6287409999999998
666 4.5502250000000002
667 4.3987900000000000
673 4.3058399999999999
674 4.1206589999999998
682 4.0735950000000001
683 3.9635030000000002
687 3.9582750000000000
688 3.8300269999999998
695 3.6967029999999999
696 3.5241950000000002
718 3.4993370000000001
724 3.4000880000000002
725 3.3212999999999999
732 3.2822619999999998
733 3.1701000000000001
749 3.1676869999999999
753 3.1062400000000001
754 3.0671140000000001
756 3.0315259999999999
762 2.9896330000000000
764 2.9474140000000002
765 2.9029410000000002
771 2.8562390000000000
777 2.7988830000000000
782 2.7379920000000002
783 2.7212740000000002
794 2.6016200000000000
795 2.5563889999999998
800 2.5478860000000001
801 2.4189769999999999
812 2.2594500000000002
813 2.1446619999999998
828 2.0688550000000001
829 1.9221990000000000
833 1.8742350000000001
836 1.8317969999999999
837 1.8162259999999999
838 1.7321850000000001
839 1.6344950000000000
843 1.5836319999999999
845 1.5799550000000000
847 1.4393920000000000
850 1.4329229999999999
859 1.3203819999999999
876 1.3120300000000000
894 1.3036040000000000
899 1.2958190000000001
908 1.2878639999999999
909 1.2829470000000001
911 1.2798290000000001
922 1.2789400000000000
927 1.2696130000000001
931 1.2585370000000000
937 1.2429280000000000
947 1.2410019999999999
1010 1.2269520000000000
1030 1.2199970000000000
1032 1.2176570000000000
1042 1.2148530000000000
1043 1.2065930000000000
1051 1.2003940000000000
1052 1.1910580000000000
1060 1.1884429999999999
1061 1.1763920000000001
1066 1.1738249999999999
1067 1.1632320000000000
1073 1.1547210000000001
1074 1.1485609999999999
1076 1.1446840000000000
1077 1.1282760000000001
1089 1.1266170000000000
1092 1.1236999999999999
1098 1.1128920000000000
1099 1.1088709999999999
1106 1.1003579999999999
1107 1.0934050000000000
1109 1.0928080000000000
1110 1.0897699999999999
1115 1.0866439999999999
1116 1.0859719999999999
1126 1.0724080000000000
1127 1.0626700000000000
1136 1.0561879999999999
1142 1.0506340000000001
1155 1.0476760000000001
1156 1.0426869999999999
1166 1.0379920000000000
1167 1.0299879999999999
1177 1.0263770000000001
1178 1.0168250000000001
1191 1.0135909999999999
1192 1.0083920000000000
1195 1.0065949999999999
1196 1.0051159999999999
1199 1.0032360000000000
1200 0.9895300000000000
1211 0.9804010000000000
1213 0.9762690000000001
1232 0.9692900000000000
1236 0.9642070000000000
1237 0.9631660000000000
1261 0.9624960000000000
1262 0.9604910000000000
1271 0.9578660000000000
1272 0.9553430000000001
1288 0.9481790000000000
1324 0.9473630000000000
1325 0.9437210000000000
1346 0.9398910000000000
1347 0.9363200000000000
1349 0.9349520000000000
1350 0.9283470000000000
1364 0.9281610000000000
1365 0.9263220000000000
1369 0.9255460000000000
1371 0.9204250000000000
1376 0.9149060000000000
1382 0.9085569999999999
1383 0.8989860000000000
1399 0.8960610000000000
1410 0.8945630000000000
1411 0.8936180000000000
1421 0.8924940000000000
1424 0.8882920000000000
1425 0.8851430000000000
1426 0.8844010000000000
1436 0.8832950000000001
1445 0.8816260000000000
1447 0.8760640000000000
1448 0.8696760000000000
1470 0.8650720000000000
1478 0.8612520000000000
1479 0.8577260000000000
1505 0.8567460000000000
1506 0.8531400000000000
1510 0.8529800000000000
1511 0.8518450000000000
1512 0.8510770000000000
1517 0.8469350000000000
1518 0.8442000000000000
1521 0.8417450000000000
1522 0.8364030000000000
1531 0.8330540000000000
1532 0.8271210000000000
1540 0.8270290000000000
1541 0.8220070000000000
1546 0.8215160000000000
1548 0.8189050000000000
1549 0.8139189999999999
1551 0.8129130000000000
1553 0.8113370000000000
1554 0.8049880000000000
1562 0.8029210000000000
1563 0.7972100000000000
1565 0.7949300000000000
1566 0.7849120000000001
1579 0.7840810000000000
1580 0.7770359999999999
1596 0.7759990000000000
1597 0.7715640000000000
1600 0.7685620000000000
1601 0.7594590000000000
1615 0.7558910000000000
1618 0.7516500000000000
1628 0.7508370000000000
1634 0.7484330000000000
1640 0.7473720000000000
1658 0.7288430000000000
1725 0.7286150000000000
1731 0.7282530000000000
1736 0.7279040000000000
1749 0.7278810000000000
1755 0.7252210000000000
1806 0.7219989999999999
1811 0.7217460000000000
1814 0.7207760000000000
1834 0.7195700000000000
1836 0.7175970000000000
1863 0.7173770000000000
1864 0.7166890000000000
1868 0.7141100000000000
1927 0.7138760000000000
1939 0.7131430000000000
1940 0.7130150000000000
1945 0.7101920000000000
1946 0.7017240000000000
1968 0.7006250000000001
1987 0.6997880000000000
1988 0.6995200000000000
1989 0.6991200000000000
1994 0.6965010000000000
2001 0.6960330000000000
2005 0.6947210000000000
2011 0.6943720000000000
2029 0.6943120000000000
2031 0.6941220000000000
2033 0.6930450000000000
2047 0.6919120000000000
2061 0.6916030000000000
2070 0.6915870000000000
2080 0.6914890000000000
2081 0.6904740000000000
2085 0.6904350000000000
2108 0.6899440000000000
2109 0.6885820000000000
2116 0.6812240000000001
2131 0.6739700000000000
2148 0.6633000000000000
2154 0.6527920000000000
2177 0.6464060000000000
2180 0.6418360000000000
2181 0.6250540000000000
2184 0.6241280000000000
2208 0.6224360000000000
2211 0.6222060000000000
2240 0.6083870000000000
2260 0.6051560000000000
2296 0.6000480000000000
2303 0.5996050000000001
2305 0.5936690000000000
2322 0.5932010000000000
2367 0.5929320000000000
2379 0.5904270000000000
2415 0.5886280000000000
2463 0.5884130000000000
2492 0.5883330000000000
2497 0.5877990000000000
2524 0.5876010000000000
2532 0.5873969999999999
2538 0.5873860000000000
2541 0.5871540000000000
2561 0.5868220000000000
2562 0.5867350000000000
2607 0.5865270000000000
2656 0.5864590000000000
2687 0.5860450000000000
2688 0.5858760000000000
2701 0.5856840000000000
2702 0.5855170000000000
2704 0.5854990000000000
2709 0.5854040000000000
2712 0.5849280000000000
2713 0.5843940000000000
2728 0.5843710000000000
2730 0.5841690000000000
2731 0.5840090000000000
2733 0.5838750000000000
2734 0.5835570000000000
2741 0.5831710000000000
2742 0.5825270000000000
2753 0.5820570000000000
2754 0.5812630000000000
2760 0.5810870000000000
2761 0.5805750000000000
2765 0.5805250000000000
2766 0.5797070000000000
2768 0.5793130000000000
2769 0.5777120000000000
2777 0.5770710000000000
2778 0.5768520000000000
2780 0.5766520000000001
2781 0.5758100000000000
2804 0.5757380000000000
2811 0.5756520000000001
2812 0.5755940000000001
2813 0.5755000000000000
2815 0.5751790000000000
2820 0.5750390000000000
2822 0.5750200000000000
2826 0.5749220000000000
2827 0.5747250000000000
2828 0.5746120000000000
2829 0.5740790000000000
2840 0.5740740000000000
2841 0.5734740000000000
2855 0.5734669999999999
2857 0.5732440000000000
2862 0.5731140000000000
2863 0.5729160000000000
2916 0.5727660000000000
2955 0.5727460000000000
2958 0.5727290000000000
2975 0.5726950000000000
2976 0.5726340000000000
3000 0.5726270000000000
3001 0.5725690000000000
3011 0.5725350000000000
3072 0.5725160000000000
3078 0.5725150000000000
3079 0.5724830000000000
3099 0.5724810000000000
3100 0.5724560000000000
3162 0.5724240000000000
3203 0.5724210000000000
3204 0.5724030000000000
3206 0.5723960000000000
3212 0.5723880000000000
3218 0.5723830000000000
3224 0.5723800000000000
3235 0.5723660000000000
3243 0.5723549999999999
3244 0.5723490000000000
3251 0.5723460000000000
3252 0.5723279999999999
3261 0.5723250000000000
3262 0.5723090000000000
3269 0.5723020000000000
3271 0.5722950000000000
3272 0.5722680000000000
3285 0.5722560000000000
3342 0.5722500000000000
3381 0.5722480000000000
3393 0.5722460000000000
3397 0.5722410000000000
3409 0.5722400000000000
3413 0.5722390000000001
3414 0.5722340000000000
3424 0.5722330000000000
3429 0.5722270000000000
3438 0.5722250000000000
3439 0.5722200000000000
3447 0.5722159999999999
3458 0.5722120000000001
3459 0.5722050000000000
3476 0.5721990000000000
3480 0.5721950000000000
3481 0.5721860000000000
3491 0.5721810000000001
3492 0.5721690000000000
3496 0.5721680000000000
3497 0.5721540000000001
3504 0.5721520000000000
3505 0.5721430000000000
3507 0.5721400000000000
3508 0.5721200000000000
3514 0.5721100000000000
3515 0.5720830000000000
3518 0.5720800000000000
3519 0.5720420000000001
3525 0.5720410000000000
3526 0.5720010000000000
3529 0.5719890000000000
3530 0.5719250000000000
3537 0.5719000000000000
3538 0.5718170000000000
3543 0.5718160000000000
3544 0.5717240000000000
3548 0.5717150000000000
3550 0.5716960000000000
3552 0.5716760000000000
3555 0.5716430000000000
3606 0.5716390000000000
3632 0.5716380000000000
3638 0.5716360000000000
3648 0.5716300000000000
3671 0.5716280000000000
3672 0.5716260000000000
3675 0.5716250000000000
3676 0.5716200000000000
3693 0.5716190000000000
3694 0.5716140000000000
3708 0.5716120000000000
3763 0.5716100000000000
3779 0.5716080000000000
3780 0.5716070000000000
3781 0.5716050000000000
3788 0.5716030000000000
3806 0.5716000000000000
3873 0.5715950000000000
3874 0.5715930000000000
3884 0.5715920000000000
3888 0.5715910000000000
3890 0.5715900000000000
3892 0.5715840000000000
3893 0.5715830000000000
3904 0.5715820000000000
3905 0.5715770000000000
3911 0.5715760000000000
3912 0.5715690000000000
3922 0.5715680000000000
3923 0.5715610000000000
3927 0.5715600000000000
3929 0.5715590000000000
3931 0.5715570000000000
3932 0.5715460000000000
3937 0.5715450000000000
3938 0.5715330000000000
3943 0.5715310000000000
3944 0.5715170000000001
3949 0.5715150000000000
3950 0.5715110000000000
3952 0.5715020000000000
3953 0.5714820000000000
3962 0.5714770000000000
3963 0.5714720000000000
3967 0.5714610000000000
3968 0.5714470000000000
4000 0.5714450000000000
4009 0.5714430000000000
4015 0.5714420000000000
4019 0.5714410000000000
4021 0.5714390000000000
4026 0.5714340000000000
4041 0.5714290000000000
4070 0.5714280000000000
4074 0.5714270000000000
4119 0.5714260000000000
4123 0.5714250000000000
4150 0.5714240000000000
