1 1580.9708929999999327
13 999.6184399999999641
14 178.3944309999999973
18 160.3145240000000058
19 37.9227369999999979
48 37.7253189999999989
58 32.7900520000000029
75 31.3702390000000015
80 30.8115720000000017
107 28.1188830000000003
112 27.6762170000000012
122 27.3276059999999994
125 26.2006160000000001
129 25.5413369999999986
151 24.9477790000000006
157 23.8823739999999987
184 23.7213999999999992
189 23.6236940000000004
206 23.2564220000000006
209 22.9685859999999984
254 22.5536679999999983
264 22.5274120000000018
270 22.4605269999999990
320 22.4563279999999992
324 22.4061120000000003
328 22.3523409999999991
342 22.3517429999999990
363 22.3396119999999989
390 22.3325059999999986
406 22.2994950000000003
408 22.2888780000000004
436 22.2886780000000009
452 22.2471630000000005
499 22.2466040000000014
513 22.2456999999999994
561 22.2449119999999994
583 22.2428549999999987
615 22.2428489999999996
618 22.2426439999999985
638 22.2417330000000000
702 22.2416550000000015
704 22.2411369999999984
740 22.2409950000000016
746 22.2408450000000002
757 22.2408320000000010
762 22.2405809999999988
764 22.2404820000000001
781 22.2404259999999994
787 22.2404219999999988
795 22.2403249999999986
810 22.2402750000000005
835 22.2402680000000004
838 22.2402659999999983
841 22.2402620000000013
851 22.2402459999999991
871 22.2402450000000016
872 22.2402389999999990
886 22.2401909999999994
904 22.2401750000000007
927 22.2401739999999997
930 22.2401659999999985
934 22.2401230000000005
967 22.2400920000000006
990 22.2399489999999993
994 22.2397810000000007
1002 22.2397029999999987
1063 22.2396889999999985
1069 22.2396870000000000
1070 22.2396600000000007
1079 22.2396509999999985
1083 22.2396199999999986
1084 22.2396080000000005
1095 22.2395850000000017
1101 22.2395840000000007
1113 22.2395800000000001
1114 22.2395789999999991
1115 22.2395719999999990
1116 22.2395619999999994
1123 22.2395479999999992
1124 22.2395339999999990
1135 22.2395239999999994
1136 22.2395229999999984
1138 22.2395209999999999
1144 22.2395069999999997
1145 22.2395050000000012
1150 22.2394999999999996
1163 22.2394929999999995
1174 22.2394919999999985
1186 22.2394859999999994
1203 22.2394829999999999
1204 22.2394810000000014
1213 22.2394770000000008
1217 22.2394759999999998
1219 22.2394740000000013
1220 22.2394719999999992
1227 22.2394700000000007
1228 22.2394679999999987
1236 22.2394660000000002
1247 22.2394649999999992
1252 22.2394640000000017
1264 22.2394630000000006
1265 22.2394609999999986
1266 22.2394600000000011
1269 22.2394579999999991
1270 22.2394549999999995
1296 22.2394539999999985
1298 22.2394509999999990
1299 22.2394490000000005
1311 22.2394469999999984
1312 22.2394449999999999
1316 22.2394439999999989
1318 22.2394420000000004
1319 22.2394399999999983
1325 22.2394379999999998
1330 22.2394360000000013
1331 22.2394339999999993
1338 22.2394329999999982
1339 22.2394299999999987
1343 22.2394290000000012
1344 22.2394260000000017
1350 22.2394250000000007
1351 22.2394220000000011
1353 22.2394210000000001
1354 22.2394199999999991
1356 22.2394169999999995
1357 22.2394120000000015
1364 22.2394110000000005
1367 22.2394099999999995
1368 22.2394069999999999
1370 22.2394059999999989
1371 22.2394040000000004
1376 22.2394029999999994
1378 22.2393999999999998
1379 22.2393959999999993
1388 22.2393929999999997
1395 22.2393900000000002
1417 22.2393889999999992
1425 22.2393880000000017
1432 22.2393870000000007
1442 22.2393859999999997
1471 22.2393709999999984
1508 22.2393700000000010
1523 22.2393630000000009
1527 22.2393609999999988
1529 22.2393569999999983
1535 22.2393539999999987
1537 22.2393520000000002
1538 22.2393509999999992
1546 22.2393479999999997
1550 22.2393460000000012
1584 22.2393430000000016
1587 22.2393399999999986
1588 22.2393380000000001
1607 22.2393369999999990
1624 22.2393360000000015
1627 22.2393210000000003
1633 22.2393150000000013
1634 22.2393129999999992
1649 22.2393089999999987
1704 22.2393080000000012
1707 22.2393070000000002
1710 22.2393050000000017
1722 22.2393040000000006
1726 22.2393010000000011
1727 22.2392980000000016
1738 22.2392959999999995
1739 22.2392930000000000
1750 22.2392910000000015
1751 22.2392889999999994
1757 22.2392879999999984
1758 22.2392859999999999
1763 22.2392849999999989
1764 22.2392840000000014
1768 22.2392819999999993
1769 22.2392800000000008
1811 22.2392789999999998
1827 22.2392779999999988
1828 22.2392770000000013
1839 22.2392760000000003
1840 22.2392740000000018
1853 22.2392730000000007
1854 22.2392719999999997
1861 22.2392709999999987
1862 22.2392690000000002
1868 22.2392679999999991
1869 22.2392660000000006
1878 22.2392649999999996
1882 22.2392639999999986
1883 22.2392630000000011
1901 22.2392620000000001
1904 22.2392609999999991
1905 22.2392600000000016
1915 22.2392590000000006
1949 22.2392579999999995
1964 22.2392569999999985
1983 22.2392550000000000
1984 22.2392539999999990
2000 22.2392530000000015
