1 1582.0000000000000000
13 999.5366000000000213
14 178.5055999999999869
18 160.4741999999999962
19 37.8992999999999967
48 37.6880999999999986
58 32.8213999999999970
80 32.3235000000000028
84 31.0284000000000013
92 28.0746000000000002
118 26.4960999999999984
155 26.4558000000000000
159 26.3774000000000015
160 25.0567999999999991
204 24.9248000000000012
207 24.2752000000000017
211 24.2503999999999991
216 23.9484999999999992
252 23.9254399999999983
256 23.9250229999999995
265 23.1613959999999999
293 22.9649870000000007
296 22.9615399999999994
301 22.8851280000000017
326 22.7471069999999997
330 22.4889749999999999
348 22.4584739999999989
355 22.4525100000000002
358 22.4146660000000004
377 22.4067040000000013
393 22.4029230000000013
410 22.3368989999999989
412 22.2846229999999998
427 22.2791689999999996
442 22.2664180000000016
457 22.2641039999999997
479 22.2638910000000010
513 22.2635700000000014
515 22.2632450000000013
520 22.2628890000000013
524 22.2623150000000010
526 22.2621959999999994
533 22.2613850000000006
550 22.2613570000000003
583 22.2609470000000016
585 22.2606819999999992
587 22.2606290000000016
617 22.2605940000000011
664 22.2605919999999990
