1 176365.0000000000000000
2 175105.0000000000000000
3 171325.0000000000000000
4 159985.0000000000000000
5 125965.0000000000000000
6 23905.0000000000000000
17 14247.7999999999992724
18 5206.6000000000003638
20 538.4800000000000182
59 42.3999999999999986
108 31.8200000000000003
109 16.2399999999999984
250 15.8896850000000001
276 14.6063840000000003
277 14.3983889999999999
282 14.2242270000000008
357 14.2188330000000001
359 14.2169179999999997
367 14.2045480000000008
379 14.2002570000000006
421 14.2000530000000005
555 14.2000410000000006
566 14.2000220000000006
571 14.2000180000000000
572 14.2000060000000001
644 14.2000039999999998
651 14.2000010000000003
680 14.1999999999999993
