1 0.3469530000000000
37 0.3034290000000000
46 0.2539590000000000
66 0.2536630000000000
70 0.2359920000000000
77 0.2347380000000000
82 0.2320590000000000
84 0.2292910000000000
86 0.2240290000000000
109 0.2196660000000000
122 0.2194440000000000
169 0.2193610000000000
172 0.2166920000000000
175 0.2125320000000000
176 0.2117040000000000
179 0.2098360000000000
183 0.2092190000000000
217 0.2086080000000000
220 0.2079310000000000
229 0.2047120000000000
249 0.2042890000000000
250 0.2036370000000000
260 0.2028910000000000
267 0.2025030000000000
269 0.2024220000000000
279 0.2022450000000000
284 0.2020450000000000
288 0.2014740000000000
292 0.2005260000000000
299 0.2003480000000000
304 0.2003100000000000
312 0.1994930000000000
313 0.1989380000000000
325 0.1977080000000000
356 0.1973840000000000
399 0.1972200000000000
440 0.1971560000000000
451 0.1971330000000000
472 0.1968110000000000
473 0.1958430000000000
474 0.1943910000000000
477 0.1936750000000000
478 0.1916270000000000
481 0.1864330000000000
503 0.1862920000000000
521 0.1856670000000000
527 0.1829440000000000
534 0.1829420000000000
536 0.1798040000000000
540 0.1732600000000000
541 0.1722640000000000
566 0.1722230000000000
569 0.1715940000000000
573 0.1707380000000000
596 0.1704780000000000
604 0.1703180000000000
606 0.1702070000000000
644 0.1701840000000000
645 0.1701680000000000
648 0.1700240000000000
666 0.1698080000000000
724 0.1697880000000000
728 0.1697600000000000
745 0.1696930000000000
748 0.1696540000000000
765 0.1695570000000000
767 0.1695040000000000
771 0.1694760000000000
772 0.1694390000000000
776 0.1693940000000000
792 0.1693430000000000
793 0.1693030000000000
804 0.1692970000000000
807 0.1692670000000000
808 0.1692000000000000
812 0.1691980000000000
813 0.1691270000000000
814 0.1691180000000000
815 0.1690650000000000
817 0.1690450000000000
818 0.1689410000000000
822 0.1689140000000000
823 0.1688550000000000
824 0.1687690000000000
825 0.1686430000000000
828 0.1685600000000000
829 0.1683390000000000
833 0.1683000000000000
834 0.1682110000000000
837 0.1679000000000000
838 0.1675250000000000
848 0.1673040000000000
863 0.1671280000000000
878 0.1671070000000000
883 0.1670900000000000
902 0.1670790000000000
911 0.1669410000000000
912 0.1668000000000000
921 0.1666950000000000
938 0.1664140000000000
962 0.1664040000000000
967 0.1663190000000000
1007 0.1663110000000000
1014 0.1663010000000000
1033 0.1662920000000000
1035 0.1662900000000000
1039 0.1662880000000000
1043 0.1662810000000000
1064 0.1662670000000000
1111 0.1662650000000000
1118 0.1662640000000000
1132 0.1662570000000000
1133 0.1662470000000000
1134 0.1662170000000000
1151 0.1661920000000000
1160 0.1661770000000000
1163 0.1661610000000000
1164 0.1661380000000000
1185 0.1660820000000000
1188 0.1660270000000000
1189 0.1660250000000000
1194 0.1660210000000000
1198 0.1660030000000000
1226 0.1659960000000000
1230 0.1659460000000000
1234 0.1659340000000000
1235 0.1659290000000000
1262 0.1658940000000000
1292 0.1658630000000000
1298 0.1658460000000000
1309 0.1658390000000000
1322 0.1658380000000000
1324 0.1658290000000000
1326 0.1658160000000000
1335 0.1658140000000000
1350 0.1658130000000000
1377 0.1658060000000000
1421 0.1658020000000000
1462 0.1658000000000000
1463 0.1657970000000000
1477 0.1657950000000000
1499 0.1657940000000000
