1 0.2758930000000000
35 0.2409390000000000
71 0.2372980000000000
78 0.2137830000000000
88 0.2122880000000000
91 0.2062990000000000
108 0.2007130000000000
117 0.1976860000000000
122 0.1944350000000000
129 0.1936140000000000
133 0.1902050000000000
134 0.1815760000000000
140 0.1772830000000000
144 0.1766070000000000
145 0.1645590000000000
152 0.1560840000000000
153 0.1511660000000000
159 0.1492260000000000
164 0.1342650000000000
165 0.1258850000000000
171 0.1200810000000000
173 0.1096600000000000
174 0.0967230000000000
179 0.0904370000000000
180 0.0809540000000000
181 0.0805080000000000
198 0.0759930000000000
225 0.0755770000000000
241 0.0740560000000000
248 0.0739870000000000
251 0.0503900000000000
255 0.0497260000000000
291 0.0495200000000000
295 0.0420170000000000
308 0.0419430000000000
309 0.0323910000000000
318 0.0313400000000000
330 0.0293550000000000
357 0.0268310000000000
362 0.0239930000000000
365 0.0236270000000000
371 0.0230170000000000
376 0.0227680000000000
378 0.0220030000000000
381 0.0209310000000000
400 0.0197570000000000
408 0.0196230000000000
412 0.0183330000000000
429 0.0182480000000000
434 0.0174730000000000
435 0.0173960000000000
448 0.0171700000000000
492 0.0171220000000000
493 0.0170980000000000
500 0.0169790000000000
508 0.0169710000000000
512 0.0168840000000000
513 0.0168040000000000
519 0.0167810000000000
522 0.0167390000000000
524 0.0167380000000000
526 0.0166460000000000
532 0.0165700000000000
534 0.0165300000000000
536 0.0164380000000000
545 0.0163520000000000
552 0.0163240000000000
553 0.0162810000000000
554 0.0161390000000000
569 0.0155680000000000
596 0.0152350000000000
603 0.0151320000000000
612 0.0150850000000000
613 0.0150630000000000
619 0.0149180000000000
620 0.0147380000000000
665 0.0147140000000000
673 0.0146710000000000
674 0.0146220000000000
690 0.0144970000000000
695 0.0144510000000000
709 0.0144450000000000
711 0.0143870000000000
716 0.0143830000000000
718 0.0142660000000000
733 0.0142620000000000
749 0.0141750000000000
750 0.0140940000000000
769 0.0139770000000000
772 0.0139440000000000
799 0.0139330000000000
801 0.0139210000000000
803 0.0138830000000000
804 0.0138380000000000
808 0.0138230000000000
811 0.0138010000000000
812 0.0137680000000000
813 0.0137330000000000
820 0.0136880000000000
833 0.0136760000000000
841 0.0136740000000000
846 0.0136600000000000
848 0.0136450000000000
849 0.0136270000000000
860 0.0136260000000000
862 0.0135880000000000
872 0.0135870000000000
873 0.0135860000000000
874 0.0135720000000000
875 0.0135550000000000
878 0.0135390000000000
881 0.0135190000000000
882 0.0134810000000000
888 0.0134400000000000
910 0.0134380000000000
925 0.0134260000000000
929 0.0134220000000000
959 0.0134200000000000
963 0.0134180000000000
965 0.0134170000000000
998 0.0134160000000000
1021 0.0134150000000000
1026 0.0134140000000000
1034 0.0134130000000000
1038 0.0134120000000000
1039 0.0134110000000000
1040 0.0134100000000000
1053 0.0134090000000000
1054 0.0134080000000000
1067 0.0134020000000000
1082 0.0134010000000000
1093 0.0133970000000000
1109 0.0133960000000000
1113 0.0133950000000000
1114 0.0133930000000000
1117 0.0133880000000000
1118 0.0133870000000000
1120 0.0133710000000000
1138 0.0133690000000000
1141 0.0133610000000000
1160 0.0133600000000000
1162 0.0133580000000000
1164 0.0133570000000000
1180 0.0133550000000000
1182 0.0133520000000000
1185 0.0133490000000000
1225 0.0133480000000000
1229 0.0133470000000000
1259 0.0133460000000000
1352 0.0133450000000000
