1 1615400.0000000000000000
3 1309937.0000000000000000
4 657512.0000000000000000
7 22772.0000000000000000
10 4535.0000000000000000
41 3608.5999539999997978
43 1731.8689540000000306
44 986.0630919999999833
58 832.7996339999999691
62 781.1798039999999901
67 767.6159619999999677
86 766.4719159999999647
94 581.2597960000000512
118 539.0499079999999594
120 496.6863650000000234
121 447.1029419999999845
124 375.5920439999999871
125 283.6640620000000013
131 258.9077669999999785
134 242.5576829999999973
148 166.2651590000000112
150 140.3649990000000116
171 92.4689800000000020
183 92.0901039999999966
187 63.3315740000000034
188 42.3315740000000034
210 40.6897080000000031
211 24.0492339999999984
219 20.0435240000000015
236 18.6435239999999993
251 10.8676399999999997
256 2.6755740000000001
285 2.1919740000000001
295 1.5989300000000000
298 0.8041260000000000
312 0.0445280000000000
334 0.0283300000000000
336 0.0137100000000000
338 0.0129490000000000
340 0.0126020000000000
344 0.0095000000000000
346 0.0036210000000000
348 0.0034320000000000
357 0.0025260000000000
359 0.0014910000000000
369 0.0005140000000000
378 0.0004030000000000
394 0.0002250000000000
398 0.0000390000000000
407 0.0000040000000000
425 0.0000000000000000
