1 6873781881282.9003906250000000
4 6327056140479.9765625000000000
5 4972990233849.0605468750000000
6 3486833506876.6015625000000000
8 1604027667222.5544433593750000
13 697497429673.7026367187500000
15 549769092555.9669189453125000
21 215828418746.6013183593750000
28 121733868215.6237640380859375
30 3235169212.2510251998901367
75 43890401.0371920019388199
108 424815.6374219999997877
144 282609.9222580000059679
146 46236.1272919999973965
155 6783.9076690000001690
164 5418.2426949999999124
186 3432.8701980000000731
189 2362.8331189999998969
193 1828.9383290000000670
195 16.8162009999999995
229 0.0002830000000000
239 0.0002820000000000
258 0.0000050000000000
269 0.0000020000000000
271 0.0000000000000000
