1 10600.0000000000000000
2 10001.0000000000000000
6 6100.0000000000000000
7 409.0000000000000000
17 216.0000000000000000
25 34.0000000000000000
35 20.5154719999999990
71 17.1576640000000005
73 14.1792259999999999
77 13.6900940000000002
80 12.2775069999999999
81 11.7085880000000007
82 10.6468980000000002
83 10.2217040000000008
86 5.6369389999999999
94 4.6903079999999999
102 3.7925920000000000
103 3.2901389999999999
108 2.6585709999999998
109 2.1562269999999999
113 1.3186100000000001
114 1.3091870000000001
118 0.9429419999999999
130 0.7459430000000000
131 0.7203990000000000
133 0.6956530000000000
135 0.6627860000000000
137 0.5182120000000000
142 0.4621750000000000
145 0.4092750000000000
149 0.4049210000000000
153 0.3903300000000000
155 0.3853290000000000
157 0.3791710000000000
158 0.3577130000000000
159 0.3563030000000000
160 0.3334700000000000
161 0.3101750000000000
165 0.1990030000000000
167 0.1392470000000000
175 0.0587340000000000
199 0.0324870000000000
200 0.0159650000000000
215 0.0062360000000000
219 0.0058840000000000
223 0.0006310000000000
243 0.0000900000000000
259 0.0000590000000000
268 0.0000020000000000
276 0.0000010000000000
292 0.0000000000000000
