1 215.0000000000000000
4 97.4641000000000020
7 88.0510000000000019
13 56.4671000000000021
16 50.8926000000000016
19 37.8511000000000024
23 32.3455999999999975
26 19.4481000000000002
31 16.2415999999999983
36 7.0526000000000000
71 4.8746000000000000
79 4.4660000000000002
81 2.7141000000000002
92 1.1650080000000000
93 1.0952390000000001
112 0.8362670000000000
113 0.6955920000000000
115 0.1006260000000000
138 0.0738400000000000
146 0.0663950000000000
166 0.0045700000000000
167 0.0029190000000000
185 0.0027210000000000
187 0.0015380000000000
189 0.0012130000000000
191 0.0011770000000000
193 0.0011060000000000
195 0.0007950000000000
197 0.0004160000000000
206 0.0002980000000000
223 0.0002250000000000
234 0.0001860000000000
235 0.0001330000000000
246 0.0000380000000000
256 0.0000270000000000
264 0.0000240000000000
275 0.0000210000000000
285 0.0000010000000000
304 0.0000000000000000
