1 3365729168.3466467857360840
10 1004305778.0673999786376953
20 814627868.8642259836196899
22 741222669.2826399803161621
23 722843599.5344020128250122
25 719958941.2814400196075439
28 579949440.9628839492797852
30 221734846.4443689882755280
31 201889124.6297740042209625
42 145535614.9018439948558807
64 21774334.4674879983067513
78 8086156.9441729998216033
80 8079558.3641450004652143
94 806752.6130820000544190
96 799536.4979929999681190
128 788562.5070490000071004
158 761770.9158479999750853
163 751699.3157969999592751
167 697848.0326249999925494
172 625436.6108839999651536
190 613619.2055580000160262
194 605462.3663670000387356
200 604206.0912509999470785
215 4929.9302159999997457
228 476.2150179999999864
242 129.8042759999999873
256 92.9709299999999956
270 2.8224920000000000
272 2.6599580000000000
310 1.5322840000000000
337 0.0021220000000000
339 0.0007700000000000
341 0.0007680000000000
343 0.0007520000000000
344 0.0007290000000000
369 0.0004250000000000
371 0.0000270000000000
373 0.0000050000000000
375 0.0000040000000000
399 0.0000010000000000
413 0.0000000000000000
