1 33634141556.6514434814453125
2 30044503231.8437538146972656
3 19938770984.1040458679199219
4 645179928.2167570590972900
8 624839521.9788329601287842
34 226485008.0901629924774170
42 213464877.5177409946918488
45 125283902.7235680073499680
55 118623434.0071599930524826
63 77812908.6913550049066544
80 64033011.9840079993009567
98 59937897.5210570022463799
107 45600150.3654109984636307
127 34618741.3622109964489937
160 26521875.9708309993147850
161 24130967.6989939995110035
184 20608564.8138800002634525
232 20512855.1125530004501343
240 19128901.5821890011429787
247 17395199.1555819995701313
248 17326827.8092009983956814
249 15846206.2938110008835793
258 13713998.7586310002952814
259 12338192.5259899999946356
274 11446752.2416680008172989
275 10484772.5562290009111166
279 9684066.2110750004649162
280 8974278.6992479991167784
283 8522332.6249230001121759
284 8425905.9907389990985394
286 8331319.5884859999641776
297 6925689.4030600003898144
298 6073400.9945090003311634
311 5951518.3825099999085069
322 5153629.3710620002821088
332 5067843.2681839996948838
333 4735568.9365309998393059
343 4690653.5130399996414781
345 4422887.8855419997125864
347 4065077.3100660000927746
348 3708826.6190140000544488
363 3432515.8028339999727905
366 3239338.1669209999963641
394 3000377.2465139999985695
403 2903357.4566689999774098
406 2649733.5903079998679459
407 2583845.9554449999704957
413 2570995.0077949999831617
419 2267141.2530160001479089
420 2233088.6098380000330508
422 2129336.6690650000236928
429 1985863.7973750000819564
446 1884647.9667819999158382
475 1874244.6713409998919815
476 1642329.8251320000272244
477 1573725.6447560000233352
486 1470567.9258620000910014
487 1305787.4454429999459535
493 883752.3491660000290722
494 835746.0630560000427067
502 827516.4953440000535920
523 281757.4771419999888167
530 253134.4322410000022501
557 248052.7564680000068620
561 138311.8201969999936409
569 94903.0428149999934249
570 82630.1618109999981243
574 75342.5651320000033593
578 47242.8809919999985141
581 35236.5137130000002799
586 31692.4905859999998938
587 30094.1293130000012752
589 27812.1062009999986913
592 22206.6892799999986892
596 20974.8251429999982065
598 19733.3025600000000850
603 16930.3177209999994375
605 13599.1848690000006172
609 12086.9779120000002877
613 10453.1820430000007036
626 10310.8204200000000128
631 6324.5490529999997307
633 6039.3074239999996280
634 5409.8956889999999476
639 4378.7308800000000701
640 3142.7054800000000796
645 1678.4204749999998967
650 1403.0576920000000882
659 1327.2042440000000170
681 1028.0435580000000755
684 607.9516149999999470
690 593.1559340000000020
693 336.3471799999999803
703 326.2611430000000041
730 320.0679589999999735
735 261.9574010000000044
758 248.8226610000000107
762 239.4519909999999925
784 199.8343800000000101
785 199.1987269999999910
791 149.9706549999999936
835 144.8520550000000071
854 118.4095530000000025
887 111.8160799999999995
893 107.7520219999999966
898 107.1360159999999979
914 106.9693579999999997
918 101.8591919999999931
931 78.4095599999999990
935 68.8324870000000004
969 61.0194639999999993
972 49.0986380000000011
978 44.8398759999999967
980 42.4506269999999972
985 40.2889470000000003
989 30.1032340000000005
990 25.3179510000000008
995 24.8249780000000015
1019 23.0781869999999998
1020 21.2530569999999983
1048 21.2502190000000013
1050 19.5078600000000009
1052 19.3407640000000001
1061 18.0172710000000009
1064 15.4383920000000003
1079 15.2457740000000008
1080 15.0083199999999994
1096 12.0829670000000000
1101 11.6585730000000005
1107 11.1798810000000000
1108 10.5155069999999995
1123 10.1473549999999992
1130 10.1006190000000000
1172 9.5257109999999994
1176 9.3964309999999998
1179 9.2995079999999994
1204 9.1898260000000001
1233 9.0881900000000009
1236 9.0872139999999995
1246 8.9432019999999994
1247 8.8836030000000008
1253 8.8720479999999995
1254 8.8089750000000002
1258 8.6259309999999996
1264 8.5740230000000004
1279 8.5141550000000006
1280 8.4524130000000000
1283 8.3151469999999996
1284 8.2353120000000004
1286 8.2083329999999997
1287 8.0793900000000001
1291 8.0149450000000009
1292 7.8802009999999996
1295 7.8238669999999999
1298 7.7378619999999998
1300 7.6569289999999999
1302 7.6421989999999997
1308 7.5632289999999998
1310 7.5350989999999998
1314 7.5349659999999998
1320 7.4924730000000004
1343 7.4526779999999997
1345 7.4491480000000001
1351 7.4308820000000004
1366 7.4106969999999999
1367 7.3464760000000000
1408 7.3280820000000002
1441 7.3279180000000004
1445 7.3187840000000000
1452 7.3172180000000004
1454 7.3138120000000004
1461 7.3136080000000003
1467 7.3131620000000002
1470 7.3124549999999999
1477 7.3118140000000000
1481 7.3113849999999996
1483 7.3106330000000002
1490 7.3070480000000000
1508 7.3049700000000000
1511 7.3045929999999997
1531 7.3034540000000003
1536 7.2998000000000003
1564 7.2983140000000004
1590 7.2915720000000004
1596 7.2902089999999999
1599 7.2755200000000002
1600 7.2614320000000001
1603 7.2447590000000002
1620 7.2243139999999997
1621 7.2082540000000002
1624 7.2008250000000000
1664 7.1439170000000001
1665 7.1179439999999996
1686 7.1101710000000002
1690 7.1025190000000000
1698 7.0950790000000001
1704 7.0910940000000000
1707 7.0900249999999998
1735 7.0896850000000002
1745 7.0884109999999998
1747 7.0878490000000003
1748 7.0870970000000000
1768 7.0855090000000001
1770 7.0842770000000002
1771 7.0810339999999998
1792 7.0803089999999997
1807 7.0795260000000004
1810 7.0785929999999997
1819 7.0772930000000001
1820 7.0768719999999998
1830 7.0763949999999998
1831 7.0758279999999996
1839 7.0755730000000003
1849 7.0754159999999997
1867 7.0725860000000003
1873 7.0721869999999996
1889 7.0718969999999999
1890 7.0712469999999996
1891 7.0706420000000003
1910 7.0705580000000001
1914 7.0704940000000001
1928 7.0681269999999996
1933 7.0672240000000004
1952 7.0671710000000001
1953 7.0670180000000000
1956 7.0666029999999997
1958 7.0662450000000003
1962 7.0658859999999999
1970 7.0658060000000003
1972 7.0656639999999999
1974 7.0654769999999996
1981 7.0637910000000002
1996 7.0634009999999998
1997 7.0632409999999997
2000 7.0621780000000003
2001 7.0615470000000000
2055 7.0611959999999998
2068 7.0607980000000001
2074 7.0604480000000001
2080 7.0603150000000001
2081 7.0602950000000000
2085 7.0602939999999998
2089 7.0600740000000002
2090 7.0599650000000000
2093 7.0595840000000001
2094 7.0593560000000002
2095 7.0592420000000002
2096 7.0588670000000002
2100 7.0588139999999999
2101 7.0587609999999996
2102 7.0580679999999996
2103 7.0573519999999998
2107 7.0571799999999998
2108 7.0566649999999997
2113 7.0559390000000004
2117 7.0557239999999997
2119 7.0556200000000002
2120 7.0553580000000000
2121 7.0551940000000002
2122 7.0549790000000003
2135 7.0545190000000000
2136 7.0544960000000003
2140 7.0543670000000001
2142 7.0540200000000004
2143 7.0537760000000000
2150 7.0536630000000002
2153 7.0533120000000000
2158 7.0528630000000003
2159 7.0523930000000004
2170 7.0521839999999996
2172 7.0517849999999997
2186 7.0517390000000004
2188 7.0516730000000001
2193 7.0516259999999997
2195 7.0515129999999999
2202 7.0512579999999998
2203 7.0511600000000003
2210 7.0511080000000002
2221 7.0508639999999998
2222 7.0506979999999997
2234 7.0506320000000002
2235 7.0505060000000004
2237 7.0503850000000003
2238 7.0501379999999996
2241 7.0500740000000004
2242 7.0499820000000000
2243 7.0499400000000003
2244 7.0498950000000002
2246 7.0494450000000004
2247 7.0490050000000002
2253 7.0488239999999998
2254 7.0484410000000004
2256 7.0484039999999997
2257 7.0482069999999997
2258 7.0476919999999996
2259 7.0468430000000000
2264 7.0461390000000002
2265 7.0454639999999999
2268 7.0451420000000002
2269 7.0448670000000000
2272 7.0437310000000002
2273 7.0429160000000000
2275 7.0424429999999996
2276 7.0416379999999998
2283 7.0412480000000004
2285 7.0409230000000003
2293 7.0406409999999999
2294 7.0404590000000002
2295 7.0403609999999999
2296 7.0401680000000004
2298 7.0395490000000001
2299 7.0388849999999996
2303 7.0385689999999999
2304 7.0384919999999997
2308 7.0377330000000002
2309 7.0369840000000003
2312 7.0364420000000001
2313 7.0358029999999996
2314 7.0357750000000001
2315 7.0353529999999997
2318 7.0337740000000002
2319 7.0331950000000001
2321 7.0314030000000001
2322 7.0297660000000004
2328 7.0257849999999999
2329 7.0244850000000003
2330 7.0236190000000001
2331 7.0207660000000001
2336 7.0205549999999999
2340 7.0158310000000004
2341 7.0070220000000001
2347 6.9976890000000003
2348 6.9860400000000000
2357 6.9855619999999998
2366 6.9835419999999999
2368 6.9804230000000000
2372 6.9801460000000004
2376 6.9800100000000000
2383 6.9777610000000001
2387 6.9729960000000002
2388 6.9699660000000003
2401 6.9674839999999998
2402 6.9663769999999996
2406 6.9648320000000004
2407 6.9620680000000004
2408 6.9619900000000001
2409 6.9585489999999997
2413 6.9572560000000001
2414 6.9535400000000003
2415 6.9514100000000001
2416 6.9408669999999999
2424 6.9374750000000001
2427 6.9341249999999999
2428 6.9317320000000002
2432 6.9271330000000004
2436 6.9266680000000003
2439 6.9198880000000003
2445 6.9188429999999999
2452 6.9168729999999998
2453 6.9156750000000002
2456 6.9143390000000000
2457 6.9141120000000003
2460 6.9109379999999998
2461 6.9073890000000002
2469 6.9036629999999999
2470 6.9013030000000004
2477 6.8944599999999996
2478 6.8911020000000001
2484 6.8885569999999996
2520 6.8859640000000004
2528 6.8849190000000000
2530 6.8821890000000003
2531 6.8803270000000003
2537 6.8799710000000003
2540 6.8792200000000001
2542 6.8789360000000004
2544 6.8779250000000003
2546 6.8752680000000002
2549 6.8749380000000002
2552 6.8734650000000004
2561 6.8717740000000003
2564 6.8713780000000000
2571 6.8707050000000001
2572 6.8706440000000004
2581 6.8700419999999998
2587 6.8699849999999998
2591 6.8691769999999996
2595 6.8691500000000003
2598 6.8685179999999999
2599 6.8680570000000003
2604 6.8671439999999997
2605 6.8660860000000001
2611 6.8655130000000000
2612 6.8648980000000002
2615 6.8642230000000000
2616 6.8633050000000004
2617 6.8626250000000004
2618 6.8605770000000001
2623 6.8594559999999998
2624 6.8571840000000002
2626 6.8569849999999999
2627 6.8544890000000001
2631 6.8510730000000004
2632 6.8463000000000003
2635 6.8459539999999999
2636 6.8404319999999998
2640 6.8341570000000003
2641 6.8227630000000001
2646 6.8190850000000003
2647 6.8109070000000003
2650 6.8066160000000000
2652 6.7958040000000004
2653 6.7894059999999996
2669 6.7826510000000004
2670 6.7757129999999997
2678 6.7725090000000003
2681 6.7699939999999996
2686 6.7651110000000001
2687 6.7643389999999997
2691 6.7641119999999999
2700 6.7622650000000002
2701 6.7546780000000002
2718 6.7501290000000003
2719 6.7454700000000001
2722 6.7420479999999996
2723 6.7339209999999996
2734 6.7207970000000001
2737 6.7184200000000001
2738 6.7151030000000000
2746 6.7129000000000003
2748 6.7037820000000004
2749 6.6962380000000001
2759 6.6895759999999997
2760 6.6846269999999999
2762 6.6829409999999996
2766 6.6806850000000004
2769 6.6700970000000002
2770 6.6586619999999996
2772 6.6546450000000004
2780 6.6376660000000003
2781 6.6361489999999996
2782 6.6328389999999997
2783 6.6271160000000000
2784 6.6268870000000000
2785 6.6224220000000003
2790 6.6077820000000003
2793 6.6035830000000004
2796 6.5937650000000003
2797 6.5801550000000004
2799 6.5731409999999997
2802 6.5703680000000002
2810 6.5661470000000000
2811 6.5603090000000002
2812 6.5599939999999997
2814 6.5468909999999996
2824 6.5438780000000003
2826 6.5269750000000002
2839 6.5268129999999998
2844 6.5215509999999997
2845 6.5208500000000003
2862 6.5189139999999997
2879 6.5158220000000000
2895 6.5133310000000000
2898 6.5039369999999996
2899 6.4926750000000002
2909 6.4749119999999998
2925 6.4689290000000002
2965 6.4681660000000001
2982 6.4668130000000001
2998 6.4666899999999998
3002 6.4643550000000003
3004 6.4331920000000000
3019 6.4314539999999996
3020 6.4179029999999999
3035 6.4169830000000001
3055 6.4142939999999999
3059 6.4127470000000004
3062 6.4054489999999999
3065 6.4049820000000004
3071 6.4035750000000000
3113 6.4029520000000000
3115 6.4028590000000003
3117 6.4027659999999997
3119 6.4020770000000002
3126 6.4015919999999999
3140 6.4015849999999999
3141 6.4012849999999997
3145 6.4010239999999996
3150 6.4008859999999999
3154 6.4006299999999996
3157 6.4006249999999998
3163 6.4002790000000003
3164 6.4002429999999997
3166 6.4000380000000003
3167 6.4000000000000004
3173 6.3994689999999999
3174 6.3991509999999998
3179 6.3991090000000002
3183 6.3985440000000002
3184 6.3984069999999997
3190 6.3982169999999998
3193 6.3980949999999996
3195 6.3976709999999999
3196 6.3974950000000002
3201 6.3974940000000000
3217 6.3959149999999996
3220 6.3954129999999996
3221 6.3947200000000004
3222 6.3944210000000004
3251 6.3919199999999998
3270 6.3915369999999996
3273 6.3891150000000003
3274 6.3864770000000002
3275 6.3798719999999998
3276 6.3754489999999997
3324 6.3666640000000001
3328 6.3626930000000002
3331 6.3575200000000001
3337 6.3441260000000002
3339 6.3435660000000000
3341 6.3403850000000004
3345 6.3350739999999996
3346 6.3346999999999998
3349 6.3344790000000000
3354 6.3334320000000002
3356 6.3313420000000002
3357 6.3277029999999996
3360 6.3264300000000002
3366 6.3258859999999997
3368 6.3243850000000004
3372 6.3195069999999998
3405 6.3158700000000003
3410 6.3151200000000003
3418 6.3150589999999998
3423 6.3145170000000004
3424 6.3144830000000001
3429 6.3136760000000001
3456 6.3132089999999996
3463 6.3129119999999999
3468 6.3127969999999998
3470 6.3104430000000002
3512 6.3094210000000004
3535 6.3078240000000001
3545 6.3029260000000003
3577 6.3019910000000001
3593 6.2957029999999996
3599 6.2953900000000003
3603 6.2952750000000002
3605 6.2947790000000001
3610 6.2947300000000004
3612 6.2938700000000001
3614 6.2936340000000000
3617 6.2935530000000002
3635 6.2934000000000001
3637 6.2933680000000001
3640 6.2932880000000004
3642 6.2932720000000000
3644 6.2931429999999997
3647 6.2930299999999999
3649 6.2930159999999997
3653 6.2928780000000000
3688 6.2928240000000004
3689 6.2927099999999996
3691 6.2926739999999999
3708 6.2926240000000000
3710 6.2917009999999998
3728 6.2912650000000001
3736 6.2912509999999999
3738 6.2908530000000003
3743 6.2905850000000001
3744 6.2903830000000003
3745 6.2903739999999999
3746 6.2902560000000003
3752 6.2901109999999996
3754 6.2895139999999996
3755 6.2889130000000000
3758 6.2888099999999998
3759 6.2888070000000003
3762 6.2887100000000000
3763 6.2886259999999998
3765 6.2884080000000004
3767 6.2876459999999996
3768 6.2872370000000002
3788 6.2871880000000004
3803 6.2856310000000004
3804 6.2847010000000001
3831 6.2837459999999998
3838 6.2830659999999998
3843 6.2825199999999999
3852 6.2813280000000002
3853 6.2802600000000002
3879 6.2796969999999996
3883 6.2793820000000000
3899 6.2789970000000004
3905 6.2789679999999999
3906 6.2780399999999998
3907 6.2771309999999998
3914 6.2766159999999998
3915 6.2756860000000003
3917 6.2750560000000002
3918 6.2732840000000003
3924 6.2717780000000003
3925 6.2693729999999999
3929 6.2686789999999997
3930 6.2657449999999999
3934 6.2648710000000003
3935 6.2619550000000004
3937 6.2615980000000002
3938 6.2586789999999999
3940 6.2577470000000002
3941 6.2542759999999999
3945 6.2537599999999998
3947 6.2515000000000001
3958 6.2506360000000001
3960 6.2501860000000002
3973 6.2494209999999999
3974 6.2493610000000004
3975 6.2490639999999997
3976 6.2486949999999997
3978 6.2478319999999998
3979 6.2469960000000002
3981 6.2459280000000001
3982 6.2438820000000002
3993 6.2426979999999999
3994 6.2422560000000002
3997 6.2418240000000003
3998 6.2417910000000001
4004 6.2408910000000004
4006 6.2372399999999999
4007 6.2304919999999999
4017 6.2294330000000002
4019 6.2259029999999997
4020 6.2223280000000001
4022 6.2209880000000002
4023 6.2156690000000001
4029 6.2152839999999996
4047 6.2114039999999999
4048 6.2068199999999996
4063 6.2019719999999996
4064 6.2012830000000001
4067 6.1948059999999998
4068 6.1938519999999997
4082 6.1839670000000000
4093 6.1812379999999996
4115 6.1788629999999998
4132 6.1757980000000003
4136 6.1756690000000001
4152 6.1740199999999996
4168 6.1351389999999997
4195 6.1343340000000000
4197 6.1305360000000002
4199 6.1248089999999999
4200 6.1080059999999996
4227 6.1018699999999999
4244 6.0989329999999997
4249 6.0704300000000000
4286 6.0366590000000002
4306 6.0297010000000002
4309 6.0260769999999999
4313 6.0234660000000000
4325 6.0228809999999999
4327 6.0216870000000000
4335 6.0213799999999997
4337 6.0206229999999996
4340 6.0195520000000000
4349 6.0192209999999999
4352 6.0189659999999998
4362 6.0181069999999997
4363 6.0179130000000001
4371 6.0172970000000001
4372 6.0167570000000001
4380 6.0159170000000000
4381 6.0152989999999997
4385 6.0150100000000002
4386 6.0141850000000003
4394 6.0130439999999998
4395 6.0129299999999999
4396 6.0124560000000002
4397 6.0116149999999999
4398 6.0112930000000002
4399 6.0097880000000004
4405 6.0083690000000001
4406 6.0070800000000002
4411 6.0064469999999996
4412 6.0059839999999998
4414 6.0050470000000002
4415 6.0045489999999999
4433 6.0044290000000000
4440 6.0043550000000003
4442 6.0043030000000002
4447 6.0042859999999996
4448 6.0041609999999999
4453 6.0041589999999996
4459 6.0041430000000000
4460 6.0040659999999999
4471 6.0039429999999996
4472 6.0038879999999999
4479 6.0038650000000002
4480 6.0038629999999999
4481 6.0037979999999997
4482 6.0037589999999996
4485 6.0037500000000001
4487 6.0036300000000002
4488 6.0035239999999996
4493 6.0035189999999998
4494 6.0034440000000000
4499 6.0033640000000004
4503 6.0032150000000000
4504 6.0031590000000001
4515 6.0030960000000002
4517 6.0030520000000003
4519 6.0029529999999998
4520 6.0029380000000003
4527 6.0028910000000000
4528 6.0028850000000000
4529 6.0028620000000004
4532 6.0027160000000004
4533 6.0025930000000001
4541 6.0025890000000004
4544 6.0023600000000004
4545 6.0022779999999996
4548 6.0022690000000001
4552 6.0021789999999999
4553 6.0021639999999996
4555 6.0020360000000004
4558 6.0020170000000004
4560 6.0019489999999998
4564 6.0018279999999997
4565 6.0017670000000001
4567 6.0016650000000000
4573 6.0015080000000003
4574 6.0014180000000001
4576 6.0014029999999998
4578 6.0013740000000002
4581 6.0012580000000000
4584 6.0011729999999996
4586 6.0011659999999996
4588 6.0011310000000000
4590 6.0010070000000004
4594 6.0007630000000001
4595 6.0005899999999999
4601 6.0005639999999998
4602 6.0003950000000001
4607 6.0000910000000003
4608 5.9996840000000002
4613 5.9996020000000003
4614 5.9994639999999997
4615 5.9993200000000000
4616 5.9990810000000003
4617 5.9987469999999998
4618 5.9979990000000001
4622 5.9979290000000001
4623 5.9977099999999997
4624 5.9972099999999999
4625 5.9965580000000003
4627 5.9956659999999999
4628 5.9939439999999999
4633 5.9933959999999997
4634 5.9919669999999998
4636 5.9915620000000001
4637 5.9896739999999999
4639 5.9891050000000003
4640 5.9863379999999999
4643 5.9842500000000003
4644 5.9794520000000002
4647 5.9792560000000003
4648 5.9748580000000002
4650 5.9735829999999996
4651 5.9668640000000002
4653 5.9649390000000002
4654 5.9544319999999997
4658 5.9435409999999997
4659 5.9310219999999996
4663 5.9275460000000004
4664 5.9200200000000001
4665 5.9190750000000003
4666 5.8999850000000000
4668 5.8954279999999999
4669 5.8819470000000003
4673 5.8818039999999998
4674 5.8706350000000000
4675 5.8583189999999998
4676 5.8476030000000003
4678 5.8430510000000000
4695 5.8424060000000004
4714 5.8413449999999996
4715 5.8064619999999998
4740 5.8009630000000003
4742 5.7949750000000000
4752 5.7936399999999999
4753 5.7900380000000000
4759 5.7870799999999996
4760 5.7833030000000001
4766 5.7804310000000001
4769 5.7803040000000001
4773 5.7779600000000002
4821 5.7775470000000002
4849 5.7769510000000004
4867 5.7765300000000002
4886 5.7764689999999996
4893 5.7761579999999997
4912 5.7761570000000004
4914 5.7760930000000004
4917 5.7760400000000001
4919 5.7760309999999997
4923 5.7760090000000002
4924 5.7759010000000002
4934 5.7758830000000003
4936 5.7758789999999998
4942 5.7757459999999998
4943 5.7756939999999997
4944 5.7756780000000001
4945 5.7756059999999998
4950 5.7755470000000004
4951 5.7754729999999999
4952 5.7754170000000000
4953 5.7752679999999996
4957 5.7751580000000002
4958 5.7750680000000001
4959 5.7749059999999997
4960 5.7745639999999998
4965 5.7743989999999998
4966 5.7741689999999997
4967 5.7740970000000003
4968 5.7736169999999998
4971 5.7735440000000002
4972 5.7734940000000003
4973 5.7732599999999996
4975 5.7731209999999997
4978 5.7724549999999999
4979 5.7720880000000001
4980 5.7719069999999997
4981 5.7711410000000001
4990 5.7708510000000004
4991 5.7701140000000004
4996 5.7696620000000003
4997 5.7695999999999996
5000 5.7695689999999997
5002 5.7694660000000004
5005 5.7692969999999999
5035 5.7692069999999998
5049 5.7691210000000002
5050 5.7690890000000001
5058 5.7690320000000002
5059 5.7690089999999996
5060 5.7689789999999999
5061 5.7689279999999998
5065 5.7688269999999999
5066 5.7687410000000003
5070 5.7686200000000003
5071 5.7684910000000000
5077 5.7684449999999998
5078 5.7684020000000000
5079 5.7683390000000001
5080 5.7682620000000000
5082 5.7682180000000001
5085 5.7680920000000002
5097 5.7680449999999999
5101 5.7679869999999998
5106 5.7679600000000004
5109 5.7679410000000004
5111 5.7678609999999999
5112 5.7678529999999997
5115 5.7677649999999998
5116 5.7677360000000002
5120 5.7676520000000000
5121 5.7675190000000001
5124 5.7674880000000002
5125 5.7673449999999997
5128 5.7672739999999996
5129 5.7670990000000000
5132 5.7670700000000004
5133 5.7669870000000003
5135 5.7669839999999999
5137 5.7668559999999998
5138 5.7668350000000004
5140 5.7668229999999996
5143 5.7667929999999998
5146 5.7667260000000002
5154 5.7667190000000002
5155 5.7666240000000002
5161 5.7666190000000004
5168 5.7665860000000002
5170 5.7665780000000000
5174 5.7665709999999999
5176 5.7665210000000000
5186 5.7664960000000001
5195 5.7664809999999997
5200 5.7664660000000003
5207 5.7664499999999999
5213 5.7664429999999998
5220 5.7662170000000001
5236 5.7657530000000001
5238 5.7648789999999996
5242 5.7641730000000004
5259 5.7637229999999997
5260 5.7634150000000002
5262 5.7633739999999998
5269 5.7627569999999997
5298 5.7625900000000003
5299 5.7624979999999999
5318 5.7621460000000004
5348 5.7620769999999997
5349 5.7619850000000001
5361 5.7619340000000001
5365 5.7619290000000003
5366 5.7618650000000002
5367 5.7617079999999996
5369 5.7616790000000000
5370 5.7615879999999997
5372 5.7615759999999998
5373 5.7615299999999996
5377 5.7613659999999998
5378 5.7610599999999996
5381 5.7610570000000001
5382 5.7606039999999998
5386 5.7605610000000000
5387 5.7600740000000004
5405 5.7598529999999997
5406 5.7596109999999996
5407 5.7591950000000001
5453 5.7591939999999999
5455 5.7590659999999998
5456 5.7586029999999999
5462 5.7582870000000002
5463 5.7582089999999999
5502 5.7577369999999997
5514 5.7575180000000001
5515 5.7571110000000001
5516 5.7569840000000001
5519 5.7569650000000001
5535 5.7563709999999997
5537 5.7546280000000003
5554 5.7532459999999999
5557 5.7527770000000000
5558 5.7509540000000001
5561 5.7502789999999999
5564 5.7354779999999996
5601 5.7351099999999997
5607 5.7281430000000002
5610 5.7248000000000001
5616 5.7199450000000001
5630 5.7196170000000004
5646 5.7180320000000000
5663 5.7167800000000000
5666 5.7167560000000002
5674 5.7165650000000001
5679 5.7155069999999997
5682 5.7137200000000004
5744 5.7128329999999998
5754 5.7123799999999996
5773 5.7113090000000000
5800 5.7112749999999997
5806 5.7111900000000002
5810 5.7111640000000001
5813 5.7111619999999998
5815 5.7111559999999999
5816 5.7111440000000000
5823 5.7106490000000001
5852 5.7106380000000003
5855 5.7106079999999997
5856 5.7103380000000001
5857 5.7102539999999999
5866 5.7100140000000001
5884 5.7098139999999997
5893 5.7094180000000003
5894 5.7090940000000003
5905 5.7087800000000000
5906 5.7087510000000004
5914 5.7082620000000004
5915 5.7078090000000001
5919 5.7076979999999997
5920 5.7074410000000002
5926 5.7068820000000002
5927 5.7063530000000000
5932 5.7062229999999996
5934 5.7061270000000004
5936 5.7060170000000001
5938 5.7050479999999997
5939 5.7042640000000002
5946 5.7042120000000001
5948 5.7035080000000002
5949 5.7033529999999999
5952 5.7032660000000002
5958 5.7030430000000001
5997 5.7029820000000004
5999 5.7022139999999997
6000 5.7020400000000002
6008 5.7019890000000002
6009 5.7018409999999999
6013 5.7016809999999998
6015 5.7013540000000003
6016 5.7012660000000004
6021 5.7007729999999999
6022 5.7007490000000001
6027 5.7006259999999997
6062 5.7005400000000002
6073 5.7005309999999998
6078 5.7004669999999997
6081 5.7003940000000002
6082 5.7003450000000004
6094 5.7003100000000000
6095 5.7002740000000003
6096 5.7002560000000004
6097 5.7001980000000003
6099 5.7001799999999996
6100 5.7001650000000001
6103 5.7000960000000003
6106 5.6999430000000002
6107 5.6997890000000000
6117 5.6997179999999998
6118 5.6996680000000000
6119 5.6996469999999997
6120 5.6996089999999997
6122 5.6995160000000000
6123 5.6994800000000003
6124 5.6993729999999996
6125 5.6992349999999998
6130 5.6991230000000002
6131 5.6990189999999998
6134 5.6989609999999997
6135 5.6989120000000000
6137 5.6988539999999999
6139 5.6986990000000004
6140 5.6986119999999998
6141 5.6984990000000000
6142 5.6981299999999999
6148 5.6974419999999997
6149 5.6962310000000000
6156 5.6937350000000002
6157 5.6884030000000001
6163 5.6874640000000003
6164 5.6851560000000001
6165 5.6846620000000003
6166 5.6843300000000001
6167 5.6842360000000003
6187 5.6842020000000000
6188 5.6827300000000003
6189 5.6824709999999996
6197 5.6824040000000000
6198 5.6819300000000004
6200 5.6811170000000004
6201 5.6799090000000003
6209 5.6789059999999996
6210 5.6765960000000000
6217 5.6764400000000004
6223 5.6758420000000003
6224 5.6736839999999997
6234 5.6730570000000000
6241 5.6718659999999996
6242 5.6710079999999996
6255 5.6708540000000003
6257 5.6704809999999997
6270 5.6703409999999996
6291 5.6703219999999996
6310 5.6701509999999997
6316 5.6697150000000001
6329 5.6678249999999997
6331 5.6669830000000001
6332 5.6637279999999999
6350 5.6630659999999997
6366 5.6624379999999999
6370 5.6622859999999999
6388 5.6593439999999999
6390 5.6560160000000002
6404 5.6499030000000001
6410 5.6403999999999996
6412 5.6388230000000004
6416 5.6247809999999996
6417 5.6221519999999998
6425 5.6146969999999996
6426 5.6119389999999996
6432 5.6105770000000001
6447 5.5532480000000000
6467 5.5359429999999996
6470 5.5332819999999998
6472 5.5311680000000001
6473 5.5259919999999996
6475 5.5044560000000002
6476 5.5019869999999997
6484 5.4991349999999999
6492 5.4914759999999996
6497 5.4912010000000002
6502 5.4715449999999999
6503 5.4686839999999997
6513 5.4543390000000000
6518 5.4521080000000000
6519 5.4503180000000002
6524 5.4351669999999999
6577 5.4279750000000000
6580 5.4231040000000004
6581 5.4119190000000001
6587 5.4075020000000000
6623 5.4023960000000004
6639 5.3990239999999998
6652 5.3984379999999996
6663 5.3981669999999999
6679 5.3959840000000003
6745 5.3953889999999998
6748 5.3948689999999999
6763 5.3948060000000000
6765 5.3941910000000002
6784 5.3941549999999996
6801 5.3941540000000003
6804 5.3940609999999998
6807 5.3910470000000004
6833 5.3885829999999997
6834 5.3875950000000001
6836 5.3857530000000002
6854 5.3787339999999997
6881 5.3782639999999997
6884 5.3769270000000002
6886 5.3753770000000003
6888 5.3734270000000004
6891 5.3725129999999996
6942 5.3718279999999998
6957 5.3681760000000001
6960 5.3662820000000000
6981 5.3649050000000003
6986 5.3555219999999997
7014 5.3523730000000000
7015 5.3434650000000001
7026 5.3335699999999999
7032 5.3321839999999998
7034 5.3281630000000000
7035 5.3230069999999996
7039 5.3210119999999996
7040 5.3153059999999996
7042 5.3126449999999998
7047 5.3091879999999998
7049 5.3022799999999997
7051 5.2932249999999996
7052 5.2835179999999999
7058 5.2682760000000002
7059 5.2376379999999996
7063 5.2281760000000004
7064 5.1869220000000000
7072 5.1791099999999997
7076 5.1324699999999996
7092 5.1127890000000003
7105 5.0915189999999999
7107 5.0901630000000004
7114 5.0901420000000002
7118 5.0859319999999997
7120 5.0852219999999999
7123 5.0734640000000004
7124 5.0631760000000003
7134 5.0589190000000004
7167 5.0557990000000004
7170 5.0516230000000002
7171 5.0429079999999997
7172 5.0350840000000003
7181 5.0325910000000000
7186 5.0246350000000000
7187 5.0022869999999999
7194 4.9971680000000003
7195 4.9879140000000000
7200 4.9769779999999999
