1 273.5080720000000269
2 262.5122020000000020
3 231.0835500000000025
4 150.6628300000000138
5 25.2538480000000014
8 20.6670559999999988
10 20.5808779999999985
26 17.5460770000000004
38 16.4098089999999992
39 14.9781289999999991
41 12.8508600000000008
43 10.5731090000000005
44 9.9308139999999998
49 6.9224610000000002
56 6.2444889999999997
80 4.3464320000000001
93 3.8197670000000001
94 3.2270330000000000
98 2.8223609999999999
104 2.3515459999999999
108 2.2956330000000000
117 2.1744910000000002
120 1.6537409999999999
154 1.6299040000000000
161 1.5670890000000000
186 1.3754830000000000
189 1.3239740000000000
208 1.2546060000000001
210 1.1717409999999999
218 1.0769830000000000
222 0.9196299999999999
264 0.8703660000000000
276 0.8128300000000001
294 0.7986600000000000
317 0.7945160000000000
335 0.7908160000000000
346 0.7245440000000000
364 0.6852560000000000
385 0.3594050000000000
389 0.2640360000000000
394 0.2302760000000000
396 0.2217170000000000
402 0.1118280000000000
417 0.0777010000000000
501 0.0715980000000000
503 0.0646380000000000
515 0.0632400000000000
517 0.0621620000000000
518 0.0571940000000000
544 0.0523140000000000
550 0.0494940000000000
552 0.0487820000000000
570 0.0484690000000000
597 0.0288990000000000
614 0.0096840000000000
631 0.0030150000000000
650 0.0015780000000000
683 0.0015660000000000
685 0.0014260000000000
694 0.0008930000000000
698 0.0005870000000000
711 0.0000810000000000
773 0.0000680000000000
779 0.0000610000000000
782 0.0000460000000000
803 0.0000240000000000
805 0.0000210000000000
821 0.0000130000000000
844 0.0000110000000000
874 0.0000050000000000
937 0.0000040000000000
