1 1808.0000000000000000
9 1741.6483000000000629
11 1488.3503000000000611
12 1352.5379000000000360
14 1238.6274000000000797
15 1101.5859000000000378
18 1057.7626999999999953
19 964.1267000000000280
20 931.0570999999999913
27 861.6553000000000111
32 826.2410999999999603
34 607.5316000000000258
63 502.9339370000000145
78 495.0908299999999826
98 485.5336800000000039
111 471.3359659999999849
112 442.3359169999999949
113 427.6238089999999943
127 309.3015599999999949
136 281.5838140000000180
137 235.3874340000000132
151 215.4426630000000102
152 178.1992170000000044
155 171.6139269999999897
175 163.0261040000000037
183 142.5822019999999952
223 142.5159739999999999
225 141.4443760000000054
230 137.4592729999999960
250 137.0532760000000110
255 129.5177189999999996
259 121.6121289999999959
260 111.2658069999999952
279 102.8535889999999995
284 94.4915969999999987
304 80.9476820000000004
313 76.3251110000000068
317 73.1939950000000010
321 63.8642230000000026
322 60.5854220000000012
340 56.1918780000000027
346 52.6695750000000018
364 46.1060069999999982
382 44.2908469999999994
393 43.0130430000000032
402 39.7375439999999998
425 38.4786989999999989
428 38.3731950000000026
462 37.8702619999999968
463 37.5357229999999973
468 35.7552740000000000
480 34.1712050000000005
489 33.6069000000000031
493 32.7075299999999984
497 32.6804339999999982
523 31.7703120000000006
533 29.9701659999999990
551 29.2706340000000012
590 29.1550620000000009
592 28.7908410000000003
595 28.7059439999999988
596 28.4109860000000012
610 28.0542939999999987
621 27.8984169999999985
633 27.1119160000000008
665 26.9863999999999997
682 26.9626179999999991
689 26.7236939999999983
711 26.6935670000000016
720 26.6441489999999988
757 26.5914749999999991
759 26.5702940000000005
770 26.5485000000000007
772 26.5170120000000011
781 26.4422590000000000
785 26.4386860000000006
818 26.4143809999999988
869 26.3748229999999992
904 26.3687849999999990
908 26.3579059999999998
911 26.3457320000000017
930 26.3326969999999996
950 26.3210429999999995
968 26.2839700000000001
989 26.2832320000000017
991 26.2803220000000017
1023 26.2750009999999996
1074 26.2747819999999983
1086 26.2743900000000004
1088 26.2743579999999994
1090 26.2741030000000002
1094 26.2740009999999984
1101 26.2738429999999994
1106 26.2737249999999989
1124 26.2727989999999991
1149 26.2727949999999986
1151 26.2727900000000005
1153 26.2727860000000000
1169 26.2727679999999992
1202 26.2727670000000018
1235 26.2727660000000007
