1 11644250.3298250008374453
2 11499107.1627840008586645
3 11002672.7727990001440048
4 9584909.5063669998198748
5 5933037.4167139995843172
6 210589.0843349999922793
17 78729.8619389999948908
18 9314.4493930000007822
20 43.8220010000000002
75 43.8205790000000022
104 13.6065030000000000
117 9.6591869999999993
120 9.6516110000000008
183 8.4320450000000005
248 8.4198880000000003
251 8.3818249999999992
294 8.3758090000000003
321 8.3757669999999997
326 8.3755629999999996
329 8.3723829999999992
366 8.3722650000000005
411 8.3722100000000008
418 8.3721940000000004
437 8.3720359999999996
438 8.3719649999999994
452 8.3719300000000008
454 8.3719090000000005
512 8.3719070000000002
514 8.3719049999999999
520 8.3719040000000007
528 8.3719020000000004
574 8.3719009999999994
