1 0.0288620000000000
40 0.0233970000000000
52 0.0197830000000000
66 0.0172010000000000
74 0.0160570000000000
82 0.0151920000000000
85 0.0141120000000000
92 0.0125070000000000
93 0.0115810000000000
99 0.0105790000000000
100 0.0098910000000000
109 0.0084670000000000
116 0.0074890000000000
117 0.0067540000000000
119 0.0063500000000000
124 0.0059350000000000
130 0.0037940000000000
142 0.0037030000000000
153 0.0034670000000000
162 0.0032190000000000
166 0.0029870000000000
177 0.0026180000000000
180 0.0025310000000000
187 0.0024090000000000
225 0.0020110000000000
227 0.0016700000000000
228 0.0015730000000000
244 0.0013410000000000
247 0.0011980000000000
261 0.0008500000000000
265 0.0007070000000000
277 0.0004640000000000
305 0.0004460000000000
309 0.0002670000000000
360 0.0002650000000000
364 0.0002640000000000
367 0.0002620000000000
372 0.0002130000000000
376 0.0001850000000000
422 0.0001760000000000
423 0.0001630000000000
429 0.0001600000000000
438 0.0001400000000000
439 0.0001340000000000
447 0.0001310000000000
452 0.0001250000000000
458 0.0001220000000000
462 0.0001210000000000
465 0.0001180000000000
467 0.0001160000000000
472 0.0001110000000000
479 0.0001030000000000
480 0.0000990000000000
493 0.0000960000000000
501 0.0000920000000000
502 0.0000900000000000
508 0.0000880000000000
515 0.0000870000000000
527 0.0000850000000000
529 0.0000840000000000
530 0.0000830000000000
537 0.0000820000000000
539 0.0000800000000000
565 0.0000790000000000
