1 96.0000000000000000
12 75.3100000000000023
13 33.7599999999999980
16 33.0600000000000023
17 21.3500000000000014
20 20.3200000000000003
42 18.6799999999999997
46 17.7500000000000000
50 17.2100000000000009
59 16.4100000000000001
63 16.3700000000000010
81 16.0100000000000016
85 15.7599999999999998
97 15.4000000000000004
118 14.5000000000000000
138 14.2300000000000004
140 13.5199999999999996
161 13.4199999999999999
194 13.3149210000000000
213 13.2533639999999995
231 13.2090460000000007
235 13.0668710000000008
236 12.9722539999999995
244 12.9454499999999992
264 12.9254499999999997
266 12.8454499999999996
269 12.8354499999999998
271 12.7794500000000006
273 12.7134499999999999
295 12.6753440000000008
309 12.6265440000000009
331 12.6158280000000005
349 12.4832310000000000
377 12.4802409999999995
380 12.4615880000000008
398 12.4607600000000005
403 12.4418109999999995
430 12.4400779999999997
433 12.4348910000000004
439 12.4305599999999998
443 12.4265360000000005
446 12.4112320000000000
450 12.4091170000000002
459 12.4016500000000001
466 12.3958100000000009
475 12.3898069999999993
484 12.3880320000000008
493 12.3797280000000001
497 12.3783399999999997
499 12.3774239999999995
509 12.3752890000000004
517 12.3730680000000000
525 12.3692750000000000
530 12.3676469999999998
553 12.3665439999999993
567 12.3664839999999998
602 12.3664339999999999
624 12.3651309999999999
643 12.3649430000000002
647 12.3637429999999995
650 12.3636339999999993
688 12.3635750000000009
690 12.3633839999999999
693 12.3633640000000007
699 12.3632010000000001
747 12.3631250000000001
749 12.3630879999999994
757 12.3630429999999993
771 12.3629949999999997
777 12.3629940000000005
785 12.3629390000000008
804 12.3628540000000005
868 12.3628509999999991
873 12.3628470000000004
875 12.3628339999999994
876 12.3628239999999998
887 12.3628190000000000
888 12.3628160000000005
897 12.3628029999999995
918 12.3628020000000003
920 12.3627990000000008
924 12.3627929999999999
947 12.3627850000000006
969 12.3627830000000003
981 12.3627819999999993
991 12.3627800000000008
993 12.3627780000000005
1026 12.3627769999999995
1030 12.3627760000000002
1044 12.3627599999999997
1045 12.3627179999999992
1046 12.3626389999999997
1052 12.3626299999999993
1055 12.3626260000000006
1056 12.3626070000000006
1059 12.3626050000000003
1062 12.3625539999999994
1108 12.3625439999999998
1114 12.3625270000000000
1119 12.3625080000000001
1146 12.3625059999999998
1190 12.3625039999999995
1267 12.3625030000000002
