1 56.5201179999999965
2 48.8628270000000029
3 44.2364290000000011
12 43.5223370000000003
14 42.0074079999999981
17 40.0093919999999983
21 38.4441460000000035
23 37.9112879999999990
40 37.6431240000000003
44 37.4112719999999968
45 35.2024630000000016
50 35.1472750000000005
55 33.7496870000000015
61 22.1732100000000010
63 16.9109760000000016
70 15.7905610000000003
74 9.1745210000000004
97 3.8519540000000001
102 1.2029550000000000
103 1.0928240000000000
118 0.6574210000000000
120 0.4839430000000000
138 0.4240180000000000
168 0.0489800000000000
209 0.0482680000000000
210 0.0480630000000000
211 0.0472720000000000
212 0.0470040000000000
214 0.0464530000000000
218 0.0451000000000000
221 0.0393520000000000
224 0.0365150000000000
228 0.0362190000000000
237 0.0318540000000000
239 0.0314570000000000
249 0.0313550000000000
251 0.0303580000000000
253 0.0282230000000000
264 0.0233380000000000
276 0.0224020000000000
298 0.0209090000000000
305 0.0198450000000000
306 0.0196180000000000
310 0.0195910000000000
313 0.0182820000000000
320 0.0176090000000000
323 0.0169310000000000
343 0.0160970000000000
345 0.0154890000000000
355 0.0132960000000000
356 0.0120810000000000
387 0.0118260000000000
391 0.0106770000000000
403 0.0104630000000000
415 0.0091820000000000
417 0.0087380000000000
418 0.0078690000000000
430 0.0078070000000000
454 0.0074850000000000
457 0.0071010000000000
458 0.0069680000000000
463 0.0069630000000000
468 0.0068930000000000
477 0.0066180000000000
479 0.0058360000000000
481 0.0057790000000000
484 0.0055800000000000
510 0.0050630000000000
513 0.0048600000000000
526 0.0047440000000000
529 0.0046720000000000
530 0.0041380000000000
580 0.0039610000000000
593 0.0039510000000000
595 0.0038740000000000
596 0.0038530000000000
599 0.0038410000000000
606 0.0038320000000000
608 0.0038200000000000
610 0.0038180000000000
615 0.0038140000000000
617 0.0038030000000000
620 0.0038020000000000
622 0.0038000000000000
626 0.0037790000000000
627 0.0037630000000000
633 0.0037590000000000
634 0.0037530000000000
636 0.0037390000000000
637 0.0037300000000000
639 0.0037100000000000
640 0.0037020000000000
644 0.0036900000000000
652 0.0036890000000000
656 0.0036750000000000
663 0.0036680000000000
666 0.0036570000000000
668 0.0036510000000000
669 0.0036500000000000
672 0.0036440000000000
673 0.0036420000000000
674 0.0036340000000000
675 0.0036280000000000
676 0.0036140000000000
677 0.0035980000000000
678 0.0035910000000000
679 0.0035620000000000
682 0.0035200000000000
683 0.0034930000000000
684 0.0034820000000000
685 0.0034570000000000
686 0.0034280000000000
687 0.0033820000000000
689 0.0033610000000000
690 0.0033270000000000
691 0.0032770000000000
692 0.0032650000000000
693 0.0031740000000000
694 0.0030740000000000
700 0.0029430000000000
701 0.0028610000000000
704 0.0028060000000000
705 0.0027180000000000
716 0.0027130000000000
718 0.0026760000000000
722 0.0026170000000000
725 0.0026110000000000
728 0.0025800000000000
732 0.0025740000000000
736 0.0025500000000000
738 0.0025310000000000
740 0.0025280000000000
742 0.0024980000000000
745 0.0024840000000000
747 0.0024660000000000
750 0.0024610000000000
753 0.0024040000000000
754 0.0023780000000000
762 0.0023170000000000
763 0.0022720000000000
769 0.0022630000000000
772 0.0021640000000000
773 0.0021220000000000
779 0.0020450000000000
780 0.0019820000000000
784 0.0019320000000000
792 0.0019150000000000
794 0.0019010000000000
796 0.0018400000000000
803 0.0018140000000000
805 0.0018110000000000
811 0.0017970000000000
813 0.0017750000000000
815 0.0017520000000000
816 0.0017390000000000
819 0.0016950000000000
820 0.0016720000000000
824 0.0016520000000000
827 0.0016290000000000
830 0.0016200000000000
834 0.0015960000000000
838 0.0015900000000000
839 0.0015780000000000
840 0.0015670000000000
841 0.0015490000000000
845 0.0015210000000000
846 0.0014790000000000
850 0.0014760000000000
852 0.0014450000000000
854 0.0014300000000000
856 0.0014290000000000
860 0.0013750000000000
861 0.0013660000000000
864 0.0013500000000000
865 0.0013460000000000
872 0.0013240000000000
877 0.0013050000000000
881 0.0013010000000000
886 0.0012880000000000
887 0.0012850000000000
888 0.0012820000000000
891 0.0012740000000000
893 0.0012690000000000
895 0.0012550000000000
896 0.0012530000000000
898 0.0012350000000000
899 0.0012290000000000
901 0.0012000000000000
902 0.0011720000000000
904 0.0011550000000000
905 0.0011320000000000
913 0.0011170000000000
923 0.0011110000000000
924 0.0010920000000000
925 0.0010810000000000
934 0.0010720000000000
935 0.0010680000000000
936 0.0010620000000000
937 0.0010580000000000
939 0.0010450000000000
940 0.0010430000000000
942 0.0010320000000000
944 0.0010130000000000
945 0.0010030000000000
947 0.0009990000000000
950 0.0009770000000000
958 0.0009480000000000
959 0.0009440000000000
975 0.0009120000000000
997 0.0009110000000000
1005 0.0009090000000000
1007 0.0009080000000000
1019 0.0009070000000000
1073 0.0009060000000000
1084 0.0009050000000000
1099 0.0009040000000000
1101 0.0009030000000000
1102 0.0009000000000000
1113 0.0008980000000000
1114 0.0008970000000000
1119 0.0008950000000000
1131 0.0008940000000000
1132 0.0008930000000000
1133 0.0008920000000000
1142 0.0008910000000000
1143 0.0008900000000000
1145 0.0008810000000000
1148 0.0008800000000000
1150 0.0008750000000000
1164 0.0008710000000000
1166 0.0008690000000000
1176 0.0008670000000000
1177 0.0008640000000000
1178 0.0008460000000000
1203 0.0008360000000000
1216 0.0008240000000000
1228 0.0007960000000000
1259 0.0007950000000000
1260 0.0007940000000000
1261 0.0007930000000000
1263 0.0007870000000000
1274 0.0007760000000000
1276 0.0007710000000000
1287 0.0007690000000000
1299 0.0007570000000000
1310 0.0007550000000000
1311 0.0007540000000000
1323 0.0007480000000000
1335 0.0007340000000000
1355 0.0007330000000000
1356 0.0007320000000000
1367 0.0007260000000000
1390 0.0007210000000000
1391 0.0007170000000000
1392 0.0007020000000000
1412 0.0007000000000000
1415 0.0006860000000000
1430 0.0006830000000000
1437 0.0006770000000000
1440 0.0006730000000000
1443 0.0006690000000000
1444 0.0006660000000000
1459 0.0006640000000000
1461 0.0006630000000000
1464 0.0006560000000000
1465 0.0006530000000000
1467 0.0006440000000000
1470 0.0006420000000000
1471 0.0006410000000000
1473 0.0006340000000000
1502 0.0006330000000000
1513 0.0006320000000000
1514 0.0006300000000000
1515 0.0006290000000000
1517 0.0006250000000000
1544 0.0006210000000000
1548 0.0006200000000000
1560 0.0006160000000000
1572 0.0006130000000000
1574 0.0006060000000000
1585 0.0005910000000000
1597 0.0005840000000000
1609 0.0005650000000000
1610 0.0005530000000000
1638 0.0005430000000000
1658 0.0005400000000000
1660 0.0005380000000000
1661 0.0005310000000000
1662 0.0005170000000000
1681 0.0005130000000000
1692 0.0005090000000000
1694 0.0005050000000000
1695 0.0005000000000000
1716 0.0004910000000000
1717 0.0004830000000000
1730 0.0004630000000000
1751 0.0004510000000000
1763 0.0004470000000000
1775 0.0004450000000000
1788 0.0004440000000000
1791 0.0004400000000000
1793 0.0004380000000000
1794 0.0004350000000000
1814 0.0004270000000000
1825 0.0004200000000000
1845 0.0004150000000000
1847 0.0004130000000000
1863 0.0004100000000000
1864 0.0004090000000000
1865 0.0004080000000000
1887 0.0004070000000000
1900 0.0003870000000000
1922 0.0003800000000000
1923 0.0003770000000000
1924 0.0003760000000000
1929 0.0003740000000000
1933 0.0003670000000000
1937 0.0003650000000000
1942 0.0003580000000000
1943 0.0003570000000000
1950 0.0003520000000000
1951 0.0003480000000000
1954 0.0003440000000000
1957 0.0003370000000000
1964 0.0003330000000000
1971 0.0003310000000000
1979 0.0003300000000000
2001 0.0003160000000000
2012 0.0003150000000000
2013 0.0003130000000000
2025 0.0003120000000000
2037 0.0003110000000000
2066 0.0003100000000000
2071 0.0003090000000000
2082 0.0003070000000000
2083 0.0003020000000000
2125 0.0003000000000000
2127 0.0002990000000000
2129 0.0002980000000000
2131 0.0002970000000000
2134 0.0002950000000000
2135 0.0002940000000000
2147 0.0002930000000000
2159 0.0002920000000000
2171 0.0002910000000000
2184 0.0002890000000000
2195 0.0002870000000000
2196 0.0002820000000000
2218 0.0002810000000000
2219 0.0002770000000000
2220 0.0002740000000000
2233 0.0002690000000000
2234 0.0002650000000000
2238 0.0002620000000000
2267 0.0002570000000000
2269 0.0002550000000000
2289 0.0002540000000000
