1 2323367.3720519999042153
4 1427283.3814729999285191
5 202274.5262930000026245
8 73959.9990220000036061
9 11765.3244520000007469
11 11328.8497800000004645
29 7309.6170590000001539
31 2095.2865870000000541
46 1503.1385999999999967
53 1319.2481049999998959
56 1085.8171359999998913
57 882.4613669999999956
64 844.1172950000000128
66 784.2469489999999723
108 701.1024760000000242
112 647.0461119999999937
121 613.0765780000000404
128 595.8306099999999788
130 548.3522920000000340
131 543.7081620000000157
134 532.1674080000000231
136 475.9879349999999931
139 443.2159389999999917
140 368.9464259999999740
146 336.6747940000000199
155 332.7937959999999862
169 326.8723390000000109
185 282.2474980000000073
187 274.3709529999999859
188 272.8180540000000178
189 265.9825510000000008
190 224.2881429999999909
191 190.7408289999999909
200 189.8259689999999864
201 181.9383970000000090
204 144.9496560000000045
207 140.0637780000000134
208 139.0227849999999989
209 136.9877869999999973
212 114.3048600000000050
215 107.8093290000000053
220 102.7730849999999947
221 62.5007739999999998
223 53.4690829999999977
226 35.7711839999999981
233 23.4288220000000003
243 21.0090509999999995
278 20.5965179999999997
281 18.5063420000000001
290 17.6199399999999997
291 16.9194460000000007
293 16.1241570000000003
294 15.5644580000000001
297 14.7698669999999996
299 13.5638009999999998
303 11.8427019999999992
304 10.8995390000000008
309 9.7448800000000002
310 9.2869449999999993
311 8.2393149999999995
312 7.5279069999999999
314 6.0846020000000003
319 4.4766190000000003
320 4.3066110000000002
325 3.8537119999999998
328 3.6474009999999999
333 2.4277050000000000
335 1.6598990000000000
339 0.9714670000000000
350 0.9535750000000000
355 0.6214990000000000
361 0.5188610000000000
372 0.4448770000000000
376 0.3852060000000000
386 0.3347760000000000
395 0.3115090000000000
398 0.2629770000000000
399 0.2346600000000000
408 0.2150300000000000
413 0.2120050000000000
417 0.2050310000000000
420 0.2047890000000000
425 0.2018920000000000
426 0.1859940000000000
427 0.1805240000000000
430 0.1795180000000000
431 0.1684600000000000
437 0.1623290000000000
443 0.1535870000000000
446 0.1511470000000000
451 0.1502900000000000
459 0.1477720000000000
461 0.1458400000000000
505 0.1457910000000000
524 0.1454320000000000
528 0.1447630000000000
535 0.1446410000000000
536 0.1441310000000000
537 0.1436830000000000
554 0.1435630000000000
555 0.1430980000000000
556 0.1430850000000000
560 0.1425700000000000
575 0.1411970000000000
604 0.1406090000000000
605 0.1401370000000000
619 0.1401250000000000
635 0.1400140000000000
638 0.1387320000000000
642 0.1383990000000000
643 0.1378570000000000
666 0.1373180000000000
667 0.1349740000000000
684 0.1344130000000000
685 0.1341860000000000
690 0.1316990000000000
691 0.1300830000000000
722 0.1278260000000000
723 0.1262060000000000
732 0.1256750000000000
734 0.1249770000000000
738 0.1247020000000000
741 0.1245620000000000
744 0.1237350000000000
756 0.1232710000000000
761 0.1230790000000000
769 0.1226710000000000
771 0.1177130000000000
774 0.1120410000000000
823 0.1110720000000000
827 0.1088790000000000
828 0.1076130000000000
841 0.1066330000000000
842 0.1055250000000000
845 0.1049210000000000
846 0.1034010000000000
850 0.1031210000000000
852 0.1014380000000000
853 0.1001220000000000
856 0.1000980000000000
858 0.0985500000000000
859 0.0972640000000000
863 0.0972190000000000
867 0.0964260000000000
876 0.0949160000000000
877 0.0940880000000000
878 0.0939800000000000
879 0.0928940000000000
884 0.0903030000000000
885 0.0877240000000000
891 0.0861260000000000
892 0.0842620000000000
893 0.0834200000000000
894 0.0805660000000000
897 0.0789880000000000
898 0.0774350000000000
899 0.0741840000000000
900 0.0688520000000000
903 0.0648960000000000
904 0.0588440000000000
907 0.0541350000000000
908 0.0467890000000000
912 0.0404330000000000
913 0.0356500000000000
917 0.0272660000000000
918 0.0262610000000000
922 0.0256120000000000
929 0.0234870000000000
932 0.0193210000000000
942 0.0165180000000000
947 0.0162400000000000
949 0.0147580000000000
953 0.0147300000000000
955 0.0145880000000000
958 0.0125760000000000
959 0.0110300000000000
962 0.0101340000000000
963 0.0093600000000000
965 0.0082690000000000
966 0.0065080000000000
969 0.0056710000000000
976 0.0041640000000000
990 0.0038640000000000
993 0.0037290000000000
996 0.0036220000000000
998 0.0035480000000000
1003 0.0034890000000000
1006 0.0034320000000000
1008 0.0034150000000000
1010 0.0033860000000000
1012 0.0033670000000000
1016 0.0033220000000000
1018 0.0033130000000000
1019 0.0032570000000000
1031 0.0031500000000000
1071 0.0031320000000000
1074 0.0031090000000000
1075 0.0030280000000000
1086 0.0030150000000000
1088 0.0029820000000000
1090 0.0029550000000000
1095 0.0029090000000000
1097 0.0029020000000000
1100 0.0028960000000000
1103 0.0028850000000000
1106 0.0028140000000000
1107 0.0027510000000000
1115 0.0026930000000000
1116 0.0026680000000000
1119 0.0026120000000000
1120 0.0025960000000000
1123 0.0025650000000000
1129 0.0025240000000000
1130 0.0024810000000000
1139 0.0024500000000000
1144 0.0024270000000000
1165 0.0024200000000000
1167 0.0024190000000000
1172 0.0024150000000000
1174 0.0024070000000000
1182 0.0024020000000000
1183 0.0023990000000000
1185 0.0023980000000000
1188 0.0023940000000000
1190 0.0023880000000000
1191 0.0023830000000000
1194 0.0023820000000000
1196 0.0023750000000000
1197 0.0023710000000000
1204 0.0023610000000000
1205 0.0023550000000000
1214 0.0023500000000000
1224 0.0023480000000000
1226 0.0023450000000000
1228 0.0023440000000000
1236 0.0023390000000000
1260 0.0023270000000000
1282 0.0023240000000000
1298 0.0023230000000000
1308 0.0023220000000000
1316 0.0023210000000000
1329 0.0023130000000000
1361 0.0023120000000000
1364 0.0023110000000000
