1 54.9147900000000035
6 53.6359660000000034
7 51.4968860000000035
8 49.8054240000000021
11 49.5727880000000027
14 49.5419740000000033
17 49.4639469999999974
21 48.7204300000000003
22 46.4479850000000027
25 46.3790559999999985
26 45.8629049999999978
29 45.4635069999999999
34 41.4150229999999979
40 40.3170000000000002
43 39.5813210000000026
71 39.5800300000000007
72 39.5727320000000020
75 39.2646039999999985
101 26.0470000000000006
172 12.5310000000000006
199 11.8710000000000004
216 10.2210000000000001
237 9.6210000000000004
261 9.6010000000000009
294 9.5493600000000001
346 9.5011519999999994
347 9.4405280000000005
350 9.4074650000000002
351 9.3265080000000005
360 9.3124280000000006
361 9.2493809999999996
370 9.1880059999999997
371 9.0893339999999991
377 9.0485959999999999
378 8.9711210000000001
383 8.9680929999999996
384 8.9236590000000007
386 8.9173010000000001
387 8.8762150000000002
394 8.8305270000000000
395 8.7896180000000008
405 8.7778980000000004
406 8.7762340000000005
408 8.7611950000000007
411 8.7569189999999999
412 8.7383749999999996
423 8.7353740000000002
504 8.7347310000000000
533 8.7346900000000005
568 8.7344969999999993
608 8.7343930000000007
683 8.7343750000000000
707 8.7343630000000001
717 8.7343550000000008
727 8.7343510000000002
729 8.7343460000000004
819 8.7343379999999993
839 8.7343360000000008
877 8.7343329999999995
976 8.7343320000000002
