1 199.8780519999999967
3 199.7705280000000130
4 199.7205250000000092
5 199.6245560000000125
9 199.5057779999999923
14 188.2832239999999899
18 159.9429629999999918
19 91.3487920000000031
20 28.1888830000000006
24 28.1616259999999983
33 28.1442809999999994
40 28.1435309999999994
62 26.3338280000000005
66 23.5956049999999991
77 22.0825859999999992
94 21.0433610000000009
107 21.0267879999999998
111 20.9985050000000015
116 19.4162880000000015
125 19.4050750000000001
129 19.4011730000000000
138 10.9947280000000003
141 10.9749230000000004
148 10.9739319999999996
160 10.9738720000000001
201 10.9069330000000004
202 10.9038339999999998
223 10.5534540000000003
237 10.4489350000000005
243 10.3497559999999993
253 10.3444439999999993
258 10.3403039999999997
269 10.2185369999999995
273 10.1379680000000008
274 10.0160619999999998
279 9.5193989999999999
284 9.3408590000000000
290 8.4196120000000008
291 8.4129369999999994
294 8.4114699999999996
302 7.8341190000000003
310 7.8314959999999996
331 2.2649270000000001
336 2.2623590000000000
358 1.9619489999999999
360 1.8646820000000000
384 1.8308810000000000
396 1.8243160000000000
402 1.8173370000000000
406 1.8104180000000001
408 1.7998090000000000
410 1.7994960000000000
414 1.7988440000000001
439 1.7912230000000000
483 1.7908029999999999
484 1.7888170000000001
494 1.7885819999999999
547 1.7885070000000001
561 1.7881279999999999
622 1.7881149999999999
767 1.7881080000000000
