1 1615246.1306640000548214
3 1309187.2292559999041259
4 657311.3997619999572635
7 26252.8446470000017143
19 19421.9973360000003595
21 1677.6163610000000972
22 920.1214049999999816
24 469.6242209999999773
45 455.5211850000000027
75 432.5799949999999967
78 431.7278309999999806
83 427.4175720000000069
87 422.3448870000000284
88 408.1660699999999906
89 392.9440730000000030
92 325.0054089999999860
97 292.3676310000000171
108 247.0901440000000093
110 224.6859000000000037
128 214.9420700000000011
138 74.8148549999999943
153 39.9996810000000025
154 6.5331250000000001
183 4.2904549999999997
215 2.9297019999999998
222 2.2156810000000000
224 0.1672790000000000
242 0.1203230000000000
244 0.1200860000000000
246 0.0872830000000000
250 0.0598190000000000
252 0.0433620000000000
265 0.0081270000000000
293 0.0006870000000000
312 0.0003620000000000
317 0.0002210000000000
319 0.0002100000000000
337 0.0000510000000000
355 0.0000470000000000
364 0.0000170000000000
374 0.0000090000000000
392 0.0000010000000000
416 0.0000000000000000
