1 500557897.3232960104942322
2 485543480.1924189925193787
3 442418771.3874199986457825
4 324855946.6735259890556335
5 80070957.6869159936904907
7 56115389.1026460006833076
8 9786152.7308840006589890
10 195960.0724760000011884
51 64803.4844020000018645
62 37244.5400850000005448
73 20399.4049120000017865
76 20373.7381639999985055
88 6585.1244249999999738
123 958.9414829999999483
163 392.2282549999999901
191 62.4908819999999992
229 9.9876559999999994
289 9.8783980000000007
421 9.8735750000000007
433 9.8710620000000002
511 9.8709369999999996
516 9.8708530000000003
522 9.8708279999999995
524 9.8707949999999993
541 9.8707820000000002
542 9.8707290000000008
581 9.8707279999999997
597 9.8707239999999992
639 9.8707209999999996
643 9.8707200000000004
645 9.8707189999999994
651 9.8707180000000001
655 9.8707170000000009
