1 16.3732779999999991
4 3.8397209999999999
6 3.3000460000000000
11 2.5037509999999998
42 1.9700150000000001
43 1.9497530000000001
54 1.9010309999999999
55 1.7715810000000001
90 1.7129270000000001
91 1.7019940000000000
98 1.5123359999999999
119 1.3885770000000000
123 1.3205549999999999
143 1.2857410000000000
147 1.1928770000000000
152 1.1798329999999999
172 1.0714690000000000
196 0.9760140000000000
197 0.9372090000000000
204 0.9154180000000000
220 0.9043810000000000
222 0.9004310000000000
248 0.8939540000000000
251 0.8933500000000000
256 0.8915180000000000
257 0.8862240000000000
258 0.8861810000000000
259 0.8842530000000000
274 0.8832930000000000
284 0.8817520000000000
286 0.8810810000000000
319 0.8803130000000000
330 0.8800230000000000
333 0.8795950000000000
334 0.8785750000000000
340 0.8725950000000000
361 0.8722380000000000
362 0.8708890000000000
366 0.8695860000000000
367 0.8688820000000000
387 0.8687440000000000
389 0.8684310000000000
411 0.8679470000000000
469 0.8678770000000000
480 0.8678760000000000
481 0.8678280000000000
482 0.8677670000000000
496 0.8677350000000000
497 0.8677319999999999
498 0.8676910000000000
503 0.8676810000000000
504 0.8676330000000000
509 0.8676190000000000
515 0.8675910000000000
519 0.8675870000000000
523 0.8675680000000000
539 0.8675560000000000
654 0.8675550000000000
