1 0.0386170000000000
13 0.0298390000000000
19 0.0264430000000000
32 0.0249310000000000
36 0.0230260000000000
39 0.0198970000000000
42 0.0189640000000000
47 0.0185330000000000
49 0.0174010000000000
52 0.0169760000000000
55 0.0163610000000000
57 0.0157440000000000
59 0.0155770000000000
60 0.0146620000000000
66 0.0133630000000000
87 0.0132220000000000
93 0.0125500000000000
94 0.0124390000000000
98 0.0116680000000000
99 0.0112620000000000
105 0.0107250000000000
106 0.0104080000000000
122 0.0103110000000000
124 0.0100430000000000
129 0.0097050000000000
131 0.0092220000000000
132 0.0090410000000000
143 0.0088110000000000
145 0.0086340000000000
147 0.0085970000000000
149 0.0083460000000000
156 0.0082650000000000
158 0.0081810000000000
160 0.0081610000000000
163 0.0079830000000000
199 0.0079000000000000
202 0.0078320000000000
217 0.0074830000000000
220 0.0072940000000000
236 0.0069080000000000
259 0.0067930000000000
262 0.0065870000000000
269 0.0063980000000000
277 0.0063680000000000
293 0.0062580000000000
294 0.0061080000000000
307 0.0060320000000000
308 0.0060260000000000
311 0.0059990000000000
315 0.0059170000000000
336 0.0058450000000000
338 0.0058140000000000
363 0.0058060000000000
368 0.0057660000000000
397 0.0056710000000000
408 0.0056650000000000
411 0.0056390000000000
415 0.0055070000000000
429 0.0054310000000000
431 0.0054040000000000
432 0.0053300000000000
447 0.0053170000000000
449 0.0053020000000000
452 0.0051770000000000
471 0.0050770000000000
476 0.0047680000000000
507 0.0047660000000000
510 0.0046560000000000
512 0.0045480000000000
531 0.0045050000000000
541 0.0044720000000000
545 0.0044500000000000
562 0.0043760000000000
565 0.0043640000000000
599 0.0043590000000000
602 0.0043180000000000
614 0.0043050000000000
615 0.0043020000000000
620 0.0042890000000000
624 0.0042880000000000
631 0.0042850000000000
634 0.0042600000000000
635 0.0042530000000000
636 0.0042500000000000
637 0.0042400000000000
641 0.0042310000000000
642 0.0042290000000000
645 0.0042150000000000
648 0.0042060000000000
652 0.0041960000000000
653 0.0041920000000000
661 0.0041840000000000
663 0.0041710000000000
664 0.0041630000000000
674 0.0041480000000000
675 0.0041310000000000
679 0.0041290000000000
680 0.0041180000000000
681 0.0041170000000000
682 0.0041090000000000
684 0.0041010000000000
685 0.0040990000000000
686 0.0040800000000000
687 0.0040750000000000
688 0.0040730000000000
690 0.0040410000000000
691 0.0040190000000000
694 0.0039820000000000
695 0.0039230000000000
701 0.0039160000000000
706 0.0038940000000000
710 0.0038490000000000
711 0.0038290000000000
713 0.0038160000000000
714 0.0037930000000000
718 0.0037670000000000
720 0.0037430000000000
723 0.0037060000000000
731 0.0036460000000000
732 0.0036370000000000
735 0.0036310000000000
744 0.0036050000000000
746 0.0035940000000000
753 0.0035690000000000
762 0.0035550000000000
767 0.0035370000000000
776 0.0035350000000000
782 0.0035320000000000
785 0.0035310000000000
787 0.0035290000000000
789 0.0035240000000000
817 0.0035230000000000
821 0.0035210000000000
834 0.0035190000000000
847 0.0035180000000000
