1 0.0267290000000000
54 0.0257630000000000
58 0.0240510000000000
70 0.0206150000000000
82 0.0195430000000000
88 0.0184380000000000
97 0.0168230000000000
104 0.0156380000000000
122 0.0154880000000000
126 0.0152920000000000
129 0.0152320000000000
135 0.0147610000000000
151 0.0147150000000000
156 0.0144900000000000
190 0.0142980000000000
192 0.0141670000000000
194 0.0139800000000000
214 0.0139470000000000
216 0.0138980000000000
225 0.0138730000000000
229 0.0132300000000000
232 0.0129890000000000
236 0.0128500000000000
271 0.0126400000000000
273 0.0126370000000000
295 0.0126280000000000
296 0.0126130000000000
315 0.0123700000000000
324 0.0119870000000000
330 0.0118010000000000
336 0.0104210000000000
353 0.0102590000000000
354 0.0096010000000000
357 0.0092680000000000
358 0.0087960000000000
380 0.0078650000000000
405 0.0066110000000000
407 0.0063880000000000
442 0.0058000000000000
458 0.0057870000000000
477 0.0056590000000000
479 0.0056360000000000
502 0.0052570000000000
513 0.0052130000000000
515 0.0050000000000000
516 0.0048870000000000
522 0.0048610000000000
543 0.0044110000000000
576 0.0044090000000000
586 0.0043720000000000
591 0.0043570000000000
596 0.0042960000000000
616 0.0042580000000000
618 0.0042260000000000
621 0.0041450000000000
650 0.0040550000000000
665 0.0040540000000000
699 0.0040330000000000
711 0.0039970000000000
726 0.0039880000000000
727 0.0039700000000000
738 0.0039510000000000
767 0.0036810000000000
773 0.0036730000000000
776 0.0036430000000000
812 0.0036240000000000
815 0.0035560000000000
820 0.0034930000000000
842 0.0034870000000000
849 0.0034750000000000
851 0.0034610000000000
856 0.0034600000000000
862 0.0034590000000000
870 0.0034560000000000
904 0.0034550000000000
907 0.0034480000000000
927 0.0034470000000000
946 0.0034410000000000
950 0.0034390000000000
953 0.0034350000000000
957 0.0034300000000000
966 0.0034230000000000
969 0.0034220000000000
975 0.0034210000000000
980 0.0034190000000000
982 0.0034170000000000
986 0.0034150000000000
991 0.0034140000000000
993 0.0034120000000000
996 0.0034090000000000
998 0.0034080000000000
1004 0.0034020000000000
1005 0.0034000000000000
1009 0.0033980000000000
1013 0.0033950000000000
1017 0.0033910000000000
1018 0.0033890000000000
1021 0.0033850000000000
1022 0.0033840000000000
1026 0.0033800000000000
1028 0.0033780000000000
1030 0.0033740000000000
1038 0.0033690000000000
1040 0.0033660000000000
1048 0.0033650000000000
1053 0.0033640000000000
1060 0.0033580000000000
1061 0.0033560000000000
1065 0.0033550000000000
1068 0.0033540000000000
1070 0.0033530000000000
1073 0.0033500000000000
1075 0.0033490000000000
1079 0.0033480000000000
1082 0.0033450000000000
1087 0.0033410000000000
1088 0.0033400000000000
1097 0.0033390000000000
1100 0.0033340000000000
1135 0.0033330000000000
1139 0.0033290000000000
1158 0.0033240000000000
1160 0.0033190000000000
1162 0.0033120000000000
1163 0.0033090000000000
1168 0.0033050000000000
1206 0.0033030000000000
1211 0.0033020000000000
1245 0.0032990000000000
1262 0.0032950000000000
1268 0.0032930000000000
1273 0.0032920000000000
1276 0.0032870000000000
1277 0.0032850000000000
1294 0.0032560000000000
1318 0.0032550000000000
1331 0.0032430000000000
1343 0.0032140000000000
1375 0.0032080000000000
1377 0.0032070000000000
1403 0.0032060000000000
1410 0.0032030000000000
1444 0.0032000000000000
1468 0.0031990000000000
1487 0.0031860000000000
1532 0.0031850000000000
1541 0.0031830000000000
1557 0.0031820000000000
1579 0.0031810000000000
1623 0.0031800000000000
1644 0.0031790000000000
1647 0.0031780000000000
1685 0.0031770000000000
1704 0.0031760000000000
1724 0.0031750000000000
1754 0.0031740000000000
1779 0.0031730000000000
1789 0.0031720000000000
1815 0.0031710000000000
1818 0.0031700000000000
1851 0.0031680000000000
