1 70.5625000000000000
2 62.9226999999999990
3 58.3417000000000030
9 55.8887000000000000
18 46.3695999999999984
26 42.0050000000000026
27 40.6096000000000004
34 39.0786999999999978
36 38.1090999999999980
42 35.2599000000000018
47 33.8104000000000013
49 33.2879000000000005
64 29.2711310000000005
78 27.4007310000000004
86 27.3275310000000005
91 24.7534269999999985
107 24.5696450000000013
109 24.0285270000000004
113 20.7039059999999999
117 18.5753999999999984
118 17.9241640000000011
121 17.2589560000000013
124 16.5582269999999987
126 15.1798289999999998
147 13.7476420000000008
148 12.5399329999999996
152 9.1803179999999998
167 8.8476490000000005
171 6.0883680000000000
174 5.9613490000000002
180 3.4485000000000001
187 3.2020680000000001
209 1.2106650000000001
216 0.4584890000000000
246 0.3200690000000000
262 0.2504120000000000
288 0.1692990000000000
328 0.1652590000000000
339 0.1651750000000000
341 0.1532140000000000
343 0.1323620000000000
358 0.1315240000000000
371 0.1223310000000000
373 0.1211920000000000
394 0.1128890000000000
408 0.1004960000000000
423 0.0947730000000000
427 0.0932880000000000
431 0.0895530000000000
436 0.0868400000000000
443 0.0832440000000000
461 0.0829690000000000
465 0.0802620000000000
480 0.0786990000000000
503 0.0732340000000000
505 0.0731610000000000
519 0.0728210000000000
522 0.0720580000000000
527 0.0707990000000000
539 0.0560350000000000
551 0.0546520000000000
566 0.0514390000000000
581 0.0490510000000000
584 0.0476680000000000
600 0.0453460000000000
602 0.0453380000000000
606 0.0452520000000000
611 0.0436720000000000
624 0.0436450000000000
625 0.0416620000000000
626 0.0404920000000000
627 0.0402210000000000
630 0.0354480000000000
654 0.0341310000000000
671 0.0331680000000000
672 0.0329240000000000
677 0.0327170000000000
682 0.0322770000000000
684 0.0322610000000000
688 0.0321710000000000
689 0.0316390000000000
695 0.0316330000000000
697 0.0315290000000000
703 0.0308410000000000
704 0.0308150000000000
715 0.0286300000000000
716 0.0274940000000000
718 0.0267390000000000
721 0.0262190000000000
722 0.0260750000000000
732 0.0258320000000000
744 0.0244560000000000
746 0.0226040000000000
759 0.0223810000000000
761 0.0222520000000000
766 0.0207550000000000
785 0.0205790000000000
804 0.0202420000000000
805 0.0199640000000000
843 0.0199410000000000
844 0.0198650000000000
845 0.0197110000000000
847 0.0192470000000000
848 0.0190230000000000
851 0.0189710000000000
853 0.0184000000000000
854 0.0179850000000000
858 0.0177480000000000
859 0.0176920000000000
863 0.0174730000000000
868 0.0172010000000000
875 0.0171790000000000
881 0.0170150000000000
884 0.0168600000000000
886 0.0165430000000000
887 0.0165340000000000
897 0.0162180000000000
900 0.0160110000000000
904 0.0158850000000000
906 0.0157920000000000
908 0.0153180000000000
909 0.0151590000000000
913 0.0150250000000000
916 0.0145840000000000
917 0.0144310000000000
922 0.0140170000000000
923 0.0135170000000000
929 0.0132680000000000
930 0.0129550000000000
943 0.0128200000000000
955 0.0108050000000000
956 0.0104030000000000
966 0.0098210000000000
990 0.0095350000000000
998 0.0091220000000000
1001 0.0090000000000000
1004 0.0086890000000000
1026 0.0085270000000000
1028 0.0083970000000000
1041 0.0077900000000000
1054 0.0074770000000000
1055 0.0070060000000000
1075 0.0069400000000000
1078 0.0067240000000000
1104 0.0067100000000000
1111 0.0066930000000000
1136 0.0066100000000000
1139 0.0065560000000000
1144 0.0064020000000000
1149 0.0063920000000000
1152 0.0062810000000000
1154 0.0061700000000000
1155 0.0061100000000000
1166 0.0060030000000000
1167 0.0059540000000000
1185 0.0053220000000000
1186 0.0048360000000000
1199 0.0047270000000000
1224 0.0047160000000000
1249 0.0047050000000000
1251 0.0046940000000000
1253 0.0046120000000000
1260 0.0046110000000000
1263 0.0045960000000000
1267 0.0045890000000000
1268 0.0045870000000000
1280 0.0045630000000000
1281 0.0045240000000000
1282 0.0044840000000000
1284 0.0043620000000000
1295 0.0043380000000000
1297 0.0042840000000000
1319 0.0041830000000000
1332 0.0041190000000000
1333 0.0040830000000000
1343 0.0040700000000000
1355 0.0040120000000000
1368 0.0039730000000000
1381 0.0038810000000000
1395 0.0037640000000000
1408 0.0037200000000000
1433 0.0036990000000000
1446 0.0034940000000000
1448 0.0034680000000000
1471 0.0034450000000000
1473 0.0032720000000000
1487 0.0032640000000000
1490 0.0032180000000000
1493 0.0031760000000000
1505 0.0031220000000000
1526 0.0030550000000000
1539 0.0030120000000000
1541 0.0030110000000000
1554 0.0029640000000000
1567 0.0028580000000000
1579 0.0028220000000000
1580 0.0027670000000000
1602 0.0027030000000000
1604 0.0026730000000000
1637 0.0026680000000000
1639 0.0025830000000000
1656 0.0025590000000000
1658 0.0025580000000000
1670 0.0025060000000000
1671 0.0023950000000000
1692 0.0023770000000000
1715 0.0023460000000000
1716 0.0022540000000000
1719 0.0022150000000000
1720 0.0021760000000000
1743 0.0021690000000000
1745 0.0021520000000000
1750 0.0021160000000000
1762 0.0021150000000000
1765 0.0020990000000000
1766 0.0020880000000000
1774 0.0020830000000000
1778 0.0020770000000000
1783 0.0020680000000000
1784 0.0020650000000000
1786 0.0020630000000000
1787 0.0020620000000000
1789 0.0020510000000000
1790 0.0020420000000000
1793 0.0020410000000000
1799 0.0020330000000000
1801 0.0020230000000000
1804 0.0020150000000000
1807 0.0020140000000000
1809 0.0020000000000000
1810 0.0019880000000000
1815 0.0019820000000000
1816 0.0019690000000000
1818 0.0019590000000000
1819 0.0019450000000000
1821 0.0019330000000000
1822 0.0019270000000000
1824 0.0019010000000000
1825 0.0018620000000000
1832 0.0018420000000000
1833 0.0018260000000000
1834 0.0018070000000000
1835 0.0017810000000000
1837 0.0017690000000000
1838 0.0017550000000000
1839 0.0017220000000000
1840 0.0017140000000000
1847 0.0016670000000000
1848 0.0016300000000000
1862 0.0015940000000000
1863 0.0015900000000000
1864 0.0015810000000000
1868 0.0015680000000000
1876 0.0015670000000000
1879 0.0015600000000000
1880 0.0015430000000000
1900 0.0014640000000000
1912 0.0014490000000000
1915 0.0014320000000000
1942 0.0014210000000000
1943 0.0014200000000000
1950 0.0014150000000000
1960 0.0014090000000000
1963 0.0013350000000000
1984 0.0013290000000000
1997 0.0013210000000000
1998 0.0013180000000000
2023 0.0013140000000000
2029 0.0013130000000000
2035 0.0013120000000000
2049 0.0013030000000000
2073 0.0012530000000000
2084 0.0012370000000000
2086 0.0012300000000000
2089 0.0011840000000000
2090 0.0011590000000000
2101 0.0011530000000000
2113 0.0011500000000000
2134 0.0011050000000000
2164 0.0011020000000000
2175 0.0010940000000000
2176 0.0010800000000000
2195 0.0010630000000000
2196 0.0010520000000000
2207 0.0010510000000000
2210 0.0010430000000000
2211 0.0010420000000000
2212 0.0010340000000000
2213 0.0010300000000000
2215 0.0010260000000000
2216 0.0010200000000000
2218 0.0010110000000000
2219 0.0010070000000000
2222 0.0009910000000000
2225 0.0009800000000000
2234 0.0009780000000000
2238 0.0009750000000000
2240 0.0009700000000000
2242 0.0009650000000000
2243 0.0009630000000000
2246 0.0009510000000000
2248 0.0009470000000000
2253 0.0009460000000000
2259 0.0009380000000000
2262 0.0009330000000000
2263 0.0009270000000000
2268 0.0009230000000000
2269 0.0009190000000000
2273 0.0009140000000000
2274 0.0009090000000000
2278 0.0009020000000000
2279 0.0009010000000000
2282 0.0008930000000000
2283 0.0008820000000000
2289 0.0008810000000000
2290 0.0008730000000000
2294 0.0008590000000000
2298 0.0008500000000000
2299 0.0008370000000000
2304 0.0008270000000000
2305 0.0008130000000000
2307 0.0008120000000000
2308 0.0007980000000000
2310 0.0007870000000000
2311 0.0007780000000000
2312 0.0007660000000000
2313 0.0007460000000000
2318 0.0007250000000000
2349 0.0007130000000000
2363 0.0006980000000000
2388 0.0006970000000000
2403 0.0006960000000000
2425 0.0006950000000000
2437 0.0006930000000000
2438 0.0006920000000000
2445 0.0006910000000000
2449 0.0006900000000000
2450 0.0006890000000000
2458 0.0006870000000000
2491 0.0006800000000000
2502 0.0006770000000000
2520 0.0006760000000000
