1 1305.79
2 1193.53
3 1008.08
9 591.401
16 163.121
25 5.7862
139 3.64402
140 2.90704
146 0.236863
174 0.226442
202 0.116251
205 0.0699435
224 0.0390111
237 0.0354421
243 0.0344815
244 0.0275378
254 0.0231783
265 0.0229856
293 0.0225644
294 0.0223041
303 0.0214427
339 0.0214278
342 0.0213737
345 0.0213707
357 0.0213416
361 0.0213167
374 0.021314
375 0.021293
418 0.0212706
422 0.0212498
429 0.0212389
431 0.021228
432 0.0212195
434 0.021142
439 0.0211137
446 0.0210147
450 0.0209072
463 0.0206284
468 0.0203604
475 0.0202275
482 0.020007
490 0.0194702
495 0.0185855
503 0.0179994
504 0.0173941
510 0.0161403
513 0.0145317
524 0.0143502
537 0.0105504
580 0.0101546
588 0.0086317
599 0.00830827
633 0.0082768
637 0.00823207
648 0.0082289
690 0.00821929
698 0.00821921
702 0.00821757
708 0.00821646
709 0.00821099
720 0.00820997
722 0.00820955
729 0.00820938
753 0.00820889
772 0.00820792
812 0.00820772
815 0.00820764
816 0.00820731
819 0.00820708
833 0.00820705
867 0.00820704
872 0.00820702
883 0.008207
