1 3367980000.0
6 2658570000.0
7 2657800000.0
12 2446410000.0
22 2293330000.0
24 1853320000.0
34 1455730000.0
51 1389060000.0
52 1305880000.0
67 1027730000.0
73 965737000.0
74 677772000.0
89 563625000.0
109 412475000.0
119 349933000.0
122 233156000.0
136 211156000.0
139 140169000.0
157 130367000.0
179 103325000.0
192 87628100.0
218 84581800.0
223 83961900.0
241 21306200.0
273 20130700.0
275 19303900.0
282 18307200.0
283 10827300.0
292 9817790.0
319 6621530.0
354 3393170.0
366 2258140.0
403 736910.0
408 325602.0
454 291402.0
498 186652.0
515 135421.0
550 119229.0
555 54391.2
598 33709.0
603 24756.7
606 23902.0
607 23164.2
631 14677.0
655 8385.05
702 6642.21
713 3870.43
775 2219.6
796 2056.43
802 1974.32
804 1538.18
813 1518.83
826 1463.14
840 1282.58
842 1127.69
850 1112.72
853 988.019
858 701.005
873 569.107
882 349.847
912 227.787
913 187.886
938 153.56
943 122.425
981 105.44
987 93.9868
988 55.324
1010 38.0458
1027 27.2154
1054 26.5225
1066 21.7766
1068 21.2089
1069 19.0582
1084 13.8256
1085 13.6019
1094 10.5733
1095 9.48039
1120 8.25729
1134 6.48241
1145 5.83491
1156 3.89473
1186 3.47491
1189 2.58277
1190 2.14343
1195 1.64671
1238 1.08994
1277 1.03389
1289 0.848079
1290 0.508549
1304 0.454206
1306 0.408917
1310 0.18307
1321 0.149229
1373 0.148292
1381 0.116382
1397 0.0706033
1420 0.0644331
1439 0.0476929
1443 0.0408699
1446 0.0184289
1481 0.00637327
1597 0.00425971
1610 0.00202118
1634 0.00158883
1662 0.00116935
1680 0.000781981
1682 0.000278943
1703 0.000120547
1763 0.000104011
1782 4.73202e-05
1802 3.62515e-05
1814 3.25218e-05
1817 3.14446e-05
1827 2.41344e-05
1841 2.28349e-05
1847 2.09455e-05
1867 1.89676e-05
1868 1.49267e-05
1893 1.12332e-05
1900 1.10652e-05
1908 6.14659e-06
1925 4.87809e-06
1955 3.44327e-06
1971 1.87663e-06
2014 4.4573e-07
2033 4.38393e-07
2089 3.73272e-07
2092 3.7063e-07
2101 3.4921e-07
2114 1.31618e-07
2127 9.78212e-08
2162 7.52705e-08
2163 4.06142e-08
2195 1.97306e-08
2232 1.78274e-08
2245 6.4989e-09
2278 5.75169e-09
2290 5.26663e-09
2295 4.37456e-09
2317 9.35118e-10
2392 7.62844e-10
2404 6.564e-10
2411 5.78613e-10
2417 1.2022e-10
2478 1.15255e-10
2488 5.75755e-11
2496 5.29988e-11
2517 1.9318e-11
2550 1.70254e-11
2570 1.41536e-11
2598 1.02964e-11
2635 8.56997e-12
2651 5.44946e-12
2657 1.07125e-12
2723 7.7155e-13
2725 4.80937e-13
2755 3.9636e-13
2764 3.87408e-13
2776 2.21216e-13
2786 1.07379e-13
2814 8.33732e-14
2835 6.18547e-14
2841 5.22791e-14
2853 5.20555e-14
2856 4.33085e-14
2877 4.1277e-14
2884 1.85829e-14
2904 1.43075e-14
2909 9.82834e-15
2929 8.98738e-15
2936 7.14913e-15
2941 7.53614e-16
2972 7.41261e-16
