1 6.6
32 1.83081
40 1.30506
1538 1.2955
1544 1.27892
1573 1.27229
1580 1.26651
1586 1.26536
1594 1.26467
1597 1.26088
1598 1.26061
1606 1.26043
1630 1.25923
1640 1.25897
1644 1.25894
1648 1.25748
1654 1.25526
1659 1.25403
1665 1.25064
1674 1.24645
1678 1.23877
1682 1.22065
1688 1.21091
1690 1.20424
1694 1.20337
1700 1.18548
1705 1.17826
1711 1.17731
1714 1.1677
1731 1.16682
1733 1.16647
1734 1.15719
1735 1.15316
1739 1.15035
1747 1.145
1750 1.14364
1752 1.13001
1754 1.11457
1767 1.11157
1788 1.09249
1792 1.0812
1798 1.06739
1806 1.03864
1808 1.03797
1810 1.03638
1848 1.0087
1856 0.998922
1860 0.990217
1862 0.96139
1905 0.950969
1913 0.946873
1916 0.921079
1921 0.910719
1923 0.901213
1925 0.884939
1928 0.858436
1944 0.820492
1945 0.812595
1950 0.78762
1952 0.728665
2005 0.727151
2006 0.721458
2027 0.704304
2029 0.698603
2037 0.695231
2041 0.680098
2046 0.64372
2050 0.625389
2054 0.618071
2059 0.608046
2077 0.579419
2083 0.561375
2115 0.55572
2133 0.551819
2142 0.55007
2149 0.547077
2152 0.532648
2210 0.531378
2221 0.530967
2223 0.530475
2224 0.528775
2232 0.528342
2235 0.527593
2241 0.523333
2247 0.521636
2253 0.521411
2256 0.511725
2258 0.504328
2261 0.503642
2268 0.492746
2271 0.484099
2272 0.472712
2276 0.468968
2290 0.463336
2293 0.455753
2296 0.436343
2306 0.433907
2316 0.428815
2318 0.39038
2329 0.386245
2339 0.380136
2343 0.361216
2350 0.351344
2368 0.341801
