1 19.25
90 13.1517
107 11.6798
162 8.42261
164 6.78469
213 4.70338
244 4.21696
256 3.14163
265 2.0726
311 1.83782
344 1.80211
357 1.578
374 1.55828
385 1.17517
392 1.07786
407 0.888784
438 0.760673
448 0.601265
538 0.491035
540 0.450597
587 0.359658
599 0.35121
648 0.340033
663 0.331746
669 0.323791
671 0.320184
684 0.317488
687 0.315976
695 0.315936
702 0.299885
719 0.295318
745 0.293974
746 0.281061
774 0.274308
797 0.273597
836 0.269389
859 0.26899
873 0.268801
876 0.268758
881 0.262993
894 0.262599
898 0.258843
941 0.256248
949 0.254848
1013 0.254302
1042 0.253944
1055 0.253491
1071 0.25322
1102 0.252629
1117 0.252589
1118 0.252581
1125 0.252482
1144 0.252267
1148 0.25204
1159 0.251936
1174 0.251791
1184 0.251698
1199 0.251522
1210 0.250795
1222 0.250363
1236 0.250276
1243 0.249127
1249 0.248913
1257 0.248368
1268 0.247881
1272 0.246162
1284 0.245445
1303 0.245271
1308 0.24502
1313 0.243721
1316 0.243113
1343 0.24273
1365 0.242598
1376 0.241477
1394 0.240615
1424 0.239895
1428 0.239864
1439 0.239218
1451 0.236789
1490 0.234797
1499 0.23431
1532 0.232849
1544 0.232365
1549 0.232088
1550 0.231109
1563 0.230337
1573 0.229087
1582 0.225233
1615 0.223179
1622 0.22092
1630 0.220379
1662 0.216894
1705 0.21645
1721 0.216385
1724 0.21532
1732 0.214259
1747 0.212952
1763 0.212837
1782 0.211762
1789 0.21169
1791 0.21094
1808 0.210128
1812 0.210115
1820 0.206901
1861 0.206634
1862 0.206552
1864 0.206152
1880 0.205865
1884 0.205373
1889 0.204328
1892 0.204185
1902 0.203746
1905 0.200482
1918 0.199259
1946 0.198842
1960 0.198839
1961 0.198387
1972 0.198331
1981 0.197711
2000 0.197483
2004 0.197074
2006 0.193521
2008 0.192976
2020 0.190212
2046 0.188653
2055 0.186046
2065 0.184228
2106 0.18376
2126 0.183334
2129 0.182995
2133 0.182544
2137 0.181604
2148 0.18154
2154 0.18127
2157 0.18095
2158 0.18031
2165 0.179437
2174 0.17918
2182 0.178959
2184 0.177729
2208 0.177315
2215 0.176994
2236 0.176537
2240 0.176533
2254 0.176327
2269 0.175496
2270 0.175389
2278 0.174391
2289 0.173442
2302 0.17303
2333 0.172996
2334 0.172913
2335 0.1723
2347 0.172291
2352 0.171751
2353 0.171699
2356 0.170388
2372 0.168385
2392 0.167907
2417 0.167062
2425 0.166964
2430 0.166136
2446 0.165916
2451 0.164898
2463 0.164183
2471 0.162274
2489 0.162253
2495 0.162186
2503 0.161468
2548 0.16075
2559 0.159442
2578 0.157308
2633 0.156296
2637 0.155193
2653 0.155059
2691 0.154524
2693 0.154487
2694 0.15328
2711 0.152342
2716 0.151925
2753 0.151439
2754 0.150703
2775 0.150592
2785 0.150366
2787 0.1497
2797 0.149338
2807 0.148596
2813 0.14736
2826 0.146206
2837 0.145813
2841 0.145177
2888 0.144
2893 0.141585
2912 0.1414
2919 0.140701
2929 0.140005
2964 0.1395
2967 0.139122
2973 0.138061
2988 0.135927
3029 0.135849
3032 0.134473
3036 0.132449
3071 0.132399
3076 0.132217
3084 0.131716
3094 0.131289
3108 0.130621
3161 0.130581
3186 0.130415
3189 0.130166
3201 0.129535
3203 0.129454
3213 0.129189
3216 0.129001
3219 0.128916
3245 0.128842
3253 0.128478
3260 0.12839
3273 0.128304
3276 0.127969
3277 0.127939
3278 0.127798
3285 0.12729
3298 0.126436
3333 0.126312
3340 0.126262
3368 0.126154
3385 0.125796
3387 0.125542
3399 0.125312
3401 0.12528
3404 0.124979
3413 0.124968
3418 0.124869
3419 0.124764
3427 0.124725
3431 0.124054
3433 0.123983
3470 0.123972
3472 0.123954
3473 0.123779
3481 0.12341
3484 0.122995
3487 0.122842
3492 0.122437
3527 0.121774
3567 0.121679
3575 0.121357
3588 0.121218
3594 0.121121
3603 0.120988
3611 0.12095
3620 0.120949
3630 0.120834
3631 0.120801
3636 0.120626
3638 0.120615
3640 0.120313
3643 0.12027
3670 0.120261
3672 0.120187
3683 0.120006
3684 0.119978
3700 0.119898
3709 0.119807
3715 0.119174
3720 0.118673
3771 0.118237
3782 0.117862
3786 0.117842
3799 0.117369
3810 0.117258
3819 0.117038
3826 0.11676
3836 0.116284
3842 0.116115
3869 0.11611
3874 0.115994
3890 0.115835
3891 0.115557
3893 0.115292
3906 0.115003
3907 0.11477
3925 0.114698
3926 0.114588
3930 0.114572
3938 0.114458
3939 0.114366
3944 0.114282
3951 0.112918
3954 0.112865
3957 0.112428
3975 0.112244
3989 0.111598
4017 0.111398
4029 0.111371
4031 0.110786
4051 0.110676
4066 0.110648
4087 0.110258
4097 0.109814
4098 0.109648
4108 0.109158
4109 0.108796
4128 0.108669
4140 0.108505
4152 0.107929
4196 0.107546
4234 0.107231
4255 0.106753
4264 0.106407
4275 0.106374
4283 0.106044
4310 0.105952
4315 0.105844
4326 0.105829
4341 0.104424
4419 0.104415
4423 0.104197
4426 0.10409
4433 0.103999
4450 0.10398
4454 0.103486
4457 0.103192
4470 0.102918
4490 0.102322
4516 0.102098
4526 0.101687
4549 0.101297
4584 0.101185
4596 0.100931
4600 0.100539
4622 0.100341
4631 0.100327
4642 0.0998759
4643 0.099653
4645 0.099398
4659 0.0993903
4674 0.0991826
4677 0.0983618
4719 0.0978485
4741 0.0976899
4766 0.0969098
4779 0.0966625
4784 0.0963582
4820 0.0961503
4821 0.0956405
4822 0.0956357
4845 0.094746
4857 0.094516
4926 0.0943579
4929 0.093943
4951 0.0938609
4954 0.0936452
4959 0.0935737
4964 0.0934427
4969 0.0933959
4970 0.0933296
4974 0.0929475
5006 0.0927424
5020 0.092704
5027 0.0925618
5031 0.0924466
5034 0.0922327
5044 0.0921279
5063 0.0919624
5068 0.0913865
5070 0.0906678
5126 0.0902314
5167 0.0899859
5179 0.0895746
5222 0.0895568
5224 0.0892153
5228 0.089071
5239 0.0890628
5246 0.0887654
5247 0.0887652
5250 0.0886028
5257 0.0885098
5260 0.0884888
5280 0.0880093
5284 0.0876731
5311 0.0872704
5348 0.0869936
5372 0.0869335
5377 0.086865
5382 0.0868494
5387 0.0867231
5400 0.0866966
5401 0.0865251
5420 0.0864952
5445 0.0864421
5449 0.0861943
5459 0.0861853
5481 0.0860715
5485 0.0859901
5494 0.0859683
5499 0.0859011
5509 0.0856869
5556 0.0856731
5565 0.0856521
5576 0.0856498
5577 0.085635
5581 0.0856224
5582 0.0855782
5594 0.0855563
5600 0.0854889
5609 0.0854882
