1 96.0
13 83.9053
55 79.1255
65 77.4851
70 60.2253
72 43.8974
117 41.1272
139 36.8064
145 28.5052
154 26.7281
166 26.1248
186 24.0265
196 23.5872
207 19.8264
210 19.5028
222 18.048
224 18.0305
225 18.0011
226 17.0563
237 16.651
245 15.5175
246 14.3381
294 13.7473
338 13.4407
343 13.4003
349 12.8916
402 12.7268
443 12.6809
463 12.5062
524 12.4959
542 12.4409
589 12.4033
602 12.3799
680 12.3739
727 12.3705
755 12.3687
779 12.3666
872 12.3662
893 12.3653
903 12.3649
930 12.3646
962 12.3643
982 12.3641
1054 12.3637
1060 12.3636
1084 12.3635
1087 12.3634
1099 12.363
1116 12.3629
1277 12.3628
1305 12.3627
1376 12.3626
