1 2500.0
3 1231.56
4 626.559
6 126.307
17 117.802
49 52.7644
52 9.38081
75 1.69554
103 1.41065
106 0.900177
134 0.859357
135 0.710533
137 0.632052
146 0.599944
156 0.540406
163 0.431714
175 0.292609
191 0.168489
199 0.148475
212 0.146807
215 0.146145
230 0.127196
233 0.0473749
246 0.0179236
252 0.0167048
265 0.00335684
275 0.00162017
306 0.00142054
308 0.00102517
311 0.000612271
317 4.79012e-05
345 2.77144e-05
352 1.87715e-05
368 1.51679e-05
374 1.2218e-05
383 6.00852e-06
401 1.25083e-06
421 1.08423e-06
427 4.66427e-07
430 3.83497e-07
443 2.9095e-07
454 1.85562e-07
455 6.36357e-08
482 4.66461e-08
559 4.65959e-08
565 2.13069e-08
581 1.67606e-08
589 8.6027e-09
599 1.43834e-09
611 4.84962e-10
633 4.57784e-10
645 2.64475e-10
647 1.65986e-10
659 1.19898e-10
680 1.03628e-10
683 8.15446e-11
687 4.20386e-11
709 2.03365e-11
721 1.65016e-11
722 1.22346e-11
729 9.72402e-12
745 3.45426e-12
753 1.51469e-12
774 8.80913e-13
778 8.42241e-13
787 7.26354e-13
801 6.85955e-13
805 6.6253e-13
812 3.62568e-13
813 3.15293e-13
818 1.82613e-13
824 5.32528e-14
865 2.6165e-14
886 1.29959e-14
898 3.87835e-15
