1 4171.31
3 1999.2
8 1886.29
14 285.071
72 243.675
272 242.432
273 241.531
276 232.909
286 225.492
291 218.543
298 197.604
312 194.05
323 189.902
340 184.683
354 182.525
355 180.221
359 179.151
365 174.593
370 167.775
380 151.83
404 149.802
409 143.765
410 143.713
419 137.9
427 137.441
436 134.407
438 132.398
448 130.301
463 129.507
471 128.288
472 127.972
487 127.818
506 127.474
512 127.466
514 126.827
539 126.641
547 126.333
554 125.926
559 125.904
560 125.865
561 125.541
563 125.463
567 124.708
573 124.68
583 124.392
609 124.375
625 124.366
633 124.362
