1 0.346953
476 0.325484
627 0.313901
640 0.277548
669 0.21313
693 0.204764
710 0.187346
732 0.180233
744 0.17837
758 0.170301
764 0.169359
777 0.150569
793 0.131912
881 0.110441
896 0.109818
909 0.0959332
953 0.0943236
988 0.0920385
1003 0.0902948
1010 0.0880926
1019 0.0864282
1043 0.0840998
1054 0.0822261
1068 0.0787232
1134 0.0765407
1152 0.0757683
1158 0.0749083
1171 0.0728763
1204 0.072496
1216 0.0720862
1257 0.0718226
1263 0.0712391
1309 0.071141
1318 0.0711251
1321 0.0706571
1345 0.0703857
1356 0.0702148
1378 0.0702012
1381 0.0699072
1389 0.0697822
1397 0.0696435
1420 0.069632
1437 0.0695116
1442 0.0694554
1446 0.0693179
1453 0.0692867
1526 0.0692388
1540 0.0691546
1568 0.0691422
1595 0.0691357
1597 0.0691325
1603 0.0690986
1626 0.069093
1629 0.0690918
1632 0.0690735
1634 0.0690661
1643 0.0690548
1657 0.0690238
1676 0.0690102
1726 0.0690051
1740 0.0689993
1771 0.0689942
1778 0.0689886
1794 0.0689773
1798 0.0689712
1799 0.0689634
1802 0.0689526
1814 0.0689423
1841 0.0689334
1875 0.0689317
1908 0.0689309
1914 0.0689288
1921 0.0689284
1934 0.0689241
1955 0.068919
1996 0.0689178
2008 0.068915
2089 0.0689143
2107 0.0689127
2113 0.0689112
2198 0.0689109
2222 0.0689103
2233 0.06891
2236 0.0689098
2245 0.0689093
2256 0.0689092
2263 0.0689091
2264 0.0689089
2282 0.0689082
2302 0.0689081
2328 0.0689076
2350 0.0689071
2380 0.0689064
2392 0.0689058
2394 0.0689055
2402 0.0689048
2409 0.0689041
2427 0.0689027
2445 0.0689023
2447 0.0689022
2460 0.068902
2465 0.0689003
2466 0.0689
2476 0.0688985
2503 0.0688971
2518 0.0688952
2526 0.0688951
2529 0.0688949
2533 0.0688942
2543 0.0688939
2546 0.0688931
2547 0.0688915
2554 0.0688891
2563 0.0688864
2573 0.0688837
2584 0.0688815
2594 0.0688772
2602 0.0688739
2603 0.0688721
2610 0.0688714
2615 0.0688671
2625 0.0688659
2637 0.0688623
2639 0.0688513
2655 0.0688474
2670 0.0688365
2708 0.0688347
2718 0.0688324
2725 0.068823
2734 0.0688174
2740 0.06881
2773 0.0688077
2788 0.0688044
2813 0.0687899
2845 0.068781
2853 0.068771
2901 0.0687692
2902 0.068769
2911 0.0687651
2931 0.0687615
2971 0.0687514
2989 0.0687413
3057 0.0687391
3086 0.0687375
3089 0.0687374
3125 0.0687358
3128 0.0687354
3134 0.0687301
3138 0.0687274
3146 0.0687261
3147 0.068724
3189 0.0687228
3192 0.0687215
3198 0.0687202
3220 0.0687187
3245 0.0687162
3278 0.0687146
3306 0.0687141
3318 0.0687132
3325 0.0687106
3333 0.0687099
3389 0.0687097
3397 0.0687091
3416 0.0687086
3440 0.0687085
3445 0.0687072
3457 0.0687068
3502 0.068706
3506 0.0687059
3523 0.0687058
3539 0.0687057
3548 0.0687054
3567 0.0687046
3605 0.068704
3627 0.0687037
3636 0.0687035
3668 0.0687033
3678 0.0687032
3681 0.0687029
3689 0.0687023
3729 0.068702
3738 0.0687011
3769 0.0687009
3819 0.0687007
3825 0.0687006
3842 0.0687001
3884 0.0686999
3921 0.0686998
3925 0.0686995
3937 0.0686993
3974 0.0686988
4050 0.0686987
4053 0.0686986
4063 0.0686985
4075 0.0686984
4108 0.0686983
4118 0.0686982
4122 0.0686981
4174 0.0686979
4252 0.0686978
4451 0.0686977
