1 1693380000.0
19 83248800.0
97 34885600.0
157 22030900.0
161 13979600.0
178 13666800.0
204 13025000.0
206 11502000.0
211 8819020.0
212 6811400.0
222 2923110.0
323 2836890.0
326 2806730.0
328 2797150.0
337 2685120.0
343 2190670.0
348 2170290.0
350 1855570.0
356 1805540.0
359 1084910.0
363 949360.0
367 856676.0
369 454569.0
377 273347.0
386 130030.0
392 113390.0
449 112835.0
474 112582.0
480 110789.0
502 109942.0
570 109914.0
581 109854.0
622 109826.0
626 109813.0
655 109808.0
881 109807.0
933 109806.0
