1 9.38567
2636 9.3015
2753 9.29122
2764 9.26607
2765 9.20779
2774 9.18818
2786 9.18532
2805 9.17449
2814 9.15514
2817 9.14261
2820 9.11974
2835 9.08434
2847 9.05097
2853 8.99404
2856 8.99193
2872 8.95506
2877 8.9546
2888 8.8989
2890 8.89112
2893 8.82287
2909 8.81068
2922 8.80264
2954 8.7968
2964 8.75986
2975 8.75442
2983 8.74196
2985 8.71275
2994 8.66125
3006 8.65116
3007 8.61474
3046 8.56386
3048 8.46399
3067 8.40512
3083 8.39714
3092 8.3205
3107 8.29583
3116 8.19206
3150 8.15311
3171 8.07602
3255 8.07368
3265 8.01398
3267 7.99869
3274 7.99024
3282 7.8763
3346 7.77853
3377 7.75082
3414 7.73551
3453 7.69618
3463 7.64193
3495 7.62917
3538 7.59377
3540 7.57134
3541 7.54336
3556 7.54282
3578 7.53963
3589 7.50962
3610 7.5064
3616 7.48454
3618 7.47725
3639 7.4533
3651 7.41251
3698 7.39666
3703 7.38158
3714 7.37607
3729 7.34599
3737 7.33787
3741 7.3287
3758 7.28929
3762 7.26793
3780 7.26199
3785 7.25007
3789 7.2398
3798 7.23397
3802 7.18616
3807 7.18556
3825 7.18431
3826 7.14632
3848 7.13921
3849 7.13015
3880 7.11805
3886 7.11526
3900 7.07491
3909 7.03912
3928 7.0292
3984 7.02711
3985 7.0165
4019 7.00948
4024 6.9958
4032 6.99374
4044 6.98026
4050 6.9749
4054 6.96083
4065 6.95832
4081 6.9514
4095 6.94795
4100 6.89812
4132 6.89127
4142 6.88848
4146 6.88416
4158 6.88252
4159 6.87623
4165 6.8539
4166 6.85221
4191 6.85055
4192 6.84517
4197 6.83542
4202 6.83268
4212 6.81684
4233 6.81271
4244 6.78426
4255 6.77142
4267 6.73485
4312 6.72788
4326 6.72147
4338 6.71362
4345 6.70208
4352 6.67162
4405 6.6476
4422 6.62122
4452 6.61096
4457 6.59648
4472 6.58194
4490 6.55888
4505 6.53524
4576 6.52166
4592 6.50758
4624 6.50577
4635 6.50513
4643 6.48724
4655 6.4635
4683 6.45891
4700 6.45773
4703 6.44327
4718 6.43218
4739 6.42105
4759 6.4195
4772 6.40677
4784 6.39429
4820 6.38746
4827 6.38723
4838 6.37866
4843 6.37553
4877 6.37364
4886 6.36882
4896 6.36493
4906 6.36196
4914 6.35774
4934 6.35054
4949 6.33542
4979 6.31596
4991 6.30934
4995 6.30687
5007 6.29815
5012 6.2878
5031 6.27536
5032 6.2571
5053 6.25185
5064 6.23144
5095 6.22333
5126 6.22183
5141 6.21531
5157 6.207
5166 6.19342
5169 6.18925
5183 6.1714
5224 6.16842
5251 6.16539
5272 6.16471
5279 6.15881
5298 6.15057
5308 6.14387
5312 6.1427
5316 6.12134
5347 6.11249
5356 6.10565
5362 6.08115
5374 6.04272
5404 6.03727
5408 6.02325
5446 6.00945
5472 5.96728
5491 5.91839
5563 5.89896
5582 5.88853
5595 5.87624
5631 5.85845
5637 5.85113
5649 5.84019
5671 5.83696
5703 5.82995
5715 5.8252
5724 5.80833
5732 5.8073
5742 5.80606
5754 5.8017
5757 5.78417
5773 5.7838
5774 5.75948
5782 5.75888
5793 5.75478
5796 5.73954
5824 5.73642
5841 5.67963
5953 5.67748
5963 5.6759
5965 5.67572
5968 5.67501
5976 5.6529
6008 5.64631
6031 5.64307
6049 5.63408
6050 5.62663
6052 5.62579
6068 5.62367
6081 5.61463
6085 5.6075
6094 5.60724
6096 5.6012
6097 5.58814
6155 5.58755
6167 5.5687
6229 5.56838
6230 5.54865
6234 5.53779
6276 5.53578
6291 5.53349
6292 5.52931
6301 5.52513
6305 5.52058
6309 5.51814
6312 5.51013
6365 5.51001
6375 5.50251
6386 5.50124
6389 5.50101
6391 5.50008
6416 5.49949
6418 5.49918
6421 5.49757
6432 5.49631
6436 5.49187
6447 5.49122
6468 5.48988
6469 5.4871
6472 5.48708
6484 5.48454
6491 5.48338
6494 5.48031
6504 5.47808
6512 5.47662
6523 5.47553
6530 5.47548
6535 5.47409
6541 5.47
6552 5.46851
6569 5.46218
6571 5.46103
6575 5.4593
6611 5.45811
6614 5.45116
6631 5.44782
6644 5.44574
6659 5.43284
6679 5.43194
6683 5.42996
6707 5.42455
6710 5.42298
6720 5.41518
6724 5.41318
6770 5.41143
6783 5.40808
6790 5.40466
6816 5.40414
6819 5.40358
6822 5.40169
6845 5.40032
6848 5.40022
6855 5.39625
6866 5.39522
6877 5.39023
6890 5.38921
6892 5.3866
6904 5.38196
6911 5.38172
6914 5.37981
6915 5.37797
6925 5.37016
6940 5.36897
6947 5.36777
6960 5.35709
7001 5.34694
7012 5.34634
7016 5.34546
7022 5.33994
7051 5.33634
7086 5.33108
7097 5.33011
7108 5.32978
7116 5.32822
7125 5.32508
7138 5.32313
7152 5.32224
7158 5.32178
7164 5.32174
7169 5.32102
7177 5.32084
7179 5.31999
7193 5.31971
7202 5.31611
