1 133046.0
19 33249.6
112 20401.0
165 16596.2
179 12537.4
246 12505.3
251 11083.1
292 10574.2
303 10373.6
314 10321.2
317 10255.7
318 9746.97
320 9252.87
329 8868.25
331 8047.2
335 7893.47
342 7887.66
343 5451.0
350 3588.02
352 2691.0
367 2286.89
373 1700.81
386 1408.44
390 1193.66
392 1185.8
414 1182.42
427 1172.4
429 1165.09
480 1160.19
499 1159.39
505 1158.57
517 1158.06
525 1157.85
526 1155.57
570 1155.0
593 1154.67
594 1154.54
603 1154.03
687 1153.97
697 1153.83
726 1153.79
737 1153.77
773 1153.76
783 1153.75
789 1153.74
805 1153.73
813 1153.7
817 1153.69
821 1153.68
832 1153.67
835 1153.61
842 1153.58
849 1153.54
860 1153.48
863 1153.45
865 1153.44
871 1153.3
876 1153.29
880 1153.11
881 1153.08
886 1153.01
887 1152.98
890 1152.91
893 1152.47
899 1152.1
907 1151.66
913 1150.48
914 1150.42
919 1149.83
928 1148.65
934 1148.55
945 1147.55
955 1147.28
968 1145.95
980 1145.62
993 1145.41
997 1144.54
1006 1144.41
1007 1144.06
1011 1143.88
1012 1143.81
1015 1143.7
1019 1143.03
1025 1142.58
1027 1142.29
1034 1141.88
1041 1141.66
1046 1139.38
1065 1139.27
1066 1138.45
1084 1137.38
1086 1136.96
1089 1135.56
1105 1134.58
1108 1133.45
1128 1133.34
1129 1132.33
1132 1131.5
1136 1129.18
1146 1127.39
1173 1124.34
1209 1123.91
1218 1123.09
1221 1122.11
1239 1121.8
1242 1120.53
1256 1119.79
1259 1118.6
1263 1118.19
1277 1117.98
1278 1116.94
1281 1116.54
1282 1115.09
1283 1114.11
1288 1112.45
1297 1112.06
1312 1111.79
1322 1110.55
1325 1109.31
1332 1109.16
1333 1108.53
1336 1108.43
1354 1107.77
1357 1107.75
1367 1104.46
1385 1102.57
1391 1102.19
1394 1102.1
1398 1100.58
1402 1099.18
1419 1097.98
1433 1093.5
1500 1093.23
1509 1092.85
1510 1092.59
1515 1091.42
1522 1091.1
1528 1088.53
1540 1087.3
1563 1085.35
1565 1083.98
1574 1081.72
1580 1078.43
1594 1077.75
1598 1077.0
1602 1074.54
1605 1071.06
1624 1070.38
1629 1065.92
1643 1062.63
1700 1062.42
1715 1058.94
1725 1056.26
1745 1053.01
1756 1045.29
1762 1044.28
1807 1044.1
1818 1041.37
1822 1041.25
1829 1038.68
1839 1038.39
1840 1031.66
1845 1030.35
1852 1029.17
1871 1029.0
1879 1027.44
1880 1027.29
1887 1027.25
1894 1027.03
1899 1026.92
1901 1026.65
1912 1026.14
1920 1025.95
1935 1025.94
1936 1025.38
1944 1024.81
1945 1023.75
1948 1023.52
1956 1023.39
1957 1023.09
1968 1021.49
1970 1021.2
1975 1019.43
1979 1018.84
1983 1017.95
1989 1017.24
1994 1013.11
2008 1012.63
2012 1012.01
2015 1009.32
2022 1006.33
2027 1005.26
2042 1003.76
2052 994.121
2054 989.174
2118 984.463
2135 981.841
2155 980.725
2180 976.711
2195 972.15
2208 971.958
2220 969.904
2244 969.844
2248 966.502
2257 966.086
2259 962.655
2263 962.091
2275 961.759
2284 960.419
2305 958.069
2315 957.454
2334 957.003
2340 956.371
2342 955.722
2353 954.971
2374 954.722
2387 953.946
2392 953.801
2402 952.98
2410 952.711
2425 952.662
2433 951.278
2438 950.712
2445 949.952
2450 949.387
2452 948.032
2459 947.793
2460 947.213
2467 946.691
2477 945.526
2483 939.801
2494 938.776
2515 935.697
2526 934.989
2530 931.869
2537 931.563
2544 931.013
2564 930.295
2566 930.226
2572 929.216
2577 928.968
2580 927.612
2583 927.529
2587 926.783
2595 925.835
2613 925.767
2617 925.285
2621 920.88
2643 920.348
2646 918.85
2650 915.247
2651 913.988
2656 913.879
2677 911.193
2701 909.934
2710 907.617
2723 905.805
2725 904.348
2730 903.539
2746 902.547
2756 901.64
2773 897.315
2782 895.065
2803 894.329
2815 892.238
2821 891.634
2823 891.257
2828 888.374
2833 882.132
2862 880.535
2867 879.872
2884 868.535
2896 867.775
2908 867.018
2915 866.627
2935 865.327
2936 864.557
2942 859.476
2947 856.58
2961 851.666
2973 849.786
2984 840.463
3018 834.947
3019 830.563
3026 830.129
3038 829.201
3050 826.561
3072 822.857
3078 821.458
3096 821.134
3097 821.041
3106 819.952
3112 819.048
3127 818.069
3131 816.967
3133 811.605
3160 810.546
3168 809.412
3175 806.491
3176 805.694
3178 803.89
3198 802.252
3203 801.496
