1 8544.58
5 7211.79
6 3370.8
14 2507.15
23 2118.42
24 1441.42
35 175.177
39 74.1219
75 64.6141
107 62.1725
195 43.0102
215 42.5327
247 34.4539
260 6.03489
439 4.93236
623 3.8409
673 3.31229
738 3.25355
790 2.9134
795 2.83896
840 2.74473
843 2.3965
891 2.33865
920 2.16639
943 2.11127
964 2.10612
965 2.10218
973 1.86135
1026 1.7089
1041 1.67274
1061 1.59161
1106 1.58754
1120 1.56907
1126 1.52192
1136 1.51635
1162 1.49832
1166 1.48417
1180 1.45857
1184 1.43686
1190 1.4339
1198 1.38494
1221 1.34874
1280 1.31714
1293 1.30057
1295 1.26379
1313 1.24566
1326 1.11946
1337 1.09712
1342 1.06533
1362 1.05977
1387 1.02799
1435 1.01935
1442 0.925654
1473 0.907286
1483 0.871935
1494 0.814493
1503 0.808483
1510 0.80296
1513 0.787928
1515 0.784285
1516 0.726996
1525 0.626279
1543 0.561236
1592 0.506231
1609 0.482678
1611 0.450222
1624 0.394785
1642 0.350921
1645 0.341567
1718 0.308835
1753 0.290097
1775 0.289271
1804 0.271676
1824 0.268162
1825 0.263415
1836 0.262828
1847 0.258744
1854 0.25851
1857 0.258256
1868 0.252996
1883 0.250111
1892 0.245875
1923 0.24565
1941 0.244813
1951 0.244069
1954 0.243444
1958 0.243061
1966 0.241067
1980 0.236419
2016 0.23612
2023 0.234766
2035 0.23257
2039 0.228787
2043 0.226664
2052 0.225383
2057 0.223527
2067 0.220119
2070 0.219396
2072 0.215212
2085 0.214199
2092 0.211498
2143 0.205635
2144 0.202641
2156 0.200849
2159 0.19984
2176 0.197267
2194 0.192725
2220 0.192696
2227 0.189427
2238 0.18643
2268 0.186118
2269 0.180618
2276 0.177034
2278 0.173779
2284 0.171733
2286 0.169451
2308 0.166261
2320 0.152015
2390 0.151733
2413 0.150145
2427 0.148417
2440 0.145815
2442 0.139968
2505 0.1391
2559 0.136281
2576 0.136257
2577 0.133898
2598 0.133855
2610 0.133003
2612 0.132535
2622 0.128996
2680 0.128105
2688 0.127627
2689 0.127427
2695 0.12714
2709 0.127074
2713 0.125042
2722 0.124781
2761 0.124131
2767 0.123815
2773 0.122406
2789 0.122251
2796 0.122127
2799 0.120832
2806 0.119252
2828 0.118941
2833 0.118858
2842 0.117867
2858 0.116291
2864 0.114208
2865 0.112109
2867 0.110942
2876 0.110793
2888 0.110245
2891 0.108294
2928 0.106533
2930 0.105358
2933 0.100208
2934 0.10017
2942 0.0939974
2953 0.0855665
2962 0.0829811
2964 0.0760668
3013 0.0688739
3136 0.0655705
3146 0.0633855
3150 0.0512676
3157 0.0436504
3171 0.0346094
3187 0.0233585
3262 0.0201153
3276 0.0121254
3294 0.010996
3393 0.00972634
3409 0.00936457
3414 0.00927262
3417 0.00922766
3436 0.00859764
3448 0.00831553
3459 0.0080114
3464 0.00775498
3482 0.00670181
3520 0.00657439
3536 0.00646776
3540 0.00598356
3574 0.00582266
3587 0.00569637
3614 0.00553727
3702 0.00549763
3726 0.00549084
3733 0.00548419
3736 0.00546532
3751 0.00544941
3775 0.00542394
3777 0.00541591
3807 0.00541428
3824 0.00538963
3913 0.00537314
3992 0.00536828
4013 0.0053598
4082 0.00535649
4173 0.00535572
4177 0.00535296
4187 0.00535258
4198 0.00535189
4225 0.00535132
4228 0.00535041
4250 0.00535022
4251 0.00534689
4333 0.00534572
4408 0.00534521
4422 0.00534517
4429 0.00534496
4447 0.00534485
4452 0.00534464
4466 0.00534455
4494 0.00534384
4518 0.00534361
4531 0.00534358
4563 0.00534349
4621 0.0053434
4647 0.00534335
4667 0.00534333
4686 0.00534318
4778 0.00534315
4781 0.00534307
4834 0.00534305
4978 0.00534304
4992 0.00534303
5035 0.00534301
5071 0.005343
5102 0.00534299
5110 0.00534298
5142 0.00534297
5143 0.00534296
5187 0.00534295
5219 0.00534294
5233 0.00534292
5249 0.0053429
5272 0.00534288
5275 0.00534287
5295 0.00534284
5317 0.00534276
5322 0.00534273
5344 0.00534269
5353 0.00534267
5356 0.00534258
5362 0.00534252
5363 0.00534251
5378 0.0053425
5380 0.00534248
5382 0.00534228
5394 0.00534222
5401 0.00534215
5404 0.00534207
5407 0.00534197
5419 0.0053419
5420 0.00534163
5423 0.0053416
5448 0.00534138
5459 0.00534134
5496 0.00534122
5574 0.0053412
5586 0.00534115
5611 0.00534106
5632 0.00534104
5639 0.00534097
5707 0.0053409
5726 0.00534087
5731 0.00534086
5733 0.00534079
5770 0.00534075
5839 0.00534074
5851 0.00534073
5856 0.00534071
5871 0.0053407
5884 0.00534069
5913 0.00534068
5936 0.00534065
5958 0.00534064
5966 0.00534063
5994 0.00534062
6015 0.00534061
6028 0.0053406
6041 0.00534058
6072 0.00534057
6079 0.00534056
6097 0.00534055
6119 0.00534052
6124 0.00534051
6136 0.00534049
6150 0.00534047
6155 0.00534046
6158 0.00534045
6183 0.00534043
6194 0.00534042
6197 0.0053404
6202 0.00534039
6224 0.00534038
6235 0.00534037
6242 0.0053403
6264 0.00534026
6272 0.00534021
6284 0.00534013
6297 0.00534011
6300 0.00534007
6302 0.00534001
6308 0.00533999
6317 0.00533996
6318 0.00533994
6323 0.00533984
6332 0.00533978
6347 0.0053397
6353 0.00533955
6359 0.00533953
6368 0.00533939
6370 0.0053393
6375 0.00533912
6376 0.00533896
6384 0.00533859
6395 0.00533812
6404 0.00533795
6407 0.00533767
6412 0.00533761
6413 0.0053373
6414 0.00533702
6422 0.00533671
6505 0.00533664
6512 0.00533654
6523 0.00533651
6543 0.00533622
6572 0.00533615
6595 0.00533519
6602 0.0053351
6641 0.00533479
6648 0.00533462
6673 0.00533453
6677 0.0053345
6686 0.00533447
6689 0.00533446
6691 0.00533433
6694 0.00533417
6700 0.00533412
6704 0.0053339
6710 0.00533358
6716 0.00533348
6725 0.00533337
6758 0.00533332
6777 0.0053332
6793 0.00533312
6808 0.00533308
6809 0.00533286
6829 0.00533258
6839 0.00533256
6915 0.00533249
6923 0.00533245
6935 0.00533232
6955 0.0053321
6972 0.00533191
6991 0.00533176
7105 0.00533158
7107 0.0053315
7160 0.00533147
7201 0.00533145
7206 0.00533142
7221 0.00533136
7228 0.0053313
7258 0.00533129
7262 0.00533122
7303 0.00533119
7313 0.00533115
7353 0.00533111
7362 0.00533109
7397 0.00533105
7408 0.00533101
7477 0.005331
7485 0.00533098
7490 0.00533097
7498 0.00533095
7500 0.00533094
7504 0.00533093
7516 0.00533089
7526 0.00533085
7572 0.00533083
7583 0.00533082
7588 0.0053308
7592 0.00533071
7610 0.0053307
7614 0.00533068
7624 0.00533064
7626 0.00533061
7634 0.0053305
7638 0.00533048
7647 0.00533037
7659 0.00533032
7662 0.00533019
7674 0.00533012
7688 0.00532979
7704 0.00532972
7708 0.00532948
7715 0.00532913
7721 0.0053291
7724 0.00532907
7725 0.00532906
7728 0.00532876
7751 0.00532832
7756 0.00532826
7758 0.00532801
7769 0.00532723
7773 0.00532646
7788 0.00532584
7789 0.00532583
7800 0.00532573
7803 0.00532425
7815 0.00532276
7820 0.00532188
7841 0.00532046
7842 0.00531937
7843 0.0053181
7854 0.00531513
7860 0.00531307
7866 0.00531278
7870 0.00531068
7874 0.00530934
7891 0.00530462
7892 0.00530143
7893 0.005299
7926 0.00529648
7938 0.00529477
7941 0.00529347
7962 0.00528279
7974 0.00528068
7977 0.0052744
8002 0.00526783
