1 2323370.0
7 221859.0
16 18733.9
17 6468.3
26 676.32
29 196.117
48 160.1
82 85.2456
96 39.9444
231 32.0672
254 23.3604
263 12.0152
330 11.8064
338 7.88147
346 7.18337
350 4.99399
389 4.65306
426 4.65257
430 4.6345
431 3.92009
439 3.26584
469 2.75704
481 2.54918
494 2.05532
508 2.04125
512 1.95215
517 1.56962
522 1.43814
527 1.29872
549 1.28148
559 0.93232
571 0.894378
587 0.878258
589 0.811077
597 0.668072
600 0.65501
605 0.644181
608 0.493925
614 0.438505
615 0.353974
646 0.277444
679 0.241326
689 0.231862
696 0.193925
715 0.176579
727 0.135248
737 0.122205
760 0.110714
772 0.0815036
785 0.0614755
799 0.048798
857 0.0441465
859 0.0381088
871 0.0344908
881 0.0310526
905 0.0278853
907 0.0234482
933 0.0227542
939 0.0219783
940 0.0205819
948 0.0202541
957 0.015654
976 0.0146771
992 0.0146084
1000 0.00847142
1100 0.00805527
1124 0.00776568
1127 0.0069093
1130 0.00677932
1138 0.00663206
1145 0.00626913
1150 0.00585427
1151 0.00536937
1163 0.00466299
1193 0.00450692
1212 0.00418144
1217 0.0040213
1225 0.00372534
1244 0.00337233
1258 0.00304994
1264 0.00267516
1295 0.00251291
1305 0.00238701
1366 0.00235652
1388 0.00234971
1392 0.00233329
1407 0.00233167
1416 0.00233061
1422 0.00232785
1433 0.00232329
1434 0.00231616
1440 0.00229739
1453 0.0022946
1469 0.0022937
1486 0.00229013
1499 0.00228949
1503 0.00228941
1511 0.00228903
1522 0.0022881
1546 0.00228794
1569 0.00228779
1625 0.00228778
1633 0.00228777
1642 0.00228774
1645 0.00228771
1671 0.00228769
1676 0.00228768
1715 0.00228767
