1 128.0
80 110.358
99 104.734
102 94.3472
115 67.6169
139 62.8112
146 40.0628
225 40.0007
237 38.9681
257 37.9436
264 26.7097
292 23.7803
308 22.9526
327 22.4424
329 22.3272
336 21.6199
345 20.8457
369 18.7125
437 18.5383
445 18.1587
476 18.1521
547 18.1065
552 17.9294
588 17.9265
589 17.8099
602 17.7269
649 17.7046
659 17.6823
680 17.6462
750 17.6282
825 17.6234
833 17.6137
849 17.6029
861 17.5955
917 17.5926
928 17.5822
960 17.5766
1082 17.5711
1136 17.5693
1158 17.5684
1169 17.5678
1177 17.5677
1182 17.5665
1211 17.5663
1212 17.566
1218 17.5657
1225 17.5646
1317 17.5642
1320 17.5637
1341 17.5635
1418 17.5632
1550 17.5631
1568 17.563
1575 17.5629
1619 17.5628
1665 17.5627
1755 17.5626
1897 17.5625
