1 1125.0
5 993.515
6 815.729
12 757.872
20 677.056
24 666.161
29 615.415
32 615.264
33 454.709
43 271.12
54 214.543
70 163.703
73 150.283
80 146.554
124 80.2648
197 69.4071
214 62.8942
235 56.4504
237 50.6806
243 50.6394
258 48.8404
297 44.3949
308 43.5429
320 42.7484
326 42.3509
330 42.0354
334 40.7987
336 39.1033
355 38.6512
360 38.3717
375 38.125
381 38.1
392 37.5745
404 37.0201
413 36.476
468 36.2423
507 36.1249
532 36.1136
539 36.1066
556 36.0913
562 36.084
580 36.073
582 36.0674
585 36.0579
602 36.0508
604 36.0476
605 36.0339
619 36.0298
620 36.0271
623 36.0204
630 36.0075
711 36.0063
719 36.0056
732 36.0044
738 36.0023
785 36.0014
816 36.0013
817 36.0012
823 36.0007
849 36.0005
854 36.0003
913 36.0002
957 36.0001
996 36.0
