1 4175.13
3 1998.73
8 1886.8
14 285.311
72 243.436
298 237.965
302 232.115
307 227.671
309 216.297
315 206.84
320 200.419
340 181.218
345 168.766
346 168.605
359 168.197
365 163.589
370 151.096
379 149.653
383 141.452
409 141.278
417 141.235
419 139.819
421 139.119
424 136.693
436 136.371
438 135.098
445 133.998
448 130.139
465 129.548
471 128.558
487 128.428
514 127.283
535 127.201
539 126.339
547 126.025
554 125.97
559 125.932
560 125.889
561 125.637
563 125.37
567 124.898
573 124.79
576 124.58
582 124.513
583 124.308
601 124.283
609 124.28
619 124.279
