1 0.028883
742 0.0285175
776 0.0272469
836 0.0270891
837 0.0268209
845 0.0195238
872 0.0193105
878 0.0181777
891 0.0168204
933 0.0159835
942 0.0159319
960 0.0144324
963 0.00996641
1012 0.00943776
1023 0.0093675
1033 0.00896125
1036 0.00856057
1050 0.00815587
1054 0.00798736
1059 0.00588596
1082 0.00508629
1095 0.00440966
1103 0.00420253
1176 0.00413206
1181 0.00405738
1183 0.00404789
1184 0.00403749
1191 0.00371369
1195 0.00367109
1200 0.00343569
1212 0.00329445
1225 0.00290189
1233 0.00271087
1252 0.00259645
1253 0.00248872
1256 0.00217852
1278 0.00207225
1286 0.00205971
1290 0.0020481
1293 0.00181207
1298 0.00177872
1305 0.00138143
1311 0.00117758
1341 0.00102863
1357 0.000882239
1373 0.000829798
1377 0.00080032
1386 0.000320959
1398 0.000211397
1476 0.000155726
1609 0.000125435
1612 0.000101521
1616 8.59522e-05
1671 6.8944e-05
1683 6.54342e-05
1696 4.83089e-05
1698 4.7545e-05
1717 4.59703e-05
1732 3.53605e-05
1753 2.72349e-05
1767 2.3511e-05
1776 2.00584e-05
1792 1.64657e-05
1824 1.57246e-05
1825 1.46647e-05
1889 1.45878e-05
1891 1.42398e-05
1893 1.14747e-05
1921 1.12204e-05
1922 9.88135e-06
1933 8.6456e-06
1948 8.34296e-06
1954 7.54772e-06
1958 7.49138e-06
1974 7.35118e-06
1985 6.42913e-06
1993 5.65323e-06
2000 5.07063e-06
2007 4.0761e-06
2078 3.74514e-06
2119 2.40299e-06
2120 1.4831e-06
2144 1.42223e-06
2159 1.35815e-06
2160 7.72362e-07
2215 6.59404e-07
2263 5.3611e-07
2275 4.37318e-07
2281 4.29833e-07
2283 2.89504e-07
2293 1.57023e-07
2329 1.1388e-07
2349 9.2778e-08
2413 5.52104e-08
2420 4.69299e-08
2424 4.30802e-08
2439 3.35373e-08
2448 2.61066e-08
2469 1.07157e-08
2520 1.02916e-08
2526 9.37657e-09
2556 9.35088e-09
2557 8.84526e-09
2579 8.15531e-09
2586 3.00859e-09
2647 2.46994e-09
2656 2.39667e-09
2666 2.24514e-09
2676 2.1492e-09
2685 2.10309e-09
2693 1.92803e-09
2701 1.6566e-09
2702 7.19161e-10
2748 5.65235e-10
2756 3.66364e-10
2763 2.353e-10
2781 2.21859e-10
2790 1.18039e-10
2800 1.10429e-10
2802 8.18044e-11
2812 5.35051e-11
2860 4.96232e-11
2876 3.8375e-11
2888 2.7804e-11
2904 2.72247e-11
2905 1.62955e-11
2926 5.8646e-12
2966 5.72833e-12
2976 5.07143e-12
2980 4.31641e-12
3013 2.27978e-12
3046 2.10126e-12
3053 1.66406e-12
3061 1.02425e-12
3098 8.15676e-13
3108 6.81551e-13
3119 4.46288e-13
3126 4.25451e-13
3143 3.25179e-13
3144 2.89437e-13
3147 2.61398e-13
3152 2.56738e-13
3157 1.22539e-13
3217 1.01395e-13
3220 8.41445e-14
3232 8.12482e-14
3242 1.12468e-14
