1 33658200000.0
8 25353200000.0
13 20659100000.0
16 13671000000.0
18 6363920000.0
23 5291980000.0
24 2690030000.0
27 2251310000.0
34 792651000.0
48 589313000.0
51 374782000.0
53 164668000.0
63 38017500.0
65 17669600.0
181 17583300.0
193 7453330.0
236 4811250.0
244 745555.0
285 596232.0
298 122262.0
310 48744.6
325 43466.0
329 39245.6
332 20056.8
345 5110.94
367 2663.9
372 692.518
387 469.795
395 416.785
426 211.359
551 189.167
553 175.211
625 167.182
632 157.924
660 148.637
666 143.767
681 129.894
736 129.336
743 116.083
792 107.371
797 100.884
804 93.8358
855 83.8845
862 81.8318
863 77.889
867 77.7754
876 76.4015
878 69.9805
882 59.169
897 47.2963
904 42.5985
923 28.3059
1011 26.6077
1030 24.6511
1048 22.1058
1081 18.1437
1128 17.2323
1145 15.6041
1149 15.2342
1186 14.6533
1201 14.602
1266 12.4769
1280 10.349
1338 10.3381
1342 9.20355
1371 8.49565
1410 7.97727
1414 7.91279
1431 7.33953
1441 6.13189
1455 5.84252
1475 5.14382
1490 4.73891
1591 3.87134
1618 3.80935
1628 3.66815
1650 3.62542
1727 3.62289
1737 3.46271
1744 3.44222
1765 3.42224
1768 3.34257
1788 3.2862
1794 3.23638
1795 2.90382
1818 2.87282
1841 2.85936
1856 2.85358
1867 2.60104
1875 2.49495
1894 2.48861
1899 2.40789
1922 2.17163
1932 2.15035
1975 2.11752
2003 1.93147
2005 1.92918
2021 1.89697
2049 1.72891
2092 1.72887
2101 1.63328
2164 1.4889
2189 1.39072
2195 1.35274
2284 1.32948
2297 1.29516
2304 1.26664
2305 1.22132
2339 1.21974
2345 1.21837
2352 1.18628
2355 1.15341
2390 1.15246
2399 1.11405
2412 1.09427
2421 1.08021
2431 1.02937
2442 1.02092
2457 0.959044
2494 0.907682
2502 0.885824
2566 0.881712
2571 0.833552
2678 0.83168
2689 0.805489
2752 0.798571
2763 0.79432
2764 0.793827
2782 0.793755
2787 0.790836
2792 0.779105
2802 0.778776
2806 0.772986
2821 0.768528
2823 0.761438
2832 0.757641
2835 0.750176
2848 0.749954
2855 0.743159
2868 0.739865
2873 0.728938
2893 0.725936
2895 0.725788
2899 0.688375
2917 0.685457
2952 0.680456
2954 0.676539
2955 0.672133
2961 0.657363
2963 0.644755
2975 0.639129
3017 0.631186
3019 0.604032
3020 0.593721
3135 0.592964
3148 0.592085
3164 0.579659
3170 0.574561
3218 0.572484
3225 0.572238
3226 0.563552
3248 0.556803
3250 0.55635
3267 0.555467
3271 0.551332
3283 0.549174
3292 0.547086
3294 0.541291
3378 0.538917
3385 0.537994
3393 0.537127
3402 0.529726
3409 0.529021
3431 0.523863
3440 0.519953
3455 0.51772
3486 0.517521
3516 0.513947
3529 0.510106
3540 0.509132
3544 0.508346
3556 0.507654
3576 0.505617
3579 0.504054
3592 0.497578
3615 0.496627
3626 0.489027
3656 0.481331
3677 0.476525
3702 0.475431
3714 0.464438
3763 0.464037
3768 0.457598
3777 0.45491
3789 0.447392
3792 0.447232
3793 0.446724
3806 0.424887
3832 0.423217
3842 0.420579
3860 0.414029
3882 0.412817
3887 0.400659
3907 0.387522
3920 0.377954
3951 0.371969
3958 0.368591
3974 0.350068
3980 0.34999
3999 0.338334
4014 0.323973
4054 0.319574
4068 0.318541
4072 0.317219
4079 0.314036
4081 0.307841
4085 0.306497
4112 0.301142
4127 0.299665
4152 0.297714
4164 0.297186
4166 0.288308
4183 0.284588
4201 0.274921
4225 0.269891
4256 0.265257
4265 0.264613
4273 0.259331
4287 0.253329
4300 0.25049
4305 0.247149
4312 0.243008
4317 0.242704
4324 0.23945
4337 0.238077
4369 0.225909
4415 0.22135
4441 0.213065
4442 0.208289
4472 0.202103
4528 0.200212
4542 0.191683
4553 0.191358
4556 0.1899
4589 0.188748
4603 0.18565
4613 0.184792
4628 0.184462
4629 0.183626
4674 0.181676
4686 0.178703
4703 0.178595
4716 0.176236
4717 0.175704
4720 0.173771
4739 0.168257
4753 0.162372
4784 0.161821
4828 0.161097
4845 0.159632
4851 0.155534
4867 0.155483
4873 0.15436
4877 0.152595
4896 0.152535
4906 0.148668
4921 0.146665
4934 0.142866
4947 0.142156
4967 0.141643
4970 0.135059
4989 0.134625
4991 0.129158
5013 0.127933
5020 0.122404
5036 0.119153
5068 0.118739
5084 0.117119
5093 0.110334
5108 0.107229
5144 0.102877
5157 0.10247
5173 0.102207
5174 0.0950151
5201 0.0868237
5224 0.0861288
5265 0.0849565
5275 0.0814987
5289 0.0810121
5299 0.0799438
5301 0.0798882
5308 0.0750153
5337 0.0703564
5361 0.0693866
5381 0.0683
5385 0.0656463
5404 0.0627385
5408 0.0606023
5441 0.0605531
5450 0.0592792
5472 0.05862
5498 0.0555613
5530 0.0549801
5548 0.0531191
5580 0.052514
5582 0.0513202
5596 0.0490947
5609 0.048135
5617 0.0478892
5649 0.0466799
5658 0.0464815
5664 0.0458511
5674 0.0456933
5676 0.0436024
5714 0.0435047
5717 0.0434363
5727 0.0432205
5734 0.0425331
5743 0.0406509
5765 0.0388591
5771 0.0388023
5776 0.0385872
5777 0.0379505
5780 0.0372258
5800 0.0320358
5910 0.032002
5923 0.0309427
5955 0.0307491
5964 0.0301789
5976 0.0295515
5985 0.028918
5997 0.0285773
6003 0.0280798
6014 0.0280369
6017 0.027937
6022 0.0269145
6029 0.0262613
6032 0.0259455
6033 0.0253212
6043 0.0245588
6044 0.0237934
6052 0.0232717
6066 0.02153
6079 0.0160927
6119 0.0118319
6179 0.0117102
6208 0.0114541
6218 0.010537
6222 0.00886997
6231 0.00685169
6233 0.00582721
6269 0.00465244
6279 0.00453715
6299 0.0027146
6383 0.00262561
6393 0.00226153
6404 0.00218436
6421 0.00194866
6422 0.00190801
6428 0.00144769
6441 0.00111037
6476 0.00063678
6491 0.000627092
6492 0.00052291
6504 0.000477595
6530 0.000367554
6547 0.000263403
6591 0.000225245
6598 0.000182284
6609 0.000127866
6634 0.000118298
6668 9.00636e-05
6688 7.43483e-05
6706 5.69069e-05
6714 2.89097e-05
6754 2.23411e-05
6775 1.27639e-05
6796 1.2478e-05
6808 1.12605e-05
6819 8.6198e-06
6822 8.49446e-06
6834 6.46142e-06
6854 5.97715e-06
6863 5.80368e-06
6864 5.08768e-06
6872 3.32758e-06
6873 3.23094e-06
6887 3.06702e-06
6891 2.20695e-06
6894 1.90976e-06
6897 1.08724e-06
6984 5.26048e-07
7015 2.87173e-07
7021 1.74908e-07
7028 7.58974e-08
7130 6.49928e-08
7132 5.10094e-08
7140 3.19766e-08
7146 2.21641e-08
7181 2.03931e-08
7193 1.94948e-08
7202 9.28606e-09
