1 213528.0
4 201394.0
5 190479.0
19 169952.0
25 165969.0
27 163443.0
35 156880.0
39 151300.0
45 134831.0
49 129188.0
55 125902.0
60 125391.0
61 105319.0
65 90194.4
70 87516.4
73 87322.8
80 78457.7
90 77617.9
97 67310.3
121 53545.2
130 46245.5
162 40404.3
209 39549.9
217 35598.0
236 30050.6
265 28743.3
286 26059.5
303 25467.8
308 19940.5
311 17502.6
327 17248.0
369 15711.8
376 15146.0
396 14927.8
400 11287.3
432 10307.5
445 9002.83
463 8100.75
470 5141.45
476 5093.64
552 4939.64
576 4046.85
628 3796.47
634 3365.09
644 3286.11
646 3198.11
658 3054.71
676 2817.11
680 2317.89
697 2274.78
708 1955.8
740 1898.97
750 1244.28
775 977.221
816 830.707
818 828.024
833 785.917
874 751.908
875 656.836
895 473.806
919 425.62
1006 415.959
1018 298.56
1067 297.281
1074 263.103
1094 251.102
1102 236.9
1107 208.021
1121 199.854
1123 194.966
1141 153.104
1181 144.075
1190 132.026
1198 106.085
1202 96.4564
1236 89.0805
1280 78.3842
1281 71.3914
1284 70.3259
1310 69.3483
1340 64.3762
1347 59.4902
1348 52.4711
1361 50.3549
1387 48.8271
1391 32.2
1441 14.2461
1587 12.9062
1602 12.7809
1636 12.7524
1659 12.4282
1673 12.0299
1687 11.9667
1703 11.7297
1704 10.9802
1707 10.9279
1722 10.4659
1726 10.228
1727 10.155
1737 9.43056
1740 9.33152
1745 7.93239
1752 7.80238
1757 7.8003
1772 7.65314
1810 7.13239
1817 4.29426
1865 3.86412
1907 3.75397
1923 3.61459
1933 3.14709
1941 2.95405
1967 2.7018
1971 2.5119
1972 1.85363
1980 1.67319
2034 1.65903
2046 1.43063
2060 1.42543
2086 1.09482
2099 1.08767
2112 1.06921
2121 0.915818
2174 0.877607
2179 0.789828
2191 0.589119
2210 0.584598
2225 0.569782
2234 0.516781
2243 0.499385
2277 0.467157
2279 0.460266
2283 0.451439
2284 0.450048
2291 0.425819
2301 0.38938
2313 0.248393
2359 0.222618
2360 0.199924
2400 0.175992
2471 0.144909
2488 0.129381
2502 0.123831
2505 0.116358
2506 0.116181
2526 0.10895
2531 0.0807324
2548 0.0747611
2551 0.0679201
2555 0.0554381
2667 0.0543605
2670 0.0495477
2675 0.0414606
2700 0.0267835
2735 0.0228675
2776 0.0194951
2802 0.0185439
2812 0.0173967
2837 0.0163968
2838 0.0138488
2846 0.0129788
2852 0.00951352
2856 0.00934335
2947 0.00848183
2950 0.0082082
2961 0.00760746
2973 0.00732819
2991 0.00649666
2996 0.00606547
2999 0.00425974
3073 0.00422154
3086 0.00321317
3109 0.00318948
3120 0.00262377
3149 0.0021653
3167 0.00194652
3169 0.00184097
3186 0.00171436
3202 0.00164814
3225 0.00161127
3226 0.00151477
3229 0.00139895
3235 0.00128573
3239 0.00118116
3251 0.00112926
3272 0.000806564
3301 0.000476945
3384 0.000471021
3403 0.000422181
3421 0.000401119
3422 0.000302772
3461 0.000288176
3503 0.000272353
3507 0.000260246
3526 0.000192234
3552 0.000185374
3570 0.000173229
3580 0.000170641
3591 0.000156341
3597 0.000155029
3602 0.000119567
3608 0.000116832
3618 0.000108875
3627 9.11229e-05
3638 6.3931e-05
3718 5.60843e-05
3741 5.25742e-05
3742 4.40946e-05
3760 4.01131e-05
3772 3.76457e-05
3796 3.73719e-05
3797 2.72493e-05
3819 2.62513e-05
3830 2.48108e-05
3841 2.29556e-05
3887 2.01723e-05
3897 1.67414e-05
3926 1.52925e-05
3932 9.97544e-06
4065 8.64695e-06
4073 8.4128e-06
4090 8.21559e-06
4103 7.86291e-06
4114 7.05793e-06
4136 6.97116e-06
4158 6.78542e-06
4161 6.46931e-06
4175 6.20709e-06
4180 5.27041e-06
4197 5.23011e-06
4219 4.68579e-06
4262 4.23035e-06
4271 4.17221e-06
4277 3.67984e-06
4295 3.58493e-06
4302 3.11275e-06
4307 2.79955e-06
4310 2.38159e-06
4438 2.36319e-06
4442 2.29283e-06
4455 2.16982e-06
4459 2.05653e-06
4461 2.00751e-06
4516 2.00353e-06
4521 1.95341e-06
4522 1.66804e-06
4523 1.54263e-06
4546 1.18687e-06
4568 1.03609e-06
4613 9.81483e-07
4629 8.3401e-07
4638 7.41008e-07
4669 7.036e-07
4691 5.78311e-07
4714 5.77884e-07
4736 5.54527e-07
4740 5.28742e-07
4748 5.24294e-07
4749 4.87639e-07
4755 4.43463e-07
4760 3.34694e-07
4814 3.00081e-07
4848 2.49723e-07
4868 2.02135e-07
4908 1.78096e-07
4919 1.77302e-07
4939 1.37033e-07
4942 1.20322e-07
4969 1.03039e-07
4977 9.77825e-08
4982 7.90308e-08
