1 98.7522
242 72.1011
257 55.951
268 20.51
291 8.67086
313 7.84693
349 6.43075
374 2.6644
408 1.36458
479 0.835353
546 0.775409
553 0.712826
591 0.673206
598 0.65512
606 0.612652
612 0.564303
655 0.5262
659 0.509788
660 0.506592
663 0.49852
677 0.452849
689 0.442999
701 0.354021
751 0.29748
787 0.247459
802 0.233186
812 0.220369
827 0.202648
895 0.202199
904 0.17579
942 0.154462
943 0.153029
963 0.149353
965 0.140096
1011 0.12488
1080 0.124384
1085 0.124308
1096 0.123229
1118 0.121505
1127 0.117347
1137 0.114345
1149 0.112817
1153 0.110156
1157 0.108651
1162 0.106418
1163 0.104515
1175 0.104239
1188 0.101435
1206 0.101169
1213 0.100481
1225 0.0928944
1238 0.0896959
1249 0.0887756
1254 0.0883557
1257 0.0879461
1260 0.0873488
1279 0.0830877
1290 0.081137
1295 0.0802287
1302 0.0789712
1321 0.0761847
1357 0.0759856
1366 0.0709089
1392 0.0661991
1415 0.0658917
1428 0.0649337
1444 0.061262
1463 0.0581025
1474 0.0573365
1475 0.0573069
1491 0.0569814
1494 0.0566264
1499 0.0536094
1509 0.0532042
1514 0.0522528
1526 0.0479773
1568 0.0479667
1574 0.0477892
1595 0.0461802
1601 0.0411714
1634 0.0401488
1675 0.0400716
1680 0.039577
1682 0.0390741
1686 0.038513
1691 0.0379195
1701 0.0367571
1726 0.035522
1740 0.033393
1813 0.0324238
1818 0.0316904
1828 0.0314005
1834 0.0305287
1836 0.0293438
1843 0.0282749
1869 0.026187
1883 0.0257324
1905 0.0248736
1933 0.0243587
1938 0.0243025
1946 0.0238907
1955 0.023272
1993 0.0225882
1996 0.0222125
2005 0.022131
2006 0.0217699
2007 0.0205239
2012 0.020342
2019 0.0199174
2032 0.0194209
2039 0.0192326
2065 0.0190222
2073 0.0187635
2082 0.0186119
2089 0.017852
2101 0.017468
2114 0.0173054
2124 0.0167677
2134 0.0164182
2139 0.0162208
2146 0.016203
2153 0.0161852
2158 0.0157018
2165 0.0155005
2176 0.0149031
2188 0.0146521
2195 0.014385
2204 0.0136372
2256 0.0135545
2262 0.0130477
2293 0.0125373
2308 0.012319
2317 0.0121044
2343 0.01206
2345 0.0115873
2349 0.0114687
2367 0.0114579
2370 0.0112601
2375 0.0112032
2382 0.0106352
2449 0.0105642
2455 0.0104978
2462 0.0104512
2467 0.010264
2468 0.0102159
2477 0.0101203
2481 0.0100235
2488 0.00991464
2499 0.00973369
2500 0.00933232
2535 0.00933014
2541 0.00926106
2542 0.00861231
2565 0.00849309
2566 0.00822471
2578 0.00798172
2601 0.00774567
2624 0.00752762
2637 0.00711891
2657 0.00635856
2727 0.00635304
2751 0.0062844
2758 0.00595731
2802 0.005738
2817 0.00558387
2828 0.00557532
2841 0.00551244
2853 0.00546923
2855 0.00546568
2856 0.00520842
2899 0.00505814
2902 0.00493374
2923 0.00478612
2968 0.00453889
3017 0.00444974
3033 0.0043894
3045 0.00438894
3048 0.00426889
3068 0.00416347
3080 0.00408544
3085 0.00404484
3092 0.00404175
3096 0.00401522
3107 0.00384262
3133 0.00380335
3142 0.00365863
3183 0.00363922
3192 0.00348174
3208 0.00343866
3219 0.00340935
3231 0.00331457
3258 0.00318164
3267 0.00312714
3268 0.00308106
3323 0.00304035
3340 0.00303109
3348 0.00298064
3359 0.00295021
3385 0.00292435
3393 0.00289302
3396 0.00287158
3402 0.00285517
3405 0.00279009
3414 0.00276872
3425 0.00276322
3431 0.00274986
3433 0.00270015
3456 0.0026782
3457 0.00265101
3465 0.0026335
3469 0.00261897
3499 0.00256132
3501 0.00245164
3529 0.0023963
3532 0.00221694
3585 0.00221072
3602 0.00217461
3604 0.00214984
3615 0.00211543
3634 0.00200004
3656 0.00200002
3680 0.00197974
3686 0.00196814
3690 0.00194236
3712 0.00193781
3714 0.00189454
3728 0.0018599
3732 0.00185376
3741 0.00181489
3774 0.00175068
3817 0.00173499
3826 0.00170754
3847 0.00168358
3874 0.00168336
3882 0.00168021
3894 0.00165435
3902 0.00164604
3909 0.00163783
3921 0.00163187
3927 0.00161806
3930 0.00155007
3972 0.00154852
3973 0.00153217
3983 0.00152623
3984 0.00148624
3995 0.00148089
3997 0.00147266
4031 0.00146409
4036 0.00145838
4044 0.00140539
4054 0.00140444
4055 0.00138825
4059 0.00137449
4066 0.00137276
4160 0.00136454
4170 0.00135142
4178 0.00134481
4183 0.0013069
4212 0.0012765
4233 0.00125873
4237 0.00125723
4238 0.00125688
4240 0.00125385
4244 0.00120446
4272 0.00118184
4277 0.00115854
4330 0.00115075
4346 0.00114137
4352 0.00107667
4442 0.00106558
4446 0.00106422
4451 0.0010418
4476 0.00102788
4494 0.00102581
4512 0.00102312
4518 0.00100117
4528 0.000996612
4532 0.000985223
4549 0.000978568
4584 0.000971143
4593 0.000965681
4603 0.000963521
4616 0.000959774
4628 0.000945089
4634 0.000942922
4651 0.000933136
4654 0.000923002
4655 0.000918914
4674 0.000908277
4694 0.000905394
4700 0.00089636
4703 0.000880995
4717 0.000876596
4718 0.000871771
4728 0.000871513
4734 0.000867072
4742 0.000861173
4752 0.000855109
4753 0.000852217
4762 0.000833045
4772 0.000827122
4776 0.000820582
4782 0.000809759
4788 0.000806277
4831 0.000800206
4851 0.00079472
4853 0.000791579
4858 0.000786806
4862 0.000778285
4886 0.000777868
4887 0.000763144
4894 0.00076167
4904 0.000736592
4962 0.000734757
4970 0.000732406
4972 0.000724349
4986 0.000715215
4993 0.000706226
5002 0.000688436
5025 0.00068408
5054 0.000665776
5083 0.000665266
5093 0.000661249
5095 0.000660717
5108 0.000654252
5115 0.000650841
5125 0.000640709
5146 0.000624931
5155 0.000612483
5164 0.00060816
5209 0.000599042
5227 0.00058409
5269 0.00058016
5272 0.000576818
5287 0.000569099
5289 0.000562199
5293 0.000558392
5302 0.000553644
5318 0.000545758
5360 0.000544299
5361 0.000541356
5379 0.000529744
5400 0.00052687
5414 0.000520505
5421 0.000519368
5441 0.0005153
5442 0.000513812
5446 0.000505823
5462 0.000499277
5472 0.000497388
5493 0.000492338
5502 0.00048978
5504 0.000486133
5523 0.000476551
5539 0.000467653
5586 0.000457959
5625 0.000456589
5627 0.000455165
5640 0.000446413
5644 0.000444636
5648 0.000443354
5665 0.000437453
5684 0.000431046
5703 0.000428878
5719 0.000427768
5724 0.000412694
5765 0.000410408
5787 0.000407283
5816 0.00040167
5825 0.000399794
5835 0.0003929
5846 0.000391959
5862 0.000391398
5872 0.000387498
5886 0.000382455
5912 0.000380386
5918 0.000378615
5926 0.000376586
5946 0.000372995
5975 0.000372546
5979 0.000371177
5986 0.000368901
6010 0.00036803
6014 0.000365179
6023 0.000364165
6030 0.000358898
6036 0.000356067
6061 0.000355987
6063 0.00035562
6065 0.000352768
6074 0.000351808
6085 0.000348108
6104 0.000344581
6120 0.00034056
6125 0.000340441
6143 0.000334729
6150 0.000333387
6161 0.000332112
6162 0.000327844
6211 0.000327709
6213 0.000327414
6250 0.000326011
6252 0.000323653
6303 0.000322731
6304 0.000321619
6305 0.000321167
6310 0.000320863
6312 0.000316858
6353 0.000316393
6355 0.000315032
6363 0.000314455
6377 0.000314259
6379 0.000314169
6380 0.000313273
6384 0.000311116
6395 0.000307775
6412 0.000304593
6424 0.000301572
6460 0.000298413
6461 0.000297715
6464 0.000293592
6515 0.000292737
6520 0.000291765
6523 0.00028788
6524 0.000287244
6530 0.000285332
6544 0.000284773
6556 0.000281548
6580 0.000278801
6594 0.000277051
6605 0.000275706
6614 0.000273806
6626 0.00027331
6640 0.000272349
6642 0.000272166
6647 0.000265152
6659 0.000262914
6664 0.000260043
6683 0.000259753
6688 0.000255097
6698 0.000251973
6709 0.000251157
6743 0.000249295
6754 0.00024715
6783 0.000244485
6807 0.000243027
6817 0.000242258
6822 0.000241945
6823 0.000235834
6842 0.000235135
6843 0.00023482
6854 0.000233854
6859 0.000229767
6877 0.000225882
6924 0.000225849
6972 0.000208993
6978 0.00020756
6985 0.00019675
7097 0.000193807
7120 0.000192626
7164 0.000192149
7188 0.000191252
7193 0.000191177
7194 0.000190665
7196 0.00018948
7202 0.000187489
