1 10590.9
4 8943.34
6 7651.22
8 7225.93
9 2652.28
16 893.18
17 715.549
40 467.466
66 95.2405
68 48.5508
73 40.4639
81 13.0538
144 11.5179
156 10.741
163 6.95147
204 6.6458
207 6.20135
212 5.65598
229 5.51097
233 5.03149
252 4.99885
254 4.81123
255 4.76436
264 4.7488
265 4.43325
270 4.35942
275 4.08002
277 3.81796
289 3.39966
298 3.24396
299 3.06768
302 2.96133
306 2.9411
309 2.36664
315 2.22061
318 1.58276
324 1.29086
332 0.90934
342 0.877788
349 0.757509
358 0.258538
395 0.221144
402 0.161856
405 0.132283
410 0.0757279
423 0.0687514
429 0.0464094
441 0.0346481
448 0.0127428
455 0.00278124
474 0.000630417
511 0.000421008
516 0.000149966
531 5.8939e-05
568 4.17825e-05
598 2.04086e-05
611 1.71011e-05
617 5.84043e-06
640 5.09553e-06
642 3.82228e-06
647 1.22455e-06
659 8.72682e-07
683 7.27772e-07
692 1.58351e-07
698 4.49252e-08
709 2.36583e-08
729 2.15215e-08
772 1.91472e-08
784 1.355e-08
792 1.80094e-09
833 9.3672e-10
846 7.34514e-10
851 2.08722e-10
864 1.34422e-10
887 1.05796e-10
890 9.44984e-11
895 9.1837e-11
899 8.1396e-12
945 5.62359e-12
951 4.38789e-12
961 2.52303e-12
972 2.35194e-12
979 1.31054e-12
997 3.27511e-13
1012 2.91701e-13
1015 2.56529e-13
1017 2.03299e-13
1028 3.95029e-14
1047 2.10106e-14
1054 1.55509e-14
1063 6.05972e-15
1065 2.32862e-15
1089 2.16919e-15
1094 1.00882e-15
