1 308106000000.0
6 287281000000.0
10 253492000000.0
19 211992000000.0
27 207051000000.0
29 198868000000.0
32 181495000000.0
34 172973000000.0
42 118763000000.0
50 78661800000.0
58 43448100000.0
66 36208100000.0
70 22888300000.0
74 11682100000.0
76 10431200000.0
84 9474320000.0
85 3029750000.0
93 2090350000.0
100 976501000.0
112 493042000.0
114 326392000.0
140 90493800.0
141 35609500.0
178 7089740.0
207 1209950.0
242 1017400.0
243 669596.0
248 638849.0
253 280510.0
275 112517.0
322 111492.0
334 110448.0
339 90617.4
381 87618.2
386 86862.1
416 86254.0
427 86200.7
436 86153.0
442 85994.8
462 85867.5
464 85829.1
535 85825.2
561 85822.9
572 85822.3
734 85822.2
