1 6878850000000.0
4 6876420000000.0
5 6869200000000.0
8 6828200000000.0
11 6816830000000.0
18 6802820000000.0
28 6772470000000.0
34 6761540000000.0
36 6745770000000.0
43 6736230000000.0
46 6722540000000.0
50 6692430000000.0
52 6669170000000.0
58 6611110000000.0
65 6603000000000.0
69 6483680000000.0
73 6445730000000.0
76 6437450000000.0
77 6168340000000.0
78 6146110000000.0
82 5887120000000.0
89 5701840000000.0
91 5511780000000.0
97 5270050000000.0
100 5190740000000.0
101 4941790000000.0
106 4321280000000.0
119 4206500000000.0
123 3487740000000.0
131 3452260000000.0
133 3295800000000.0
134 2946410000000.0
140 2753210000000.0
145 2704560000000.0
150 2115610000000.0
151 1811710000000.0
154 1671800000000.0
167 1462160000000.0
173 1218450000000.0
183 1142750000000.0
189 1099070000000.0
195 614097000000.0
199 342742000000.0
242 102345000000.0
273 76494800000.0
279 76011600000.0
281 54099500000.0
285 20295700000.0
337 16703300000.0
338 13131600000.0
344 7955970000.0
376 5327720000.0
386 1177400000.0
422 661899000.0
437 241348000.0
444 170587000.0
482 117279000.0
490 102857000.0
508 40619800.0
520 20365800.0
538 14996500.0
552 10134400.0
561 3367270.0
599 361262.0
701 279960.0
713 195472.0
721 91974.0
737 68028.2
747 53536.1
772 39884.2
775 30156.0
787 30039.2
791 20557.1
800 10531.4
809 9873.03
821 2417.48
834 2205.68
851 1826.0
852 883.451
872 742.106
883 609.057
884 194.08
923 179.818
933 148.514
952 133.08
969 103.65
975 40.021
994 21.4402
1030 7.63063
1046 6.10076
1059 2.49881
1070 2.28893
1086 0.189098
1138 0.0528121
1193 0.0251934
1197 0.0130891
1199 0.0130819
1202 0.0114472
1218 0.00655064
1250 0.00624374
1267 0.00466126
1272 0.00411572
1274 0.00215554
1285 0.00191429
1293 0.000509593
1299 0.000388488
1305 0.000339942
1317 0.000245876
1372 0.000192139
1378 4.75217e-05
1409 4.7327e-05
1410 1.97956e-05
1466 1.18473e-05
1511 8.12394e-06
1520 6.04689e-06
1523 3.21335e-06
1543 2.46818e-06
1546 2.08608e-06
1563 1.5009e-06
1568 1.18932e-06
1577 9.01602e-07
1580 7.86359e-07
1583 5.84037e-07
1589 5.05629e-07
1596 3.46579e-07
1602 2.81987e-07
1613 3.75836e-08
1691 3.01848e-08
1692 9.64464e-09
1728 9.6262e-09
1732 4.37964e-09
1743 4.02459e-09
1773 1.957e-09
1794 1.64294e-09
1803 1.19776e-09
1813 1.02582e-09
1814 9.50166e-10
1817 7.49795e-10
1819 5.03521e-10
1821 2.852e-10
1832 1.00353e-10
1891 6.51917e-11
1912 4.70827e-11
1925 3.16835e-11
1929 2.6267e-11
1934 2.36936e-11
1958 2.13727e-11
1959 1.50243e-11
1962 1.45487e-11
1969 1.24682e-11
1970 1.10138e-11
1972 9.66192e-12
1973 4.29294e-12
1989 3.83926e-13
2063 3.76732e-13
2065 9.70709e-14
2088 5.40617e-14
2126 1.86083e-14
2144 1.42573e-14
2166 1.38398e-14
2180 7.22605e-15
2187 5.86336e-15
2190 4.63284e-15
