1 0.0267291
1367 0.0252405
1369 0.020782
1388 0.0187513
1409 0.0169147
1435 0.0140014
1443 0.0106595
1520 0.0105099
1650 0.0103757
1653 0.0101859
1674 0.0101775
1676 0.00998128
1696 0.00983589
1705 0.00900847
1708 0.00874019
1718 0.00799669
1723 0.00799432
1732 0.00789817
1734 0.00788314
1736 0.00758484
1739 0.00721594
1757 0.00689141
1777 0.00679963
1780 0.00672599
1788 0.00645537
1805 0.00620006
1817 0.00610691
1840 0.00561964
1883 0.00514146
1898 0.00485117
1964 0.00478184
1966 0.00467083
1974 0.004664
2002 0.0045293
2006 0.00388235
2081 0.00375518
2093 0.00363926
2144 0.00355054
2196 0.00338952
2242 0.00338059
2266 0.00332098
2280 0.00327844
2291 0.00327693
2292 0.00326987
2294 0.00326737
2318 0.00326512
2320 0.00325353
2341 0.00321921
2366 0.00321623
2376 0.00319464
2425 0.0031897
2434 0.00318064
2462 0.00317366
2507 0.00317129
2552 0.00316054
2557 0.00314481
2593 0.00314235
2611 0.00314181
2613 0.0031398
2620 0.00313376
2624 0.0031191
2632 0.00311804
2635 0.00309752
2643 0.00307163
2647 0.00307153
2648 0.00304888
2662 0.00304116
2668 0.00299762
2674 0.00296156
2683 0.00294823
2684 0.0029014
2753 0.00289989
2769 0.00289766
2826 0.00289174
2841 0.00287523
2851 0.00286563
2857 0.00284617
2864 0.00284542
2878 0.00284053
2887 0.00284009
2888 0.00283112
2898 0.00282774
2899 0.00282596
2926 0.00282507
2939 0.00282452
2955 0.00281836
2989 0.00281741
2998 0.00281605
3005 0.00281187
3018 0.00280678
3033 0.00280482
3042 0.00280475
3044 0.00280468
3087 0.00280465
3100 0.00280256
3133 0.00280184
3151 0.00280108
3157 0.00280076
3187 0.00280026
3236 0.00280011
3242 0.00279992
3244 0.00279932
3250 0.00279924
3255 0.00279923
3261 0.00279914
3262 0.00279897
3273 0.00279893
3296 0.00279876
3306 0.00279843
3340 0.00279826
3341 0.00279822
3363 0.00279819
3440 0.00279808
3515 0.00279806
3523 0.00279805
3524 0.00279803
3526 0.00279801
3535 0.00279797
3545 0.00279792
3601 0.00279791
3638 0.0027979
3654 0.00279789
