1 2323920.0
7 222029.0
16 18741.5
17 6464.9
26 675.836
29 196.311
48 160.037
82 85.1958
96 39.9061
231 32.0449
254 23.3736
263 12.0236
330 11.8175
338 7.87378
346 7.18262
350 4.99382
389 4.65177
430 4.63692
431 3.91846
439 3.26571
469 2.75696
481 2.55021
494 2.05616
508 2.04287
512 1.95266
517 1.57029
522 1.4367
527 1.29784
549 1.28116
559 0.932505
571 0.895058
587 0.878985
589 0.81165
597 0.668652
600 0.654499
605 0.643828
608 0.494408
614 0.438218
615 0.353781
646 0.277221
679 0.241408
689 0.231791
696 0.193758
715 0.17642
727 0.135248
737 0.122083
760 0.110608
772 0.0815331
785 0.0614693
799 0.0488259
857 0.0441321
859 0.0380726
871 0.0345253
881 0.0310531
905 0.0278645
907 0.0234603
933 0.0227713
939 0.0219565
940 0.0205847
948 0.0202402
957 0.0156504
976 0.0146625
992 0.0146062
1000 0.00846682
1100 0.00805349
1124 0.00776284
1127 0.00690251
1130 0.00678394
1138 0.0066308
1145 0.00627529
1150 0.00585242
1151 0.0053685
1163 0.00465894
1193 0.00450601
1212 0.00418438
1217 0.00401738
1225 0.00372802
1244 0.00337175
1258 0.00304869
1264 0.00267251
1295 0.00251448
1305 0.00238614
1365 0.00236071
1368 0.00234717
1379 0.00234395
1392 0.00232934
1433 0.00231352
1440 0.00230576
1445 0.0023036
1451 0.00229759
1453 0.00229506
1469 0.00229379
1493 0.00228844
1503 0.00228811
1526 0.00228736
1531 0.00228712
1566 0.00228695
1568 0.00228641
1577 0.00228632
1581 0.0022863
1586 0.00228629
1589 0.00228588
1625 0.00228584
1631 0.00228574
1651 0.00228567
1680 0.00228563
1697 0.00228559
1702 0.00228557
1726 0.00228556
1743 0.00228554
1813 0.00228553
