1 10600.0
4 8935.98
6 7657.87
8 7226.11
9 2650.19
16 893.078
17 715.27
40 467.049
66 95.1942
68 48.545
73 40.4679
81 13.0507
144 11.5113
156 10.7412
163 6.9474
204 6.64559
207 6.20126
212 5.6596
229 5.51191
233 5.03111
252 5.00261
254 4.81526
255 4.76143
264 4.74523
265 4.43309
270 4.36333
275 4.0838
277 3.81433
289 3.39627
298 3.24229
299 3.0683
302 2.96373
306 2.94013
309 2.36683
315 2.22281
318 1.58262
324 1.29148
332 0.908677
342 0.876976
349 0.757951
358 0.258787
395 0.221031
402 0.161756
405 0.132315
410 0.0756553
423 0.0687222
429 0.0464557
441 0.0346825
448 0.0127335
455 0.00278233
474 0.000629927
511 0.000421138
516 0.000149953
531 5.89975e-05
568 4.18103e-05
598 2.04073e-05
611 1.71028e-05
617 5.8367e-06
640 5.09224e-06
642 3.8197e-06
647 1.22363e-06
659 8.72072e-07
683 7.27192e-07
692 1.58216e-07
698 4.48875e-08
709 2.3638e-08
729 2.15032e-08
772 1.91309e-08
784 1.35386e-08
792 1.7994e-09
833 9.35915e-10
846 7.33885e-10
851 2.08543e-10
864 1.34307e-10
887 1.05705e-10
890 9.44172e-11
895 9.1758e-11
899 8.1326e-12
945 5.61875e-12
951 4.38411e-12
961 2.52086e-12
972 2.34992e-12
979 1.30941e-12
997 3.27229e-13
1012 2.9145e-13
1015 2.56308e-13
1017 2.03125e-13
1028 3.94689e-14
1047 2.09926e-14
1054 1.55376e-14
1063 6.05451e-15
1065 2.32662e-15
1089 2.16732e-15
1094 1.00795e-15
