1 0.0337634
925 0.0330296
929 0.0249541
993 0.0248332
995 0.0242349
999 0.0239432
1012 0.0192821
1022 0.01718
1089 0.0166494
1092 0.0157205
1099 0.0156956
1104 0.0143663
1138 0.0142248
1142 0.0141386
1149 0.0134751
1161 0.0134264
1169 0.0125562
1171 0.00966809
1206 0.00959607
1208 0.0090005
1214 0.00884018
1232 0.008759
1260 0.00846771
1278 0.00838217
1288 0.00807434
1293 0.00789889
1303 0.00737553
1326 0.00737475
1345 0.00715855
1374 0.00702516
1377 0.00697536
1382 0.00673365
1389 0.00671095
1400 0.00625401
1457 0.00609665
1469 0.0060078
1553 0.00596385
1576 0.00596182
1580 0.0058751
1598 0.00586834
1604 0.00582022
1614 0.00581573
1619 0.00579128
1627 0.00571846
1709 0.00568389
1714 0.00563151
1721 0.00562101
1729 0.00551524
1731 0.00549836
1753 0.00546909
1764 0.00537917
1807 0.00537154
1814 0.00535383
1823 0.00531555
1832 0.00530384
1853 0.00529774
1855 0.00522178
1872 0.00519804
1877 0.00518996
1881 0.00516801
1884 0.0051672
1895 0.00514411
1903 0.00512805
1914 0.00512282
1917 0.00506768
1927 0.00501858
1932 0.0049972
1946 0.00496049
1948 0.00493233
1959 0.00487811
2057 0.00486794
2083 0.00483776
2143 0.00481647
2195 0.00479793
2247 0.00478119
2353 0.0047791
2376 0.00477849
2399 0.00477817
2402 0.0047776
2424 0.00477729
2447 0.00477684
2456 0.00477668
2467 0.00477613
2477 0.00477602
2487 0.00477587
2492 0.00477559
2500 0.00477518
2504 0.00477493
2519 0.0047747
2520 0.0047745
2543 0.00477426
2565 0.00477413
2572 0.00477399
2574 0.00477376
2575 0.0047735
2604 0.00477341
2614 0.00477336
2652 0.00477328
2653 0.00477311
2670 0.004773
2721 0.00477299
2729 0.00477298
2731 0.00477288
2754 0.00477279
2788 0.00477277
2810 0.00477275
2839 0.00477274
2894 0.00477273
2918 0.00477272
