1 0.329089
222 0.300377
326 0.295598
343 0.262711
360 0.247678
374 0.236475
376 0.210072
402 0.168898
417 0.155658
432 0.105259
451 0.080671
549 0.0732357
558 0.0574981
587 0.047905
595 0.0467976
646 0.0465764
648 0.0432068
651 0.0420523
662 0.0410843
675 0.0348116
707 0.0340449
719 0.0324162
733 0.0284633
745 0.0246762
764 0.0237037
765 0.0219243
772 0.0187511
800 0.0186682
807 0.0148667
812 0.01279
815 0.00867516
863 0.00816705
870 0.00429949
942 0.00370605
949 0.00230083
969 0.00209633
992 0.001495
1001 0.00145151
1024 0.000794024
1043 0.000524809
1112 0.000413525
1113 0.000386697
1144 0.000383249
1147 0.000382014
1149 0.000326699
1159 0.000192086
1212 0.000134418
1224 9.83938e-05
1267 9.70081e-05
1270 6.52207e-05
1316 5.22852e-05
1335 3.43809e-05
1375 3.27026e-05
1408 3.03856e-05
1419 2.91165e-05
1423 2.74362e-05
1427 1.86071e-05
1438 1.85508e-05
1440 1.43417e-05
1455 1.35889e-05
1479 1.34224e-05
1486 9.30544e-06
1503 9.05566e-06
1516 4.61529e-06
1536 3.95106e-06
1566 3.57555e-06
1570 3.26516e-06
1581 2.93603e-06
1613 2.65365e-06
1632 2.17895e-06
1636 1.94329e-06
1646 1.44981e-06
1649 1.41609e-06
1663 1.02522e-06
1688 9.49257e-07
1702 8.51614e-07
1705 8.35887e-07
1715 7.04507e-07
1719 4.6557e-07
1745 4.00695e-07
1749 3.8513e-07
1761 3.78973e-07
1768 3.4486e-07
1788 2.89695e-07
1790 1.73611e-07
1824 1.68228e-07
1834 1.0546e-07
1886 9.6785e-08
1901 8.30279e-08
1902 7.49182e-08
1907 5.97386e-08
1914 5.71452e-08
1922 4.91579e-08
1964 4.80784e-08
1982 3.62488e-08
1994 2.87852e-08
2028 7.11117e-09
2076 7.09987e-09
2108 5.07565e-09
2119 5.0448e-09
2126 4.45344e-09
2137 3.31711e-09
2154 2.84866e-09
2165 2.30188e-09
2172 2.11258e-09
2182 1.76948e-09
2202 1.32161e-09
2212 9.60775e-10
2240 9.45099e-10
2250 7.82008e-10
2290 7.77712e-10
2294 6.99465e-10
2303 6.29218e-10
2314 5.63074e-10
2322 5.27336e-10
2325 5.25723e-10
2330 4.10831e-10
2347 3.97805e-10
2364 3.81243e-10
2377 3.30978e-10
2379 3.15049e-10
2381 2.54833e-10
2387 2.04748e-10
2398 1.56433e-10
2405 1.51991e-10
2407 1.50892e-10
2413 1.20394e-10
2417 1.08945e-10
2431 8.24673e-11
2462 4.30276e-11
2505 4.01136e-11
2531 3.22033e-11
