1 1580.97
19 935.415
46 724.463
58 699.964
81 686.92
111 516.375
125 367.678
126 347.792
131 306.314
138 126.44
174 111.155
191 100.446
198 74.2742
206 69.7585
224 53.1371
233 51.7243
267 47.9158
277 45.5041
280 40.0441
293 35.1217
297 32.5891
334 29.4725
353 28.6279
369 28.2508
376 27.1909
381 26.4638
388 26.4273
396 24.9823
418 24.6866
433 24.6128
443 23.8197
468 23.106
485 22.9878
513 22.9453
516 22.8075
519 22.6332
586 22.4936
592 22.4864
608 22.4457
638 22.4411
684 22.406
692 22.3747
731 22.3137
772 22.2831
868 22.272
920 22.2686
939 22.2659
953 22.2653
954 22.2584
1007 22.2561
1031 22.2556
1039 22.2554
1072 22.2523
1078 22.2508
1117 22.249
1156 22.2489
1165 22.2483
1172 22.2478
1195 22.2475
1435 22.2473
1557 22.2472
1608 22.2471
1614 22.247
1633 22.2469
1656 22.2467
1699 22.2466
1749 22.2465
1751 22.2464
1752 22.2463
1785 22.2462
1814 22.2461
1853 22.246
1881 22.2459
1939 22.2458
2016 22.2457
2053 22.2456
