1 3737280000.0
5 2929030000.0
12 2660420000.0
24 2574150000.0
27 2448860000.0
33 2082970000.0
41 2041560000.0
45 1438030000.0
53 1376110000.0
55 1357800000.0
57 1171140000.0
65 1027970000.0
67 976825000.0
98 767713000.0
111 755967000.0
113 739670000.0
122 662435000.0
123 645720000.0
125 592211000.0
129 553448000.0
137 274846000.0
154 179104000.0
232 175794000.0
233 96070800.0
251 88175200.0
256 54476300.0
285 48728500.0
303 43072500.0
318 30222200.0
341 18002400.0
369 13112200.0
372 9658260.0
396 9459920.0
435 8750630.0
437 3089800.0
502 2452460.0
504 2366070.0
505 1802730.0
518 813217.0
524 525275.0
600 469919.0
638 447948.0
640 324971.0
651 259315.0
659 233040.0
688 193020.0
696 52706.9
735 48988.8
793 47317.5
795 43517.3
802 42868.9
803 36689.6
807 20209.5
848 18438.5
867 8292.45
910 6087.79
935 4880.55
955 2585.9
993 2114.65
1022 1243.88
1032 1084.16
1033 1051.47
1049 884.922
1075 814.868
1077 798.783
1096 643.127
1103 441.268
1110 279.517
1169 266.735
1174 224.086
1185 206.585
1189 157.071
1199 134.867
1203 42.5423
1276 41.1822
1291 39.4597
1293 36.5
1310 31.5168
1315 28.7739
1317 27.2683
1318 25.5703
1328 16.0665
1345 14.5672
1349 8.75193
1355 7.2676
1398 6.89603
1415 4.0836
1435 3.07444
1439 1.71767
1451 1.61422
1464 1.29296
1495 0.865591
1514 0.831358
1522 0.747474
1529 0.693044
1551 0.691629
1554 0.576416
1557 0.519586
1570 0.265268
1583 0.147836
1598 0.130625
1628 0.0737315
1633 0.0600866
1669 0.045876
1685 0.0357309
1686 0.0347437
1689 0.033907
1692 0.0321352
1706 0.0285586
1717 0.0240015
1719 0.015549
1731 0.011597
1751 0.0115429
1752 0.00956408
1755 0.00897227
1756 0.00549849
1769 0.00467649
1807 0.00413863
1815 0.00185934
1840 0.00174827
1843 0.00139816
1874 0.00111204
1882 0.000923611
1895 0.000783953
1906 0.000607862
1930 0.000243443
1957 0.000219502
1961 8.42537e-05
2028 5.87746e-05
2065 5.203e-05
2066 5.00251e-05
2072 3.9003e-05
2094 2.10392e-05
2167 1.93733e-05
2175 1.51312e-05
2201 1.09173e-05
2203 1.01975e-05
2208 7.70771e-06
2212 3.55857e-06
2288 2.96448e-06
2302 2.31989e-06
2316 2.02688e-06
2329 1.83009e-06
2331 1.11373e-06
2353 1.05907e-06
2364 7.89653e-07
2367 6.79393e-07
2373 1.9458e-07
2415 1.89208e-07
2445 1.00572e-07
2472 9.93455e-08
2489 9.84002e-08
2493 8.94886e-08
2497 8.62888e-08
2503 7.29945e-08
2505 5.99042e-08
2517 3.7014e-08
2570 3.21141e-08
2574 2.57969e-08
2575 1.97556e-08
2576 1.89051e-08
2577 1.81716e-08
2580 1.11679e-08
2596 1.09614e-08
2629 7.76842e-09
2634 7.60932e-09
2636 7.28219e-09
2659 5.41681e-09
2670 1.1024e-09
2754 5.41472e-10
2788 4.18898e-10
2813 2.46947e-10
2816 2.28527e-10
2837 1.59312e-10
2867 1.21699e-10
2891 1.16417e-10
2918 1.06278e-10
2925 8.07464e-11
2933 7.22771e-11
2935 6.95793e-11
2936 6.43181e-11
2944 5.70538e-11
2948 5.05648e-11
2957 2.92317e-11
2987 2.56698e-11
2989 1.41564e-11
2998 7.82003e-12
3061 7.11286e-12
3084 6.85197e-12
3089 6.21942e-12
3102 2.74061e-12
3109 2.44929e-12
3180 2.34314e-12
3182 1.37284e-12
3200 9.29373e-13
3212 3.12235e-13
3266 2.78825e-13
3287 2.01724e-13
3315 1.60087e-13
3336 9.34735e-14
3375 7.01024e-14
3416 6.47476e-14
3424 4.21889e-14
3467 3.31452e-14
3472 1.6043e-14
