1 0.0464282
202 0.0439542
495 0.034339
515 0.0210044
532 0.0204895
537 0.0204002
543 0.0135946
572 0.012412
613 0.00595975
655 0.00449979
661 0.00323667
675 0.00214242
707 0.000810329
724 0.00053058
737 0.00029585
809 0.000183389
859 0.000101205
876 7.72855e-05
888 4.42606e-05
925 4.21493e-05
927 3.61865e-05
935 3.16333e-05
944 2.894e-05
949 2.54371e-05
950 2.51974e-05
974 1.55239e-05
992 1.02618e-05
1009 9.62891e-06
1024 5.78517e-06
1031 4.07491e-06
1034 3.95951e-06
1043 2.05889e-06
1060 1.64119e-06
1072 8.44106e-07
1113 6.96594e-07
1118 5.22608e-07
1140 4.61468e-07
1159 4.38666e-07
1163 2.10693e-07
1172 1.89755e-07
1187 1.72087e-07
1190 1.20256e-07
1195 8.9057e-08
1210 6.98285e-08
1224 2.7289e-08
1244 2.67365e-08
1264 1.91807e-08
1268 1.24815e-08
1278 8.06691e-09
1289 1.97447e-09
1317 1.28158e-09
1335 1.20652e-09
1343 1.01845e-09
1364 6.8167e-10
1392 6.08142e-10
1393 4.97076e-10
1415 2.10869e-10
1424 1.85416e-10
1434 1.18368e-10
1440 1.1408e-10
1458 9.75349e-11
1482 8.10562e-11
1489 5.8965e-11
1511 5.24733e-11
1512 3.87499e-11
1516 3.62895e-11
1522 3.43696e-11
1546 2.81131e-11
1566 1.21563e-11
1582 1.1905e-11
1590 1.0853e-11
1601 9.97768e-12
1603 6.04329e-12
1619 4.28259e-12
1631 2.63989e-12
1646 1.90298e-12
1663 1.40021e-12
1671 2.72988e-13
1719 1.45942e-13
1749 1.07552e-13
1761 9.69744e-14
1782 7.99532e-14
1787 5.07718e-14
1824 3.91098e-14
1828 2.64302e-14
1843 2.32519e-14
1849 1.75506e-14
1864 1.15823e-14
1865 6.23999e-15
