1 1693610000.0
19 83247000.0
97 34875600.0
157 22024400.0
161 13983000.0
178 13656000.0
204 13034000.0
206 11497100.0
211 8816630.0
212 6810280.0
222 2920230.0
323 2839180.0
326 2803960.0
328 2797020.0
337 2682640.0
343 2189290.0
348 2169610.0
350 1853730.0
356 1804210.0
359 1084710.0
363 949286.0
367 857350.0
369 454396.0
377 273211.0
386 130154.0
392 113474.0
449 112795.0
474 112628.0
480 110697.0
502 110038.0
530 109940.0
548 109939.0
627 109934.0
649 109931.0
651 109919.0
660 109914.0
666 109911.0
690 109896.0
695 109870.0
702 109854.0
710 109837.0
717 109832.0
718 109815.0
724 109778.0
730 109721.0
737 109669.0
742 109603.0
744 109504.0
751 109494.0
752 109477.0
756 109427.0
768 109282.0
773 109055.0
783 108994.0
788 108898.0
789 108663.0
790 108539.0
798 108030.0
803 107947.0
811 106753.0
815 106517.0
817 106454.0
830 106292.0
837 105090.0
857 104910.0
874 104103.0
897 103800.0
900 103199.0
905 103060.0
906 102726.0
944 102686.0
949 102077.0
958 101700.0
959 101597.0
970 100808.0
972 100771.0
975 100543.0
977 100144.0
992 99245.7
1008 98802.0
1014 98637.9
1016 98078.8
1023 97160.7
1040 96985.6
1047 96434.4
1062 96084.7
1064 95881.3
1072 95519.8
1073 94755.9
1082 94206.8
1092 93804.8
1120 93096.0
1123 93040.2
1133 93037.7
1135 92881.8
1138 92838.2
1140 92461.7
1144 91425.0
1147 91345.6
1152 91233.7
1159 91047.1
1164 90705.6
1179 90143.3
1195 89565.7
1206 89018.5
1225 88762.4
1227 88507.0
1230 88354.0
1238 88260.0
1262 87957.6
1269 87867.3
1272 87863.5
1274 87733.5
1276 87263.6
1284 87262.9
1287 87249.3
1291 87158.0
1292 87000.7
1297 86767.3
1299 86675.3
1302 86576.6
1309 86537.2
1311 86419.1
1315 86068.2
1319 85755.8
1331 85312.1
1338 85251.9
1341 85220.8
1343 84929.8
1344 84795.0
1352 84448.2
1365 84172.5
1372 84099.3
1374 83967.7
1376 83882.2
1392 83876.3
1393 83754.6
1401 83721.0
1403 83592.5
1416 83430.5
1424 83384.4
1426 83243.4
1432 82966.9
1434 82841.6
1439 82417.2
1441 82027.7
1448 81653.2
1450 81624.0
1453 81573.6
1460 81127.1
1468 80623.7
1473 80603.2
1483 80359.4
1484 80147.7
1487 80020.2
1489 79860.0
1497 78957.8
1502 78611.7
1533 77126.2
1557 76996.8
1563 76798.0
1568 76327.8
1579 75751.6
1584 75550.5
1586 75259.1
1621 74872.5
1622 74840.2
1626 74265.4
1628 74122.3
1631 73666.8
1635 73363.1
1646 73123.8
1656 72896.9
1657 72537.3
1663 72195.7
1665 72148.4
1670 71425.8
1689 70650.0
1693 70502.2
1708 70466.9
1711 70100.1
1724 69769.5
1736 69209.6
1744 69088.1
1745 69071.5
1747 69059.4
1751 68585.2
1752 67909.9
1761 67621.8
1799 67546.8
1801 67114.5
1802 66885.7
1812 66797.9
1821 66525.9
1828 66516.6
1829 66152.9
1836 65893.6
1837 65781.5
1843 64976.1
1850 64490.9
1857 64240.0
1861 63692.2
1864 63468.8
1871 63212.0
1915 63028.4
1926 62696.7
1929 62636.2
1934 62235.1
1950 62184.7
1967 61757.4
1974 61711.4
1976 61578.8
1982 61322.0
1983 61285.5
1988 61275.6
1991 61220.0
2001 61114.5
2004 61047.6
2010 60924.0
2013 60386.9
2019 59880.8
2029 59128.6
2065 58246.1
2069 57677.6
2123 57511.3
2132 57325.2
2133 57106.4
2141 57037.2
2146 56513.8
2161 56511.2
2162 56114.0
2178 55862.0
2181 55628.8
2192 55154.2
2203 54840.5
2204 54755.2
2206 54558.3
2214 54289.3
2222 54116.1
2223 53930.3
2233 53467.6
2234 53323.1
2263 53307.8
2271 53167.0
2283 52982.7
2298 52932.3
2303 52805.4
2308 52734.9
2317 52688.2
2323 52519.2
2330 52421.8
2333 52337.0
2341 51797.8
2347 51591.0
2365 51360.6
2368 51226.8
2380 51014.8
2389 50691.5
2393 50371.6
2409 50334.7
2411 50218.2
2412 50026.2
2417 49244.8
2432 48841.5
2440 48704.9
2453 48370.4
2456 48348.7
2472 48234.8
2484 47944.9
2489 47609.6
2490 47488.7
2498 47152.7
2516 46915.8
2532 46751.1
2534 46625.7
2536 46077.6
2543 45399.0
2563 44716.6
2578 44664.4
2585 44141.3
2608 43820.6
2615 43741.4
2625 43733.2
2628 43674.7
2631 43354.2
2636 43158.5
2648 43125.7
2649 43110.7
2662 43053.1
2663 43047.6
2665 42840.8
2669 42786.3
2673 42408.7
2684 42197.0
2707 42133.5
2709 42007.5
2712 41967.9
2717 41957.7
2726 41723.0
2735 41591.1
2738 41500.5
2745 41423.9
2759 41271.6
2765 41066.4
2770 40880.9
2782 40866.1
2784 40848.4
2792 40846.4
2795 40582.0
2800 40539.1
2813 40456.0
2829 40331.9
2834 40144.7
2839 39908.3
2845 39640.3
2847 39465.6
2854 39114.5
2859 38681.5
2910 38400.3
2923 37579.4
2926 37121.1
2938 36955.9
2982 36718.8
2986 36556.1
2997 36331.3
3035 36267.9
3037 36233.2
3039 36224.4
3042 36183.1
3043 36164.4
3045 36087.9
3052 36084.4
3055 36027.2
3066 35966.2
3079 35893.0
3083 35885.1
3085 35844.5
3098 35837.7
3099 35685.9
3109 35652.1
3130 35324.2
3131 35296.3
3145 35135.7
3159 35106.1
3160 34775.0
3162 34634.7
3168 34523.3
3189 34464.3
3200 34064.7
3204 33694.5
