1 16.4308
19 12.6379
72 0.610963
123 0.334877
228 0.212906
239 0.196215
252 0.134664
256 0.114162
258 0.111667
308 0.100451
322 0.0842732
371 0.0826337
388 0.0790577
397 0.0785032
404 0.0644893
421 0.0622952
446 0.0612829
451 0.0492496
469 0.0383769
478 0.0308237
503 0.0284123
515 0.0240205
521 0.0229478
529 0.0201596
548 0.0166314
566 0.0159456
572 0.0154874
580 0.013209
589 0.0125932
592 0.0117565
632 0.0109977
643 0.0107366
657 0.0106259
669 0.0103031
688 0.0101229
689 0.00998928
698 0.00963658
712 0.00940729
720 0.00938376
721 0.00880442
732 0.0087621
746 0.00853468
754 0.00819806
769 0.00787384
781 0.00775345
785 0.00696041
818 0.00687277
830 0.0067698
832 0.00659761
834 0.00659744
839 0.00613493
841 0.00592374
848 0.00577566
851 0.00572158
855 0.00558978
857 0.00501987
877 0.00481087
880 0.00480146
885 0.00457261
888 0.00428767
892 0.00413239
897 0.00384152
902 0.00311999
915 0.00274914
972 0.00262005
990 0.00252411
992 0.0023964
1001 0.00239218
1053 0.00238321
1060 0.00232789
1101 0.00232744
1113 0.00231997
1116 0.00230158
1159 0.00229686
1177 0.00229429
1193 0.0022906
1224 0.00228949
1264 0.00228835
1278 0.00228783
1313 0.0022878
1317 0.00228779
1329 0.00228778
1343 0.00228772
1358 0.00228771
1392 0.0022877
1394 0.00228769
1424 0.00228768
1440 0.00228767
