1 1457.27
5 1423.72
6 1298.22
8 1213.93
14 1047.86
15 998.293
18 699.682
28 636.341
29 369.575
42 113.376
43 98.3012
47 93.2497
61 88.5131
100 79.9191
102 67.6404
113 62.9581
119 61.2268
134 55.0725
137 54.0859
138 44.865
148 38.9554
151 35.0187
163 31.9569
184 31.6031
193 30.9898
199 30.6729
201 28.1371
207 27.6538
211 27.5337
212 24.7067
243 24.3598
249 20.1868
257 19.6409
264 18.8268
269 13.513
276 13.4837
278 12.216
285 10.2181
306 8.06044
309 4.76909
316 3.16616
322 2.51499
341 2.34902
356 1.90438
357 1.79986
377 0.842518
382 0.501799
418 0.452557
426 0.317306
463 0.222658
466 0.176179
469 0.153515
470 0.0940857
488 0.0682028
541 0.0436343
556 0.0320933
583 0.0280977
603 0.0166988
611 0.0165185
619 0.00977326
667 0.0032309
726 0.0022478
788 0.00156172
807 0.00138017
809 0.00106674
856 0.00071787
883 0.000619717
897 0.000507134
907 0.000496135
914 0.000305993
928 0.000196166
939 8.75556e-05
964 8.4454e-05
993 6.60799e-05
1011 5.82627e-05
1017 4.71968e-05
1021 3.02467e-05
1060 1.77181e-05
1067 1.72904e-05
1074 1.54977e-05
1081 8.13712e-06
1088 4.44745e-06
1090 3.58429e-06
1104 2.48532e-06
1140 2.35756e-06
1146 1.65911e-06
1176 1.29603e-06
1178 1.27579e-06
1209 9.67033e-07
1216 7.86123e-07
1245 7.43879e-07
1248 7.12696e-07
1260 6.47347e-07
1302 5.0821e-07
1305 4.63329e-07
1321 4.19832e-07
1328 4.13311e-07
1331 3.55862e-07
1339 3.45841e-07
1340 2.39936e-07
1350 2.06513e-07
1359 1.97262e-07
1365 1.87405e-07
1371 1.10029e-07
1385 1.00933e-07
1399 3.36004e-08
1491 2.79223e-08
1497 2.15571e-08
1499 1.92597e-08
1517 1.77033e-08
1527 1.3133e-08
1531 1.08117e-08
1532 6.05181e-09
1567 5.74017e-09
1578 3.46379e-09
1612 3.36191e-09
1621 3.09839e-09
1626 1.55662e-09
1638 1.45609e-09
1641 1.01956e-09
1646 9.26667e-10
1664 8.92305e-10
1667 3.54259e-10
1697 1.79295e-10
1708 1.57212e-10
1760 1.35953e-10
1763 6.97615e-11
1806 3.54703e-11
1845 2.69553e-11
1864 2.44133e-11
1881 2.3354e-11
1900 1.18476e-11
1930 8.62942e-12
1933 3.77806e-12
2004 2.90687e-12
2010 2.70975e-12
2011 1.23754e-12
2063 1.02806e-12
2074 4.58739e-13
2121 3.58666e-13
