1 22.8852
8 12.876
50 11.8568
54 8.40036
76 6.6176
91 3.84941
96 3.44198
115 2.62201
118 1.36485
134 0.894658
138 0.479122
148 0.231128
187 0.0817501
278 0.0759927
285 0.0396792
287 0.0205631
302 0.00750256
345 0.00366412
411 0.00200871
413 0.00175967
450 0.00171382
466 0.00144872
469 0.000824039
482 0.000503885
523 0.000422892
530 0.000222824
534 0.000198951
541 5.46208e-05
644 2.71022e-05
716 2.70034e-05
730 2.07947e-05
751 1.86869e-05
758 1.51658e-05
765 1.06723e-05
789 8.75925e-06
809 7.26168e-06
856 6.66201e-06
862 4.70943e-06
867 3.98481e-06
876 1.67891e-06
921 1.60457e-06
922 1.35913e-06
928 8.50913e-07
929 8.44335e-07
939 5.39216e-07
966 3.52242e-07
982 2.34109e-07
986 2.06639e-07
993 7.074e-08
1053 5.33361e-08
1086 4.88263e-08
1090 1.81055e-08
1108 1.64463e-08
1110 1.24443e-08
1125 7.93644e-09
1148 7.70473e-09
1176 7.46146e-09
1178 3.71215e-09
1207 1.26467e-09
1260 1.14714e-09
1287 9.73755e-10
1306 4.21137e-10
1321 3.89858e-10
1332 3.23472e-10
1383 3.11092e-10
1388 3.00529e-10
1399 2.15853e-10
1409 2.13743e-10
1414 1.75021e-10
1423 1.50555e-10
1425 1.30943e-10
1438 1.26158e-10
1448 1.02336e-10
1453 6.86808e-11
1459 5.55515e-11
1474 3.8925e-11
1501 3.17121e-11
1527 1.89996e-11
1548 1.81709e-11
1549 1.13497e-11
1595 1.00132e-11
1599 5.92302e-12
1612 4.72851e-12
1637 2.61223e-12
1642 2.23617e-12
1654 1.6002e-12
1671 1.50179e-12
1687 3.42683e-13
1734 1.8675e-13
