1 73.6782
214 51.2164
228 36.7632
249 27.0314
267 15.8806
317 12.2206
367 4.55963
494 2.61011
545 2.07542
621 1.5112
623 0.76393
713 0.511317
816 0.503329
819 0.487477
842 0.367333
851 0.277282
861 0.276388
938 0.191076
1007 0.170775
1010 0.154673
1080 0.124866
1091 0.119349
1108 0.111918
1121 0.111189
1136 0.0900257
1147 0.0881719
1151 0.0738083
1168 0.0606437
1181 0.0562777
1185 0.0409942
1219 0.0261412
1220 0.0156892
1564 0.0144874
1593 0.00512381
1698 0.00323051
1726 0.00288351
1732 0.0027741
1734 0.00210667
1865 0.00140253
1887 0.0010734
1920 0.000865234
1924 0.000733881
1958 0.000550603
1971 0.000431444
2077 0.000358984
2093 0.000358404
2125 0.000146635
2131 0.000144092
2157 0.000124491
2166 9.14135e-05
2192 8.7867e-05
2281 7.79857e-05
2287 7.28857e-05
2321 7.16489e-05
2362 6.97756e-05
2390 5.60469e-05
2438 4.87753e-05
2565 4.84399e-05
2626 4.6519e-05
2636 4.56475e-05
2643 4.53952e-05
2646 4.52047e-05
2656 4.42541e-05
2664 4.2671e-05
2677 4.19279e-05
2763 4.13139e-05
2772 4.05729e-05
2773 3.9332e-05
2788 3.93089e-05
2806 3.81588e-05
2819 3.80952e-05
2832 3.72128e-05
2854 3.70148e-05
2856 3.66459e-05
2863 3.60699e-05
2870 3.56487e-05
2873 3.51298e-05
2875 3.48642e-05
2885 3.46537e-05
2921 3.34729e-05
2938 3.30198e-05
2950 3.264e-05
2968 3.24948e-05
2977 3.2248e-05
2984 3.11521e-05
3011 2.99279e-05
3014 2.91289e-05
3029 2.89252e-05
3030 2.8671e-05
3031 2.83492e-05
3037 2.74814e-05
3060 2.7297e-05
3069 2.57455e-05
3074 2.50809e-05
3085 2.41928e-05
3088 2.14698e-05
3104 2.06967e-05
3126 2.03799e-05
3148 1.96555e-05
3152 1.84366e-05
3187 1.67275e-05
3222 1.55019e-05
3229 1.51458e-05
3245 1.48687e-05
3349 1.48489e-05
3369 1.46948e-05
3379 1.45284e-05
3399 1.43532e-05
3438 1.42526e-05
3486 1.42506e-05
3523 1.42442e-05
3529 1.42424e-05
3543 1.42387e-05
3546 1.42038e-05
3560 1.41726e-05
3563 1.41653e-05
3568 1.41536e-05
3569 1.41473e-05
3575 1.41193e-05
3594 1.41047e-05
3600 1.40784e-05
3616 1.40547e-05
3634 1.40315e-05
3649 1.4013e-05
3684 1.39987e-05
3690 1.39819e-05
3693 1.3968e-05
3722 1.39425e-05
3729 1.39253e-05
3736 1.38556e-05
3760 1.38434e-05
3780 1.37943e-05
3822 1.37933e-05
3837 1.37738e-05
3841 1.37693e-05
3844 1.37038e-05
3849 1.36854e-05
3885 1.36183e-05
3913 1.35591e-05
3934 1.354e-05
3940 1.3478e-05
3979 1.34537e-05
3987 1.33913e-05
3994 1.32871e-05
4003 1.32754e-05
4012 1.32014e-05
4017 1.31537e-05
4036 1.31172e-05
4038 1.31166e-05
4041 1.30089e-05
4075 1.28607e-05
4100 1.27558e-05
4106 1.27002e-05
4128 1.27e-05
4142 1.26697e-05
4144 1.24478e-05
4152 1.23927e-05
4162 1.23882e-05
4191 1.23206e-05
4195 1.20734e-05
4214 1.19666e-05
4228 1.18754e-05
4240 1.18291e-05
4245 1.16208e-05
4275 1.12187e-05
4307 1.11434e-05
4310 1.09896e-05
4379 1.06482e-05
4392 1.06259e-05
4395 1.06068e-05
4403 1.05096e-05
4410 1.04494e-05
4431 1.04116e-05
4440 1.03846e-05
4478 1.03552e-05
4480 1.03528e-05
4514 1.03116e-05
4520 1.02725e-05
4521 1.02437e-05
4533 1.02337e-05
4534 1.01746e-05
4569 1.01657e-05
4610 1.01612e-05
4617 1.01396e-05
4677 1.01363e-05
4682 1.01267e-05
4706 1.01222e-05
4713 1.01129e-05
4740 1.01062e-05
4761 1.01029e-05
4764 1.00983e-05
4778 1.00964e-05
4796 1.0094e-05
4802 1.00936e-05
4805 1.00934e-05
4809 1.00877e-05
4825 1.00876e-05
4831 1.00863e-05
4832 1.00783e-05
4855 1.0072e-05
4870 1.00685e-05
4873 1.00668e-05
4884 1.00638e-05
4887 1.00583e-05
4911 1.00473e-05
4932 1.00432e-05
4935 1.00337e-05
4949 1.00328e-05
4958 1.00242e-05
4959 1.00219e-05
4960 1.00213e-05
4968 1.00165e-05
4977 1.00001e-05
5013 9.96134e-06
5021 9.94122e-06
5042 9.89224e-06
5059 9.86466e-06
5084 9.84806e-06
5099 9.8405e-06
5106 9.78798e-06
5119 9.74128e-06
5133 9.71619e-06
5146 9.7003e-06
5149 9.68023e-06
5154 9.65472e-06
5155 9.55352e-06
5189 9.53363e-06
5194 9.50903e-06
5196 9.44646e-06
5210 9.43767e-06
5211 9.35161e-06
5226 9.26506e-06
5233 9.17636e-06
5247 9.05756e-06
5271 8.75383e-06
5287 8.60924e-06
5298 8.51171e-06
5309 8.10509e-06
5341 7.84943e-06
5350 7.59956e-06
5367 7.57089e-06
5392 7.43172e-06
5423 6.67471e-06
5427 6.16666e-06
5461 5.98209e-06
5472 5.55826e-06
5481 5.23077e-06
5495 5.0012e-06
5508 4.57822e-06
5524 4.13597e-06
5530 4.02508e-06
5536 3.81546e-06
5540 2.98381e-06
5546 1.80793e-06
5550 1.78796e-06
5576 1.60206e-06
5661 1.31962e-06
5672 1.22946e-06
5690 1.04152e-06
5694 6.46578e-07
5704 6.03522e-07
5719 5.88302e-07
5734 5.83885e-07
5739 5.4713e-07
5750 1.68565e-07
5864 1.29605e-07
5894 1.28573e-07
5897 7.11924e-08
5937 4.28656e-08
5938 4.22123e-08
5944 3.80698e-08
5968 2.70093e-08
6044 2.51248e-08
6053 2.28801e-08
6064 1.7025e-08
6096 1.55003e-08
6132 1.41853e-08
6160 1.32498e-08
6202 1.30696e-08
6241 1.30589e-08
6244 1.27532e-08
6284 1.24935e-08
6332 1.2451e-08
6352 1.23392e-08
6382 1.22883e-08
6387 1.22172e-08
6389 1.21214e-08
6404 1.20762e-08
6444 1.20138e-08
6502 1.19937e-08
6510 1.19836e-08
6524 1.19762e-08
6551 1.19758e-08
6577 1.19747e-08
6580 1.19714e-08
6596 1.19662e-08
6603 1.19652e-08
6618 1.1965e-08
6626 1.19635e-08
6644 1.19634e-08
6649 1.19603e-08
6651 1.19538e-08
6661 1.19525e-08
6683 1.19523e-08
6697 1.19488e-08
6707 1.19486e-08
6711 1.19477e-08
6725 1.19437e-08
6757 1.1941e-08
6781 1.19398e-08
6789 1.19391e-08
6802 1.1939e-08
6814 1.19354e-08
6823 1.19352e-08
6830 1.19337e-08
6834 1.19313e-08
6843 1.19308e-08
6878 1.19297e-08
6879 1.1928e-08
6889 1.19269e-08
6898 1.19262e-08
6900 1.19209e-08
6911 1.19193e-08
6943 1.19185e-08
6956 1.1917e-08
6962 1.19143e-08
6970 1.19139e-08
6974 1.19124e-08
6983 1.19021e-08
7012 1.18992e-08
7023 1.1896e-08
7031 1.18915e-08
7034 1.18853e-08
7043 1.18818e-08
7047 1.18777e-08
7057 1.18715e-08
7064 1.18624e-08
7094 1.18206e-08
7185 1.17914e-08
7190 1.178e-08
7204 1.17748e-08
7210 1.17747e-08
7223 1.17682e-08
7230 1.17409e-08
7249 1.17338e-08
7253 1.17141e-08
7269 1.1667e-08
7308 1.16626e-08
7313 1.16614e-08
7318 1.16463e-08
7321 1.1642e-08
7328 1.16216e-08
7336 1.1621e-08
7348 1.16127e-08
7359 1.16036e-08
7362 1.16017e-08
7378 1.16e-08
7382 1.15735e-08
7386 1.15732e-08
7389 1.15377e-08
7396 1.15365e-08
7401 1.1536e-08
7403 1.14941e-08
7408 1.14833e-08
7418 1.14482e-08
7432 1.14475e-08
7442 1.14462e-08
7446 1.14337e-08
7449 1.1427e-08
7464 1.13393e-08
7481 1.1335e-08
7482 1.12864e-08
7483 1.12414e-08
7506 1.11441e-08
7510 1.10685e-08
7520 1.0992e-08
7537 1.09636e-08
7541 1.08787e-08
7549 1.08424e-08
7559 1.07509e-08
7562 1.06184e-08
7579 1.06122e-08
7581 1.03131e-08
7617 1.0147e-08
7632 1.00899e-08
7640 9.85594e-09
7658 9.77178e-09
7661 9.51935e-09
7685 9.4438e-09
7691 9.2167e-09
7694 8.96557e-09
7714 8.71596e-09
7725 8.58755e-09
7728 8.50756e-09
7736 8.40527e-09
7742 8.11753e-09
7761 7.99184e-09
7765 7.91257e-09
7775 7.69785e-09
7810 7.56542e-09
7826 6.63424e-09
7849 6.4846e-09
7861 6.47907e-09
7869 5.90331e-09
7870 5.45995e-09
7901 5.39131e-09
7916 5.35107e-09
7928 5.13017e-09
7929 4.96298e-09
7938 4.76987e-09
7952 4.71878e-09
7966 4.54105e-09
7970 4.35411e-09
7982 4.23191e-09
8002 4.06401e-09
8004 3.89339e-09
8039 3.81678e-09
8045 3.68054e-09
8051 3.58917e-09
8059 3.46802e-09
8106 3.45067e-09
8126 3.42443e-09
8130 3.40922e-09
8135 3.36777e-09
8155 3.3371e-09
8158 3.33661e-09
8175 3.29408e-09
8213 3.25715e-09
8270 3.24875e-09
8275 3.24348e-09
8278 3.23805e-09
8302 3.23797e-09
8307 3.23734e-09
8351 3.2336e-09
8353 3.22902e-09
8384 3.22634e-09
8444 3.22597e-09
8462 3.22584e-09
8479 3.22548e-09
8484 3.22546e-09
8492 3.2251e-09
8503 3.22469e-09
8523 3.22457e-09
8535 3.2242e-09
8572 3.2241e-09
8616 3.22405e-09
8617 3.22393e-09
8624 3.22387e-09
8702 3.22383e-09
8703 3.22379e-09
8722 3.22378e-09
8729 3.22376e-09
8750 3.22372e-09
8752 3.22369e-09
8777 3.22367e-09
8807 3.22366e-09
8813 3.22363e-09
