1 7929370.0
6 3246820.0
10 3168630.0
11 2407300.0
19 1818350.0
26 1724880.0
35 1313130.0
43 597757.0
55 590502.0
82 535227.0
88 506803.0
91 295234.0
107 255790.0
111 236331.0
113 228735.0
115 190879.0
123 190605.0
124 148342.0
135 142690.0
138 110671.0
147 100097.0
158 96719.3
172 91465.4
187 90307.2
192 87339.4
206 87194.3
224 87169.5
234 86523.8
237 86010.0
276 85849.9
303 85845.9
309 85831.1
318 85784.2
332 85776.3
345 85771.8
367 85765.7
902 85757.4
1055 85751.6
1063 85750.2
1163 85748.6
1179 85747.4
1237 85746.9
1273 85744.3
