1 0.033788
518 0.020425
526 0.0200831
540 0.0197096
560 0.015028
599 0.0138505
622 0.0117211
642 0.00573713
651 0.00400468
664 0.00399179
681 0.00369423
695 0.00360035
696 0.00336808
710 0.00329101
711 0.00308361
721 0.00267268
740 0.00242524
751 0.00222667
776 0.00210753
789 0.00158681
808 0.00157489
814 0.00147848
820 0.00130256
851 0.00119579
855 0.00107046
875 0.00105745
894 0.000965548
896 0.000750173
922 0.000707571
930 0.000690954
932 0.000686812
933 0.000564728
935 0.000466641
945 0.000452927
997 0.000434028
1008 0.000362555
1012 0.000223276
1039 0.000208967
1068 0.000117922
1072 9.46731e-05
1084 9.27595e-05
1096 8.22638e-05
1102 5.19022e-05
1122 3.94685e-05
1137 2.6744e-05
1139 2.6259e-05
1165 2.46346e-05
1194 1.49753e-05
1212 1.17236e-05
1218 1.08495e-05
1269 1.00999e-05
1272 3.1852e-06
1305 3.13207e-06
1308 1.4553e-06
1325 9.66748e-07
1390 8.62166e-07
1397 6.76993e-07
1399 6.41336e-07
1402 5.86636e-07
1410 1.93074e-07
1421 1.55872e-07
1474 1.04546e-07
1477 7.83744e-08
1482 4.49099e-08
1531 4.43198e-08
1532 3.32701e-08
1541 2.33018e-08
1569 1.91914e-08
1574 9.34906e-09
1580 7.52815e-09
1587 6.50898e-09
1596 3.34136e-09
1607 2.80796e-09
1609 2.39891e-09
1669 1.66862e-09
1688 1.32244e-09
1725 8.15041e-10
1749 2.62171e-10
1768 2.60243e-10
1783 1.62827e-10
1785 4.77233e-11
1863 3.33785e-11
1878 2.49916e-11
1894 1.74152e-11
1900 1.06124e-11
1928 9.94214e-12
1945 8.81783e-12
1946 6.85803e-12
1953 4.59055e-12
1960 2.79162e-12
1974 2.50086e-12
1983 2.47428e-12
1988 9.5336e-13
1995 7.43875e-13
2050 6.43144e-13
2056 5.22926e-13
2064 5.15175e-13
2068 3.628e-13
2072 1.76348e-13
2083 1.15498e-13
2103 1.09729e-13
2104 1.01537e-13
2126 7.83648e-14
2133 7.5463e-14
2142 5.47377e-14
2146 3.95975e-14
2172 2.15613e-14
2175 2.08387e-14
2181 1.20642e-14
2182 7.50789e-15
2208 6.91714e-15
2213 4.59e-15
2225 1.6515e-15
