1 215.057
8 57.38
36 53.6929
39 40.0002
67 22.1184
74 7.70485
91 7.19255
96 6.03525
115 5.74468
124 4.32503
127 3.16017
130 1.69097
140 0.679991
145 0.448883
148 0.068662
217 0.0439681
219 0.020665
232 0.0188969
235 0.017955
236 0.00574479
278 0.00147814
292 0.000693346
302 0.000291102
306 0.000256934
315 7.77511e-05
322 6.20481e-05
355 4.4319e-05
362 1.53542e-05
377 1.29243e-05
388 1.67762e-06
441 5.08305e-07
444 3.70101e-07
485 1.62969e-07
501 1.16017e-07
518 5.12872e-08
523 3.68465e-08
545 1.90929e-08
546 6.97554e-09
557 4.25953e-09
584 1.73818e-09
667 1.01266e-09
672 4.81504e-10
730 4.48632e-10
758 1.68834e-10
768 1.19282e-10
789 4.97308e-11
806 2.16643e-11
861 1.58531e-11
862 1.26699e-11
867 1.17846e-11
871 1.02321e-11
876 5.91503e-12
887 4.83169e-12
907 3.38556e-12
914 2.39057e-12
919 2.26695e-12
928 1.16315e-12
939 6.51215e-13
960 4.97449e-13
961 3.93065e-13
963 3.26239e-13
969 2.29616e-13
971 1.92575e-13
988 1.28051e-13
998 8.38437e-14
1004 8.12869e-14
1017 7.91802e-14
1021 3.81846e-14
1038 2.3773e-14
1045 1.35929e-14
1058 8.77265e-15
1067 1.27692e-15
