1 3735120000.0
5 2931210000.0
12 2660380000.0
24 2574740000.0
27 2451220000.0
33 2084950000.0
41 2043210000.0
45 1438220000.0
53 1374750000.0
55 1357780000.0
57 1170070000.0
65 1028350000.0
67 975901000.0
98 767395000.0
111 755214000.0
113 739364000.0
122 661781000.0
123 645677000.0
125 592732000.0
129 553586000.0
137 274831000.0
154 178988000.0
232 175706000.0
233 96007600.0
251 88203800.0
256 54467300.0
285 48761300.0
303 43056200.0
318 30251600.0
341 18010900.0
369 13108400.0
372 9652130.0
396 9467070.0
435 8749190.0
437 3086820.0
502 2452150.0
504 2364430.0
505 1803880.0
518 814023.0
524 525795.0
600 470296.0
638 447903.0
640 324688.0
651 259356.0
659 232830.0
688 192846.0
696 52724.8
735 48964.2
793 47270.4
795 43558.5
802 42902.4
803 36715.1
807 20200.4
848 18428.7
867 8300.13
910 6088.29
935 4884.88
955 2584.82
993 2114.77
1022 1242.93
1032 1083.9
1033 1051.12
1049 885.682
1075 814.232
1077 798.862
1096 643.706
1103 441.321
1110 279.361
1136 223.414
1149 192.672
1150 149.458
1173 120.288
1203 101.05
1218 99.0854
1244 71.794
1256 71.6862
1260 43.4163
1289 42.7666
1292 33.4301
1295 30.9426
1304 28.1891
1310 26.8941
1311 25.5752
1313 24.3624
1326 14.4214
1328 14.4139
1341 6.83369
1366 4.87495
1415 2.6326
1435 2.09549
1462 1.20375
1481 0.750494
1522 0.68856
1538 0.570467
1546 0.26461
1570 0.190001
1596 0.136575
1614 0.103783
1627 0.0646995
1681 0.0506431
1686 0.0309525
1717 0.0284868
1729 0.0148763
1781 0.0133562
1786 0.00443629
1792 0.00357271
1805 0.00317399
1815 0.00292914
1873 0.00292223
1878 0.00245249
1884 0.000887889
1904 0.000497385
1957 0.000370571
1962 0.000365361
1963 0.000220456
1982 0.000211509
2014 0.000194701
2032 5.08282e-05
2094 2.54751e-05
2104 1.82703e-05
2157 1.78708e-05
2190 4.45251e-06
2249 3.16901e-06
2274 2.87876e-06
2284 2.60471e-06
2285 2.36145e-06
2298 1.47768e-06
2302 1.23615e-06
2316 1.1827e-06
2324 7.33478e-07
2327 4.99735e-07
2360 2.15157e-07
2373 1.6313e-07
2414 1.34252e-07
2436 8.44913e-08
2445 8.09681e-08
2477 7.59629e-08
2496 7.54806e-08
2503 4.18354e-08
2520 3.2349e-08
2554 2.29478e-08
2592 1.31872e-08
2624 9.96906e-09
2632 8.05987e-09
2638 6.11259e-09
2645 3.72942e-09
2679 2.59953e-09
2712 2.57973e-09
2715 1.4284e-09
2718 1.29981e-09
2724 1.13279e-09
2744 4.61494e-10
2785 4.15391e-10
2805 1.60907e-10
2831 1.24862e-10
2835 7.73998e-11
2875 7.23324e-11
2883 6.02164e-11
2901 4.57164e-11
2918 4.18422e-11
2925 3.08939e-11
2934 1.82953e-11
2944 1.80755e-11
2982 1.70764e-11
2998 1.4813e-11
2999 1.36452e-11
3001 7.61906e-12
3003 6.26989e-12
3007 4.57518e-12
3060 2.05609e-12
3107 1.36532e-12
3165 7.96994e-13
3177 2.73082e-13
3225 2.55724e-13
3237 1.68699e-13
3244 1.60298e-13
3250 1.50269e-13
3275 1.09749e-13
3297 4.29863e-14
3346 4.17616e-14
3353 3.16543e-14
3388 2.80591e-14
3392 2.66352e-14
