1 73.6733
214 51.2058
228 36.7424
249 27.0044
267 15.8757
317 12.2195
367 4.56074
539 3.1699
585 2.9872
605 1.85455
613 1.31127
654 0.690714
708 0.655877
725 0.578327
749 0.563681
758 0.406402
777 0.399979
805 0.233154
926 0.206103
949 0.181965
957 0.176138
973 0.158978
1018 0.155318
1080 0.107933
1104 0.104188
1106 0.101915
1119 0.100318
1121 0.0898225
1138 0.0790469
1156 0.05378
1224 0.0472437
1265 0.040803
1299 0.037178
1316 0.035145
1319 0.0234246
1334 0.0232684
1359 0.0212887
1361 0.0193354
1366 0.0178198
1381 0.00879203
1418 0.00679884
1489 0.0067635
1528 0.00566912
1606 0.00498821
1642 0.00373682
1665 0.00330823
1684 0.00282986
1704 0.00271477
1724 0.00251024
1736 0.0017577
1816 0.00159239
1830 0.00130913
1869 0.00113659
1882 0.0010835
1940 0.00102233
1945 0.00096481
1949 0.000947532
1974 0.000782134
2071 0.000698344
2142 0.000677906
2203 0.000666461
2221 0.000654238
2230 0.000646331
2235 0.000644437
2246 0.000631415
2266 0.000630203
2295 0.000618373
2308 0.000616701
2309 0.000611694
2321 0.000600592
2394 0.000598384
2400 0.000593117
2422 0.000590903
2436 0.00058999
2438 0.000582334
2470 0.000581204
2484 0.000580069
2491 0.000577675
2532 0.000576563
2546 0.000575282
2549 0.000574843
2555 0.000573239
2561 0.000571516
2598 0.000568364
2606 0.000568077
2624 0.000567378
2634 0.000566831
2648 0.000564401
2650 0.000564216
2674 0.000560686
2684 0.000558143
2687 0.000556971
2689 0.000555397
2697 0.000554816
2698 0.000553021
2710 0.000552856
2715 0.000551486
2717 0.0005503
2732 0.000547799
2741 0.000545344
2749 0.000542374
2751 0.000538886
2759 0.00053838
2766 0.000532285
2785 0.000527691
2798 0.000526324
2814 0.000523643
2818 0.000509693
2842 0.000479683
2868 0.000478139
2874 0.00046725
2876 0.000459648
2890 0.000436351
2909 0.000431993
2914 0.000397083
2944 0.000383802
2970 0.000383054
2972 0.000371335
2998 0.000365083
3000 0.000359566
3005 0.000348999
3018 0.00034517
3020 0.000328466
3030 0.000279909
3036 0.000279706
3039 0.000229075
3104 0.000215674
3107 0.000207349
3108 0.000195836
3109 0.000159149
3129 0.000114423
3141 7.77565e-05
3207 6.87336e-05
3240 5.08293e-05
3245 4.48503e-05
3270 3.697e-05
3274 2.55736e-05
3301 9.40075e-06
3373 9.2747e-06
3379 9.23132e-06
3384 5.40401e-06
3438 4.93767e-06
3505 4.65178e-06
3506 4.48949e-06
3519 4.14344e-06
3616 4.11947e-06
3634 4.08834e-06
3638 4.06307e-06
3671 4.05204e-06
3673 4.02799e-06
3682 4.01402e-06
3692 4.006e-06
3708 3.97868e-06
3721 3.95739e-06
3749 3.95262e-06
3799 3.9526e-06
3803 3.95236e-06
3806 3.94951e-06
3819 3.94936e-06
3820 3.94642e-06
3838 3.94497e-06
3849 3.94492e-06
3857 3.94378e-06
3863 3.94351e-06
3881 3.94229e-06
3885 3.94199e-06
3896 3.94116e-06
3897 3.93912e-06
3910 3.93876e-06
3922 3.93775e-06
3949 3.93663e-06
3994 3.93391e-06
4048 3.9332e-06
4058 3.9297e-06
4068 3.9291e-06
4072 3.92879e-06
4083 3.92144e-06
4133 3.91953e-06
4136 3.91905e-06
4151 3.91881e-06
4162 3.91695e-06
4170 3.9168e-06
4173 3.91585e-06
4184 3.91569e-06
4191 3.91183e-06
4195 3.91061e-06
4209 3.90787e-06
4214 3.90622e-06
4223 3.90527e-06
4228 3.9046e-06
4275 3.90252e-06
4310 3.90218e-06
4313 3.90023e-06
4362 3.89986e-06
4378 3.8963e-06
4379 3.88818e-06
4381 3.88198e-06
4392 3.87565e-06
4404 3.87246e-06
4418 3.8723e-06
4439 3.85947e-06
4450 3.85015e-06
4469 3.82403e-06
4491 3.80112e-06
4502 3.79565e-06
4523 3.78263e-06
4530 3.77824e-06
4538 3.76742e-06
4556 3.76548e-06
4571 3.75179e-06
4576 3.74566e-06
4580 3.74051e-06
4583 3.73696e-06
4594 3.69407e-06
4610 3.67851e-06
4622 3.63108e-06
4642 3.60998e-06
4644 3.54675e-06
4671 3.42295e-06
4727 3.37488e-06
4748 3.29732e-06
4757 3.21261e-06
4787 3.17705e-06
4805 3.15587e-06
4809 3.05718e-06
4822 3.04999e-06
4836 3.03924e-06
4840 2.86105e-06
4867 2.80351e-06
4894 2.72473e-06
4897 2.60362e-06
4901 2.53405e-06
4909 2.5025e-06
4916 2.47728e-06
4917 2.29356e-06
4933 2.27803e-06
4942 2.10944e-06
4954 1.78218e-06
4996 1.337e-06
5013 1.071e-06
5042 9.33598e-07
5058 8.77084e-07
5135 8.74997e-07
5168 8.6575e-07
5186 7.85471e-07
5224 7.54232e-07
5235 7.09006e-07
5244 6.68255e-07
5298 6.34345e-07
5347 6.28196e-07
5350 6.03337e-07
5390 5.91808e-07
5401 5.85229e-07
5421 5.83494e-07
5422 5.80204e-07
5427 5.68405e-07
5429 5.53545e-07
5453 5.32381e-07
5495 5.31259e-07
5504 5.26597e-07
5505 5.12698e-07
5534 5.02497e-07
5550 4.83298e-07
5576 4.58091e-07
5589 4.51813e-07
5627 4.21247e-07
5646 4.04196e-07
5651 3.97417e-07
5672 3.83756e-07
5681 3.74312e-07
5685 3.68883e-07
5686 3.59525e-07
5690 3.26172e-07
5743 3.1731e-07
5756 3.13617e-07
5769 3.11036e-07
5776 3.07627e-07
5778 2.95513e-07
5788 2.88958e-07
5792 2.785e-07
5794 2.65876e-07
5800 2.5095e-07
5802 2.32573e-07
5831 2.02077e-07
5872 1.98198e-07
5880 1.72643e-07
5888 1.57802e-07
5898 1.28122e-07
5949 1.27193e-07
5950 9.79136e-08
5970 7.16371e-08
5976 6.09971e-08
5991 3.19179e-08
6052 3.17188e-08
6053 2.53303e-08
6064 2.26221e-08
6083 1.9287e-08
6150 1.8242e-08
6178 1.72583e-08
6218 1.66455e-08
6256 1.44664e-08
6277 1.42139e-08
6284 1.36614e-08
6298 1.36026e-08
6299 1.29067e-08
6301 1.27601e-08
6346 1.24473e-08
6368 1.18799e-08
6404 1.18614e-08
6408 1.17993e-08
6421 1.17987e-08
6426 1.15272e-08
6428 1.14061e-08
6502 1.13683e-08
6527 1.13346e-08
6538 1.13319e-08
6558 1.13311e-08
6595 1.13111e-08
6612 1.13077e-08
6613 1.12886e-08
6628 1.12589e-08
6640 1.12502e-08
6740 1.12429e-08
6760 1.1238e-08
6788 1.12362e-08
6845 1.12321e-08
6911 1.12297e-08
6959 1.12296e-08
6966 1.12293e-08
6969 1.12263e-08
7021 1.12252e-08
7085 1.12236e-08
7151 1.12233e-08
7152 1.12229e-08
7184 1.12227e-08
7188 1.12216e-08
7207 1.12212e-08
7214 1.12211e-08
7220 1.12201e-08
7233 1.12195e-08
7243 1.12191e-08
7265 1.12187e-08
7296 1.12181e-08
7298 1.12178e-08
7310 1.12167e-08
7321 1.12155e-08
7338 1.12146e-08
7339 1.12138e-08
7360 1.12137e-08
7367 1.12127e-08
7375 1.12119e-08
7386 1.12104e-08
7404 1.12101e-08
7445 1.12073e-08
7455 1.12071e-08
7462 1.11984e-08
7503 1.11945e-08
7508 1.11942e-08
7515 1.11911e-08
7529 1.11906e-08
7562 1.11876e-08
7569 1.11762e-08
7571 1.11669e-08
7589 1.1166e-08
7599 1.11634e-08
7601 1.1163e-08
7604 1.11602e-08
7621 1.11576e-08
7625 1.11558e-08
7640 1.11547e-08
7649 1.1154e-08
7654 1.11503e-08
7667 1.11469e-08
7669 1.11315e-08
7700 1.11283e-08
7703 1.1119e-08
7714 1.11059e-08
7724 1.11029e-08
7733 1.10951e-08
7737 1.10529e-08
7758 1.10397e-08
7792 1.10342e-08
7798 1.0931e-08
7819 1.08891e-08
7824 1.08704e-08
7826 1.08346e-08
7845 1.0719e-08
7874 1.06924e-08
7884 1.05663e-08
7948 1.03869e-08
7955 1.03516e-08
7973 1.03024e-08
7983 1.01252e-08
7999 1.00187e-08
8015 9.96224e-09
8019 9.88395e-09
8026 9.75081e-09
8048 9.70146e-09
8056 9.55277e-09
8071 9.44596e-09
8084 9.43965e-09
8086 9.40682e-09
8092 9.38484e-09
8103 9.32195e-09
8110 8.99072e-09
8123 8.64084e-09
8143 8.61229e-09
8158 8.38555e-09
8159 8.34722e-09
8165 8.18462e-09
8180 7.87291e-09
8192 7.83387e-09
8210 7.67759e-09
8217 7.56239e-09
8221 7.25129e-09
8228 7.02822e-09
8245 6.97705e-09
8246 6.50062e-09
8278 6.23961e-09
8295 6.06658e-09
8310 5.6815e-09
8329 5.6464e-09
8333 5.64436e-09
8345 5.15526e-09
8351 5.04985e-09
8355 5.02274e-09
8357 5.01798e-09
8362 4.37442e-09
8384 4.25091e-09
8396 4.05709e-09
8411 3.96114e-09
8418 3.76095e-09
8447 3.32167e-09
8469 3.19565e-09
8492 3.0362e-09
8497 2.94374e-09
8516 2.91713e-09
8559 2.64237e-09
8600 2.58628e-09
8608 2.58283e-09
8626 2.4904e-09
8627 2.48543e-09
8637 2.46567e-09
8644 2.40888e-09
8691 2.40775e-09
8702 2.40322e-09
8718 2.38224e-09
8741 2.38146e-09
8750 2.37469e-09
8759 2.37453e-09
8765 2.36135e-09
8786 2.36128e-09
8790 2.35726e-09
8799 2.35513e-09
8812 2.35277e-09
8843 2.34827e-09
8892 2.34734e-09
8910 2.34695e-09
8951 2.34688e-09
8956 2.34559e-09
9008 2.3455e-09
9052 2.34534e-09
9056 2.34506e-09
9102 2.34499e-09
9122 2.3449e-09
9129 2.34488e-09
9131 2.34457e-09
9253 2.34452e-09
