1 50.0
3 42.389
4 26.6201
6 16.5899
31 10.4917
34 2.51719
62 2.03762
81 1.81726
88 1.15659
103 0.798798
191 0.794424
201 0.792126
204 0.782844
207 0.776965
212 0.768729
231 0.741688
233 0.733492
243 0.721493
250 0.691475
255 0.691357
262 0.663024
263 0.631032
268 0.61934
270 0.587205
275 0.526243
277 0.461122
296 0.419586
312 0.412202
314 0.377608
322 0.348069
327 0.222457
358 0.218073
360 0.202039
363 0.191982
367 0.122447
381 0.0911732
395 0.0911412
402 0.0603752
420 0.057898
423 0.0475648
441 0.0299726
443 0.00893722
480 0.0054582
510 0.00361257
516 0.00353043
524 0.00234531
537 0.00231144
548 0.00177593
573 0.000866377
586 0.000737333
593 0.000685058
599 0.000522729
611 0.000430861
620 0.000275364
621 0.000265724
626 0.000233974
637 0.000111235
647 4.95932e-05
702 4.47653e-05
708 3.37862e-05
713 3.13337e-05
723 2.84779e-05
726 2.43574e-05
727 2.08382e-05
734 1.78571e-05
743 8.28083e-06
746 7.98269e-06
771 1.78101e-06
838 8.26179e-07
858 6.69203e-07
888 5.98989e-07
895 5.60512e-07
900 1.84884e-07
912 1.66742e-07
926 1.32396e-07
934 1.25374e-07
942 1.23709e-07
949 1.1306e-07
961 1.00603e-07
965 8.6078e-08
972 8.30733e-08
978 3.90879e-08
980 3.55914e-08
992 3.39164e-08
997 2.7794e-08
1003 2.70929e-08
1006 1.59322e-08
1020 1.58231e-08
1022 1.09748e-08
1028 9.10263e-09
1051 8.11666e-09
1052 3.12948e-09
1094 3.12173e-09
1096 2.6276e-09
1099 2.55338e-09
1108 2.3907e-09
1110 1.8289e-09
1123 1.68712e-09
1140 1.0318e-09
1150 9.32785e-10
1154 4.41618e-10
1172 2.59021e-10
1179 2.35462e-10
1195 1.88668e-10
1197 1.15673e-10
1217 1.07697e-10
1229 1.03176e-10
1237 5.5064e-11
1261 1.37382e-11
1291 1.12935e-11
