1 20575900.0
4 11910400.0
5 4861060.0
15 3516380.0
19 1983420.0
25 1458300.0
29 1022600.0
39 599128.0
41 187803.0
42 153035.0
44 58426.0
48 13010.1
49 3537.1
72 2008.49
74 684.773
94 266.691
225 79.1757
394 53.6619
401 50.7112
405 48.8572
474 40.0301
477 36.3895
484 25.5958
615 20.576
651 20.3516
654 17.6059
661 13.946
699 11.3604
737 10.9744
749 7.81895
758 7.60694
762 7.23039
776 4.13011
822 2.96247
841 2.56115
855 1.82755
953 1.78162
968 1.76939
978 1.35562
1076 1.28248
1081 0.989855
1092 0.835137
1123 0.830114
1180 0.758193
1216 0.667957
1240 0.536573
1260 0.484567
1282 0.380724
1292 0.377012
1309 0.360193
1310 0.358952
1322 0.352491
1366 0.324631
1445 0.317572
1464 0.301065
1466 0.278178
1469 0.261662
1529 0.242171
1557 0.23673
1561 0.233521
1564 0.212215
1575 0.188895
1612 0.184445
1619 0.184277
1622 0.183659
1632 0.174034
1639 0.170589
1676 0.15921
1705 0.156238
1710 0.153653
1713 0.153635
1715 0.152278
1726 0.151812
1771 0.14725
1798 0.145454
1825 0.14527
1834 0.142632
1843 0.137471
1889 0.135531
1899 0.135233
1921 0.133819
1929 0.131594
1941 0.129007
1978 0.127906
2008 0.127805
2014 0.126343
2036 0.124632
2051 0.124299
2062 0.1237
2068 0.122617
2075 0.122471
2116 0.121954
2125 0.12159
2136 0.121144
2142 0.120028
2156 0.117814
2227 0.117437
2236 0.115587
2246 0.113777
2261 0.11129
2276 0.110594
2305 0.107917
2337 0.107098
2345 0.106378
2363 0.104917
2390 0.103627
2407 0.101846
2418 0.101614
2422 0.100364
2442 0.0991227
2444 0.0981748
2449 0.0976235
2491 0.0954173
2527 0.0948698
2532 0.0927365
2545 0.0925867
2551 0.0917756
2563 0.0909409
2564 0.0899578
2566 0.0883868
2580 0.08782
2582 0.0875749
2591 0.0860528
2601 0.0851687
2664 0.0840676
2682 0.0833982
2683 0.0826994
2693 0.0791093
2743 0.0788757
2830 0.0780638
2840 0.0771823
2845 0.0766231
2856 0.0757853
2864 0.07538
2870 0.0740977
2875 0.0737906
2884 0.0731775
2896 0.0726131
2920 0.0723389
2921 0.0702839
2934 0.0701677
2950 0.0697288
2984 0.0675653
2997 0.0666489
3006 0.0658278
3010 0.0643584
3011 0.063609
3016 0.0630105
3022 0.061824
3033 0.061296
3037 0.0596554
3039 0.0578778
3047 0.0565394
3050 0.0558513
3063 0.0548479
3072 0.0542659
3074 0.0529401
3083 0.0513132
3088 0.050576
3098 0.0458257
3133 0.041832
3134 0.0406802
3144 0.0400076
3151 0.039183
3164 0.038993
3165 0.0379641
3171 0.0369277
3175 0.0348772
3186 0.0340074
3188 0.0287421
3202 0.0283788
3206 0.0223252
3229 0.0194151
3290 0.0157799
3309 0.0155841
3313 0.013809
3324 0.0125737
3325 0.0110107
3352 0.0100508
3406 0.00873486
3421 0.00788358
3423 0.00736312
3436 0.00553409
3439 0.00355901
3448 0.00347483
3501 0.00258829
3514 0.00255339
3543 0.00244816
3561 0.00189082
3579 0.00183384
3590 0.00146712
3591 0.000917617
3607 0.000710011
3619 0.000705425
3636 0.000697644
3655 0.000691837
3671 0.000657788
3685 0.000574309
3690 0.000502177
3696 0.000361415
3708 0.000243448
3720 0.000223958
3745 0.000220198
3793 0.000216198
3800 0.000205285
3805 0.000193454
3819 0.000177972
3837 0.000172369
3840 0.000137001
3858 0.000128676
3902 0.000113977
4002 0.000108205
4007 0.000108164
4013 0.000107432
4026 0.000105612
4051 0.000104805
4068 0.000103007
4076 0.000102514
4077 9.63319e-05
4141 9.53072e-05
4163 9.51254e-05
4183 9.3478e-05
4195 9.29336e-05
4228 9.24158e-05
4240 9.2306e-05
4247 9.17681e-05
4262 9.11002e-05
4278 9.06132e-05
4284 9.049e-05
4287 9.00075e-05
4289 8.90341e-05
4310 8.84491e-05
4316 8.81079e-05
4324 8.80332e-05
4326 8.48745e-05
4347 8.48307e-05
4373 8.29688e-05
4411 8.15828e-05
4419 7.97446e-05
4431 7.94732e-05
4440 7.76666e-05
4441 7.51152e-05
4446 7.41694e-05
4462 7.40289e-05
4472 7.31288e-05
4478 7.21922e-05
4503 7.09934e-05
4521 6.77784e-05
4523 6.64234e-05
4566 6.59784e-05
4569 6.07227e-05
4591 5.9456e-05
4597 5.6528e-05
4606 5.38643e-05
4610 5.20375e-05
4622 4.74787e-05
4633 4.32534e-05
4644 4.13135e-05
4645 4.10458e-05
4649 3.19291e-05
4696 2.82419e-05
4757 2.82184e-05
4786 2.70018e-05
4787 2.43193e-05
4802 1.94932e-05
4809 1.75386e-05
4857 1.70212e-05
4860 1.47475e-05
4866 1.31596e-05
4895 1.18041e-05
4959 1.08171e-05
4969 9.36144e-06
4975 6.29464e-06
5019 5.17997e-06
5080 4.93848e-06
5112 4.93276e-06
5115 4.89534e-06
5176 4.58047e-06
5218 4.44788e-06
5220 4.38178e-06
5242 4.25958e-06
5262 4.25912e-06
5298 4.25665e-06
5337 4.25311e-06
5344 4.20763e-06
5350 4.17019e-06
5432 4.16299e-06
5442 4.15292e-06
5453 4.14071e-06
5471 4.13366e-06
5489 4.12704e-06
5507 4.12311e-06
5514 4.12158e-06
5520 4.11777e-06
5523 4.11106e-06
5526 4.11075e-06
5536 4.10921e-06
5565 4.1088e-06
5572 4.10813e-06
5576 4.09617e-06
5578 4.09483e-06
5597 4.0923e-06
5617 4.08164e-06
5618 4.08103e-06
5626 4.07893e-06
5627 4.07101e-06
5644 4.06984e-06
5647 4.05526e-06
5663 4.04722e-06
5700 4.04428e-06
5720 4.03372e-06
5723 3.99614e-06
5769 3.96652e-06
5778 3.9328e-06
5789 3.92914e-06
5797 3.92766e-06
5799 3.90777e-06
5828 3.90211e-06
5834 3.83352e-06
5845 3.79388e-06
5870 3.79119e-06
5876 3.78022e-06
5877 3.77055e-06
5882 3.76833e-06
5885 3.75499e-06
5894 3.7191e-06
5896 3.67465e-06
5923 3.65798e-06
5938 3.57676e-06
5941 3.53506e-06
5951 3.50288e-06
5968 3.49986e-06
5969 3.48402e-06
5976 3.45806e-06
5983 3.4518e-06
5986 3.25414e-06
6006 3.13907e-06
6010 3.11332e-06
6019 3.10343e-06
6033 3.00028e-06
6037 2.96655e-06
6050 2.9236e-06
6053 2.86919e-06
6064 2.71384e-06
6067 2.68044e-06
6081 2.54968e-06
6083 2.47924e-06
6107 2.40608e-06
6111 2.33646e-06
6120 2.11971e-06
6133 2.05151e-06
6139 2.02078e-06
6142 1.79419e-06
6153 1.60743e-06
6185 1.26992e-06
6207 1.2204e-06
6213 1.15764e-06
6217 1.00135e-06
6221 8.10082e-07
6224 7.19619e-07
6247 6.81852e-07
6252 6.24295e-07
6263 5.53265e-07
6264 5.26482e-07
6285 3.79195e-07
6320 2.86457e-07
6352 2.38958e-07
6384 2.00177e-07
6394 1.20939e-07
6427 1.06928e-07
6446 1.01053e-07
6464 6.89845e-08
6465 6.70829e-08
6491 5.77317e-08
6502 2.92108e-08
6510 2.21672e-08
6552 1.77477e-08
6599 1.62882e-08
6626 1.42375e-08
6629 1.12244e-08
6673 1.05262e-08
6706 1.02248e-08
6738 1.01584e-08
6740 9.79093e-09
6752 9.7716e-09
6757 9.41081e-09
6773 9.25557e-09
6781 9.04373e-09
6803 9.0182e-09
6806 8.8874e-09
6829 8.85412e-09
6852 8.81399e-09
6885 8.74206e-09
6900 8.73115e-09
6916 8.72489e-09
6917 8.7054e-09
6919 8.70298e-09
6922 8.66318e-09
6925 8.64075e-09
6948 8.61798e-09
6967 8.61733e-09
7024 8.61161e-09
7069 8.58947e-09
7071 8.57696e-09
7100 8.55644e-09
7143 8.54727e-09
7205 8.54612e-09
7210 8.54158e-09
7220 8.53865e-09
7226 8.53614e-09
7253 8.53375e-09
7288 8.5312e-09
7321 8.53111e-09
7341 8.53012e-09
7360 8.52799e-09
7386 8.52726e-09
7414 8.52715e-09
7417 8.52609e-09
7428 8.52503e-09
7430 8.5243e-09
7450 8.52336e-09
7481 8.52294e-09
7498 8.52272e-09
7512 8.52216e-09
7515 8.52047e-09
7527 8.52027e-09
7528 8.52025e-09
7529 8.51788e-09
7546 8.5168e-09
7556 8.5148e-09
7569 8.51454e-09
7575 8.51437e-09
7582 8.51385e-09
7583 8.51352e-09
7593 8.51057e-09
7658 8.50835e-09
7667 8.50807e-09
7675 8.50625e-09
7683 8.50492e-09
7687 8.50221e-09
7689 8.49981e-09
7712 8.49457e-09
7737 8.49321e-09
7751 8.48733e-09
7761 8.48157e-09
7768 8.48013e-09
7771 8.47955e-09
7800 8.47598e-09
7802 8.47103e-09
7815 8.4614e-09
7830 8.45595e-09
7840 8.44758e-09
7841 8.44238e-09
7849 8.44108e-09
7861 8.43234e-09
7863 8.42754e-09
7879 8.41314e-09
7887 8.40914e-09
7895 8.39843e-09
7900 8.39534e-09
7915 8.3826e-09
7922 8.37295e-09
7983 8.36091e-09
8010 8.35145e-09
8021 8.34559e-09
8022 8.32477e-09
8023 8.32452e-09
8033 8.31974e-09
8035 8.30759e-09
8045 8.2765e-09
8056 8.27043e-09
8063 8.26883e-09
8066 8.2397e-09
8087 8.22714e-09
8089 8.20644e-09
8100 8.19025e-09
8113 8.1675e-09
8123 8.12594e-09
8138 8.11937e-09
8143 8.08758e-09
8145 8.04984e-09
8159 8.03675e-09
8166 8.01341e-09
8173 8.0039e-09
8175 7.93107e-09
8178 7.80462e-09
8213 7.77903e-09
8231 7.71946e-09
8240 7.69176e-09
8247 7.4708e-09
8278 7.28619e-09
8305 7.28467e-09
8307 7.27845e-09
8312 7.24302e-09
8314 7.15093e-09
8321 6.99834e-09
8352 6.97502e-09
8358 6.90698e-09
8380 6.76728e-09
8394 6.73975e-09
8398 6.60308e-09
8405 6.53625e-09
8413 6.52531e-09
8414 6.48487e-09
8417 6.47162e-09
8431 6.38824e-09
8438 6.30531e-09
8452 6.27358e-09
8453 6.2236e-09
8462 5.97874e-09
8470 5.93395e-09
8474 5.66049e-09
8493 5.52237e-09
8502 5.37535e-09
8510 5.35652e-09
8519 4.99666e-09
8533 4.84427e-09
8538 4.78948e-09
8546 4.50109e-09
8600 3.92213e-09
8679 3.80586e-09
8685 3.7349e-09
8699 3.71052e-09
8703 3.67086e-09
8705 3.55029e-09
8719 3.50629e-09
8723 3.47209e-09
8750 3.42132e-09
8764 3.39321e-09
8770 3.37605e-09
8838 3.36177e-09
8839 3.35409e-09
8844 3.35026e-09
8858 3.3456e-09
8863 3.31988e-09
8892 3.31444e-09
8905 3.3143e-09
8924 3.3096e-09
8929 3.30436e-09
8934 3.30174e-09
8961 3.30142e-09
8966 3.30112e-09
8973 3.30098e-09
8979 3.29971e-09
8984 3.28906e-09
9013 3.28764e-09
9026 3.28284e-09
9185 3.2827e-09
9214 3.28139e-09
9251 3.28113e-09
9252 3.28096e-09
9260 3.28054e-09
9336 3.28047e-09
9380 3.28002e-09
9416 3.27963e-09
9520 3.27956e-09
