1 15.5
109 15.3353
122 15.2566
138 14.8079
150 14.1758
152 12.7023
154 9.88431
165 8.29825
171 4.95187
221 4.1518
225 4.11243
234 3.30336
249 3.30218
251 3.10309
273 2.38235
276 2.33893
278 1.76509
279 1.44796
285 1.16018
310 0.805357
419 0.696201
436 0.655198
459 0.651899
462 0.636757
490 0.618345
540 0.603418
547 0.596578
579 0.594965
595 0.59475
599 0.588473
604 0.58623
612 0.585767
640 0.583953
657 0.582983
669 0.581878
675 0.578565
706 0.577513
736 0.577488
743 0.577355
751 0.577237
766 0.576974
769 0.57663
786 0.576576
791 0.576495
800 0.576453
802 0.576439
805 0.5764
821 0.576396
834 0.57639
836 0.576236
852 0.576198
854 0.576117
883 0.576087
900 0.576078
917 0.576067
923 0.576021
926 0.576004
938 0.575991
946 0.575958
952 0.575885
972 0.575872
990 0.575814
991 0.5758
994 0.575749
1003 0.575728
1017 0.575673
1018 0.575672
1027 0.575658
1029 0.575464
1042 0.5753
1063 0.575275
1065 0.575262
1067 0.575043
1078 0.574973
1082 0.574779
1083 0.574514
1090 0.574125
1100 0.573479
1112 0.573416
1115 0.572346
1124 0.571762
1135 0.571636
1138 0.571228
1142 0.570952
1146 0.568753
1156 0.567759
1160 0.566536
1165 0.564936
1168 0.564516
1176 0.563718
1181 0.561591
1186 0.559082
1196 0.552564
1205 0.551392
1219 0.550767
1226 0.549156
1227 0.548778
1228 0.545038
1241 0.543112
1267 0.54217
1271 0.530635
1293 0.530385
1300 0.529865
1303 0.527802
1323 0.527592
1324 0.523458
1338 0.521611
1347 0.517414
1355 0.51675
1365 0.508368
1378 0.506671
1390 0.503937
1397 0.503201
1403 0.493872
1412 0.493074
1416 0.487231
1428 0.485971
1454 0.483323
1459 0.480069
1478 0.473491
1491 0.464207
1498 0.463947
1508 0.463639
1509 0.456778
1524 0.453009
1544 0.452656
1565 0.450268
1566 0.450055
1570 0.447472
1575 0.44053
1578 0.43675
1579 0.435505
1601 0.43174
1622 0.429298
1628 0.426784
1640 0.424721
1654 0.411454
1669 0.409857
1674 0.409023
1705 0.406806
1712 0.405288
1719 0.405145
1728 0.401313
1735 0.394321
1762 0.389079
1772 0.380017
1783 0.377372
1813 0.373946
1821 0.373108
1826 0.371355
1828 0.366939
1830 0.365274
1849 0.361993
1872 0.36192
1894 0.360175
1914 0.359942
1927 0.35981
1928 0.357821
1930 0.356947
1934 0.353929
1946 0.353684
1950 0.352998
1983 0.352708
1985 0.351914
1989 0.350948
2006 0.350844
2007 0.348932
2019 0.348857
2031 0.347581
2055 0.347205
2061 0.346749
2063 0.345606
2064 0.343846
2074 0.342261
2076 0.341781
2081 0.339765
2088 0.338711
2094 0.338254
2108 0.33568
2113 0.3317
2120 0.327758
2128 0.326303
2134 0.322809
2145 0.319862
2158 0.314737
2165 0.309384
2179 0.305409
2206 0.305077
2219 0.303883
2223 0.302421
2227 0.296938
2250 0.296742
2262 0.296348
2263 0.291849
2271 0.285098
2323 0.27736
2363 0.277101
2364 0.274437
2369 0.271603
2385 0.267586
2412 0.267252
2416 0.265477
2423 0.260049
2429 0.256659
2453 0.255216
2484 0.254129
2496 0.253282
2500 0.249864
2508 0.249146
2518 0.248669
2519 0.248329
2524 0.247202
2538 0.244803
2548 0.244767
2552 0.243214
2558 0.242034
2574 0.241027
2582 0.238433
2585 0.238032
2588 0.234489
2608 0.233281
2624 0.231007
2656 0.230677
2698 0.227963
2710 0.227914
2734 0.227727
2735 0.226956
2758 0.226556
2763 0.225613
2775 0.225424
2779 0.224958
2793 0.224547
2808 0.224272
2812 0.22349
2823 0.222205
2850 0.221625
2853 0.219462
2898 0.21893
2908 0.218597
2933 0.216954
2950 0.216693
2966 0.21502
2990 0.21451
3013 0.213933
3038 0.213756
3039 0.213586
3043 0.213111
3051 0.213077
3057 0.212385
3058 0.212034
3059 0.211836
3069 0.210791
3071 0.210488
3075 0.210429
3076 0.210386
3094 0.209782
3101 0.209538
3110 0.20841
3133 0.208168
3138 0.207963
3142 0.206418
3157 0.2064
3160 0.205871
3163 0.205014
3173 0.204073
3198 0.204018
3213 0.202959
3219 0.202258
3228 0.201882
3229 0.201384
3232 0.200945
3239 0.19995
3244 0.199037
3253 0.198925
3260 0.198411
3267 0.197083
3281 0.195029
3307 0.193925
3309 0.193924
3316 0.193508
3325 0.192507
3335 0.190951
3339 0.19046
3345 0.189318
3363 0.187656
3374 0.187024
3376 0.186801
3382 0.186336
3390 0.185313
3401 0.183326
3430 0.1823
3442 0.180364
3463 0.179855
3491 0.179775
3492 0.179511
3498 0.178867
3508 0.178773
3511 0.177296
3515 0.176798
3524 0.176669
3534 0.176574
3536 0.17625
3560 0.176238
3563 0.1754
3577 0.175186
3618 0.174936
3626 0.174837
3627 0.174404
3631 0.173916
3639 0.173702
3654 0.173208
3661 0.172916
3667 0.172679
3668 0.172246
3678 0.171629
3682 0.171467
3684 0.170966
3695 0.170183
3715 0.169623
3717 0.169247
3733 0.168821
3736 0.168739
3761 0.167615
3771 0.167297
3789 0.167245
3799 0.166827
3804 0.166649
3820 0.166619
3830 0.16614
3838 0.166008
3861 0.165999
3868 0.165401
3876 0.16529
3880 0.165244
3886 0.165194
3893 0.164707
3896 0.164691
3903 0.164571
3908 0.164456
3914 0.164194
3915 0.164142
3921 0.163905
3924 0.16367
3932 0.163632
3942 0.163371
3950 0.162837
3962 0.162262
3982 0.161781
3990 0.161549
3991 0.16133
3999 0.160919
4006 0.160196
4009 0.160008
4014 0.159616
4018 0.159114
4038 0.15889
4064 0.157598
4079 0.157446
4093 0.157302
4104 0.15684
4119 0.15646
4122 0.156144
4130 0.155653
4133 0.155595
4136 0.155587
4143 0.155578
4149 0.15479
4163 0.154593
4179 0.15417
4181 0.15364
4193 0.15328
4203 0.153163
4209 0.15314
4232 0.151697
4243 0.150765
4277 0.15041
4284 0.150408
4315 0.150385
4316 0.149777
4327 0.149441
4330 0.1491
4340 0.14792
4363 0.147318
4375 0.146484
4376 0.145234
4391 0.14491
4401 0.144736
4415 0.14447
4437 0.141912
4467 0.14189
4480 0.141726
4482 0.14149
4490 0.141342
4497 0.141319
4498 0.141269
4507 0.140658
4520 0.140379
4526 0.140176
4533 0.139051
4543 0.137782
4565 0.13772
4570 0.137102
4601 0.135948
4606 0.135092
4617 0.134779
4622 0.13439
4647 0.133536
4658 0.133167
4666 0.132296
4676 0.132288
4680 0.132222
4687 0.131188
4697 0.130747
4716 0.128706
4763 0.127404
4787 0.126941
4789 0.126618
4798 0.125733
