1 11300100000000.0
4 11282500000000.0
5 11254200000000.0
19 11242900000000.0
26 11240800000000.0
27 11192600000000.0
39 11189800000000.0
41 11175300000000.0
46 11171500000000.0
47 11159400000000.0
50 11158200000000.0
51 11152400000000.0
58 11144400000000.0
59 11124900000000.0
66 11122400000000.0
69 11117800000000.0
75 11091900000000.0
77 11072500000000.0
83 11019600000000.0
101 10994000000000.0
114 10977700000000.0
121 10943700000000.0
123 10940300000000.0
126 10850200000000.0
135 10741800000000.0
147 10670700000000.0
157 10668400000000.0
158 10535900000000.0
164 10403300000000.0
177 10390300000000.0
179 10367400000000.0
180 10195100000000.0
185 10143600000000.0
192 10023900000000.0
200 9835040000000.0
202 9751350000000.0
212 9701310000000.0
213 9473520000000.0
219 9191160000000.0
222 9053280000000.0
224 8931070000000.0
238 8677020000000.0
243 8397190000000.0
251 7616490000000.0
256 7168200000000.0
276 6646480000000.0
282 6376380000000.0
289 5870510000000.0
299 4843480000000.0
301 4661000000000.0
313 4475010000000.0
314 4154180000000.0
322 3395930000000.0
333 2250370000000.0
345 1722140000000.0
361 1688200000000.0
362 1481730000000.0
369 1190470000000.0
374 1164880000000.0
384 1002450000000.0
394 909674000000.0
415 549261000000.0
437 213364000000.0
475 210453000000.0
530 193129000000.0
545 189059000000.0
547 161103000000.0
562 147745000000.0
580 144613000000.0
589 125902000000.0
619 116461000000.0
624 66632300000.0
647 54431900000.0
652 41618600000.0
680 32895300000.0
708 29571900000.0
723 28029700000.0
750 11159100000.0
808 5255420000.0
861 1586080000.0
911 743060000.0
983 534188000.0
988 447487000.0
1027 250191000.0
1092 202300000.0
1094 155592000.0
1102 134500000.0
1107 109903000.0
1138 106500000.0
1140 91299700.0
1152 84512900.0
1154 57287600.0
1201 53493600.0
1206 33736600.0
1223 31513400.0
1224 24536000.0
1237 19941700.0
1291 13499700.0
1317 11089400.0
1323 9539950.0
1356 3407820.0
1401 2759010.0
1441 2683980.0
1444 1395250.0
1464 1215830.0
1489 1128670.0
1512 1050470.0
1538 960651.0
1545 635045.0
1564 425847.0
1604 287910.0
1658 252020.0
1661 191185.0
1669 176888.0
1676 174988.0
1685 109886.0
1694 89114.3
1745 81791.0
1753 58038.3
1777 54813.3
1780 53243.4
1789 51897.9
1801 50926.2
1804 40040.1
1810 31973.0
1837 23432.9
1855 18831.7
1901 16136.0
1904 11760.9
1907 8862.7
1954 8323.02
1957 2866.02
2031 2767.41
2047 1971.74
2055 1966.63
2087 1566.5
2089 1380.64
2099 1347.67
2122 1057.56
2129 1043.95
2146 900.11
2152 857.283
2155 814.621
2158 787.786
2166 562.301
2178 491.2
2179 239.638
2224 198.256
2274 136.26
2295 134.857
2301 90.0194
2328 67.0794
2359 49.8919
2360 45.3622
2403 32.8503
2422 24.1636
2425 23.9662
2438 17.8853
2445 17.4136
2454 11.924
2473 6.96837
2490 6.58408
2500 6.18705
2516 5.85317
2524 4.9229
2568 4.33219
2570 3.17077
2574 1.96528
2616 1.17939
2650 1.10051
2656 0.775205
2675 0.74995
2677 0.682901
2688 0.522597
2698 0.183241
2752 0.124395
2767 0.0817493
2777 0.0801239
2821 0.0714445
2838 0.0471522
2871 0.0463012
2887 0.0449033
2905 0.0354628
2909 0.0353116
2922 0.0185511
2939 0.0147578
2950 0.0136093
2968 0.0118206
2991 0.00518596
3041 0.00507367
3057 0.00327843
3086 0.00154797
3125 0.00109592
3140 0.000664592
3202 0.000603004
3221 0.000529416
3245 0.000338967
3250 0.000176495
3280 0.000143832
3301 0.000120657
3312 0.000114655
3330 0.00010707
3388 8.02796e-05
3431 6.49518e-05
3437 6.48999e-05
3439 5.25825e-05
3447 2.73786e-05
3535 2.66883e-05
3543 2.24195e-05
3552 1.94164e-05
3556 1.7902e-05
3562 1.09696e-05
3588 1.09016e-05
3591 6.76862e-06
3611 6.26541e-06
3634 2.91221e-06
3662 2.88717e-06
3693 2.41582e-06
3713 2.15946e-06
3719 2.05372e-06
3731 1.44152e-06
3742 1.35495e-06
3746 1.14832e-06
3759 1.00764e-06
3772 6.85561e-07
3794 6.57881e-07
3801 5.57069e-07
3809 5.51525e-07
3833 5.10086e-07
3861 3.25325e-07
3875 3.02974e-07
3887 2.6809e-07
3890 2.11864e-07
3910 1.76414e-07
3915 1.74549e-07
3932 1.33878e-07
3947 1.30084e-07
3971 9.39641e-08
3984 8.16107e-08
4011 5.67664e-08
4021 5.4532e-08
4038 3.61787e-08
4064 2.74433e-08
4073 2.61112e-08
4076 1.93205e-08
4089 1.62605e-08
4090 1.51527e-08
4100 1.25482e-08
4113 1.24372e-08
4114 1.16033e-08
4123 1.00333e-08
4133 3.73004e-09
4230 3.35507e-09
4244 2.0927e-09
4254 1.67532e-09
4276 1.0323e-09
4288 8.58337e-10
4295 5.65118e-10
4349 3.94985e-10
4387 3.6761e-10
4397 2.6961e-10
4438 2.21505e-10
4473 2.19584e-10
4481 1.95089e-10
4483 1.66317e-10
4503 1.36821e-10
4512 1.33396e-10
4522 1.13294e-10
4531 8.22827e-11
4570 7.78269e-11
4587 2.70839e-11
4644 1.6177e-11
4681 1.29239e-11
4682 9.76107e-12
4699 9.66409e-12
4714 4.53434e-12
4746 4.20249e-12
4809 2.9731e-12
4817 2.43394e-12
4849 2.18799e-12
4867 1.75267e-12
4868 1.62818e-12
4872 1.3845e-12
4927 1.27159e-12
4942 1.09304e-12
4959 8.24129e-13
4963 7.82955e-13
4965 5.86186e-13
4966 5.48686e-13
4977 2.66965e-13
5017 2.63485e-13
5025 1.88537e-13
5041 1.48698e-13
5043 1.44113e-13
5067 9.16585e-14
5112 8.45552e-14
5129 7.2987e-14
5135 6.44042e-14
5139 6.41522e-14
5149 6.30611e-14
5151 4.08613e-14
5154 3.65675e-14
5161 2.74608e-14
