1 99.1512
2 90.8194
9 57.9852
35 44.4497
37 18.8008
42 12.4371
44 9.20973
55 2.901
82 2.70986
86 1.92923
95 1.53348
116 1.47614
118 0.948411
141 0.91207
142 0.797701
157 0.718723
161 0.321918
174 0.291348
190 0.21127
204 0.186522
212 0.10235
236 0.0804225
251 0.0359375
252 0.0130465
331 0.00834683
342 0.00478444
365 0.0043423
396 0.0042087
401 0.00327789
402 0.00235163
419 0.00219842
421 0.00165083
429 0.00139105
441 0.00090402
443 0.00068457
454 0.00034942
474 8.56919e-05
502 7.32311e-05
516 2.24944e-05
570 9.31174e-06
606 9.13653e-06
611 4.8887e-06
625 3.67573e-06
627 2.83587e-06
642 1.09058e-06
687 1.05956e-06
690 4.30738e-07
706 1.88696e-07
711 9.99798e-08
722 7.45794e-08
743 4.79026e-08
783 3.56742e-08
801 3.13115e-08
802 2.86704e-08
812 2.41468e-08
832 2.17785e-08
835 1.24543e-08
846 9.20627e-09
887 7.97031e-09
888 6.6801e-09
900 6.18866e-09
912 2.14712e-09
934 1.97829e-09
942 4.9957e-10
975 4.48218e-10
980 3.72742e-10
999 2.41343e-10
1004 1.32691e-10
1012 1.302e-10
1022 1.05532e-10
1029 1.04063e-10
1046 4.3203e-11
1052 2.50886e-11
1068 1.78979e-11
1091 1.73909e-11
1095 3.16786e-12
1108 9.41538e-13
1167 6.66172e-13
1174 3.62656e-13
1203 3.57981e-13
1209 2.00954e-13
1227 1.07429e-13
1233 8.191e-14
1262 6.51707e-14
1268 3.39092e-14
