1 2412780.0
6 2330040.0
10 2200030.0
19 2021450.0
27 2000630.0
29 1959200.0
32 1870820.0
34 1809610.0
42 1532060.0
52 1513680.0
53 1046250.0
66 898872.0
73 513217.0
74 458942.0
85 386916.0
93 331102.0
95 197625.0
144 191851.0
148 182012.0
152 160527.0
161 146980.0
170 118057.0
178 96740.8
192 94018.9
196 89388.9
197 88335.3
204 63352.3
213 60547.3
232 56632.9
234 55128.6
237 29807.4
242 23355.5
243 17523.3
247 16094.4
257 9749.0
259 7405.21
283 5153.21
302 1215.17
377 1196.43
380 1156.11
381 1111.15
383 1031.85
387 941.891
436 929.098
444 916.85
458 914.567
459 913.404
469 907.251
482 904.68
508 903.522
523 903.378
542 903.335
565 903.296
573 903.294
587 903.291
590 903.285
591 903.262
612 903.251
625 903.239
640 903.237
694 903.236
701 903.235
790 903.234
