1 56.5
72 32.2722
83 27.4425
96 26.9307
105 17.9175
109 12.9081
118 12.8031
121 2.64548
188 2.3668
212 2.36221
215 2.14326
225 1.85772
228 1.74926
230 1.49873
236 1.40349
243 1.09525
310 1.08348
315 1.04259
319 1.0191
320 0.99121
329 0.973827
330 0.873774
333 0.806051
338 0.671776
349 0.649142
356 0.621885
357 0.48626
374 0.431837
428 0.371891
437 0.361766
448 0.357138
452 0.352889
458 0.339987
466 0.333423
467 0.325241
484 0.321791
494 0.285186
505 0.2821
508 0.257751
518 0.25682
535 0.245513
541 0.232941
549 0.205403
577 0.19307
584 0.18777
586 0.182821
598 0.154929
612 0.139252
651 0.138419
666 0.120658
685 0.118436
692 0.117099
693 0.10846
701 0.104664
718 0.0998327
723 0.0953666
731 0.0940561
739 0.093909
762 0.0915444
768 0.0896734
780 0.0858657
781 0.0827083
804 0.0801959
811 0.0791801
816 0.078653
826 0.0777443
827 0.0764251
835 0.0755261
836 0.0755086
841 0.0751881
843 0.072976
854 0.0729224
857 0.0705806
864 0.0700037
873 0.0694114
875 0.0690569
884 0.0675348
888 0.0666997
900 0.0648857
901 0.0639925
911 0.0624395
913 0.0558471
919 0.0541223
957 0.0511437
960 0.0495007
969 0.0448943
981 0.0400602
991 0.0399455
999 0.0381291
1008 0.0373194
1010 0.0351082
1025 0.0326143
1035 0.0321111
1045 0.0304277
1049 0.030121
1052 0.0254968
1064 0.0244358
1101 0.0220152
1110 0.020494
1119 0.0201462
1122 0.0185895
1159 0.0184144
1167 0.0178615
1177 0.0177859
1181 0.0173011
1189 0.0165032
1203 0.0164947
1205 0.0163385
1214 0.0158777
1215 0.0157049
1218 0.0153849
1221 0.0148305
1240 0.0147653
1242 0.014067
1246 0.0140363
1252 0.0138491
1257 0.0128536
1274 0.0125577
1283 0.0121763
1289 0.0121334
1290 0.0118089
1317 0.0113951
1324 0.0108309
1337 0.0106245
1338 0.0104948
1341 0.010393
1347 0.010251
1356 0.0102191
1363 0.0101909
1368 0.0101255
1369 0.0101231
1371 0.00979549
1383 0.00937141
1390 0.00923711
1396 0.00903775
1405 0.0088345
1424 0.00872032
1431 0.00867465
1432 0.0086225
1438 0.00836589
1451 0.00828801
1455 0.00808849
1460 0.0076697
1492 0.00756022
1496 0.00688663
1503 0.00666927
1519 0.00646738
1530 0.00633064
1534 0.00601843
1542 0.0059246
1543 0.00567847
1556 0.00555734
1576 0.00551277
1578 0.00526786
1582 0.00526273
1602 0.00526268
1603 0.00524685
1604 0.00496979
1617 0.00488064
1624 0.00443942
1627 0.00424867
1734 0.00418033
1741 0.00417344
1748 0.00409579
1758 0.00407401
1773 0.00404215
1778 0.00397788
1783 0.00396642
1806 0.00393851
1814 0.00390268
1817 0.00386954
1824 0.00382452
1830 0.00382116
1835 0.00377167
1838 0.00369492
1847 0.0036701
1852 0.00364167
1859 0.0036346
1872 0.00361826
1876 0.00359739
1881 0.00350916
1882 0.00349376
1883 0.00347641
1884 0.00342012
1892 0.00340293
1903 0.00339734
1914 0.0032586
1937 0.00323415
1948 0.00318572
1959 0.00318511
1962 0.0031364
1975 0.00313029
1983 0.00308196
1989 0.0030494
1992 0.00302124
2007 0.00299763
2010 0.002964
2013 0.0029551
2019 0.00295505
2023 0.00295381
2025 0.00292062
2026 0.0028512
2027 0.00280775
2037 0.00272869
2044 0.00265766
2070 0.00258241
2071 0.00255782
2089 0.00245834
2094 0.00238529
2101 0.00231544
2115 0.00217922
2167 0.00212846
2176 0.00212498
2183 0.00210866
2193 0.00208762
2202 0.00203064
2204 0.00202775
2212 0.0020225
2218 0.00201696
2220 0.00200631
2228 0.00200303
2233 0.00196557
2234 0.00193825
2253 0.00193353
2261 0.00190636
2266 0.00190584
2280 0.0019029
2299 0.00188149
2311 0.00184728
2316 0.00184246
2328 0.00181747
2340 0.00179596
2357 0.00175556
2364 0.00173677
2370 0.00170985
2375 0.00167838
2388 0.00166534
2400 0.00160613
2404 0.00159767
2416 0.00154417
2453 0.00153104
2474 0.00151757
2475 0.00146569
2484 0.00145299
2491 0.00143398
2500 0.00136779
2532 0.00136747
2536 0.0013608
2543 0.00131852
2546 0.00129604
2548 0.00128755
2561 0.00124915
2586 0.00123506
2590 0.00123076
2600 0.00122318
2605 0.00121694
2614 0.00119993
2627 0.00118567
2636 0.00117977
2656 0.00117757
2663 0.00117352
2669 0.00117324
2672 0.00115585
2674 0.00115156
2688 0.00114894
2691 0.00114464
2707 0.00113699
2720 0.00113397
2723 0.00113099
2726 0.00112329
2731 0.00111772
2744 0.00111158
2746 0.00110827
2755 0.00110609
2762 0.00110382
2763 0.00110241
2764 0.00109032
2772 0.00108236
2773 0.00106437
2779 0.00106163
2785 0.00105295
2787 0.00104944
2801 0.00103762
2806 0.00101544
2819 0.00101112
2824 0.000981041
2827 0.000947517
2864 0.000932186
2866 0.000912009
2882 0.000889517
2895 0.000877913
2904 0.000874149
2914 0.000869097
2920 0.000859612
2925 0.000851086
2927 0.000843803
2937 0.000842007
2944 0.000827056
2958 0.000824833
2973 0.00081736
3004 0.000805468
3005 0.000803923
3012 0.0007994
3018 0.000792799
3028 0.00077927
3051 0.000769779
3056 0.000763881
3065 0.000751339
3084 0.000749615
3098 0.000745964
3100 0.000745062
3105 0.000744474
3107 0.000743404
3113 0.00073498
3115 0.000734807
3116 0.000724062
3124 0.000715862
3132 0.000707325
3138 0.000706875
3139 0.000701924
3142 0.000696947
3148 0.000695623
3157 0.000693382
3160 0.000686724
3163 0.000674287
3166 0.000656541
3186 0.000643514
3226 0.00063438
3234 0.000619865
3253 0.000614578
3260 0.000603793
3288 0.00059674
3304 0.00059403
3305 0.000584099
3311 0.000580075
3312 0.000577724
3319 0.000574408
3323 0.000565829
3359 0.000553158
3363 0.000543379
3386 0.000516355
3419 0.000516173
3420 0.00051338
3429 0.00051227
3432 0.000508083
3451 0.000505656
3461 0.000503927
3472 0.00050212
3473 0.000496546
3480 0.000492465
3496 0.000487723
3498 0.000483157
3508 0.000476705
3524 0.00047436
3525 0.000471114
3539 0.000469135
3543 0.000462943
3554 0.000449945
3569 0.000444124
3571 0.00044138
3572 0.000435528
3591 0.000428266
3606 0.000427071
3617 0.000419195
3620 0.000410511
3626 0.000409756
3633 0.000406668
3637 0.000405942
3643 0.000402665
3661 0.000399146
3667 0.00039879
3683 0.000398562
3685 0.000396176
3686 0.00038927
3690 0.000388844
3701 0.000388421
3702 0.000380708
3706 0.000372499
3724 0.000364864
3767 0.000364601
3770 0.00036422
3771 0.000361282
3784 0.000355935
3820 0.000355108
3823 0.000351069
3831 0.000350627
3832 0.000348172
3844 0.000344347
3852 0.00034312
3853 0.000340749
3858 0.000331295
3867 0.000326355
3876 0.000324956
3885 0.000320199
3890 0.000320112
3894 0.000313999
3912 0.000311328
3913 0.00031007
3914 0.000307213
3921 0.000302694
3926 0.000297194
3936 0.000296947
3948 0.000294395
3960 0.00029415
3962 0.000286636
3966 0.000282068
3983 0.000277964
3999 0.00027608
4000 0.000269111
4015 0.00026601
4019 0.000260837
4027 0.000257743
4036 0.000255465
4045 0.000254269
4060 0.00025261
4067 0.000246153
4081 0.000240483
4087 0.000236217
4115 0.000231469
4127 0.000222712
4147 0.000222497
4148 0.000218959
4154 0.000213693
4158 0.000213519
4161 0.00021315
4197 0.000204745
4218 0.000199136
4248 0.000196007
4270 0.000195689
4275 0.000192937
4278 0.000192726
4279 0.00019168
4289 0.00018955
4311 0.000187217
4316 0.000185521
4354 0.000182184
4355 0.000181243
4363 0.00017876
4368 0.000178726
4376 0.00017728
4378 0.000175268
4386 0.000175058
4401 0.000172845
4403 0.000172338
4405 0.000171521
4406 0.00017063
4413 0.000168231
4414 0.000168178
4417 0.00016742
4420 0.000166302
4430 0.000165647
4437 0.000161094
4440 0.000160875
4445 0.000156877
4474 0.000156742
4488 0.000155659
4490 0.000153016
4504 0.000151404
4507 0.000150452
4512 0.000148963
4523 0.000142741
4535 0.000142173
4543 0.000140344
4564 0.000140228
4569 0.000138449
4583 0.0001326
4615 0.000131109
4624 0.000130437
4642 0.000128671
4648 0.000127339
4653 0.000127139
4656 0.000126086
4663 0.000123198
4677 0.000122786
4697 0.000121728
4712 0.00012004
4717 0.000119542
4725 0.000119223
4728 0.000115912
4742 0.000114124
4750 0.000112619
4756 0.000111832
4759 0.000111137
4770 0.000108828
4787 0.000105236
4789 0.000104387
