1 3987200000.0
4 3759910000.0
5 3246440000.0
19 3144740000.0
25 2939810000.0
27 2524080000.0
47 2457510000.0
48 2348260000.0
53 2341130000.0
56 2101920000.0
60 1910550000.0
61 1824550000.0
62 1815380000.0
65 1694090000.0
70 1583340000.0
71 1579310000.0
73 1228460000.0
79 830175000.0
86 781011000.0
102 557068000.0
107 496265000.0
111 356368000.0
112 293286000.0
163 252904000.0
228 243848000.0
238 234277000.0
240 142219000.0
252 122217000.0
272 63838800.0
294 60817000.0
300 56029600.0
303 42289700.0
308 39408300.0
328 32361900.0
330 30420700.0
345 24486000.0
354 22770400.0
367 22504800.0
369 18502800.0
378 9642580.0
415 7431620.0
421 7079670.0
429 5707640.0
441 4259230.0
470 3202990.0
486 3052610.0
500 2865860.0
501 1522400.0
532 1123600.0
547 1105150.0
552 1074860.0
557 1071650.0
571 1044490.0
578 814958.0
588 354852.0
637 283019.0
645 215210.0
675 203739.0
680 176194.0
708 85520.6
736 80984.8
744 39001.5
791 29048.3
816 25085.8
826 21205.9
844 19625.7
850 17827.7
860 13462.8
874 8973.08
881 5772.21
952 4133.66
970 3285.94
978 2676.98
988 1840.69
1010 1770.53
1021 1477.58
1032 1311.34
1069 1215.99
1082 563.568
1105 524.724
1121 422.592
1149 323.675
1160 243.046
1176 182.532
1182 170.016
1207 144.458
1216 114.662
1253 112.999
1279 78.5249
1298 77.6882
1309 68.6256
1310 44.6748
1318 27.4055
1358 24.8104
1361 22.6452
1388 22.4225
1389 19.4629
1397 17.4951
1410 10.0835
1441 9.68084
1473 8.65003
1487 8.44032
1489 6.48432
1496 2.0076
1516 1.12164
1597 0.750545
1619 0.54073
1665 0.482344
1679 0.287885
1685 0.241811
1708 0.228577
1720 0.166187
1740 0.151386
1753 0.14932
1788 0.103431
1798 0.0988059
1824 0.0762833
1837 0.0733446
1858 0.0335002
1881 0.0162788
1950 0.0156401
1961 0.0142847
1971 0.00680179
2055 0.00676084
2060 0.00653184
2077 0.00637577
2081 0.00609434
2082 0.00402723
2084 0.00386508
2086 0.0029978
2164 0.00254021
2172 0.00211337
2174 0.00202108
2180 0.0017847
2191 0.00160498
2197 0.00134878
2210 0.00115748
2225 0.000350099
2291 0.000285492
2339 0.000202611
2363 0.000194491
2389 0.000156385
2432 4.58032e-05
2499 3.25496e-05
2524 2.35028e-05
2549 2.09423e-05
2624 2.07807e-05
2631 1.82553e-05
2648 1.72749e-05
2651 1.49019e-05
2656 9.76847e-06
2667 6.29321e-06
2719 4.69499e-06
2728 4.54357e-06
2739 3.66072e-06
2743 2.8656e-06
2756 2.82557e-06
2767 1.04992e-06
2838 3.63404e-07
2883 2.57016e-07
2932 2.20901e-07
2939 1.86826e-07
2950 1.62819e-07
2953 1.44415e-07
2962 1.27059e-07
3010 9.76888e-08
3012 8.89329e-08
3022 7.81302e-08
3037 4.91815e-08
3063 3.72686e-08
3086 2.7034e-08
3093 2.17173e-08
3114 1.55455e-08
3122 1.28519e-08
3140 8.97329e-09
3162 8.03815e-09
3167 6.5719e-09
3202 6.51838e-09
3205 5.48052e-09
3216 4.70192e-09
3224 4.34115e-09
3227 3.54199e-09
3233 2.4082e-09
3245 2.19769e-09
3279 1.55103e-09
3306 1.54695e-09
3313 1.33899e-09
3324 7.53999e-10
3354 6.41488e-10
3374 3.76368e-10
3406 3.64615e-10
3421 1.63622e-10
3463 1.45466e-10
3491 1.07013e-10
3507 9.09583e-11
3539 5.95086e-11
3546 4.59153e-11
3559 3.58039e-11
3579 3.42433e-11
3592 3.26232e-11
3595 2.1154e-11
3619 1.97094e-11
3626 1.65373e-11
3634 1.58632e-11
3644 1.13139e-11
3662 6.89588e-12
3685 6.83748e-12
3694 6.36833e-12
3695 6.0901e-12
3726 5.58983e-12
3738 4.8038e-12
3742 4.43254e-12
3749 2.67414e-12
3775 2.62631e-12
3778 2.06175e-12
3806 1.67593e-12
3841 1.479e-12
3888 1.2421e-12
3896 1.12256e-12
3910 2.57743e-13
3919 2.16532e-13
3991 1.56397e-13
4027 1.30575e-13
4032 1.21837e-13
4041 8.75006e-14
4078 5.54477e-14
4106 4.89943e-14
4114 4.24978e-14
4116 3.1066e-14
