1 4.92225
471 3.96584
486 3.90911
568 3.52528
581 3.35805
584 3.32042
588 3.15009
600 2.69151
607 2.44704
616 2.28659
622 1.87191
686 1.36638
693 1.07361
720 0.78983
814 0.760883
831 0.693703
865 0.651727
873 0.593565
940 0.502841
976 0.49669
988 0.464179
1014 0.461333
1019 0.445985
1026 0.420968
1058 0.408647
1061 0.400342
1102 0.395378
1128 0.392518
1142 0.385118
1154 0.378705
1166 0.375037
1183 0.371167
1254 0.370251
1303 0.369502
1305 0.369134
1319 0.366459
1333 0.364771
1344 0.363796
1347 0.362319
1354 0.361253
1372 0.361166
1376 0.357102
1378 0.355763
1389 0.354705
1394 0.348574
1400 0.346469
1427 0.343493
1429 0.342239
1451 0.337146
1468 0.33702
1473 0.333009
1478 0.323717
1496 0.313687
1507 0.309853
1521 0.293132
1534 0.290949
1540 0.288765
1541 0.282948
1545 0.278839
1553 0.278424
1562 0.271638
1578 0.26699
1579 0.262996
1583 0.248124
1592 0.241195
1608 0.228404
1624 0.209452
1662 0.208116
1690 0.189528
1707 0.189332
1802 0.183094
1805 0.1795
1817 0.168684
1838 0.153852
1892 0.142468
1903 0.142145
1911 0.140194
1943 0.120373
1979 0.119915
1989 0.111671
2011 0.101588
2022 0.0960768
2037 0.0956545
2042 0.0885346
2043 0.0698411
2166 0.0625942
2183 0.0612727
2195 0.056257
2225 0.0551472
2227 0.0525175
2232 0.0519224
2255 0.0464414
2262 0.0385448
2355 0.0374154
2357 0.036475
2369 0.0336469
2413 0.0320464
2424 0.0309096
2425 0.0304213
2427 0.0288485
2441 0.0267768
2488 0.0264269
2510 0.0248918
2541 0.0240095
2546 0.0232422
2566 0.0229561
2584 0.02217
2586 0.0218689
2602 0.0213077
2603 0.021029
2610 0.0203974
2638 0.0187249
2656 0.0174427
2662 0.014759
2678 0.0147078
2680 0.0142013
2683 0.0107658
2701 0.00859139
2730 0.00843497
2747 0.00812175
2764 0.00635037
2774 0.00623703
2815 0.00368238
2873 0.0026503
2909 0.00240059
2911 0.00222729
2920 0.00216483
2922 0.00207528
2954 0.00109037
2975 0.00100506
2980 0.000956524
3005 0.000714876
3056 0.000661474
3057 0.000552807
3068 0.000435036
3074 0.00042602
3084 0.000328184
3091 0.000266529
3148 0.000181723
3164 0.00016984
3175 0.000163522
3186 0.00013604
3202 9.98721e-05
3257 9.18974e-05
3272 9.17405e-05
3303 8.15697e-05
3314 7.62122e-05
3315 6.57963e-05
3336 4.52958e-05
3385 3.74823e-05
3393 3.6745e-05
3398 3.6565e-05
3402 3.64087e-05
3413 3.53603e-05
3429 2.79938e-05
3438 2.28775e-05
3457 1.98683e-05
3469 1.35552e-05
3523 1.11437e-05
3527 9.83105e-06
3544 9.68479e-06
3567 9.4385e-06
3573 8.90091e-06
3584 8.67358e-06
3596 6.87872e-06
3610 4.4271e-06
3626 2.85451e-06
3677 2.79662e-06
3685 2.3927e-06
3695 1.55013e-06
3736 1.43671e-06
3750 1.24771e-06
3773 1.02022e-06
3785 8.92213e-07
3811 8.41641e-07
3817 8.38003e-07
3829 6.60389e-07
3830 6.45013e-07
3894 6.07303e-07
3906 5.91792e-07
3909 5.70724e-07
3921 5.02421e-07
3925 4.71068e-07
3928 4.62105e-07
3932 4.0547e-07
3933 3.6446e-07
3935 3.07038e-07
3974 2.65371e-07
3975 2.29593e-07
3983 1.44979e-07
4000 1.28989e-07
4027 1.12471e-07
4053 8.45507e-08
4078 6.97081e-08
4122 6.60909e-08
4128 6.60417e-08
4143 6.2157e-08
4158 4.74912e-08
4170 2.91721e-08
4195 2.70133e-08
4200 2.38555e-08
4208 2.20782e-08
4212 2.13357e-08
4218 2.13006e-08
4226 2.12343e-08
4235 1.49037e-08
4245 1.22669e-08
4277 7.6509e-09
4282 7.23037e-09
4372 6.30531e-09
4406 5.30071e-09
4415 5.08721e-09
4419 4.9836e-09
4438 4.05627e-09
4440 3.18868e-09
4442 2.45764e-09
4446 2.35362e-09
4500 1.97429e-09
4504 1.72598e-09
4523 1.38885e-09
4551 1.324e-09
4553 6.58917e-10
4608 5.88823e-10
4621 5.75681e-10
4635 4.20214e-10
4656 4.15676e-10
4659 3.83226e-10
4662 2.50727e-10
4668 1.97654e-10
4731 1.63033e-10
4735 1.27419e-10
4778 1.24443e-10
4782 1.18463e-10
4793 1.12262e-10
4802 8.54472e-11
4807 8.1379e-11
4832 7.58342e-11
4837 7.14003e-11
4845 6.79585e-11
4857 4.85421e-11
4862 4.50993e-11
4882 3.89354e-11
4918 3.65688e-11
4926 3.43948e-11
4942 2.82272e-11
4972 2.19711e-11
