1 0.291449
732 0.26179
761 0.23025
784 0.22781
785 0.226348
795 0.212557
836 0.208774
866 0.207971
869 0.206166
873 0.203593
886 0.200131
891 0.191981
928 0.186138
964 0.175215
1026 0.172847
1068 0.17166
1070 0.168382
1099 0.168004
1101 0.167688
1103 0.167378
1118 0.166525
1145 0.165633
1181 0.16456
1212 0.164533
1215 0.162697
1225 0.162397
1332 0.161757
1364 0.159688
1468 0.159684
1513 0.159672
1516 0.159541
1536 0.159482
1543 0.159343
1575 0.159319
1595 0.159187
1609 0.159147
1622 0.159124
1624 0.159071
1631 0.159008
1642 0.158934
1667 0.158886
1683 0.158753
1699 0.15875
1797 0.158722
1824 0.158714
1834 0.158711
1845 0.158679
1853 0.158642
1887 0.158641
1894 0.158628
1934 0.158622
1950 0.158617
1967 0.158605
1984 0.158603
1988 0.158602
1992 0.158584
2072 0.158576
2089 0.158575
2181 0.158574
2186 0.158572
2203 0.158565
2217 0.158561
2240 0.15856
2246 0.158547
2256 0.158542
2279 0.158541
2282 0.15854
2293 0.158538
2295 0.158533
2298 0.158527
2301 0.158521
2314 0.158511
2337 0.158484
2368 0.158446
2407 0.158424
2418 0.158403
2421 0.158389
2426 0.158383
2427 0.158361
2438 0.158307
2442 0.158289
2459 0.158246
2462 0.158198
2476 0.158183
2484 0.158149
2499 0.15808
2511 0.158069
2515 0.157983
2522 0.157791
2544 0.157789
2566 0.157726
2582 0.157641
2588 0.157619
2616 0.157609
2622 0.157573
2634 0.157377
2666 0.157286
2691 0.157254
2693 0.157226
2712 0.157003
2743 0.156985
2768 0.156819
2828 0.156785
2832 0.156711
2837 0.156687
2868 0.156662
2884 0.156616
2895 0.156586
2903 0.156585
2908 0.156582
2910 0.156546
2919 0.156524
2931 0.156451
2939 0.156409
2952 0.156401
2967 0.156355
2973 0.156351
2975 0.156339
2976 0.156292
2981 0.156289
2985 0.156216
2994 0.156178
3004 0.155904
3031 0.155848
3051 0.1556
3060 0.155414
3092 0.155298
3122 0.155087
3159 0.154919
3162 0.154868
3171 0.154742
3226 0.154634
3236 0.154576
3255 0.15455
3256 0.154383
3266 0.154379
3276 0.154252
3294 0.154061
3340 0.154028
3362 0.153855
3380 0.153741
3401 0.153647
3403 0.153606
3419 0.153504
3425 0.153299
3455 0.153295
3461 0.153278
3464 0.153205
3473 0.153195
3474 0.152904
3487 0.152535
3522 0.152339
3530 0.1523
3539 0.152154
3543 0.151885
3564 0.151843
3588 0.151823
3592 0.151507
3606 0.151413
3609 0.151138
3616 0.151135
3625 0.151035
3640 0.150468
3645 0.150165
3689 0.150124
3695 0.149915
3696 0.149634
3703 0.149582
3726 0.149366
3733 0.149345
3742 0.149065
3747 0.148904
3758 0.14872
3763 0.148507
3783 0.148377
3799 0.148335
3806 0.148099
3812 0.14777
3855 0.147514
3883 0.147477
3904 0.147406
3911 0.147248
3916 0.147241
3919 0.146973
3928 0.146737
3962 0.14653
3976 0.146496
3982 0.145816
4050 0.145648
4093 0.14518
4113 0.144894
4120 0.144582
4150 0.144347
4167 0.144261
4182 0.143827
4193 0.143346
4225 0.143001
4226 0.142786
4244 0.14276
4298 0.142521
4305 0.142186
4328 0.142125
4353 0.142017
4366 0.141658
4440 0.141486
4466 0.141436
4467 0.141387
4492 0.141333
4497 0.141324
4580 0.141246
4612 0.141245
4632 0.141218
4644 0.141147
4713 0.141132
4730 0.141119
4747 0.141098
4759 0.141089
4771 0.141054
4788 0.141038
4819 0.140981
4881 0.14098
4883 0.140967
4913 0.140949
4926 0.140927
4936 0.140923
4942 0.140913
4957 0.140854
4973 0.140844
4988 0.140839
4999 0.140831
5001 0.140773
5013 0.140705
5028 0.140684
5037 0.140661
5038 0.140647
5042 0.140609
5046 0.140583
5052 0.140495
5074 0.140479
5089 0.140369
5097 0.140348
5098 0.140187
5114 0.140076
5133 0.139968
5152 0.139777
5153 0.139746
5160 0.139734
5165 0.139534
5171 0.139365
5194 0.138907
5234 0.138756
5244 0.138459
5264 0.137645
5289 0.137617
5300 0.137095
5327 0.136539
5328 0.136085
5332 0.135523
5344 0.135501
5348 0.13419
5351 0.133859
5362 0.132903
5375 0.130639
5384 0.130042
5403 0.1262
5434 0.124605
5444 0.11929
5475 0.113474
5507 0.112714
5510 0.112661
5526 0.106555
5534 0.102495
5545 0.0989817
5552 0.0984442
5556 0.0970797
5569 0.0904812
5618 0.0904363
5620 0.079316
5632 0.0677925
5656 0.0666244
5723 0.0660604
5726 0.059552
5828 0.0593621
5835 0.0581653
5885 0.0578009
5918 0.0573724
5927 0.0567941
5941 0.0567111
5957 0.0561889
5980 0.0556295
5991 0.0550993
6029 0.0542327
6083 0.0542251
6107 0.0539206
6135 0.0538934
6137 0.0534672
6159 0.0532143
6160 0.0531218
6197 0.0528252
6215 0.0525921
6218 0.0524308
6242 0.0523762
6272 0.0519737
6296 0.0518346
6307 0.0514845
6326 0.0514743
6332 0.0509138
6347 0.0508615
6348 0.0504339
6370 0.0499827
6376 0.0494324
6405 0.0490454
6425 0.047981
6447 0.0478479
6457 0.0473611
6458 0.0471658
6465 0.0471298
6473 0.0469888
6474 0.0464265
6491 0.0462798
6513 0.0454758
6530 0.0446331
6539 0.0434005
6553 0.0427236
6563 0.0417712
6567 0.0415046
6583 0.038
6604 0.0365445
6617 0.0365219
6632 0.0359583
6633 0.0322977
6677 0.0313521
6695 0.0300484
6701 0.0276182
6721 0.0247552
6777 0.0238675
6786 0.0232891
6818 0.0207636
6824 0.019559
6840 0.0181098
6853 0.0169478
6858 0.0155096
6875 0.0148949
6923 0.0142361
6935 0.0137702
6936 0.0128151
6946 0.0122649
6964 0.0121845
6972 0.0111415
6995 0.0109553
7024 0.0103025
7046 0.00992871
7062 0.00990429
7073 0.00955954
7094 0.00872068
7105 0.00858269
7114 0.00808565
7129 0.00738989
7133 0.00624292
7150 0.00562462
7215 0.00531245
7243 0.00462291
7303 0.00448655
7309 0.00446733
7311 0.0043054
7317 0.00424872
7324 0.00421396
7334 0.00408627
7362 0.00390715
7368 0.00388167
7372 0.00380558
7388 0.00377694
7391 0.00348053
7427 0.00332667
7490 0.00322692
7497 0.00318543
7532 0.00313176
7534 0.00303014
7580 0.00298213
7612 0.00293328
7621 0.00290303
7644 0.00285641
7657 0.00285413
7666 0.00282794
7679 0.00281614
7683 0.00278758
7696 0.00275654
7718 0.00273772
7726 0.00270475
7791 0.00269347
7816 0.00262731
7893 0.0026157
7895 0.00258599
7925 0.00257107
7933 0.00256848
7963 0.00256801
7964 0.00256549
7975 0.00255747
7986 0.00255723
7988 0.002542
8002 0.0025346
