1 26.75
144 23.3219
155 18.0413
156 17.1624
157 11.8353
272 11.5492
278 9.58605
282 8.32732
287 7.59419
292 7.34129
307 4.26838
345 2.91773
388 2.47883
532 2.02337
543 1.91224
553 1.42265
581 1.3695
641 1.29511
644 1.2083
660 1.19083
690 1.07713
701 0.94815
749 0.935643
752 0.864662
770 0.825064
802 0.758161
827 0.747173
860 0.734435
862 0.692012
933 0.678753
942 0.674148
943 0.672316
965 0.663869
973 0.647221
1000 0.646567
1038 0.638504
1061 0.635694
1068 0.630751
1100 0.628303
1115 0.62653
1124 0.626513
1135 0.625367
1138 0.62393
1171 0.619332
1233 0.616342
1248 0.61243
1269 0.612199
1290 0.610553
1306 0.608612
1337 0.608195
1360 0.606557
1371 0.606089
1379 0.605136
1411 0.604535
1414 0.604327
1415 0.604162
1420 0.602707
1442 0.601142
1444 0.601053
1448 0.600387
1462 0.600056
1463 0.599621
1474 0.598881
1475 0.597583
1491 0.596305
1512 0.595428
1536 0.594421
1547 0.594349
1560 0.593058
1575 0.592781
1578 0.592691
1582 0.589786
1591 0.587445
1616 0.586864
1618 0.586017
1623 0.585883
1633 0.585125
1650 0.584326
1665 0.582464
1675 0.581931
1691 0.581408
1695 0.578157
1702 0.577315
1703 0.576776
1707 0.575369
1723 0.575106
1726 0.570509
1739 0.569105
1767 0.563771
1772 0.560948
1802 0.558077
1836 0.557295
1841 0.5553
1847 0.554752
1853 0.553651
1875 0.552429
1888 0.550392
1894 0.5496
1905 0.547859
1913 0.546481
1928 0.546121
1937 0.545288
1946 0.544738
1952 0.543341
1954 0.539345
1964 0.53779
1992 0.534609
2025 0.53397
2051 0.530319
2082 0.53028
2085 0.528823
2089 0.527958
2090 0.526296
2107 0.523225
2114 0.522402
2125 0.521434
2135 0.519713
2140 0.516365
2158 0.515705
2164 0.513131
2189 0.513074
2192 0.512891
2198 0.5095
2204 0.508418
2213 0.507916
2219 0.506084
2254 0.504805
2267 0.504322
2274 0.501625
2290 0.501198
2304 0.500001
2305 0.497828
2309 0.497255
2314 0.494585
2322 0.494146
2327 0.493819
2339 0.49344
2351 0.491416
2367 0.489447
2392 0.486219
2397 0.485063
2406 0.482616
2417 0.481963
2441 0.477809
2449 0.475277
2485 0.470326
2509 0.46424
2540 0.463852
2563 0.463138
2567 0.460134
2603 0.457309
2614 0.455652
2642 0.455249
2652 0.448536
2688 0.44498
2693 0.440791
2733 0.439685
2741 0.437445
2757 0.435056
2764 0.427583
2808 0.421363
2827 0.412659
2892 0.40983
2913 0.40926
2916 0.408389
2929 0.406788
2973 0.403265
2986 0.401801
3007 0.398138
3020 0.394743
3048 0.388759
3097 0.387567
3107 0.385724
3121 0.383445
3163 0.381104
3192 0.380476
3195 0.377334
3212 0.376729
3218 0.37581
3237 0.374714
3238 0.37371
3248 0.373004
3255 0.372724
3271 0.371444
3323 0.369396
3332 0.368367
3337 0.368308
3341 0.365143
3348 0.363949
3385 0.362892
3411 0.361781
3431 0.357433
3436 0.356653
3527 0.356341
3529 0.356242
3542 0.355665
3544 0.355105
3552 0.353686
3589 0.353119
3594 0.352162
3612 0.352052
3615 0.350899
3619 0.350647
3626 0.348304
3663 0.347945
3686 0.34767
3706 0.346463
3720 0.346329
3721 0.345042
3747 0.344364
3760 0.344124
3771 0.343979
3773 0.34303
3776 0.342804
3780 0.342235
3785 0.341808
3833 0.341057
3852 0.340699
3860 0.340234
3880 0.339595
3894 0.338313
3924 0.337874
3928 0.337826
3931 0.337797
3953 0.337025
3963 0.336833
3973 0.336071
3983 0.335405
4008 0.335175
4015 0.334458
4022 0.334433
4047 0.33428
4048 0.334029
4056 0.333994
4066 0.333905
4078 0.333846
4082 0.33382
4084 0.332497
4107 0.331836
4115 0.331623
4119 0.331363
4125 0.330787
4128 0.33077
4132 0.330196
4133 0.32973
4141 0.328798
4149 0.326938
4182 0.32625
4190 0.325863
4192 0.325117
4220 0.324247
4227 0.323441
4241 0.322539
4248 0.322524
4254 0.32215
4269 0.320825
4270 0.319643
4274 0.319557
4287 0.318933
4288 0.31726
4291 0.31613
4294 0.314768
4308 0.314277
4313 0.306269
4346 0.306241
4392 0.302968
4424 0.302762
4428 0.300668
4438 0.298323
4443 0.29635
4455 0.293274
4472 0.292027
4513 0.291398
4522 0.288916
4523 0.286675
4535 0.283683
4584 0.281354
4625 0.279433
4639 0.277992
4646 0.277333
4654 0.274172
4671 0.274101
4694 0.274033
4702 0.272725
4710 0.272471
4717 0.271756
4720 0.269362
4758 0.268609
4759 0.268088
4762 0.267034
4782 0.266417
4796 0.265725
4804 0.265684
4805 0.265383
4820 0.263904
4826 0.262744
4843 0.262634
4846 0.259233
4894 0.256177
4933 0.254464
4934 0.253892
4938 0.251318
4959 0.250593
4980 0.244379
5027 0.243968
5056 0.243619
5067 0.243042
5075 0.241976
5082 0.24175
5092 0.240511
5110 0.239495
5131 0.238665
5133 0.238264
5136 0.237026
5155 0.235861
5181 0.235265
5187 0.235172
5198 0.234072
5204 0.23272
5210 0.232154
5213 0.230816
5224 0.230701
5231 0.229483
5236 0.227826
5265 0.22676
5281 0.225358
5289 0.225165
5293 0.22299
5330 0.222698
5336 0.221927
5339 0.220688
5355 0.220607
5361 0.220217
5368 0.219873
5384 0.216533
5421 0.215973
5424 0.215918
5432 0.215569
5434 0.215059
5444 0.214188
5453 0.213717
5458 0.213237
5462 0.213179
5473 0.212771
5476 0.212197
5487 0.210757
5498 0.20893
5506 0.208075
5512 0.207288
5526 0.206744
5569 0.204696
5579 0.202393
5582 0.201886
5606 0.201488
5609 0.20073
5613 0.199651
5630 0.19895
5640 0.198159
5643 0.196631
5674 0.195841
5697 0.195421
5704 0.195162
5709 0.195012
5727 0.194204
5728 0.194074
5756 0.193735
5773 0.193696
5781 0.193481
5782 0.192677
5793 0.192597
5794 0.192168
5795 0.191595
5816 0.191512
5819 0.191306
5830 0.190983
5835 0.190828
5844 0.19013
5862 0.188407
5897 0.188332
5905 0.188091
5909 0.185839
5964 0.185785
6006 0.185709
6013 0.184956
6032 0.184384
6051 0.184355
6059 0.18393
6078 0.183913
6085 0.183593
6091 0.183008
6112 0.182857
6136 0.182541
6144 0.18196
6162 0.181746
6209 0.181458
6212 0.181286
6229 0.18107
6230 0.180521
6234 0.180428
6241 0.180202
6258 0.179843
6266 0.179026
6292 0.177858
6339 0.177377
6369 0.177213
6384 0.176159
6402 0.17542
6414 0.17516
6418 0.174966
6431 0.174913
6434 0.174697
6436 0.174134
6438 0.173834
6458 0.172055
6502 0.171097
6562 0.170511
6565 0.170044
6587 0.169179
6591 0.168849
6601 0.168069
6648 0.167518
6652 0.167276
6668 0.167161
6682 0.166757
6683 0.166705
6688 0.166356
6709 0.165725
6724 0.165658
6748 0.165568
6754 0.165434
6769 0.165305
6773 0.165217
6775 0.164962
6784 0.164945
6794 0.164933
6802 0.164409
6810 0.16425
6819 0.164246
6825 0.164201
6833 0.164027
6837 0.163885
6838 0.163698
6839 0.163598
6842 0.163594
6852 0.163456
6854 0.163079
6859 0.163034
6877 0.162865
6878 0.162573
6882 0.161541
6905 0.161211
6923 0.160487
6924 0.1599
6929 0.159787
6936 0.159438
6951 0.158793
6958 0.157735
6999 0.155635
7047 0.155064
7089 0.154252
7120 0.153624
7125 0.153461
7134 0.153129
7144 0.152286
7149 0.152093
7155 0.151375
7185 0.15116
7193 0.150791
7198 0.150718
7202 0.150172
