1 1031.15
2 873.447
5 871.413
9 525.712
18 326.657
25 294.853
26 226.798
30 15.1103
40 0.420914
65 0.063584
83 0.000863609
173 0.000611325
192 0.000575611
238 4.30618e-05
278 1.41957e-05
308 7.43461e-06
312 6.68133e-06
314 2.21368e-06
323 3.77013e-07
345 9.99404e-09
377 3.35308e-09
455 3.09989e-09
482 7.75076e-10
513 5.0194e-10
516 2.2911e-10
526 1.89398e-10
531 2.00724e-11
565 4.8666e-12
570 2.66845e-12
599 2.06127e-12
611 1.86218e-12
625 1.48205e-12
626 7.26771e-13
642 3.73541e-14
692 2.14564e-14
711 1.91729e-14
713 1.91516e-14
717 1.41448e-14
720 4.27149e-15
742 2.95311e-16
