1 64.0
76 56.0878
82 55.0668
85 50.7751
87 44.5101
88 42.8148
105 36.2749
119 23.7547
145 17.7951
182 16.4048
192 14.5386
217 13.1453
229 11.8813
241 10.0523
257 8.68209
269 8.45972
278 8.35093
292 8.3235
313 8.10636
337 8.03788
338 8.03683
345 7.95493
356 7.92886
359 7.6518
368 7.52327
375 7.49154
381 7.46898
385 7.44848
390 7.41733
396 7.39643
401 7.27274
408 7.23601
441 7.2193
483 7.21308
516 7.19507
521 7.18822
533 7.18123
561 7.17786
669 7.17554
670 7.16936
686 7.16683
712 7.16543
869 7.16531
876 7.16504
882 7.16494
897 7.16483
905 7.16478
909 7.16437
945 7.16364
963 7.16342
982 7.16333
993 7.16327
996 7.16319
1007 7.16315
1019 7.16311
1055 7.16309
1068 7.16301
1085 7.16294
1092 7.16276
1102 7.16271
1168 7.16265
1173 7.16261
1196 7.1626
1198 7.16259
1206 7.16257
1228 7.16256
1237 7.16255
1336 7.16254
1363 7.16253
1396 7.16251
1516 7.1625
