1 1808.85
68 1592.6
82 1313.59
102 579.472
168 433.117
183 120.677
264 106.776
270 104.664
274 99.7922
285 93.612
291 91.2263
292 89.6164
294 75.0951
300 69.6679
318 66.4603
322 59.5885
323 50.3151
354 47.4029
367 42.9905
369 41.1159
371 39.8196
374 36.3432
405 35.741
437 33.2356
458 33.1077
463 32.9746
470 31.7844
473 31.1048
476 30.5017
571 30.0453
580 28.1281
629 27.9094
642 27.2434
643 27.1414
659 27.1276
682 27.0786
688 26.9783
712 26.8827
730 26.6618
762 26.6427
770 26.6364
773 26.5559
793 26.4355
826 26.4347
881 26.3976
892 26.3384
949 26.2939
974 26.2848
1045 26.2742
1059 26.2699
1161 26.2668
1219 26.2664
1221 26.2639
1245 26.2595
1388 26.2585
1410 26.257
1629 26.2567
1741 26.2562
1770 26.2557
1771 26.2552
1821 26.255
1858 26.2546
1869 26.2545
1875 26.2544
1897 26.2541
1945 26.2539
1947 26.2537
1972 26.2534
2040 26.2532
2109 26.2531
2111 26.2528
2146 26.2527
2235 26.2526
2281 26.2525
2346 26.2524
