1 1808.0
68 1591.33
82 1314.16
102 579.938
168 433.416
189 344.541
198 95.0584
308 82.3859
323 56.9453
345 51.365
363 46.8796
369 41.5551
378 40.877
410 40.8491
415 34.4848
421 30.3504
473 29.4444
522 29.2842
569 29.2254
579 29.1181
589 28.0441
596 27.8866
606 27.8072
615 27.5482
627 27.303
642 27.0354
659 26.9935
663 26.8862
665 26.874
680 26.8259
698 26.8136
711 26.7936
736 26.7489
740 26.6718
749 26.598
750 26.5847
768 26.5208
773 26.5102
793 26.4686
795 26.4462
804 26.4323
807 26.4162
809 26.3836
844 26.3753
852 26.374
861 26.3619
887 26.3451
899 26.3278
908 26.3185
915 26.3087
937 26.3053
958 26.3012
961 26.2956
1010 26.2945
1051 26.2913
1085 26.2886
1096 26.2873
1104 26.2846
1121 26.2834
1126 26.2815
1135 26.2808
1173 26.2785
1200 26.2783
1224 26.2782
1236 26.278
1237 26.2778
1260 26.2759
1278 26.2757
1289 26.2744
1333 26.2741
1348 26.2739
1356 26.2738
1433 26.2735
1441 26.2733
1443 26.2732
1518 26.273
1597 26.2729
1638 26.2728
