1 112.0
13 101.349
54 86.6328
106 68.8577
111 57.3203
140 46.3692
163 40.0872
170 35.1915
178 28.6496
202 25.2923
212 24.8542
213 21.966
223 18.3711
315 17.9808
317 17.8374
345 17.2006
354 16.9193
359 16.8899
365 16.7077
372 16.0192
381 15.7107
413 15.6633
423 15.62
441 15.4437
454 15.3627
475 15.2603
499 15.2373
502 15.168
519 15.1211
546 15.0467
617 15.0216
627 15.0192
631 15.0109
642 14.9989
651 14.9903
709 14.9887
715 14.985
721 14.9804
794 14.9781
813 14.9724
841 14.9669
896 14.9647
979 14.9646
981 14.964
1030 14.9638
1052 14.9634
1073 14.963
1214 14.9629
1252 14.9628
1309 14.9626
1570 14.9625
