1 0.0267398
949 0.0251039
980 0.0167001
992 0.0164037
1003 0.0148378
1044 0.0122197
1054 0.0119916
1075 0.00908877
1176 0.00821568
1202 0.00771491
1219 0.00706189
1225 0.00691395
1242 0.0068896
1244 0.00674322
1263 0.00657195
1294 0.00640322
1298 0.00635253
1305 0.00620574
1329 0.00609151
1348 0.00601066
1360 0.00592795
1413 0.00583574
1458 0.00577478
1494 0.00571963
1513 0.00558591
1532 0.00557945
1537 0.00557534
1538 0.00556123
1548 0.00554247
1549 0.00551947
1553 0.00549092
1561 0.005399
1579 0.00534515
1592 0.00534289
1599 0.00512144
1619 0.00505851
1624 0.00502077
1627 0.00496247
1643 0.0049621
1645 0.00491229
1686 0.00424549
1708 0.00418155
1725 0.00385697
1779 0.00384765
1799 0.00381148
1802 0.00374803
1803 0.00373414
1817 0.00361141
1841 0.00356853
1869 0.00348101
1905 0.00344724
1917 0.0033322
1964 0.0032981
2043 0.00325793
2076 0.00325248
2106 0.00325067
2107 0.0032303
2122 0.00322515
2124 0.00321309
2131 0.00321112
2146 0.00320666
2147 0.00319144
2164 0.0031761
2176 0.00317561
2185 0.00317014
2195 0.00316001
2222 0.00315162
2232 0.00314731
2237 0.00311412
2252 0.00307551
2277 0.00305095
2302 0.00304256
2303 0.00299488
2312 0.00297834
2333 0.00295355
2389 0.00291846
2424 0.00291454
2433 0.00290544
2436 0.0028832
2465 0.00286854
2477 0.00286362
2497 0.00285927
2499 0.0028478
2510 0.00284733
2523 0.00283749
2529 0.00283147
2532 0.00282922
2552 0.00282607
2557 0.00282589
2574 0.00282497
2602 0.00282453
2606 0.00281854
2626 0.00281768
2632 0.00281744
2638 0.00281691
2640 0.0028137
2642 0.00281244
2653 0.00280811
2668 0.00280808
2698 0.00280408
2727 0.00280321
2753 0.00280246
2787 0.00280227
2793 0.00280199
2808 0.00280098
2824 0.00280086
2863 0.00280058
2880 0.00280045
2886 0.0028004
2892 0.00280032
2893 0.00280009
2910 0.00279997
3025 0.00279991
3042 0.00279984
3056 0.00279982
3115 0.0027998
3126 0.00279978
3215 0.00279977
3361 0.00279976
