1 0.00531317
132 0.00302422
258 0.00276897
286 0.00276198
289 0.00271607
290 0.00254866
304 0.00249376
311 0.00244277
328 0.00234505
331 0.00234133
342 0.00211084
343 0.00209194
347 0.00184498
365 0.00177167
369 0.00167308
379 0.00165983
387 0.00152558
392 0.00118917
446 0.000957933
458 0.000949353
482 0.000942296
487 0.000888791
520 0.000861888
541 0.000854684
546 0.000819141
573 0.000815885
633 0.000813921
651 0.000813833
662 0.000812664
688 0.00081248
694 0.000812427
701 0.000811704
703 0.000810466
707 0.000809078
722 0.000809065
724 0.000808715
734 0.000805812
748 0.000804598
750 0.000799023
760 0.000798272
767 0.000795519
768 0.000795206
784 0.000787715
792 0.000787272
797 0.000785947
799 0.000780353
807 0.000775158
814 0.000772358
854 0.000767483
891 0.000759194
901 0.000750663
914 0.000746115
918 0.000742198
922 0.000740144
935 0.000729915
1011 0.000729839
1017 0.000725348
1019 0.000723916
1025 0.000723769
1030 0.000720194
1034 0.000718231
1045 0.00071679
1047 0.000709763
1061 0.000706458
1073 0.000704147
1074 0.000699001
1080 0.000696242
1082 0.000695325
1084 0.000690738
1090 0.000688303
1108 0.000683979
1110 0.00068196
1111 0.000677464
1114 0.00067459
1119 0.000666824
1128 0.000666141
1130 0.00065212
1140 0.000643751
1150 0.000632929
1155 0.000586374
1158 0.000584304
1166 0.000578484
1244 0.000577485
1255 0.000543961
1270 0.000532871
1293 0.000526046
1297 0.000497854
1303 0.00040312
1328 0.000394425
1370 0.000374975
1371 0.000369243
1372 0.000367846
1384 0.000366263
1397 0.000361272
1400 0.000358505
1406 0.000354997
1415 0.000354222
1418 0.000351666
1423 0.000350365
1433 0.000344841
1436 0.000338381
1499 0.000337418
1501 0.000336172
1502 0.000333289
1515 0.000329388
1524 0.000327452
1532 0.00032265
1552 0.000321814
1556 0.00031649
1562 0.000314307
1583 0.000314239
1588 0.000309864
1612 0.000309502
1626 0.000308382
1634 0.00030836
1638 0.000308327
1645 0.000307703
1654 0.000307626
1675 0.00030761
1685 0.000307559
1699 0.000307547
1701 0.000307542
1707 0.000307532
1710 0.000307527
1731 0.000307525
1735 0.000307512
1737 0.000307511
1754 0.00030751
1760 0.000307507
1765 0.000307506
