1 1031.65
2 874.01
5 872.233
9 525.584
18 326.88
25 294.591
26 226.84
30 15.1162
40 0.420514
65 0.0635791
83 0.000863414
173 0.000610916
192 0.000575988
238 4.30316e-05
278 1.41896e-05
308 7.42974e-06
312 6.68712e-06
314 2.21279e-06
323 3.76828e-07
345 9.98625e-09
377 3.34991e-09
455 3.09919e-09
482 7.74527e-10
513 5.01906e-10
516 2.29179e-10
526 1.89443e-10
531 2.00523e-11
565 4.87075e-12
570 2.67112e-12
599 2.06111e-12
611 1.86238e-12
625 1.48329e-12
626 7.26711e-13
642 3.73858e-14
692 2.14683e-14
711 1.91714e-14
713 1.91496e-14
717 1.4146e-14
720 4.27108e-15
742 2.95475e-16
