1 0.0386174
379 0.027629
553 0.0225416
609 0.0208278
614 0.0201718
625 0.0184379
635 0.0179997
639 0.0177094
665 0.0175074
669 0.0136858
673 0.0131757
697 0.012035
701 0.0114071
703 0.0111338
712 0.0107131
723 0.00982767
734 0.00977442
743 0.00912229
752 0.00846346
767 0.00840424
775 0.00820691
777 0.0076501
780 0.00748154
783 0.00711917
852 0.00650183
888 0.00606054
895 0.00556821
910 0.00545432
948 0.00531366
965 0.00523186
968 0.00513359
974 0.00500428
981 0.00500049
994 0.00496782
995 0.00488715
1001 0.00478725
1012 0.00474545
1026 0.00469352
1032 0.00468074
1041 0.00460709
1042 0.00450357
1045 0.00446701
1069 0.00439955
1084 0.00433847
1103 0.00425125
1115 0.00422512
1125 0.00420406
1136 0.00410542
1142 0.0039932
1145 0.00395229
1161 0.00381987
1165 0.0038111
1198 0.00376162
1207 0.00368887
1238 0.0036864
1241 0.00365143
1243 0.00363604
1245 0.00362904
1260 0.00362901
1266 0.0036222
1291 0.00360153
1303 0.00357692
1327 0.00357156
1332 0.0035552
1347 0.00354688
1373 0.00354576
1391 0.00353241
1426 0.00352885
1437 0.00352817
1460 0.00352599
1474 0.00352591
1481 0.0035251
1482 0.00352485
1492 0.00352181
1519 0.00352074
1534 0.00352034
1578 0.00351987
1595 0.00351984
1597 0.00351956
1603 0.00351825
1634 0.00351789
1645 0.00351746
1667 0.0035173
1707 0.0035172
1718 0.00351706
1740 0.00351697
1803 0.00351695
1804 0.00351694
1808 0.00351692
1814 0.00351691
1840 0.0035169
1847 0.00351689
1894 0.00351688
