1 7926690.0
6 3249540.0
10 3170870.0
11 2404970.0
19 1818980.0
26 1726570.0
35 1314430.0
43 597529.0
55 590913.0
82 534768.0
88 507099.0
91 295093.0
107 255675.0
111 236228.0
113 228575.0
115 190925.0
123 190555.0
124 148259.0
135 142749.0
138 110610.0
147 100182.0
158 96737.3
172 91498.9
187 90379.6
192 87303.4
206 87108.9
234 86527.5
237 86088.2
259 85988.1
264 85919.6
266 85885.8
270 85868.8
302 85855.3
306 85844.1
316 85841.8
333 85828.0
356 85825.0
382 85823.7
399 85823.5
407 85823.0
413 85822.8
416 85822.6
435 85822.4
442 85822.3
444 85822.2
