1 1615400.0
5 1297740.0
6 909588.0
13 702573.0
16 543995.0
18 493141.0
20 196916.0
26 121553.0
28 97366.4
35 22475.2
42 18089.9
43 9973.93
47 5434.28
61 4182.86
119 3280.67
122 2683.67
130 1873.05
145 1815.3
147 1428.8
152 1254.34
157 968.125
189 815.727
213 773.212
218 662.063
237 621.271
242 579.812
243 555.474
249 550.396
251 483.648
266 362.291
268 334.747
270 313.475
278 169.925
314 163.026
321 106.226
322 104.405
329 68.6081
333 55.4461
341 45.9685
356 30.4794
357 21.8938
362 6.20291
377 2.49602
382 0.766252
409 0.463749
414 0.424186
442 0.153849
463 0.117819
475 0.0640671
482 0.0275875
487 0.00627038
534 0.00449191
545 0.00117462
590 0.000678426
610 0.000554686
611 0.000440466
645 0.000294981
652 0.000206432
653 0.000186145
672 5.86411e-05
740 1.89288e-05
765 1.21259e-05
794 7.31094e-06
838 5.13678e-06
856 2.35012e-06
876 2.12753e-06
883 6.27322e-07
887 4.49702e-07
894 4.15418e-07
914 2.48691e-07
919 1.28879e-07
928 1.7078e-08
993 7.04991e-09
998 5.79834e-09
1004 3.46161e-09
1011 2.60232e-09
1038 1.92424e-09
1043 1.68224e-09
1054 1.43238e-09
1060 2.45505e-10
1087 6.62857e-11
1118 5.82023e-11
1132 3.17094e-11
1138 2.09791e-11
1146 1.08649e-11
1176 3.54382e-12
1188 2.03185e-12
1211 1.89419e-12
1225 8.27474e-13
1248 4.12565e-13
1260 1.27757e-13
1305 1.0441e-13
1309 6.51697e-14
1321 1.72599e-14
1340 1.3107e-14
