1 1795770.0
4 273745.0
11 77154.6
13 593.276
23 264.471
36 181.777
40 153.401
66 15.1414
75 7.71039
92 5.94298
106 5.84993
119 4.57006
141 3.82897
143 3.46258
152 2.68503
159 2.65938
183 1.8203
189 1.81913
201 1.76723
203 1.47647
256 1.45625
264 1.3506
267 1.25991
270 1.24411
275 1.24399
277 1.05438
323 1.03292
327 0.911288
330 0.906301
332 0.881062
334 0.879837
336 0.81524
345 0.802816
346 0.791868
349 0.766878
351 0.65185
357 0.563076
366 0.496912
381 0.487884
389 0.461135
394 0.404371
409 0.403653
410 0.352285
412 0.332295
416 0.330832
419 0.288023
421 0.283137
424 0.249451
436 0.233272
438 0.215749
443 0.171409
448 0.150036
463 0.13189
471 0.118912
472 0.114175
487 0.110986
512 0.107276
514 0.0907777
535 0.0899849
539 0.0780008
547 0.0739399
554 0.0737412
556 0.0733239
559 0.0729827
560 0.0722319
561 0.0676391
563 0.0643337
567 0.055053
573 0.0528679
576 0.0479255
578 0.0436398
582 0.0414091
583 0.039598
584 0.0387719
587 0.0319082
609 0.0309306
620 0.0307701
623 0.02964
625 0.029158
626 0.0282569
633 0.0260471
635 0.0233069
640 0.0221469
648 0.0184842
649 0.016727
652 0.00710746
671 0.00673995
675 0.00499187
682 0.00472743
686 0.00409421
688 0.00295151
692 0.00223062
697 0.0018137
711 0.00148225
715 0.00112069
718 0.00107833
720 0.000817888
722 0.000720269
730 0.000229632
744 9.59239e-05
759 3.63053e-05
760 5.57448e-06
788 5.52061e-06
796 4.71193e-06
802 3.07482e-06
817 2.65385e-06
820 1.84562e-06
821 5.3669e-07
830 1.17722e-07
850 1.05026e-07
851 4.27337e-08
869 2.28146e-08
878 9.79079e-09
880 7.37487e-09
889 6.75154e-09
890 4.86995e-09
899 4.82163e-09
905 2.59456e-09
915 1.13624e-09
916 5.33723e-10
920 1.33346e-10
938 3.78023e-11
948 2.15897e-12
1003 1.75265e-12
1020 1.72926e-12
1029 9.29487e-13
1039 2.66262e-13
1046 4.97468e-14
1067 2.88751e-14
1080 2.17845e-14
1082 4.86696e-15
1089 1.39092e-15
