1 2539060000.0
8 1806670000.0
11 1668150000.0
18 1478760000.0
27 1393010000.0
29 1207790000.0
35 929651000.0
41 916386000.0
46 617746000.0
51 416507000.0
76 78360400.0
99 30042500.0
138 6904090.0
194 6036990.0
195 3759790.0
230 3200360.0
241 1909030.0
249 1111400.0
252 581895.0
258 417089.0
272 340664.0
283 170575.0
307 103773.0
333 94838.2
346 91030.7
348 68038.1
367 56683.3
373 33269.2
385 16046.2
386 5991.53
458 4606.88
461 2506.15
510 2431.48
511 2385.4
515 1327.7
518 1293.85
520 817.235
546 766.477
552 493.181
561 189.215
569 131.132
577 58.0256
651 43.6877
658 28.1329
664 18.3132
697 11.4633
704 9.4551
713 9.29898
718 1.29165
758 1.05498
775 0.840304
795 0.313057
802 0.25435
838 0.142263
842 0.129095
860 0.107964
869 0.0641774
870 0.0542383
883 0.040139
902 0.0200566
923 0.0184337
927 0.00858896
952 0.00624797
1020 0.00551982
1031 0.00256032
1046 0.00243083
1047 0.00110154
1055 0.000247216
1098 0.000182265
1113 0.000143822
1120 9.4799e-05
1125 7.93871e-05
1126 5.79273e-05
1134 2.52641e-05
1172 1.77086e-05
1179 1.35843e-05
1190 6.91995e-06
1197 5.08054e-06
1200 4.60121e-06
1201 2.93337e-06
1240 8.70742e-07
1285 4.80388e-07
1290 2.24796e-07
1317 1.62856e-07
1322 1.1092e-07
1337 7.81386e-08
1338 3.7966e-08
1358 1.68296e-08
1396 7.92493e-09
1410 1.85173e-09
1460 1.03785e-09
1469 5.89932e-10
1500 4.14642e-10
1502 3.29494e-10
1517 1.08614e-10
1526 4.20243e-11
1546 3.82566e-11
1556 2.02155e-11
1574 7.39004e-12
1601 6.42925e-12
1613 5.58352e-12
1645 3.51134e-12
1650 2.37841e-12
1666 2.30651e-12
1667 1.87728e-12
1674 4.80896e-13
1727 3.9454e-13
1733 2.90784e-13
1737 2.82657e-13
1744 2.76678e-13
1750 2.68625e-13
1755 8.09859e-14
1775 2.33664e-14
1797 1.56919e-14
1803 1.28613e-14
1815 1.20353e-14
1818 1.59296e-15
