1 273.508
2 271.903
15 132.096
17 94.3
28 37.9171
48 25.9943
67 24.0323
74 22.4015
82 12.9981
96 8.94763
144 4.362
153 3.89318
332 3.55598
338 3.34925
351 3.05348
372 2.81415
396 2.21977
406 2.16056
411 1.92096
413 1.65231
421 1.0232
422 1.00291
443 0.885385
524 0.883378
533 0.825458
545 0.702525
563 0.654079
564 0.621954
568 0.523342
572 0.418032
582 0.400217
617 0.363764
654 0.286406
658 0.271774
674 0.172119
683 0.133045
706 0.0803986
711 0.0647888
735 0.0549522
774 0.0505944
785 0.0275897
805 0.0147949
863 0.0144564
893 0.0130087
904 0.0114813
922 0.00751225
928 0.0034081
969 0.00330256
972 0.00316112
976 0.00182402
988 0.00169374
995 0.00135576
1032 0.00103245
1061 0.000833092
1071 0.000796555
1076 0.000736707
1079 0.000552751
1087 0.000500364
1108 0.000382391
1113 0.000332445
1118 0.000309323
1136 0.00013814
1238 0.000133206
1250 0.000122805
1253 7.74297e-05
1261 6.43266e-05
1295 5.08053e-05
1308 2.64697e-05
1350 2.64494e-05
1366 2.00124e-05
1368 1.6637e-05
1390 1.02491e-05
1428 6.24042e-06
1442 6.17419e-06
1461 5.85209e-06
1462 5.3195e-06
1473 5.18249e-06
1482 3.44427e-06
1512 3.31603e-06
1522 2.37313e-06
1560 1.20855e-06
1635 1.02475e-06
1662 9.76283e-07
1680 9.34701e-07
1681 7.09191e-07
1683 6.23255e-07
1690 4.98807e-07
1692 2.74417e-07
1695 1.98974e-07
1763 5.56604e-08
1861 4.55515e-08
1881 2.84281e-08
1926 2.44151e-08
1928 1.80491e-08
1940 1.09835e-08
1952 1.01689e-08
1966 8.79865e-09
2004 6.90848e-09
2020 6.57822e-09
2037 5.28901e-09
2042 3.97048e-09
2053 3.85499e-09
2067 3.62067e-09
2125 3.36584e-09
2129 2.88518e-09
2134 2.68343e-09
2145 1.60467e-09
2157 1.27825e-09
2171 1.09225e-09
2182 1.09061e-09
2198 4.35908e-10
2242 4.09127e-10
2244 3.58469e-10
2262 1.16814e-10
2316 1.05327e-10
2324 3.4221e-11
2362 2.71598e-11
2399 2.55042e-11
2406 1.97439e-11
2408 1.80317e-11
2416 1.65127e-11
2418 1.35277e-11
2456 1.21888e-11
2477 1.11919e-11
2481 9.52336e-12
2484 8.67695e-12
2492 6.61213e-12
2503 6.24618e-12
2515 5.46952e-12
2522 3.93228e-12
2539 3.15101e-12
2552 1.92282e-12
2559 1.54754e-12
2584 7.95161e-13
2596 5.50321e-13
2679 5.05747e-13
2682 4.75608e-13
2700 4.71936e-13
2702 3.90909e-13
2708 2.91998e-13
2715 1.39159e-13
2762 1.26157e-13
2797 1.10903e-13
2810 6.22294e-14
2839 2.7029e-14
