1 71.9428
6 59.8802
49 52.7075
54 47.7643
62 46.8491
68 42.7065
84 41.348
85 40.8568
106 38.8515
128 38.705
139 38.3796
152 38.205
171 37.0719
173 36.3164
243 36.2269
260 36.1033
313 36.0995
338 36.0549
365 36.0181
413 36.0032
427 35.996
431 35.9779
882 35.9743
1534 35.9735
1542 35.9697
2074 35.9696
2197 35.9695
2198 35.9694
2293 35.9693
2386 35.9692
2423 35.9691
2443 35.969
2473 35.9689
2490 35.9688
2502 35.9687
2503 35.9686
2510 35.9684
2550 35.9682
2602 35.968
2613 35.9679
2735 35.9678
2762 35.9677
2838 35.9676
