1 0.0288622
503 0.0284221
600 0.0241647
610 0.0211492
625 0.0168429
634 0.0112672
718 0.0111789
719 0.0111648
727 0.00912488
738 0.00798459
767 0.00659011
792 0.00551875
793 0.00541779
809 0.00511117
823 0.00509526
843 0.00452769
844 0.00405769
858 0.00398748
860 0.00381497
873 0.00344764
883 0.00342718
901 0.00334516
923 0.00327962
950 0.00307889
968 0.00295907
970 0.00288743
991 0.00284928
1009 0.00283395
1012 0.00278022
1014 0.00269559
1034 0.00269155
1038 0.00261158
1045 0.00259275
1056 0.00255087
1062 0.00251443
1063 0.00237306
1076 0.00233288
1080 0.00231493
1085 0.002256
1095 0.0020993
1132 0.00196689
1146 0.00195929
1147 0.00178907
1176 0.00161648
1177 0.0015632
1189 0.00149786
1199 0.0014956
1202 0.00132038
1212 0.00116181
1223 0.000839788
1259 0.000602038
1264 0.00057681
1276 0.000385205
1293 0.000234138
1338 0.00016639
1387 0.000162399
1392 0.00012998
1402 0.000119334
1418 8.58661e-05
1453 7.68976e-05
1468 7.26173e-05
1472 4.55256e-05
1491 4.16723e-05
1495 3.80262e-05
1500 3.19591e-05
1575 1.46926e-05
1592 1.17544e-05
1614 1.09729e-05
1674 9.19385e-06
1725 7.44068e-06
1753 5.56979e-06
1758 4.69558e-06
1784 4.35675e-06
1794 2.86694e-06
1797 1.44222e-06
1857 1.30951e-06
1873 7.03584e-07
1906 6.70095e-07
1913 6.54652e-07
1923 5.12977e-07
1925 4.92909e-07
1936 3.23251e-07
1940 1.60316e-07
1969 1.51363e-07
2016 1.06219e-07
2036 6.55432e-08
2043 4.21808e-08
2060 2.89024e-08
2085 2.30074e-08
2089 1.66356e-08
2135 1.34397e-08
2146 1.23842e-08
2169 5.41495e-09
2204 5.10562e-09
2234 2.33276e-09
2244 2.05296e-09
2275 1.61572e-09
2281 1.15474e-09
2308 7.31088e-10
2319 6.4009e-10
2326 4.62078e-10
2349 4.48509e-10
2381 4.18713e-10
2384 2.74713e-10
2413 2.6637e-10
2431 2.59153e-10
2432 1.83748e-10
2449 1.37211e-10
2460 1.36328e-10
2476 1.31258e-10
2484 6.22845e-11
2520 5.63177e-11
2529 4.45009e-11
2538 4.23073e-11
2558 3.4727e-11
2560 3.07666e-11
2563 2.40596e-11
2564 2.33047e-11
2575 2.00539e-11
2580 1.34366e-11
2588 1.16823e-11
2602 9.82735e-12
2606 7.38956e-12
2635 7.02844e-12
2644 6.04005e-12
2660 4.36788e-12
2685 3.55177e-12
2695 2.47449e-12
2717 8.07344e-13
2752 6.05046e-13
2776 5.22122e-13
2781 3.83836e-13
2793 3.39988e-13
2798 2.87254e-13
2800 1.43566e-13
2814 1.01214e-13
2884 4.52203e-14
2931 4.20017e-14
2937 3.01001e-14
2957 2.60245e-14
2965 2.41145e-14
2967 1.31468e-14
