1 1354.66
36 885.221
56 797.41
61 772.934
77 416.026
84 322.933
106 227.062
113 74.1082
122 42.6342
232 31.336
248 24.2043
338 24.1933
359 23.1577
363 20.0402
393 20.0079
402 19.304
414 18.9264
443 18.8229
473 18.7743
477 18.7033
479 18.6171
515 18.5136
538 18.5077
549 18.4714
571 18.3943
602 18.3795
607 18.3169
651 18.2871
728 18.2809
757 18.2783
831 18.2764
872 18.2763
886 18.2748
915 18.2735
959 18.2734
1030 18.2732
1067 18.273
1088 18.2728
1094 18.2727
1124 18.2726
1164 18.2724
1255 18.2723
