1 70.5625
48 55.5682
97 32.1073
101 30.5487
115 19.1567
133 8.48513
171 4.30583
188 3.83257
208 3.12264
211 2.81655
214 2.56072
238 0.706806
312 0.696294
313 0.652955
318 0.572682
334 0.525037
337 0.474901
348 0.455509
355 0.414547
360 0.396895
364 0.380844
371 0.361984
377 0.361216
383 0.342774
386 0.31633
431 0.31456
434 0.297846
452 0.283674
469 0.275045
481 0.255255
493 0.251552
508 0.232028
522 0.211172
564 0.201687
587 0.197308
589 0.197089
605 0.190682
611 0.173007
619 0.1615
663 0.158845
673 0.157697
684 0.141403
695 0.137693
706 0.12802
727 0.120557
728 0.115792
737 0.113658
738 0.104114
745 0.0986647
755 0.0954713
811 0.0907851
833 0.086613
836 0.0845759
842 0.0804604
846 0.0795425
859 0.0728779
870 0.0721564
877 0.0695362
886 0.0674336
898 0.0614967
914 0.0576351
940 0.0568117
943 0.0535994
949 0.0525585
979 0.05
985 0.047071
996 0.0466855
997 0.045878
1001 0.0439468
1005 0.0417071
1041 0.0408509
1051 0.0407125
1053 0.0405288
1060 0.037489
1077 0.0370517
1097 0.0366099
1102 0.0352336
1110 0.0351844
1131 0.0342005
1133 0.0341291
1136 0.0339953
1138 0.0338956
1140 0.0335697
1141 0.0328728
1144 0.0323403
1145 0.031058
1151 0.0299666
1167 0.0291631
1180 0.0285273
1186 0.0277985
1210 0.0269743
1215 0.0249249
1217 0.0245648
1233 0.0241677
1243 0.0228634
1245 0.020763
1254 0.0204925
1268 0.0204252
1283 0.0201447
1284 0.0191775
1300 0.0175077
1313 0.0158303
1320 0.0152694
1369 0.0151292
1374 0.0139136
1439 0.0132612
1469 0.0130387
1482 0.012946
1486 0.0127952
1490 0.0127425
1493 0.0125195
1498 0.0123521
1499 0.0122768
1506 0.0122154
1511 0.012047
1522 0.0119754
1523 0.0117645
1532 0.0117441
1537 0.011297
1545 0.0111095
1560 0.0110926
1597 0.0110473
1622 0.0109979
1630 0.0107543
1631 0.0100353
1658 0.0100217
1662 0.00972566
1669 0.00958856
1683 0.00947167
1685 0.00931163
1712 0.00884926
1723 0.00880955
1739 0.00865997
1751 0.00858018
1764 0.00847634
1788 0.00847581
1801 0.00833727
1803 0.00774861
1821 0.00768692
1833 0.00736658
1858 0.0071776
1865 0.00685851
1884 0.00619167
1905 0.0060168
1916 0.00589459
1969 0.00572888
1974 0.00561391
1976 0.0054151
2007 0.00529555
2020 0.00525519
2055 0.0051246
2065 0.00502598
2073 0.00497546
2076 0.0049572
2082 0.0048834
2087 0.00487858
2109 0.00480386
2111 0.00478768
2121 0.00478755
2126 0.00469629
2145 0.00468716
2150 0.00460885
2156 0.00453869
2162 0.00448664
2177 0.00444378
2179 0.0044242
2190 0.00433415
2200 0.00421279
2212 0.00415226
2214 0.00411654
2219 0.00406861
2233 0.00385865
2270 0.00369437
2274 0.0033796
2299 0.00328445
2324 0.00326024
2325 0.00321224
2331 0.00319109
2342 0.00315408
2356 0.00292711
2379 0.00278004
2421 0.00273933
2446 0.00271132
2451 0.0026938
2460 0.00265211
2463 0.00258244
2471 0.00256491
2504 0.00254265
2518 0.00254198
2522 0.00251263
2524 0.00247096
2534 0.00241079
2554 0.00232424
2561 0.00227574
2575 0.00226919
2592 0.00223293
2595 0.0022253
2608 0.00219375
2616 0.00219208
2629 0.00215305
2631 0.00204059
2656 0.00198784
2683 0.00195116
2685 0.001938
2687 0.00193484
2694 0.00188964
2711 0.00188815
2730 0.00187718
2733 0.0018618
2734 0.00185727
2738 0.0018188
2752 0.00179102
2786 0.00177872
2800 0.00175601
2801 0.00174469
2811 0.00174157
2831 0.00171117
2842 0.00169639
2844 0.00168931
2851 0.00168462
2855 0.00167992
2860 0.00166551
2865 0.00166443
2870 0.00162264
2877 0.00158098
2879 0.00157144
2895 0.00156018
2904 0.00155585
2911 0.00152017
2916 0.00151027
2918 0.00146955
2947 0.00143887
2967 0.00138607
2987 0.0013517
2993 0.00135077
3008 0.00135011
3012 0.00133521
3014 0.00132302
3015 0.00131316
3020 0.00130584
3034 0.00130146
3053 0.00128982
3055 0.00127758
3071 0.00127715
3085 0.00126188
3086 0.00125009
3090 0.00123495
3097 0.00123476
3098 0.00123215
3118 0.0012268
3125 0.00118689
3154 0.00117683
3156 0.00117505
3163 0.0011715
3176 0.00114631
3180 0.00111895
3182 0.00111704
3199 0.00107064
3232 0.00105651
3255 0.00102161
3296 0.000995596
3334 0.000986463
3345 0.000981741
3352 0.000981203
3356 0.000977141
3359 0.000967187
3384 0.000952441
3394 0.00092803
3398 0.00092797
3406 0.000923333
3421 0.000910848
3433 0.00090766
3442 0.00090535
3446 0.000892886
3454 0.000888572
3471 0.000854022
3481 0.000843971
3486 0.000839318
3505 0.000814657
3540 0.000811816
3548 0.000800245
3558 0.000776883
3567 0.000763194
3572 0.000752775
3610 0.000740738
3620 0.000706744
3633 0.000705846
3643 0.000697824
3650 0.000688756
3715 0.000679763
3720 0.000679415
3722 0.000668512
3728 0.000667942
3744 0.000657911
3754 0.000656364
3761 0.000655467
3766 0.000653525
3775 0.000651875
3778 0.000634654
3817 0.000618416
3861 0.000608334
3869 0.000602025
3903 0.000598546
3907 0.000597872
3912 0.000588714
3924 0.000588434
3925 0.000582906
3926 0.0005781
3945 0.000577145
3947 0.000576813
3954 0.00056395
3957 0.000560971
3967 0.000559954
3971 0.000555996
3975 0.000544446
4013 0.000539557
4014 0.000535468
4024 0.00052768
4044 0.000512843
4055 0.000496384
4064 0.000483496
4098 0.000477793
4125 0.000477056
4131 0.000474179
4141 0.000470329
4163 0.000469279
4171 0.000468393
4172 0.000466213
4177 0.000457008
4192 0.000456429
4197 0.000452265
4199 0.000450465
4204 0.00044337
4205 0.000431677
4230 0.000430681
4255 0.000419494
4285 0.000418189
4305 0.000415047
4312 0.000413625
4327 0.000412342
4333 0.000412265
4335 0.000405997
4337 0.000403704
4353 0.000401404
4356 0.000401175
4359 0.000399703
4362 0.000399156
4366 0.000398428
4376 0.000395447
4389 0.000393415
4391 0.000392675
4395 0.000389954
4406 0.00038594
4424 0.000377832
4439 0.000373233
4463 0.000369037
4487 0.00036625
4502 0.00036533
4507 0.000360682
4532 0.000358719
4542 0.00035102
4600 0.00034736
4617 0.000345289
4619 0.000344388
4627 0.000343978
4629 0.000341103
4635 0.000339803
4649 0.000338198
4655 0.000338108
4656 0.000337758
4658 0.00033641
4664 0.000328869
4705 0.000328226
4711 0.00032644
4725 0.000323278
4727 0.000321436
4742 0.000316598
4747 0.000314959
4770 0.000305504
4831 0.000302254
4836 0.000298766
4851 0.000298327
4854 0.000295903
4862 0.000294471
4863 0.000292963
4902 0.000290093
4913 0.000288682
4919 0.000287866
4925 0.000286064
4935 0.000277598
4966 0.000275273
4974 0.000274429
4980 0.000272642
5000 0.000271252
5006 0.000270531
5030 0.000268684
5033 0.000267343
5036 0.000267055
5048 0.000264773
5070 0.000264339
5083 0.000263083
5102 0.000262497
5105 0.000260094
5115 0.000259657
5116 0.00025862
5126 0.000258238
5128 0.000256102
5132 0.000255747
5139 0.000255404
5146 0.000254854
5148 0.000254057
5149 0.000254016
5156 0.000250428
5165 0.000247989
5183 0.000243712
5219 0.000243387
5226 0.000241956
5233 0.00024103
5234 0.000239693
5245 0.000239344
5248 0.00023741
5270 0.000235748
5280 0.000235268
5284 0.000233747
5287 0.000230411
5311 0.000229293
5313 0.000227839
5330 0.000227621
5332 0.00022686
5335 0.000224947
5342 0.000223868
5346 0.000221827
5352 0.000221069
5358 0.000217891
5372 0.000215225
5397 0.000214977
5404 0.000209408
5440 0.000206453
5451 0.000206133
5453 0.000205826
5458 0.000204994
5465 0.000204644
5468 0.00020385
5484 0.000201916
5507 0.000201158
5508 0.000200576
5509 0.000199242
5514 0.000198257
5520 0.000198185
5521 0.000197884
5533 0.000197452
5543 0.00019721
5545 0.000193947
5553 0.00019384
5556 0.000190913
5571 0.000190506
5574 0.000188468
5589 0.00018763
5609 0.000187187
