1 1353.0
4 532.197
11 284.657
13 27.8018
23 19.6898
36 14.6384
40 12.9967
66 10.4747
80 9.67903
82 5.43819
95 4.46173
106 3.50403
108 2.57248
119 1.73349
128 1.26078
170 1.10944
183 0.991296
327 0.988249
332 0.979147
336 0.967965
345 0.954442
355 0.951188
357 0.943494
365 0.914162
377 0.907966
379 0.878552
389 0.860456
394 0.840731
410 0.808063
421 0.802982
427 0.799339
434 0.791228
442 0.788224
443 0.771986
448 0.769826
461 0.766625
463 0.755802
465 0.755388
471 0.751371
472 0.73804
506 0.730659
514 0.727604
547 0.723149
548 0.714079
554 0.707394
559 0.702899
565 0.700255
567 0.690858
583 0.682456
587 0.681012
601 0.677782
603 0.675228
606 0.672252
608 0.670711
609 0.666553
625 0.665103
626 0.659933
633 0.659221
635 0.654675
640 0.651399
648 0.646614
649 0.646532
652 0.619912
671 0.601791
682 0.578484
688 0.574313
711 0.569886
716 0.565412
718 0.558407
730 0.5562
739 0.550796
743 0.549342
756 0.531105
760 0.525996
765 0.518003
770 0.511894
772 0.51023
779 0.496428
785 0.495737
790 0.470029
824 0.464135
829 0.45485
831 0.450001
837 0.443017
839 0.425934
842 0.422222
843 0.41948
857 0.400662
877 0.394595
882 0.365757
900 0.339819
910 0.286434
936 0.269867
968 0.265813
973 0.265354
978 0.263155
999 0.260602
1008 0.258001
1014 0.247979
1029 0.247141
1039 0.244563
1044 0.244266
1046 0.241977
1055 0.237761
1065 0.235572
1073 0.232597
1077 0.231906
1079 0.226617
1089 0.224415
1095 0.221116
1097 0.220736
1100 0.21765
1103 0.211985
1110 0.208797
1112 0.207225
1113 0.20716
1115 0.201301
1117 0.199889
1118 0.195749
1123 0.192137
1127 0.184892
1128 0.183256
1132 0.162572
1142 0.159087
1145 0.151663
1162 0.141049
1169 0.121188
1185 0.116198
1186 0.105548
1232 0.100745
1240 0.0976597
1247 0.0926112
1261 0.0807726
1262 0.0675209
1263 0.0576598
1311 0.0563494
1314 0.0561789
1318 0.056099
1324 0.0492942
1328 0.0470983
1335 0.0407278
1343 0.0367165
1354 0.0277542
1358 0.02179
1366 0.0133465
1384 0.0111897
1388 0.0024808
1401 0.00158725
1425 0.000949802
1446 0.000478234
1449 0.000431704
1450 0.000398806
1461 0.000310686
1469 0.000202265
1483 7.29631e-05
1497 6.85308e-05
1498 3.704e-05
1520 3.51941e-05
1521 2.5069e-05
1539 1.12151e-05
1559 4.76304e-06
1570 2.72379e-06
1604 1.3469e-06
1606 6.62751e-07
1646 6.03946e-07
1654 4.3831e-07
1661 2.79636e-07
1694 1.23078e-07
1700 8.75881e-08
1722 5.29373e-08
1749 2.58507e-08
1762 4.95463e-09
1793 4.08125e-09
1808 3.89534e-09
1810 3.49016e-09
1813 1.26054e-09
1838 1.01125e-09
1839 6.59224e-10
1850 3.73892e-10
1854 8.28655e-11
1920 8.25382e-11
1927 4.98881e-11
1930 4.39202e-11
1933 3.81413e-11
1937 2.80103e-11
1947 2.5736e-11
1951 1.82356e-11
1957 1.6706e-11
1975 1.45586e-11
1976 1.18217e-11
1979 1.02633e-11
1994 9.61919e-12
1995 6.95421e-12
2000 3.99125e-12
2005 3.25184e-12
2006 2.01694e-12
2023 7.57949e-13
