1 162440.0
6 144671.0
7 144508.0
12 138627.0
22 137336.0
24 120312.0
34 107625.0
37 103840.0
43 95879.7
44 91216.1
50 55508.0
58 52192.9
81 42058.8
122 39487.7
139 23728.6
194 18382.6
217 15420.7
223 14951.9
226 12845.9
245 8661.07
273 8522.99
296 8002.13
305 6717.96
337 5355.07
351 5336.28
363 4985.78
368 4638.48
372 3080.1
395 2199.14
454 1815.51
465 1669.76
468 1555.88
479 1254.56
520 1150.04
533 828.332
534 767.639
553 660.914
574 588.654
590 585.724
600 498.677
622 461.873
651 461.054
655 351.752
679 313.955
686 258.234
704 229.57
706 179.979
739 175.147
743 84.6772
770 84.1547
783 77.3081
853 66.0078
925 29.5522
965 29.3756
973 17.5292
1038 14.9907
1068 12.968
1078 11.098
1105 10.0019
1109 9.79569
1115 7.50292
1132 4.65636
1142 3.46058
1145 3.2092
1171 2.56879
1186 2.12842
1232 1.33907
1248 1.15603
1270 0.958396
1293 0.796898
1307 0.703973
1312 0.642879
1321 0.596676
1370 0.501361
1371 0.393781
1373 0.274991
1397 0.217389
1436 0.177295
1505 0.155078
1535 0.135954
1562 0.121411
1567 0.10856
1578 0.106507
1586 0.0991191
1595 0.0775156
1611 0.0729528
1616 0.0600664
1630 0.0584394
1634 0.0449454
1643 0.0409725
1682 0.0376601
1707 0.0347675
1710 0.0203233
1794 0.0194111
1795 0.0165694
1804 0.0161787
1813 0.0147194
1816 0.0132681
1848 0.0115469
1857 0.00762955
1894 0.00585504
1937 0.00577307
1968 0.00476218
1985 0.00466819
2003 0.00446953
2007 0.00412926
2015 0.00383407
2020 0.00367885
2022 0.00341008
2029 0.00306936
2032 0.0020035
2107 0.000956248
2163 0.000807902
2184 0.00072432
2195 0.000525331
2215 0.000442223
2253 0.000387484
2261 0.000359006
2262 0.000337293
2272 0.000169716
2345 0.000130551
2350 0.000118596
2414 0.000116291
2417 0.000104498
2471 0.000102412
2473 7.74611e-05
2498 5.23115e-05
2552 5.1358e-05
2555 4.44374e-05
2563 3.11336e-05
2571 2.84587e-05
2618 1.65309e-05
2680 1.28049e-05
2713 1.19196e-05
2714 1.13029e-05
2722 9.72656e-06
2725 8.01737e-06
2754 6.70979e-06
2774 5.5373e-06
2777 5.51416e-06
2814 4.31102e-06
2855 3.59297e-06
2888 3.47443e-06
2893 3.35331e-06
2899 2.67594e-06
2904 2.091e-06
2920 1.94274e-06
2952 1.83203e-06
2966 1.67687e-06
2972 1.67217e-06
2973 1.49116e-06
2985 1.43088e-06
2992 1.19391e-06
3011 1.09537e-06
3013 8.11938e-07
3056 7.87261e-07
3057 7.74472e-07
3068 5.5349e-07
3113 4.73414e-07
3119 4.51064e-07
3123 3.57472e-07
3133 3.42095e-07
3148 2.85768e-07
3173 2.44467e-07
3188 2.42976e-07
3192 1.9175e-07
3218 1.76494e-07
3231 1.11378e-07
3234 1.00874e-07
3315 8.95341e-08
3323 8.84548e-08
3337 8.38739e-08
3345 7.0502e-08
3348 5.239e-08
3385 4.03299e-08
3402 3.90625e-08
