1 24.1953
26 9.74915
35 0.318788
441 0.240755
447 0.208597
451 0.17003
453 0.131606
467 0.110079
480 0.0470542
519 0.0381625
532 0.0264093
540 0.0154613
548 0.0102789
562 0.00587429
569 0.00234728
579 0.00109444
602 0.000900896
614 7.59443e-05
640 3.46947e-05
644 1.6011e-06
677 3.75788e-07
682 2.97569e-07
688 2.91054e-07
711 2.88376e-07
713 2.09984e-07
720 3.35509e-08
734 2.27538e-08
744 1.29947e-08
759 1.08129e-08
760 1.10581e-09
796 4.00265e-10
826 1.42072e-10
831 8.32295e-11
848 1.1442e-11
869 9.10797e-12
883 2.33809e-12
886 1.14072e-12
897 1.09356e-12
898 8.1448e-13
915 1.85119e-13
920 4.12668e-14
944 2.87538e-14
948 1.26232e-14
962 4.46839e-15
968 4.07907e-15
970 1.98989e-15
972 1.85986e-15
988 1.58119e-15
