1 3365730000.0
6 2661180000.0
7 2655210000.0
12 2443980000.0
22 2294950000.0
24 1854440000.0
34 1455440000.0
51 1388130000.0
52 1305280000.0
67 1028210000.0
73 1022300000.0
74 728490000.0
78 497517000.0
129 391065000.0
136 368691000.0
152 281429000.0
156 275119000.0
166 216404000.0
173 140357000.0
183 120562000.0
208 100655000.0
218 77527300.0
223 58661400.0
232 52817100.0
241 49067000.0
242 32977600.0
244 18825200.0
348 15067000.0
349 9295940.0
366 8943370.0
372 6263410.0
401 4130580.0
411 2690240.0
429 1826910.0
449 1449860.0
474 1172720.0
484 1132970.0
490 544710.0
501 501869.0
548 464843.0
550 241804.0
573 229069.0
603 213156.0
606 205205.0
607 99329.7
655 79398.1
662 71409.2
679 69436.6
686 57283.0
694 47170.8
700 31539.2
710 20959.8
743 17883.7
749 7813.44
770 7201.16
779 5888.95
792 3508.73
843 2800.18
844 1976.58
850 1412.67
882 1342.95
893 723.612
942 674.238
955 466.963
963 334.147
966 305.122
973 280.494
975 271.977
979 270.702
988 107.737
993 91.2788
1038 69.6639
1054 11.2904
1124 9.21353
1142 4.36298
1165 3.57908
1186 3.49916
1189 3.27585
1204 2.27719
1206 2.04284
1207 2.03906
1216 1.93671
1225 1.01988
1270 0.519964
1294 0.480593
1307 0.395841
1321 0.176202
1323 0.112272
1338 0.0747259
1373 0.0564144
1397 0.0449765
1439 0.0361867
1475 0.0250174
1486 0.0245823
1491 0.0213766
1493 0.0155217
1495 0.0120432
1536 0.00339635
1578 0.00254801
1616 0.00222569
1631 0.00195413
1645 0.00188983
1651 0.00146597
1662 0.000579792
1721 0.000431925
1735 0.000249833
1794 0.000199687
1804 0.000133554
1814 0.000105522
1827 5.66486e-05
1855 4.69669e-05
1875 3.64083e-05
1903 2.39104e-05
1932 2.18714e-05
1934 1.88351e-05
1946 1.36459e-05
1964 5.58205e-06
2012 2.008e-06
2016 1.6123e-06
2033 1.37307e-06
2066 1.23181e-06
2076 9.31624e-07
2083 6.97712e-07
2086 6.59705e-07
2127 4.28319e-07
2129 3.27739e-07
2146 2.23652e-07
2163 2.08149e-07
2164 1.66745e-07
2165 1.17043e-07
2189 6.63444e-08
2193 6.06721e-08
2195 5.33666e-08
2211 3.8669e-08
2215 3.83863e-08
2232 3.4881e-08
2249 2.95419e-08
2256 2.74765e-08
2267 2.29367e-08
2271 8.35536e-09
2333 7.83701e-09
2345 5.96967e-09
2360 4.34114e-09
2369 4.06779e-09
2388 2.90673e-09
2406 1.7717e-09
2428 7.74747e-10
2466 5.38167e-10
2483 5.01454e-10
2498 4.45382e-10
2527 2.67594e-10
2539 1.43479e-10
2563 7.69995e-11
2579 6.844e-11
2590 6.11515e-11
2614 4.66115e-11
2637 2.41326e-11
2674 9.48842e-12
2714 9.24028e-12
2725 8.6452e-12
2752 1.15853e-12
2802 1.07036e-12
2852 9.74533e-13
2853 9.22807e-13
2861 8.27931e-13
2865 8.13529e-13
2873 6.09325e-13
2884 5.68404e-13
2893 2.71548e-13
2909 2.23272e-13
2927 1.85231e-13
2931 1.84607e-13
2941 1.2155e-13
2952 1.05083e-13
2956 1.04809e-13
2966 9.75371e-14
2969 7.1336e-14
2977 6.30365e-14
2992 5.85576e-14
2999 3.45134e-14
3042 3.36241e-14
