1 1356.0
36 885.931
56 798.208
61 772.219
77 415.778
84 323.256
106 226.867
113 74.0353
122 42.6376
223 42.5153
234 35.2329
246 30.8433
258 30.6083
273 30.5238
277 28.8563
293 27.0245
294 25.2256
305 23.0236
312 22.569
323 21.7033
324 21.2098
343 21.1599
360 20.856
368 19.6779
398 19.5895
402 19.4661
427 19.2963
435 18.8401
441 18.5495
571 18.4271
606 18.4189
611 18.3888
614 18.385
634 18.3683
636 18.3404
652 18.3393
660 18.3307
691 18.3181
707 18.3098
711 18.3095
712 18.3084
723 18.3043
728 18.2913
757 18.2894
779 18.2885
857 18.2873
859 18.2868
886 18.2856
898 18.2854
904 18.285
911 18.2848
914 18.2833
922 18.2828
931 18.2826
980 18.2823
1024 18.282
1032 18.2818
1059 18.2816
1071 18.2815
1096 18.2814
1214 18.2813
1228 18.2812
