1 15.8545
20 15.2595
93 9.80631
116 4.127
206 3.62996
232 2.57873
337 2.16299
345 2.06439
357 2.02683
364 1.44522
472 1.40976
508 1.40104
512 1.3538
521 1.32491
524 1.30233
529 1.30095
537 1.29046
547 1.22696
549 1.19294
555 1.18843
578 1.16879
589 1.1662
614 1.16315
620 1.15503
636 1.13935
643 1.13076
645 1.12169
651 1.11973
662 1.09102
668 1.08575
673 1.0821
686 1.04429
695 1.03563
711 1.02185
745 1.02103
751 1.00982
758 0.988086
761 0.964135
770 0.95338
772 0.936034
780 0.921812
794 0.879802
812 0.806844
853 0.770613
854 0.762725
861 0.743454
863 0.714786
866 0.675005
882 0.655041
884 0.638004
905 0.575467
914 0.566884
925 0.55169
933 0.478149
938 0.465314
939 0.405238
950 0.392624
959 0.387271
963 0.34737
969 0.337513
1001 0.304381
1093 0.252246
1140 0.243311
1141 0.23994
1144 0.232903
1194 0.23276
1213 0.232102
1217 0.227275
1244 0.225566
1261 0.221417
1267 0.22086
1297 0.220671
1302 0.220275
1304 0.218996
1316 0.218292
1317 0.216751
1332 0.215676
1341 0.215027
1353 0.21479
1357 0.214608
1370 0.214325
1375 0.213681
1376 0.212522
1389 0.210788
1424 0.210047
1434 0.207765
1454 0.206837
1460 0.206036
1469 0.204784
1504 0.204406
1505 0.20436
1506 0.204194
1521 0.203361
1537 0.202204
1551 0.202116
1581 0.201919
1592 0.201868
1595 0.201739
1596 0.201556
1603 0.201474
1613 0.20131
1615 0.201189
1619 0.200902
1622 0.200031
1629 0.199467
1664 0.198176
1668 0.198041
1691 0.1977
1700 0.1976
1702 0.197104
1720 0.19692
1721 0.19613
1749 0.195827
1802 0.195558
1826 0.195434
1827 0.195226
1836 0.195143
1860 0.194974
1874 0.194787
1886 0.194576
1922 0.194546
1932 0.19453
1965 0.194485
1994 0.194344
2003 0.194339
2028 0.194304
2038 0.19428
2041 0.194188
2065 0.194159
2089 0.194093
2090 0.194079
2100 0.194053
2101 0.193962
2114 0.19387
2176 0.19381
2212 0.193771
2234 0.193688
2240 0.193685
2292 0.193677
2294 0.193659
2301 0.193655
2313 0.193641
2337 0.19364
2340 0.193634
2344 0.193623
2362 0.193622
2363 0.193621
2376 0.193617
2392 0.193616
2395 0.193606
2491 0.193605
2501 0.193603
2585 0.193601
2613 0.1936
2657 0.193599
2668 0.193598
2694 0.193597
2795 0.193596
2858 0.193595
2899 0.193594
2919 0.193593
2936 0.193591
2959 0.193589
2963 0.193588
2987 0.193587
3015 0.193586
3037 0.193584
3131 0.193583
3134 0.193582
3186 0.193581
