1 6873780000000.0
5 6871770000000.0
8 6831140000000.0
10 6806450000000.0
18 6790070000000.0
23 6779600000000.0
26 6774380000000.0
28 6741570000000.0
35 6712100000000.0
44 6710800000000.0
45 6683950000000.0
50 6656120000000.0
56 6648440000000.0
58 6596510000000.0
61 6595670000000.0
65 6522870000000.0
69 6454700000000.0
72 6403900000000.0
76 6375520000000.0
77 6150970000000.0
78 6150280000000.0
82 5888000000000.0
89 5657660000000.0
95 5582820000000.0
97 5475610000000.0
98 5458870000000.0
100 5172730000000.0
101 4904220000000.0
106 4410490000000.0
114 4222960000000.0
123 3323640000000.0
131 2719620000000.0
133 2683650000000.0
140 2158550000000.0
150 727454000000.0
159 504959000000.0
161 406834000000.0
182 247155000000.0
199 208076000000.0
204 207237000000.0
217 195493000000.0
225 171597000000.0
230 140703000000.0
241 116720000000.0
245 113815000000.0
252 66600700000.0
255 24542400000.0
258 15945100000.0
264 7287820000.0
310 5526350000.0
316 1602590000.0
373 1323510000.0
383 1160080000.0
404 964313000.0
421 543744000.0
443 337090000.0
447 311217000.0
466 152198000.0
489 136461000.0
515 115488000.0
528 106986000.0
529 98557900.0
534 97508400.0
535 87621300.0
537 51704500.0
541 25619800.0
575 20558400.0
576 19396400.0
585 12321300.0
599 6748410.0
609 5154020.0
614 3493340.0
622 2578770.0
640 596724.0
692 302253.0
698 203332.0
749 194559.0
751 191369.0
752 170902.0
753 145705.0
757 76310.3
766 66192.4
782 66181.4
787 17553.2
805 14171.3
828 9207.39
841 4015.91
851 3565.36
869 1141.15
894 646.574
895 606.101
918 466.494
923 286.771
970 267.87
975 60.783
994 48.3188
1028 29.4284
1086 11.7698
1097 6.94186
1127 5.2074
1130 3.1019
1136 2.33792
1139 1.91781
1144 1.46481
1147 1.43887
1182 0.554489
1202 0.346241
1226 0.198463
1240 0.187146
1251 0.0484314
1270 0.0350249
1272 0.0344358
1282 0.0293105
1290 0.0134186
1299 0.00656475
1317 0.00359371
1326 0.0025507
1338 0.00174995
1350 0.00157075
1361 0.00058116
1369 0.000495489
1372 0.000467587
1379 0.00046562
1400 0.000230302
1409 0.000187172
1410 0.000126421
1412 9.23188e-05
1422 5.78516e-05
1431 5.02779e-05
1433 3.29099e-05
1457 3.05133e-05
1469 1.35832e-05
1475 7.02604e-06
1516 2.62757e-06
1546 2.60797e-06
1547 1.22876e-06
1550 1.07553e-06
1557 5.81459e-07
1585 4.86868e-07
1589 1.22495e-07
1613 6.05101e-08
1635 5.0291e-08
1650 4.61087e-08
1660 4.302e-08
1671 2.83954e-08
1677 2.53172e-08
1693 1.28322e-08
1705 1.04179e-08
1708 9.73452e-09
1723 6.24973e-09
1737 2.60162e-09
1797 2.32182e-09
1813 2.22495e-09
1819 8.26909e-10
1831 7.48195e-10
1843 2.65915e-10
1852 2.52975e-10
1863 1.1459e-10
1883 9.16761e-11
1894 6.39547e-11
1912 4.45788e-11
1917 4.44543e-11
1937 2.05867e-12
1983 7.54069e-13
2011 3.9546e-13
2045 3.89809e-13
2046 2.12124e-13
2083 1.73009e-13
2085 6.81386e-14
2096 2.16945e-14
2126 1.94746e-14
2176 1.28761e-14
2178 1.06167e-14
