1 26.9042
72 15.7135
186 14.226
336 2.95857
713 2.60306
785 2.52334
808 2.31429
825 2.21225
839 2.19974
848 2.06194
853 1.78843
876 1.69179
890 1.61603
892 1.49797
903 1.21859
913 1.0916
942 1.05125
944 1.04859
951 1.03728
959 0.839927
965 0.798068
979 0.744897
987 0.58899
993 0.579272
1007 0.526917
1067 0.420802
1073 0.33458
1095 0.314167
1108 0.312433
1115 0.237849
1133 0.187235
1134 0.160845
1186 0.158843
1194 0.12989
1202 0.115706
1220 0.11175
1238 0.110768
1242 0.109534
1248 0.09885
1262 0.0986948
1270 0.0769734
1359 0.0609376
1386 0.0515472
1394 0.0508149
1406 0.049252
1419 0.0454639
1432 0.0399655
1464 0.0396163
1468 0.0354675
1472 0.0347537
1474 0.0319513
1513 0.0301177
1529 0.0290392
1535 0.0283333
1547 0.0264636
1556 0.0255266
1565 0.0242781
1579 0.0240989
1595 0.023126
1597 0.0228461
1612 0.0227161
1624 0.0224052
1627 0.0212831
1650 0.0208066
1660 0.0206881
1664 0.0204101
1673 0.0199322
1674 0.0184449
1677 0.0171845
1684 0.0169923
1694 0.0168627
1697 0.0164276
1704 0.0152188
1714 0.0147666
1729 0.0125666
1757 0.0117012
1787 0.0114804
1797 0.0106161
1854 0.0105692
1858 0.00954445
1874 0.00926127
1883 0.00820417
1891 0.00798411
1894 0.00775403
1905 0.00646952
1960 0.00608113
2043 0.00560239
2064 0.00560002
2085 0.00498379
2096 0.00465817
2106 0.00461486
2108 0.00456026
2116 0.0043649
2123 0.00402986
2132 0.00336842
2201 0.00308999
2206 0.00271625
2219 0.00267986
2242 0.00248759
2281 0.00243781
2306 0.00215561
2367 0.00203674
2384 0.00202995
2394 0.00193245
2397 0.00186871
2398 0.00174803
2403 0.00162669
2413 0.00149607
2431 0.00138624
2461 0.00133982
2478 0.00119369
2506 0.00112365
2517 0.000956363
2586 0.000946823
2610 0.00092379
2630 0.000908586
2647 0.00087307
2648 0.000834592
2668 0.000832532
2707 0.000827825
2717 0.000806899
2729 0.000806819
2733 0.000793219
2738 0.000788207
2761 0.00078287
2763 0.000776711
2765 0.000759283
2775 0.00075544
2790 0.000738287
2802 0.000736042
2813 0.000720546
2873 0.00071642
2916 0.000706537
2923 0.000703466
2925 0.000689794
2933 0.000682683
2948 0.000678611
2953 0.000673746
2955 0.000666561
2963 0.000633182
2982 0.000630493
3020 0.000615454
3028 0.000602325
3034 0.00059318
3041 0.000591621
3053 0.000590458
3059 0.00058741
3060 0.000569582
3073 0.000556092
3084 0.000543516
3085 0.000514619
3120 0.000508584
3122 0.000501592
3128 0.00049108
3137 0.000465012
3145 0.000454627
3154 0.000454364
3165 0.000439473
3174 0.00042911
3188 0.000426059
3190 0.00042472
3195 0.000419101
3199 0.00040434
3203 0.000397667
3213 0.000387129
3215 0.000380801
3223 0.000376946
3227 0.000364352
3233 0.000362435
3242 0.000354182
3244 0.000333314
3253 0.000293938
3270 0.000271404
3276 0.000258786
3280 0.000232984
3283 0.000215009
3301 0.000180107
3303 0.000174841
3307 0.000162281
3310 0.000142796
3331 0.000114983
3332 0.000105936
3350 0.000103227
3360 7.94781e-05
3365 7.60366e-05
3384 5.4707e-05
3406 3.7229e-05
3473 3.5197e-05
3482 2.96028e-05
3523 2.68262e-05
3530 2.33767e-05
3601 2.30354e-05
3630 2.28346e-05
3647 2.25544e-05
3648 2.25512e-05
3652 2.23587e-05
3664 2.21756e-05
3729 2.21615e-05
3733 2.21129e-05
3736 2.21099e-05
3739 2.20604e-05
3742 2.20378e-05
3757 2.20296e-05
3775 2.19863e-05
3783 2.19754e-05
3792 2.1972e-05
3795 2.19575e-05
3806 2.19489e-05
3812 2.19403e-05
3838 2.19003e-05
3889 2.18936e-05
3894 2.18868e-05
3924 2.18585e-05
3956 2.18506e-05
3987 2.18415e-05
3989 2.18258e-05
3993 2.18043e-05
4010 2.17928e-05
4019 2.17756e-05
4023 2.17596e-05
4032 2.17411e-05
4043 2.17293e-05
4048 2.16985e-05
4099 2.16829e-05
4103 2.15896e-05
4117 2.15858e-05
4151 2.14852e-05
4160 2.14768e-05
4176 2.14552e-05
4178 2.14257e-05
4181 2.13875e-05
4187 2.13562e-05
4203 2.13228e-05
4209 2.13131e-05
4210 2.13124e-05
4214 2.12439e-05
4217 2.12438e-05
4221 2.12066e-05
4222 2.10954e-05
4238 2.10734e-05
4241 2.10447e-05
4246 2.10414e-05
4248 2.09428e-05
4271 2.08614e-05
4288 2.08142e-05
4295 2.08064e-05
4297 2.07275e-05
4305 2.02505e-05
4314 2.02162e-05
4326 2.00569e-05
4327 1.98149e-05
4381 1.97995e-05
4386 1.9791e-05
4390 1.95321e-05
4412 1.91773e-05
4422 1.91693e-05
4428 1.90727e-05
4433 1.89488e-05
4443 1.86349e-05
4451 1.84296e-05
4455 1.82837e-05
4457 1.75922e-05
4479 1.74789e-05
4491 1.59738e-05
4513 1.45105e-05
4562 1.42372e-05
4583 1.3797e-05
4597 1.33109e-05
4617 1.28511e-05
4623 1.28403e-05
4634 1.28263e-05
4644 1.25563e-05
4652 1.25476e-05
4654 1.23123e-05
4656 1.20897e-05
4661 1.18421e-05
4663 1.18341e-05
4665 1.09626e-05
4670 1.08402e-05
4672 1.06368e-05
4677 9.91512e-06
4686 9.28557e-06
4694 7.99282e-06
4715 6.66485e-06
4722 5.98849e-06
4733 5.73621e-06
4743 3.93493e-06
4788 3.77422e-06
4812 3.1189e-06
4822 2.14008e-06
4834 1.96905e-06
4872 1.72816e-06
4878 1.61139e-06
4936 1.60871e-06
4949 1.50021e-06
4958 1.48333e-06
4989 1.45176e-06
5005 1.45005e-06
5012 1.44017e-06
5014 1.41255e-06
5029 1.40811e-06
5119 1.40807e-06
5121 1.40628e-06
5168 1.40368e-06
5178 1.40232e-06
5196 1.40224e-06
5224 1.40216e-06
5228 1.40184e-06
5231 1.40145e-06
5234 1.40106e-06
5242 1.40097e-06
5248 1.40061e-06
5254 1.40034e-06
5272 1.40019e-06
5292 1.40007e-06
5321 1.39999e-06
5336 1.39997e-06
5339 1.39987e-06
5342 1.39984e-06
5377 1.39983e-06
5382 1.39982e-06
5416 1.39979e-06
5431 1.39978e-06
5466 1.39977e-06
5510 1.39976e-06
