1 98.6875
242 72.1499
257 56.0062
268 20.5086
291 8.6742
313 7.84015
349 6.43564
374 2.66363
405 2.2712
429 2.16252
432 1.71064
436 1.22405
454 1.10824
462 0.780438
492 0.722005
498 0.71153
513 0.704276
522 0.6534
546 0.526993
565 0.510518
581 0.47111
606 0.417059
660 0.398737
693 0.390373
694 0.360729
700 0.348831
713 0.337232
727 0.33438
730 0.312314
764 0.306843
767 0.298222
792 0.276952
793 0.266217
824 0.255657
851 0.226889
881 0.199382
933 0.199207
940 0.192146
942 0.190432
943 0.185413
947 0.177473
953 0.169038
986 0.166203
1023 0.16276
1024 0.15529
1031 0.148643
1061 0.141127
1081 0.139537
1089 0.139018
1090 0.137527
1097 0.130308
1112 0.120771
1142 0.117133
1149 0.116601
1152 0.111838
1162 0.111353
1163 0.107863
1172 0.105899
1201 0.0985479
1211 0.0979166
1241 0.0938203
1263 0.0919899
1264 0.0870847
1274 0.081784
1282 0.0786919
1293 0.0781194
1304 0.0738779
1310 0.0706073
1328 0.068545
1338 0.066078
1380 0.0628408
1385 0.0577131
1406 0.0564279
1413 0.0557172
1415 0.0554598
1437 0.0534678
1462 0.0534449
1473 0.0524329
1477 0.0522681
1481 0.051138
1482 0.0497178
1483 0.0494358
1499 0.0491018
1503 0.047052
1512 0.0440033
1522 0.0434364
1577 0.0421605
1595 0.0417668
1601 0.03974
1603 0.0395133
1629 0.0375438
1634 0.0360683
1652 0.0350346
1657 0.0345383
1686 0.0338006
1695 0.0334529
1708 0.0328828
1718 0.0322539
1729 0.0317091
1735 0.0315244
1746 0.0296159
1805 0.029481
1810 0.0292246
1812 0.0276874
1819 0.0268917
1834 0.0261751
1845 0.0253461
1861 0.0253155
1869 0.0248707
1879 0.0234544
1883 0.0232261
1914 0.022532
1922 0.0221376
1946 0.0207921
1955 0.0206246
1983 0.0202705
1985 0.0202538
1992 0.0199845
1993 0.0195725
2012 0.0194532
2025 0.0193258
2031 0.018674
2042 0.0185723
2044 0.0182011
2052 0.0171721
2090 0.0167608
2101 0.0161402
2104 0.01581
2130 0.0152563
2141 0.014485
2163 0.0144461
2176 0.0141796
2180 0.0139283
2195 0.0136948
2204 0.0135294
2240 0.0127497
2262 0.0124974
2266 0.0123886
2275 0.0120831
2281 0.0118689
2282 0.0117322
2290 0.0116069
2295 0.0115168
2306 0.0114196
2310 0.011091
2341 0.0110441
2343 0.0110182
2345 0.0109626
2350 0.010836
2354 0.0106959
2357 0.0106539
2367 0.0105771
2396 0.0104979
2412 0.0103704
2422 0.0102354
2434 0.0100355
2450 0.00985953
2453 0.00967291
2456 0.00943046
2473 0.00938889
2485 0.00909838
2498 0.00874699
2553 0.00787487
2609 0.00767097
2629 0.00764135
2632 0.00743513
2654 0.00738167
2665 0.00706287
2707 0.00695307
2714 0.00689531
2716 0.00676467
2723 0.00660266
2736 0.00655601
2759 0.0064861
2791 0.00644661
2808 0.00629674
2820 0.00611055
2823 0.00606308
2832 0.00603444
2853 0.00591742
2877 0.00589137
2880 0.00585528
2893 0.00572049
2909 0.00546315
2944 0.00536254
2958 0.00519572
2971 0.00511316
2975 0.00505099
2977 0.00498519
2993 0.00485429
3000 0.00472075
3007 0.00468573
3010 0.00468253
3017 0.00444718
3055 0.00438267
3067 0.00425041
3084 0.00423304
3091 0.00421889
3092 0.00417123
3096 0.00401377
3108 0.00384961
3171 0.00379143
3192 0.00378125
3197 0.00377263
3202 0.00368857
3219 0.00362482
3232 0.00359582
3237 0.00359008
3248 0.00345119
3260 0.00343387
3284 0.00330567
3338 0.00329475
3340 0.00323529
3346 0.00320889
3382 0.00314267
3402 0.00308978
3413 0.00307662
3431 0.00303849
3442 0.00303213
3444 0.00299896
3463 0.00294006
3497 0.00292132
3503 0.0029002
3523 0.00289987
3532 0.0028492
3544 0.00282048
3559 0.00281354
3567 0.00278592
3571 0.00277395
3573 0.00276171
3583 0.00275697
3585 0.0027276
3589 0.00272066
3592 0.00271296
3594 0.00267582
3605 0.00265792
3626 0.002619
3647 0.00256711
3656 0.00254573
3669 0.00254437
3676 0.00250437
3696 0.00249946
3697 0.00249384
3698 0.0024553
3703 0.0024514
3714 0.00244268
3717 0.00241815
3728 0.00238159
3769 0.00236143
3773 0.00235529
3775 0.00234523
3779 0.00230544
3790 0.00230259
3803 0.00226215
3825 0.00225133
3840 0.00223829
3842 0.0022026
3856 0.00216679
3860 0.00214919
3879 0.00212796
3885 0.00211659
3905 0.00210332
3917 0.00207804
3923 0.00207802
3928 0.00205995
3939 0.00204325
3948 0.00204104
3953 0.00202547
3958 0.00201073
3959 0.00199326
3963 0.00199002
3972 0.0019844
3983 0.00197949
3985 0.00195267
4014 0.00191694
4027 0.00189938
4043 0.00186941
4051 0.00186732
4068 0.00184819
4076 0.00184719
4099 0.00183727
4100 0.00180432
4103 0.00177763
4125 0.00176775
4132 0.00174003
4162 0.00171516
4174 0.00171064
4178 0.0016889
4202 0.00167569
4212 0.00166359
4222 0.00164156
4236 0.00161912
4239 0.0015764
4254 0.0015727
4272 0.00154862
4276 0.00154117
4277 0.00153519
4282 0.00152047
4297 0.00148435
4303 0.00144081
4322 0.00144045
4333 0.00140558
4351 0.00138552
4352 0.00135033
4397 0.00134889
4416 0.00130488
4424 0.00127337
4442 0.00125804
4446 0.00124492
4492 0.00123496
4495 0.00122814
4498 0.00120587
4503 0.0012038
4523 0.00119333
4591 0.00119201
4599 0.0011669
4621 0.00116115
4629 0.00115252
4634 0.00115217
4655 0.00113181
4674 0.00112895
4683 0.00112305
4694 0.0011224
4702 0.00110998
4734 0.00110395
4735 0.00109978
4742 0.00109774
4753 0.00109572
4762 0.00108222
4776 0.00107986
4782 0.00107322
4810 0.00104436
4846 0.00104297
4855 0.00103169
4874 0.00102379
4882 0.0010223
4894 0.00101397
4899 0.00100565
4904 0.000994841
4935 0.00099351
4939 0.000987738
4942 0.0009649
4960 0.000962024
4986 0.000953647
4987 0.00095228
4991 0.000941762
4996 0.00092904
5000 0.000926515
5013 0.000920892
5025 0.000912723
5027 0.000907078
5032 0.000906934
5056 0.00090319
5082 0.000875611
5092 0.000867817
5105 0.000859768
5115 0.000848858
5129 0.000839394
5133 0.000833008
5155 0.000819468
5157 0.000818347
5164 0.000812535
5166 0.000801861
5187 0.00079913
5193 0.000779692
5197 0.000773418
5248 0.000746781
5302 0.000741964
5324 0.000741796
5330 0.000741147
5337 0.000724559
5384 0.000713188
5408 0.000701629
5459 0.000680257
5502 0.000669512
5511 0.000659241
5534 0.000651986
5544 0.000648484
5568 0.000644214
5578 0.000635239
5595 0.00063455
5596 0.000631638
5608 0.000628741
5613 0.000628132
5622 0.000626257
5623 0.000621012
5625 0.000617853
5640 0.000610954
5674 0.000609699
5683 0.000606049
5703 0.000601895
5719 0.000599284
5727 0.000593421
5742 0.000592969
5745 0.000590734
5784 0.000579197
5815 0.000574424
5825 0.000568884
5834 0.000568749
5844 0.000567486
5845 0.000567451
5849 0.000563437
5861 0.000560239
5877 0.000556023
5905 0.000553993
5939 0.000550306
5951 0.000540236
5956 0.000540145
5975 0.00053931
5981 0.000535352
5988 0.000532704
5997 0.000532286
6010 0.000529716
6014 0.00052836
6022 0.000527254
6031 0.000524704
6039 0.000522207
6042 0.00052013
6048 0.000517811
6054 0.000512977
6085 0.000509261
6093 0.00050719
6102 0.000505172
6112 0.000504391
6134 0.000503996
6144 0.000503252
6148 0.000502304
6150 0.000500178
6162 0.000495519
6168 0.000495279
6193 0.000494098
6197 0.000492695
6200 0.000492261
6202 0.000486108
6213 0.000480445
6254 0.000475967
6267 0.000474055
6276 0.000464529
6283 0.000464486
6291 0.000461918
6293 0.00046093
6297 0.000459638
6308 0.000458015
6313 0.000446046
6351 0.000437828
6365 0.000437374
6385 0.000436746
6392 0.000432155
6409 0.000431374
6422 0.000431231
6424 0.000424868
6436 0.000421539
6464 0.000419902
6482 0.000419216
6491 0.000415831
6504 0.000409743
6572 0.000408738
6573 0.00039934
6587 0.000398793
6589 0.000397243
6594 0.000396753
6614 0.000394044
6625 0.00039228
6644 0.000390772
6668 0.000388537
6674 0.000387317
6681 0.000382706
6703 0.000377339
6724 0.000377318
6740 0.000377044
6741 0.000372737
6743 0.000371265
6757 0.000367789
6775 0.000363937
6782 0.000361584
6794 0.000361091
6803 0.000360628
6809 0.000356651
6819 0.000355072
6823 0.000341944
6843 0.000340906
6883 0.000339192
6889 0.000336316
6892 0.000330729
6899 0.000328415
6917 0.000327855
6962 0.000327724
6970 0.000320039
6986 0.000318301
6988 0.000314856
6999 0.000312933
7023 0.000307286
7034 0.000305706
7047 0.000302787
7083 0.000301273
7086 0.000298865
7096 0.000288781
7132 0.000283925
7144 0.000283682
7159 0.000280627
7188 0.000275931
7202 0.000275698
