1 16.4338
19 12.6505
72 0.611461
123 0.334908
228 0.212967
239 0.196402
252 0.134786
256 0.11407
258 0.111754
308 0.100414
322 0.084216
371 0.0825711
388 0.0790661
397 0.078438
404 0.0645273
421 0.0623065
446 0.0612685
451 0.0492005
469 0.0383954
478 0.0308307
503 0.028391
515 0.0240359
521 0.0229596
529 0.0201456
548 0.0166286
566 0.0159532
572 0.0154719
580 0.0131964
589 0.0125813
592 0.0117561
632 0.0109868
643 0.0107261
657 0.0106243
669 0.0102934
688 0.0101518
689 0.00998703
698 0.0097171
700 0.00948953
720 0.0094065
721 0.00890881
732 0.00878466
746 0.00863455
752 0.00855052
769 0.00841586
778 0.00818692
781 0.0081014
785 0.0073659
824 0.00736096
825 0.00672172
830 0.00665376
839 0.00646277
840 0.00637192
841 0.0063041
848 0.00581875
851 0.00571548
857 0.00528577
874 0.00472593
880 0.00418947
892 0.00394402
894 0.00367049
905 0.0036546
907 0.00360761
921 0.00360637
925 0.00291417
933 0.0028809
944 0.00275104
950 0.00272344
969 0.00263304
975 0.00261768
982 0.00248028
985 0.00234819
1051 0.00232959
1060 0.00232424
1072 0.0023214
1100 0.00231345
1116 0.0023083
1118 0.00230644
1140 0.00229802
1144 0.00229782
1147 0.00229501
1151 0.00229346
1159 0.00229337
1163 0.00229213
1177 0.00228797
1193 0.0022877
1295 0.00228644
1304 0.0022861
1327 0.0022859
1351 0.00228583
1369 0.00228582
1379 0.0022858
1392 0.00228576
1415 0.00228566
1422 0.0022856
1447 0.00228559
1469 0.00228558
1507 0.00228554
1566 0.00228553
