1 1306.23
2 1194.66
3 1008.28
9 591.93
16 163.13
25 5.78683
139 3.64241
140 2.9061
146 0.236724
174 0.22652
202 0.134516
205 0.0859549
224 0.028256
254 0.0195467
268 0.0190797
292 0.0187946
303 0.0182615
339 0.0182595
345 0.0182583
357 0.0182394
361 0.018205
383 0.0181984
388 0.0181954
399 0.0181748
401 0.0181492
418 0.0181374
422 0.0181331
428 0.0181201
429 0.0181042
432 0.0180947
434 0.0179949
439 0.0179677
446 0.0179603
450 0.0178686
459 0.0178577
463 0.0175233
468 0.017345
475 0.017203
479 0.0170654
488 0.0169392
495 0.0167647
499 0.0159845
506 0.0158476
510 0.0153578
513 0.013557
537 0.0122828
543 0.0121897
548 0.0114858
570 0.0113219
571 0.0109982
576 0.00973043
587 0.00952157
588 0.00933455
589 0.00927841
593 0.00903814
603 0.00845893
613 0.00823743
637 0.00823301
648 0.00823205
683 0.0082317
687 0.00822185
698 0.00821887
709 0.00821723
713 0.0082159
721 0.00821565
722 0.00821545
729 0.00821499
792 0.00821498
801 0.0082149
819 0.00821489
833 0.00821488
