1 0.275893
560 0.267691
585 0.232667
622 0.178183
624 0.124069
703 0.11337
711 0.107517
784 0.106878
789 0.0964539
811 0.0925723
814 0.0918284
818 0.0884333
840 0.0829752
845 0.0727785
869 0.0706793
908 0.0681149
910 0.0618701
912 0.0589484
930 0.0540559
957 0.0518619
971 0.0449213
976 0.0392243
985 0.0374549
1008 0.030191
1060 0.0244059
1068 0.0224594
1075 0.0208966
1112 0.0187487
1113 0.0179759
1145 0.017745
1164 0.0163661
1165 0.015916
1195 0.0156238
1201 0.0125091
1265 0.0121868
1282 0.0104463
1288 0.0101575
1294 0.00971132
1299 0.00965942
1301 0.00881648
1309 0.00821099
1325 0.00727866
1326 0.00464283
1355 0.00258883
1402 0.00186251
1421 0.00128117
1473 0.00127469
1474 0.000940901
1541 0.000907627
1542 0.000880952
1552 0.000852071
1560 0.000833623
1561 0.000796434
1567 0.000661992
1568 0.00063793
1573 0.00053014
1587 0.000374894
1622 0.000334768
1641 0.000300045
1655 0.000188751
1718 0.000128264
1760 0.000114637
1785 0.000102123
1792 9.27175e-05
1794 8.4166e-05
1800 8.13515e-05
1802 6.06186e-05
1827 5.74349e-05
1848 5.08005e-05
1861 4.24891e-05
1866 4.03111e-05
1871 2.75045e-05
1893 2.23984e-05
1970 1.82453e-05
1973 1.71578e-05
1982 1.56796e-05
1983 1.55019e-05
1989 1.47649e-05
1993 1.39463e-05
2004 1.32693e-05
2009 1.17757e-05
2029 1.03684e-05
2050 8.05856e-06
2056 6.8692e-06
2065 5.81192e-06
2066 5.78849e-06
2077 5.77741e-06
2092 5.36819e-06
2093 4.3584e-06
2151 4.13438e-06
2172 3.06195e-06
2186 2.86426e-06
2208 2.6241e-06
2213 2.6166e-06
2215 2.55457e-06
2217 2.16436e-06
2220 2.09808e-06
2223 1.94742e-06
2225 1.88688e-06
2244 1.49798e-06
2245 9.92165e-07
2261 7.06319e-07
2310 6.08572e-07
2323 6.0558e-07
2324 3.39973e-07
2384 2.46192e-07
2387 2.37007e-07
2414 1.7151e-07
2439 1.71249e-07
2443 1.60658e-07
2450 1.55714e-07
2454 1.05363e-07
2469 9.61964e-08
2486 7.2197e-08
2522 4.12059e-08
2582 3.64632e-08
2619 2.92817e-08
2633 2.898e-08
2644 2.76473e-08
2664 2.43582e-08
2679 2.1011e-08
2687 1.49387e-08
2697 1.4216e-08
2707 1.21418e-08
2726 1.1645e-08
2733 1.09078e-08
2751 6.45778e-09
2776 6.18495e-09
2777 5.37132e-09
2781 5.3323e-09
2790 2.99701e-09
2867 2.52581e-09
2891 1.75826e-09
2905 1.60211e-09
2916 1.34168e-09
2937 1.19818e-09
2968 1.16682e-09
3008 8.70527e-10
3035 8.58366e-10
3041 8.02316e-10
3046 7.81905e-10
3055 7.40291e-10
3062 7.01274e-10
3098 6.1119e-10
3102 5.15237e-10
3116 4.58707e-10
3125 4.38785e-10
3169 3.68173e-10
3175 3.32789e-10
3183 2.90829e-10
3190 2.67115e-10
3196 2.16916e-10
3202 1.48678e-10
3226 1.2662e-10
3245 1.12145e-10
3251 9.92327e-11
3296 8.83261e-11
3329 8.70074e-11
3337 8.35274e-11
3365 6.99799e-11
3368 5.60313e-11
3393 3.9185e-11
3440 3.34973e-11
3444 2.75899e-11
3458 1.66383e-11
