1 140.0
3 127.37
4 123.548
6 109.487
12 52.9887
17 44.6748
20 36.2649
28 27.7725
50 11.9105
73 7.88256
75 6.74691
86 6.59598
123 6.58595
146 4.86054
308 4.85745
343 4.85612
345 4.85468
350 4.85282
352 4.8514
356 4.84872
360 4.84507
363 4.83321
377 4.83144
381 4.82633
391 4.81648
396 4.78274
408 4.74067
409 4.69682
415 4.66792
423 4.637
430 4.56583
438 4.56059
445 4.52443
480 4.52344
492 4.43411
516 4.4207
533 4.38119
536 4.30175
559 4.28886
580 4.26538
581 4.21461
589 4.17529
593 4.12482
599 4.12373
613 4.05771
631 4.00278
635 3.99362
646 3.98509
647 3.97632
650 3.92378
665 3.89027
667 3.84611
680 3.8064
692 3.75391
700 3.65752
703 3.61521
704 3.58591
721 3.53544
726 3.51689
731 3.48763
741 3.43957
758 3.41148
771 3.40052
774 3.37797
780 3.37309
787 3.354
794 3.33711
799 3.31355
800 3.22693
814 3.22462
820 3.21848
822 3.13645
829 2.99418
836 2.94835
847 2.92371
865 2.88901
877 2.84923
888 2.83852
900 2.83145
912 2.81539
924 2.80809
929 2.80196
933 2.7925
935 2.75784
936 2.72805
956 2.72085
961 2.69991
966 2.66083
976 2.58817
980 2.57923
981 2.5626
982 2.42605
1004 2.40389
1007 2.36032
1012 2.35701
1014 2.31709
1019 2.31511
1023 2.31451
1028 2.30478
1032 2.25478
1034 2.21969
1037 2.21763
1040 2.18862
1050 2.10729
1052 2.10371
1054 2.09835
1056 2.07995
1059 1.96336
1061 1.93981
1081 1.91663
1086 1.88233
1093 1.8409
1097 1.83812
1100 1.80499
1104 1.63708
1160 1.6068
1170 1.5887
1187 1.55495
1189 1.54474
1204 1.54466
1208 1.52646
1209 1.52255
1210 1.47748
1223 1.46638
1227 1.43441
1238 1.43322
1239 1.43021
1244 1.40632
1261 1.36541
1263 1.36231
1265 1.30673
1270 1.29222
1288 1.21127
1301 1.16624
1317 1.1641
1340 1.14815
1343 1.13884
1349 1.12586
1361 1.1007
1368 1.09451
1370 1.07592
1371 1.02851
1376 1.0201
1382 0.962893
1389 0.959328
1393 0.933871
1402 0.888742
1424 0.869619
1433 0.840132
1438 0.782209
1474 0.777428
1488 0.774177
1490 0.75403
1493 0.749651
1496 0.747614
1500 0.722308
1517 0.718342
1521 0.693366
1529 0.667605
1548 0.653958
1555 0.621231
1559 0.604031
1563 0.580016
1566 0.562258
1572 0.530747
1586 0.522456
1587 0.510268
1591 0.495948
1597 0.474117
1610 0.402473
1620 0.396988
1621 0.395709
1627 0.298062
1636 0.181444
1643 0.118671
1700 0.117748
1709 0.0827181
1724 0.0690577
1733 0.0647818
1757 0.0443697
1761 0.0310623
1774 0.0193636
1781 0.0124626
1808 0.0109627
1809 0.00606245
1827 0.00292528
1847 0.00153476
1852 0.000990947
1864 0.000741652
1883 0.000630236
1890 0.000577387
1891 0.000379691
1896 0.000243959
1898 0.000185232
1919 0.000159787
1927 0.000140842
1941 0.000121946
1950 0.000117585
1963 0.000114251
1973 9.16717e-05
1982 5.85602e-05
1983 3.0086e-05
2006 2.55566e-05
2024 1.39127e-05
2081 1.31015e-05
2100 8.88395e-06
2114 7.01527e-06
2117 5.45797e-06
2124 3.9348e-06
2135 3.60061e-06
2145 2.5409e-06
2165 2.26384e-06
2180 1.76349e-06
2182 1.21989e-06
2205 8.52777e-07
2208 6.77736e-07
2210 2.08781e-07
2263 1.21404e-07
2281 1.06453e-07
2286 1.05491e-07
2287 1.03569e-07
2295 9.95515e-08
2298 6.1727e-08
2332 4.22218e-08
2340 4.03485e-08
2346 1.43795e-08
2366 1.14698e-08
2378 6.83134e-09
2389 5.31849e-09
2430 5.14071e-09
2434 4.37425e-09
2446 2.62489e-09
2447 2.05335e-09
2484 1.51352e-09
2486 1.36611e-09
2505 9.45125e-10
2509 5.72397e-10
2545 4.68117e-10
2552 3.71445e-10
2558 1.60875e-10
2578 1.52753e-10
2592 9.69333e-11
2594 9.28909e-11
2622 5.35963e-11
2637 5.17744e-11
2642 4.81022e-11
2648 3.78771e-11
2656 1.54633e-11
2681 1.30993e-11
2704 8.00919e-12
