1 26.9298
72 15.7292
186 14.2118
336 2.95585
539 2.71236
549 2.40381
602 1.81828
618 1.63687
632 1.59081
635 1.49047
646 1.39607
652 1.28263
667 1.04397
690 0.79846
723 0.408705
784 0.195702
830 0.174082
866 0.14724
906 0.0976906
917 0.0846303
996 0.0811515
1000 0.0629446
1033 0.0606135
1039 0.0418647
1057 0.0287548
1120 0.0144585
1176 0.0135667
1194 0.012492
1206 0.0116342
1209 0.00867194
1262 0.0082452
1304 0.00799471
1313 0.00731245
1317 0.0071017
1319 0.0068803
1345 0.00687085
1365 0.00652156
1387 0.00630077
1392 0.00614238
1408 0.00603965
1415 0.00583303
1434 0.00578927
1439 0.00565017
1453 0.00544721
1465 0.00533154
1478 0.00505091
1495 0.00488055
1514 0.00486274
1518 0.00484509
1543 0.00481916
1547 0.00440505
1572 0.00432469
1595 0.00428216
1616 0.00423483
1619 0.00409443
1633 0.00406692
1642 0.00386498
1665 0.0038585
1687 0.00382433
1697 0.00381931
1698 0.00371036
1714 0.00365236
1723 0.00348155
1784 0.00325858
1797 0.00324561
1810 0.00317927
1816 0.00305906
1822 0.00300976
1828 0.00299259
1836 0.00287589
1839 0.00287507
1853 0.00266997
1863 0.00231357
1917 0.00224044
1921 0.00221888
1936 0.00214777
1943 0.00210254
1947 0.00199139
1960 0.00194892
1962 0.00193775
1963 0.00193316
1964 0.00191221
1986 0.00189867
1988 0.00184801
2004 0.0017602
2015 0.00175619
2016 0.00165377
2022 0.00164192
2040 0.00159643
2043 0.00157948
2044 0.00148634
2051 0.00147953
2054 0.00141611
2064 0.00134779
2090 0.00122416
2103 0.00119566
2135 0.0011498
2181 0.00113214
2185 0.00112079
2203 0.00111668
2211 0.00109138
2300 0.00107764
2314 0.00107735
2324 0.00106767
2369 0.00106113
2381 0.00105981
2382 0.00105502
2414 0.00105244
2420 0.00104832
2422 0.00104689
2424 0.00104417
2434 0.00104101
2454 0.0010386
2457 0.00103177
2464 0.00102415
2477 0.00101406
2486 0.00100871
2507 0.000996322
2534 0.000974951
2538 0.000956804
2558 0.000942929
2577 0.000900511
2594 0.000855427
2604 0.000848074
2619 0.000846326
2628 0.000840506
2632 0.000823973
2635 0.000791543
2643 0.000780166
2647 0.00066304
2668 0.000621245
2679 0.000554691
2685 0.000527599
2686 0.00044853
2745 0.000301582
2752 0.000294662
2766 0.000173533
2790 9.1938e-05
2800 6.42754e-05
2816 4.0115e-05
2885 2.57124e-05
2905 2.01057e-05
2917 1.95661e-05
2921 8.21626e-06
2939 5.6705e-06
3006 5.63253e-06
3013 4.75624e-06
3034 4.10829e-06
3064 4.02182e-06
3082 3.2519e-06
3095 2.98964e-06
3137 2.85891e-06
3145 2.8364e-06
3147 2.72385e-06
3157 2.68017e-06
3182 2.67586e-06
3185 2.66709e-06
3199 2.66226e-06
3203 2.64557e-06
3223 2.62157e-06
3242 2.60531e-06
3288 2.60447e-06
3300 2.601e-06
3308 2.59792e-06
3310 2.59293e-06
3358 2.59026e-06
3380 2.58984e-06
3395 2.5883e-06
3406 2.58814e-06
3413 2.58374e-06
3418 2.58318e-06
3422 2.5812e-06
3433 2.57506e-06
3480 2.57006e-06
3485 2.56927e-06
3490 2.56789e-06
3508 2.56459e-06
3513 2.54892e-06
3528 2.54537e-06
3543 2.54184e-06
3557 2.53333e-06
3575 2.53204e-06
3576 2.52624e-06
3589 2.52379e-06
3592 2.50178e-06
3606 2.50158e-06
3610 2.4985e-06
3612 2.48627e-06
3615 2.47418e-06
3620 2.47116e-06
3640 2.46403e-06
3652 2.46281e-06
3661 2.46076e-06
3662 2.44001e-06
3687 2.42508e-06
3690 2.42341e-06
3700 2.4188e-06
3702 2.39918e-06
3718 2.3898e-06
3725 2.3575e-06
3728 2.3534e-06
3769 2.33484e-06
3770 2.32216e-06
3772 2.30133e-06
3775 2.2988e-06
3785 2.28598e-06
3786 2.27292e-06
3793 2.20917e-06
3817 2.17692e-06
3830 2.11805e-06
3833 2.03584e-06
3853 2.00901e-06
3856 1.90669e-06
3895 1.82708e-06
3929 1.8143e-06
3957 1.79078e-06
3965 1.59816e-06
3975 1.55485e-06
3991 1.53233e-06
3996 1.52363e-06
4017 1.50361e-06
4025 1.46983e-06
4098 1.45399e-06
4108 1.44395e-06
4115 1.43196e-06
4142 1.41142e-06
4181 1.41089e-06
4182 1.40892e-06
4183 1.40822e-06
4191 1.4082e-06
4193 1.40536e-06
4209 1.40353e-06
4235 1.40087e-06
4300 1.40012e-06
4332 1.39904e-06
4380 1.39898e-06
4460 1.39883e-06
4702 1.39882e-06
4713 1.39876e-06
4737 1.39871e-06
4744 1.39862e-06
4783 1.39861e-06
4818 1.3986e-06
4833 1.39859e-06
4834 1.39855e-06
4845 1.39854e-06
4849 1.39853e-06
4863 1.3985e-06
4888 1.39849e-06
4922 1.39848e-06
4973 1.39847e-06
5019 1.39846e-06
