1 5839040.0
5 5838320.0
8 5820500.0
10 5810350.0
18 5803710.0
23 5798530.0
26 5795760.0
28 5782400.0
35 5766820.0
44 5764860.0
46 5746520.0
50 5742510.0
52 5737220.0
56 5730540.0
58 5704230.0
61 5684500.0
66 5675690.0
67 5643560.0
71 5641370.0
74 5629900.0
80 5626400.0
82 5521610.0
91 5451200.0
97 5373980.0
100 5371420.0
101 5288110.0
106 5172980.0
114 4959170.0
125 4834340.0
130 4439260.0
142 4241680.0
145 4117380.0
150 3435410.0
154 3365340.0
156 3128250.0
158 2466520.0
162 1493450.0
166 990690.0
170 870150.0
228 833471.0
230 726955.0
234 359640.0
276 293625.0
284 279091.0
311 218104.0
315 165319.0
333 57698.0
367 43580.9
373 35781.1
403 29907.4
413 24409.0
428 15476.1
433 12507.7
437 6909.77
452 5957.47
508 1962.21
544 1732.24
562 1649.21
573 1072.79
604 840.051
634 720.417
638 627.117
660 506.276
674 377.638
690 274.6
697 160.631
737 90.1634
743 82.4755
773 41.8502
791 34.9567
826 21.9241
865 21.5588
869 18.9325
873 13.8907
883 13.2402
887 11.5624
899 9.09578
907 7.01743
932 6.48451
937 6.1753
957 6.06872
981 5.83387
988 5.02068
995 4.96983
1010 4.14604
1013 3.51152
1035 3.29528
1046 1.36415
1078 1.15554
1096 0.792928
1098 0.764403
1119 0.725733
1121 0.460875
1134 0.450147
1139 0.393691
1140 0.353944
1141 0.336545
1161 0.27804
1167 0.171747
1181 0.135545
1190 0.111239
1197 0.0979241
1202 0.0647995
1227 0.0584757
1246 0.049187
1267 0.0282021
1286 0.0268242
1290 0.0246858
1293 0.0233276
1301 0.017454
1317 0.0104993
1322 0.00990064
1323 0.00865474
1366 0.00439026
1402 0.00423152
1405 0.0034082
1410 0.00331027
1412 0.00270815
1416 0.00218111
1428 0.00182998
1469 0.00175829
1492 0.00150888
1496 0.00114231
1508 0.00101929
1517 0.000820679
1521 0.000674974
1523 0.000536733
1565 0.000487697
1575 0.000358973
1583 0.000256335
1588 0.000224428
1589 0.000162035
1613 0.000132107
1669 0.000106746
1674 6.08017e-05
1750 3.85357e-05
1751 2.42409e-05
1799 1.14211e-05
1813 9.17536e-06
1821 8.15547e-06
1852 7.60759e-06
1857 3.83165e-06
1872 3.73844e-06
1886 3.55083e-06
1901 3.1763e-06
1909 2.89969e-06
1914 2.77929e-06
1917 2.57002e-06
1929 2.53551e-06
1930 1.97645e-06
1939 1.40154e-06
1959 1.12723e-06
1970 8.42443e-07
1988 7.87916e-07
1989 7.37053e-07
1995 6.42349e-07
2010 6.06055e-07
2011 2.82227e-07
2062 2.74974e-07
2066 2.60894e-07
2068 2.34337e-07
2083 2.20827e-07
2085 9.30398e-08
2096 7.70092e-08
2140 3.67627e-08
2159 3.17191e-08
2176 2.93976e-08
2178 1.77895e-08
