1 112234.0
5 111522.0
8 93775.0
10 83677.5
18 77066.1
23 71912.9
26 69150.3
28 55863.3
35 43718.8
46 33450.7
47 29093.7
52 27462.5
92 23233.4
95 20599.6
105 16584.3
109 15634.4
111 14551.3
118 12995.9
129 11035.4
158 6615.42
165 5454.57
194 5445.42
195 3393.9
204 2013.06
242 1590.47
248 680.937
258 574.7
329 451.775
370 413.656
373 301.536
380 237.219
400 177.391
435 130.94
450 42.4346
520 34.2357
533 26.7876
541 22.0886
556 21.0527
561 14.5907
588 13.2336
599 10.5184
609 7.83292
614 6.81512
660 6.22573
666 5.10213
677 3.46038
707 3.05644
714 2.88807
717 2.84057
725 2.37967
726 2.18414
733 1.42253
740 1.42007
777 0.820987
786 0.773258
790 0.697615
795 0.447719
827 0.392757
833 0.346625
841 0.173019
876 0.149762
883 0.0827992
916 0.0765746
948 0.0754272
956 0.0234572
1041 0.0158821
1053 0.0116997
1067 0.011386
1085 0.0104542
1089 0.0098723
1097 0.00983607
1121 0.00946898
1122 0.00837844
1123 0.00554874
1134 0.00517517
1138 0.00431079
1161 0.00203779
1193 0.00173039
1197 0.00141857
1217 0.00133152
1220 0.00125417
1222 0.00110899
1233 0.000883428
1246 0.000780722
1251 0.000597937
1274 0.000553222
1282 0.000358852
1299 0.00030926
1305 0.000224218
1323 0.000207083
1336 0.000137524
1359 0.000130865
1366 0.000129434
1372 9.80411e-05
1387 7.31019e-05
1395 6.54183e-05
1409 6.29587e-05
1410 4.24861e-05
1451 4.23251e-05
1492 3.99419e-05
1496 3.51713e-05
1506 3.35101e-05
1508 3.17745e-05
1514 3.10195e-05
1515 3.05104e-05
1516 1.41472e-05
1539 1.36828e-05
1567 1.17616e-05
1570 1.15143e-05
1585 9.93447e-06
1588 5.43792e-06
1628 4.67676e-06
1629 4.42179e-06
1648 1.98337e-06
1718 1.37708e-06
1733 1.12381e-06
1737 9.95155e-07
1744 8.50477e-07
1778 6.32108e-07
1791 5.89652e-07
1794 5.15789e-07
1797 5.15199e-07
1798 3.98999e-07
1799 3.75842e-07
1803 3.30006e-07
1820 2.67156e-07
1821 2.5682e-07
1831 2.31086e-07
1837 1.55124e-07
1860 8.40773e-08
1907 8.16082e-08
1912 4.60615e-08
1929 4.20852e-08
1943 4.18338e-08
1955 3.61638e-08
1959 1.97526e-08
