1 9.3797
2443 9.35439
2456 9.26828
2467 9.25714
2473 9.24872
2479 9.20126
2487 9.14157
2509 9.11783
2565 9.0718
2568 8.99386
2582 8.991
2596 8.90286
2612 8.78367
2624 8.75747
2682 8.75161
2714 8.7217
2725 8.70573
2736 8.69806
2745 8.66944
2753 8.63163
2759 8.56008
2774 8.55972
2820 8.53882
2839 8.50675
2848 8.48539
2853 8.45177
2855 8.44811
2856 8.37822
2881 8.32655
2902 8.3082
2904 8.29039
2917 8.21494
2963 8.15179
3003 8.11802
3007 8.07081
3019 8.0311
3048 7.94667
3068 7.84354
3102 7.77782
3148 7.74781
3151 7.73551
3153 7.65372
3220 7.62914
3226 7.58381
3264 7.53223
3266 7.50451
3267 7.43053
3323 7.38536
3331 7.37136
3337 7.3404
3348 7.33534
3350 7.33219
3381 7.32806
3382 7.2966
3385 7.27965
3402 7.23533
3420 7.20807
3423 7.19612
3431 7.17668
3434 7.17429
3442 7.16739
3446 7.1145
3464 7.10066
3538 7.06831
3540 7.05694
3541 6.99538
3560 6.98824
3573 6.98704
3589 6.97749
3590 6.96583
3594 6.93793
3602 6.92368
3615 6.86696
3634 6.83783
3642 6.81968
3653 6.81049
3689 6.80727
3694 6.7165
3706 6.68729
3741 6.68386
3769 6.68156
3776 6.66564
3781 6.63296
3785 6.60326
3837 6.57358
3848 6.55559
3901 6.54595
3902 6.53714
3913 6.53655
3914 6.53589
3921 6.51711
3927 6.50373
3953 6.49884
3965 6.48817
3969 6.4868
3972 6.48005
3985 6.46956
4003 6.44452
4029 6.4444
4032 6.44193
4039 6.42265
4054 6.4063
4055 6.39605
4056 6.38062
4065 6.38052
4068 6.35926
4069 6.3442
4107 6.34246
4114 6.31549
4125 6.29481
4147 6.24313
4158 6.2283
4174 6.22727
4178 6.1922
4208 6.19076
4227 6.17177
4234 6.14747
4254 6.13494
4273 6.13057
4277 6.11417
4321 6.11003
4351 6.06048
4404 6.03767
4451 6.02469
4474 6.0038
4478 5.99895
4518 5.99191
4532 5.92951
4535 5.92644
4548 5.91717
4586 5.9054
4589 5.87958
4596 5.833
4687 5.79818
4694 5.7872
4702 5.78659
4712 5.78421
4716 5.78238
4723 5.75792
4726 5.71897
4742 5.69721
4753 5.6661
4799 5.64845
4823 5.59586
4833 5.5836
4861 5.56425
4863 5.54995
4876 5.5373
4889 5.48316
4917 5.46398
4923 5.3686
4963 5.35509
4967 5.306
4980 5.30493
4981 5.30212
4985 5.23752
5035 5.22829
5036 5.15736
5064 5.08071
5073 5.0625
5106 5.06233
5133 5.02838
5152 5.02593
5153 5.00943
5169 4.9649
5203 4.96116
5209 4.94946
5236 4.94131
5252 4.93775
5259 4.92451
5276 4.9189
5289 4.90145
5298 4.87939
5327 4.87816
5332 4.87294
5336 4.83214
5371 4.81528
5374 4.79577
5384 4.76478
5397 4.73487
5421 4.71498
5425 4.69451
5432 4.67625
5441 4.65834
5451 4.62402
5458 4.5911
5465 4.58671
5519 4.54767
5540 4.51583
5569 4.49344
5578 4.44149
5582 4.4223
5644 4.4117
5648 4.40791
5656 4.40659
5663 4.39745
5671 4.36585
5680 4.35157
5682 4.33591
5701 4.32074
5715 4.31009
5745 4.28249
5754 4.26224
5802 4.24388
5815 4.22545
5852 4.20514
5874 4.17624
5884 4.17511
5897 4.16716
5913 4.16541
5914 4.16404
5926 4.14697
5935 4.14515
5937 4.11385
5950 4.10382
5956 4.09269
5980 4.07322
6009 4.05686
6044 4.03965
6053 4.0339
6062 4.03173
6064 4.00796
6074 4.00567
6081 4.00317
6110 3.97451
6171 3.96407
6183 3.9354
6215 3.92795
6223 3.92125
6287 3.91225
6297 3.87521
6348 3.86317
6355 3.84058
6363 3.83627
6380 3.82173
6407 3.8163
6418 3.81328
6431 3.80838
6443 3.79836
6460 3.79458
6469 3.79009
6482 3.7612
6502 3.75952
6542 3.7465
6555 3.74425
6568 3.71944
6576 3.70088
6668 3.69771
6674 3.68832
6693 3.68459
6710 3.6383
6724 3.63766
6740 3.62739
6780 3.61567
6783 3.59351
6826 3.58284
6843 3.57823
6866 3.57524
6897 3.56535
6912 3.55535
6926 3.5519
6933 3.54173
6942 3.53697
6955 3.53637
6962 3.52107
6985 3.51794
6988 3.51589
6993 3.51476
7014 3.51033
7026 3.50766
7033 3.50566
7047 3.50049
7049 3.49442
7058 3.49328
7062 3.48787
7073 3.48108
7084 3.47674
7089 3.47645
7091 3.47628
7094 3.47583
7095 3.46797
7099 3.46634
7103 3.46482
7104 3.4574
7107 3.45366
7120 3.44501
7131 3.41509
7145 3.40821
7194 3.39665
7202 3.39312
