1 1794070.0
4 273511.0
11 77081.4
13 592.932
23 264.726
36 181.625
40 153.541
66 15.1425
75 7.70269
92 5.93813
106 5.84643
119 4.57445
141 3.83181
143 3.46003
152 2.68363
159 2.66197
183 1.82036
189 1.81736
201 1.76833
203 1.47561
256 1.45641
264 1.34926
267 1.26086
270 1.24535
275 1.24505
277 1.05464
323 1.03229
327 0.910956
330 0.905422
332 0.881664
334 0.880669
336 0.81593
345 0.803611
346 0.792491
349 0.766698
351 0.652501
357 0.562514
366 0.49731
381 0.487993
389 0.461188
394 0.40413
409 0.403455
410 0.352119
412 0.332298
416 0.330607
419 0.288218
421 0.282867
424 0.249491
436 0.233073
438 0.215794
443 0.171544
448 0.149898
463 0.131901
471 0.118848
472 0.114275
487 0.110994
512 0.107243
514 0.0907149
535 0.0900037
539 0.077938
547 0.0738693
554 0.0737824
556 0.0732778
559 0.0729355
560 0.0721671
561 0.0677067
563 0.0643979
567 0.0550544
573 0.0529184
576 0.0479306
578 0.0436538
582 0.0414007
583 0.0396266
584 0.0387646
587 0.0319368
609 0.0309568
620 0.0307949
623 0.029628
625 0.0291291
626 0.0282832
633 0.0260576
635 0.0232853
640 0.0221448
648 0.0184704
649 0.0167398
652 0.00711066
671 0.00674639
675 0.00499665
682 0.00473193
686 0.00409443
688 0.00295321
692 0.00223014
697 0.00181202
711 0.00148363
715 0.00112037
718 0.00107726
720 0.000818156
722 0.000720299
730 0.000229461
744 9.5888e-05
759 3.63311e-05
760 5.57868e-06
788 5.52577e-06
796 4.71595e-06
802 3.0779e-06
817 2.65614e-06
820 1.84726e-06
821 5.37163e-07
830 1.17821e-07
850 1.05115e-07
851 4.27676e-08
869 2.28329e-08
878 9.79885e-09
880 7.38087e-09
889 6.75708e-09
890 4.87397e-09
899 4.82563e-09
905 2.59668e-09
915 1.13717e-09
916 5.34162e-10
920 1.33456e-10
938 3.78335e-11
948 2.16075e-12
1003 1.7541e-12
1020 1.73069e-12
1029 9.30254e-13
1039 2.66482e-13
1046 4.97878e-14
1067 2.88989e-14
1080 2.18024e-14
1082 4.87098e-15
1089 1.39207e-15
