1 215.0
8 57.4121
36 53.7251
39 40.0139
67 22.1398
74 7.69988
91 7.19937
96 6.03137
115 5.74522
124 4.32674
127 3.16252
130 1.69072
140 0.680069
145 0.449328
148 0.0686061
217 0.0439977
219 0.0206444
232 0.018907
235 0.0179657
236 0.00574476
278 0.00147672
292 0.000693761
302 0.000291266
306 0.000257159
315 7.77919e-05
322 6.21079e-05
355 4.43266e-05
362 1.53612e-05
377 1.29247e-05
388 1.67929e-06
441 5.088e-07
444 3.70292e-07
485 1.63125e-07
501 1.16054e-07
518 5.13353e-08
523 3.68832e-08
545 1.91118e-08
546 6.98224e-09
557 4.26357e-09
584 1.73991e-09
667 1.01363e-09
672 4.81798e-10
730 4.48864e-10
758 1.68976e-10
768 1.19401e-10
789 4.97798e-11
806 2.16811e-11
861 1.58661e-11
862 1.26786e-11
867 1.17914e-11
871 1.02397e-11
876 5.91856e-12
887 4.83463e-12
907 3.38734e-12
914 2.39214e-12
919 2.26832e-12
928 1.16379e-12
939 6.51561e-13
960 4.97729e-13
961 3.93242e-13
963 3.26392e-13
969 2.29722e-13
971 1.9266e-13
988 1.28106e-13
998 8.38781e-14
1004 8.13216e-14
1017 7.92141e-14
1021 3.81983e-14
1038 2.37826e-14
1045 1.35978e-14
1058 8.776e-15
1067 1.27738e-15
