1 1615250.0
5 1298200.0
6 909606.0
13 702249.0
16 543996.0
18 492763.0
20 196975.0
26 121582.0
28 97339.3
35 22490.8
42 18106.4
43 9983.61
47 5439.69
61 4179.13
119 3277.6
122 2681.03
130 1874.23
145 1815.51
147 1427.63
152 1253.11
157 968.068
189 816.362
213 773.677
218 662.271
237 621.893
242 580.354
243 555.269
249 549.958
251 483.708
266 361.937
268 334.785
270 313.469
278 169.822
314 163.173
321 106.273
322 104.31
329 68.5629
333 55.4361
341 45.9529
356 30.5048
357 21.9024
362 6.19673
377 2.49352
382 0.766486
409 0.46333
414 0.424087
442 0.153998
463 0.117704
475 0.0640355
482 0.0275619
487 0.0062673
534 0.00449161
545 0.00117392
590 0.000678967
610 0.000554157
611 0.000440613
645 0.000295212
652 0.000206366
653 0.000185959
672 5.8669e-05
740 1.89168e-05
765 1.21361e-05
794 7.31425e-06
838 5.13376e-06
856 2.35008e-06
876 2.12676e-06
883 6.272e-07
887 4.49359e-07
894 4.15016e-07
914 2.48618e-07
919 1.28792e-07
928 1.70639e-08
993 7.04904e-09
998 5.7927e-09
1004 3.4608e-09
1011 2.60132e-09
1038 1.92316e-09
1043 1.68059e-09
1054 1.43112e-09
1060 2.4526e-10
1087 6.62207e-11
1118 5.81471e-11
1132 3.16836e-11
1138 2.09594e-11
1146 1.0855e-11
1176 3.54138e-12
1188 2.03053e-12
1211 1.89332e-12
1225 8.27143e-13
1248 4.12389e-13
1260 1.27693e-13
1305 1.04367e-13
1309 6.51453e-14
1321 1.72539e-14
1340 1.31018e-14
