1 33634100000.0
8 25373500000.0
13 20650100000.0
16 13680200000.0
18 6366430000.0
23 5295280000.0
24 2691770000.0
27 2249340000.0
34 791875000.0
48 589887000.0
51 374928000.0
53 164656000.0
63 38021300.0
65 17685900.0
181 17580500.0
193 7445890.0
236 4806790.0
244 745788.0
285 595816.0
298 122280.0
310 48713.8
325 43486.1
329 39236.7
332 20075.1
345 5115.51
367 2666.35
372 693.006
387 469.327
395 416.497
426 211.18
551 189.138
553 175.168
604 171.779
676 168.222
677 167.668
687 163.249
698 150.982
711 149.382
713 148.592
718 144.825
723 132.021
743 129.685
752 124.119
768 117.475
772 116.561
785 115.65
792 97.2687
807 95.5575
813 95.0807
815 86.1841
836 83.2706
860 78.7805
868 73.8334
873 70.0552
878 59.2883
885 51.0016
903 42.4825
917 42.1334
923 31.8714
925 30.8827
959 28.6342
1002 25.4207
1003 24.7804
1038 22.4002
1046 21.463
1072 19.0682
1088 16.4599
1120 14.5093
1128 11.6193
1156 11.0354
1165 10.3736
1171 9.92746
1186 9.42827
1238 9.24494
1249 9.21203
1257 8.89027
1265 7.88111
1274 7.3816
1293 7.10251
1321 6.67944
1360 6.39165
1363 6.03636
1390 5.76618
1409 5.46897
1431 4.91155
1473 4.89489
1476 4.82829
1499 4.38814
1521 4.24783
1575 4.23933
1578 4.18171
1590 4.08312
1595 3.88936
1607 3.55906
1616 3.53703
1629 3.31337
1681 3.29413
1699 3.15935
1702 3.03857
1703 2.97971
1728 2.90128
1746 2.89977
1751 2.87148
1754 2.84339
1759 2.75032
1803 2.6804
1814 2.65597
1815 2.6094
1818 2.56423
1827 2.53929
1829 2.53816
1834 2.3726
1844 2.36855
1856 2.18576
1938 2.15689
1952 2.12933
1962 2.10266
1964 2.09406
1966 2.04097
1976 1.98113
1992 1.94721
1997 1.9115
2014 1.85575
2019 1.85562
2033 1.74589
2049 1.69497
2084 1.68187
2132 1.67407
2145 1.62028
2157 1.61197
2159 1.56461
2166 1.55905
2179 1.54357
2203 1.52723
2220 1.52203
2232 1.51963
2235 1.41595
2262 1.40974
2274 1.40345
2275 1.39097
2282 1.36231
2310 1.35526
2313 1.34706
2315 1.30597
2352 1.30216
2355 1.28269
2357 1.23401
2365 1.18956
2377 1.13961
2479 1.13088
2500 1.1227
2520 1.10746
2542 1.0957
2565 1.09558
2568 1.08451
2584 1.08203
2601 1.07337
2622 1.0718
2623 1.06597
2636 1.04582
2654 1.00779
2753 0.9957
2766 0.990261
2779 0.988524
2805 0.965784
2827 0.957517
2861 0.955904
2873 0.955224
2917 0.950534
2928 0.925578
2971 0.923466
2973 0.923323
2978 0.908723
2989 0.905842
2996 0.886158
3049 0.863371
3118 0.860182
3126 0.849847
3132 0.837599
3192 0.831115
3225 0.829025
3227 0.828241
3245 0.827616
3250 0.820092
3251 0.811974
3254 0.809571
3258 0.808936
3264 0.802544
3286 0.802078
3323 0.801276
3336 0.798931
3341 0.795747
3343 0.794399
3358 0.792858
3360 0.787504
3385 0.786511
3389 0.783727
3417 0.780232
3421 0.779146
3436 0.776804
3440 0.776333
3441 0.775995
3454 0.773082
3484 0.773026
3515 0.772704
3537 0.769595
3546 0.769478
3549 0.767547
3559 0.764787
3570 0.763108
3578 0.761111
3590 0.760424
3596 0.756385
3647 0.75263
3656 0.751263
3660 0.748507
3682 0.747193
3693 0.743602
3695 0.743539
3702 0.743203
3709 0.741351
3720 0.741205
3729 0.739744
3731 0.738757
3738 0.735793
3745 0.733409
3763 0.731863
3773 0.729347
3776 0.727759
3780 0.726495
3798 0.720472
3803 0.718649
3804 0.716975
3812 0.714941
3814 0.708989
3824 0.708119
3825 0.706601
3851 0.705826
3865 0.697474
3874 0.696828
3880 0.696588
3917 0.688308
3931 0.677752
3943 0.660852
3978 0.660546
3986 0.655279
3990 0.653477
3993 0.640894
3998 0.640861
4014 0.634204
4048 0.632693
4053 0.628836
4077 0.627942
4090 0.620147
4101 0.619514
4106 0.606123
4136 0.582308
4152 0.581074
4178 0.577349
4183 0.57613
4187 0.573502
4248 0.566136
4269 0.565149
4272 0.562511
4273 0.562339
4308 0.558584
4317 0.557112
4331 0.5494
4349 0.542472
4352 0.541784
4354 0.538667
4370 0.530801
4373 0.516248
4377 0.515551
4403 0.499977
4424 0.491607
4441 0.486514
4442 0.474301
4454 0.447209
4523 0.427945
4533 0.420891
4542 0.404408
4603 0.39669
4620 0.387369
4627 0.385183
4640 0.383631
4654 0.373383
4655 0.370925
4674 0.355259
4703 0.353363
4716 0.351156
4723 0.337508
4753 0.337275
4755 0.330008
4759 0.329382
4782 0.326784
4798 0.325681
4813 0.321993
4814 0.319423
4822 0.313626
4833 0.303702
4843 0.30311
4845 0.299385
4858 0.295368
4862 0.289218
4866 0.276566
4904 0.271373
4905 0.262947
4915 0.258782
4939 0.250638
4942 0.2414
4961 0.217209
5027 0.216619
5047 0.214349
5056 0.212092
5062 0.198608
5079 0.177251
5087 0.159502
5133 0.157111
5137 0.134457
5169 0.132762
5174 0.127269
5198 0.126251
5204 0.120908
5212 0.108326
5276 0.107612
5279 0.105132
5285 0.0984578
5312 0.0807299
5330 0.0662597
5418 0.0657592
5422 0.0462081
5459 0.0425141
5472 0.0395129
5519 0.0335008
5526 0.0314276
5532 0.031198
5539 0.0260136
5579 0.0218785
5609 0.018028
5613 0.0179176
5629 0.0164403
5642 0.0162332
5656 0.0144344
5657 0.0140431
5685 0.0123465
5709 0.0114354
5737 0.0104528
5744 0.0104465
5752 0.00984003
5753 0.00849568
5784 0.00710622
5806 0.00708453
5830 0.00684224
5837 0.00618228
5839 0.0058647
5862 0.00470428
5918 0.00458057
5935 0.00455833
5953 0.00455546
5957 0.0044154
5964 0.00427999
5986 0.00406311
5997 0.00403473
6017 0.00391894
6025 0.00390969
6032 0.00380986
6036 0.00356651
6048 0.00353539
6053 0.00335162
6097 0.00328024
6127 0.00326858
6128 0.00325776
6149 0.0031965
6150 0.00319153
6152 0.00316968
6154 0.00294245
6199 0.00285342
6202 0.00263723
6265 0.00255801
6281 0.00246236
6284 0.00241753
6298 0.00224323
6306 0.00223339
6313 0.00210406
6327 0.00196159
6340 0.00182591
6352 0.00154416
6368 0.00143786
6418 0.00141998
6423 0.00126629
6435 0.00107535
6447 0.00102842
6460 0.00102739
6468 0.000945947
6483 0.000943967
6487 0.000898063
6493 0.000742453
6512 0.000740821
6522 0.000729984
6542 0.000650745
6550 0.000599485
6552 0.000554893
6558 0.000477946
6567 0.000390954
6584 0.000368797
6600 0.000282544
6609 0.000214612
6613 0.000194971
6635 0.000188649
6639 0.000143699
6646 0.000123215
6659 8.33352e-05
6668 5.45716e-05
6726 4.88429e-05
6798 4.32673e-05
6806 1.88949e-05
6841 1.09943e-05
6859 9.63482e-06
6860 6.7478e-06
6883 6.25656e-06
6902 5.41042e-06
6912 2.45283e-06
6942 1.64746e-06
6986 1.10936e-06
7001 1.05991e-06
7021 7.10776e-07
7049 6.17988e-07
7050 6.06459e-07
7052 3.65811e-07
7057 3.28618e-07
7061 2.78238e-07
7062 1.24284e-07
7086 7.3285e-08
7130 7.29512e-08
7132 5.65996e-08
7146 4.7232e-08
7156 2.75165e-08
7177 2.04152e-08
7179 1.4757e-08
7181 8.64487e-09
7186 8.37237e-09
7202 4.29818e-09
