1 11296300000000.0
4 11276400000000.0
5 11243400000000.0
16 11235200000000.0
25 11213600000000.0
27 11207900000000.0
37 11198800000000.0
38 11188000000000.0
47 11187700000000.0
50 11185000000000.0
51 11184900000000.0
52 11160100000000.0
58 11149600000000.0
59 11140400000000.0
77 11122800000000.0
79 11072600000000.0
93 11047500000000.0
96 11013600000000.0
102 10999600000000.0
103 10906500000000.0
115 10844100000000.0
131 10829100000000.0
135 10778200000000.0
138 10696700000000.0
147 10633200000000.0
150 10565200000000.0
157 10534800000000.0
158 10468200000000.0
164 10249200000000.0
172 10237700000000.0
177 10202500000000.0
180 10045100000000.0
185 9962530000000.0
192 9858490000000.0
194 9828040000000.0
201 9732000000000.0
202 9525720000000.0
206 9421600000000.0
213 9230790000000.0
219 9043380000000.0
222 8663920000000.0
238 8483250000000.0
243 8120010000000.0
251 7534750000000.0
260 7265020000000.0
262 6952250000000.0
269 6778980000000.0
276 6475390000000.0
281 6042340000000.0
289 5139120000000.0
304 4203170000000.0
314 3810490000000.0
322 3613810000000.0
334 3556990000000.0
342 3309240000000.0
345 3119890000000.0
346 2750800000000.0
369 2724770000000.0
372 2633780000000.0
373 2516520000000.0
377 1959030000000.0
391 1323380000000.0
417 1292000000000.0
426 961719000000.0
442 639082000000.0
457 586173000000.0
464 507522000000.0
475 368820000000.0
528 240636000000.0
557 175255000000.0
598 163829000000.0
607 160358000000.0
623 113502000000.0
627 106914000000.0
629 62917000000.0
653 51849100000.0
688 48500800000.0
706 46611500000.0
730 38227400000.0
750 10235300000.0
817 9733590000.0
827 7657810000.0
833 4766790000.0
871 4708850000.0
894 3270990000.0
915 1957730000.0
945 1914350000.0
947 1706040000.0
958 1149630000.0
1004 569077000.0
1051 564366000.0
1066 525524000.0
1069 409639000.0
1087 315177000.0
1092 170756000.0
1135 75214600.0
1190 56445700.0
1238 51488900.0
1243 50618100.0
1246 20439300.0
1284 16320500.0
1306 11987600.0
1319 9691960.0
1339 6457710.0
1356 5698440.0
1386 5040210.0
1390 3277680.0
1407 2248820.0
1410 1813680.0
1422 1808740.0
1439 1688030.0
1461 1354770.0
1466 941193.0
1487 865008.0
1494 803151.0
1503 737355.0
1511 592273.0
1564 551004.0
1570 488002.0
1582 417257.0
1588 395015.0
1591 172263.0
1632 166897.0
1649 100139.0
1710 93436.6
1711 80213.7
1714 67703.7
1745 50280.6
1753 30435.6
1777 25264.7
1839 22400.7
1851 21418.0
1858 21095.5
1861 21021.7
1870 12064.0
1894 8200.79
1916 8036.26
1923 5371.57
1972 3504.22
1995 2877.02
2015 2330.12
2016 2024.82
2055 1249.15
2081 957.401
2086 804.846
2102 510.431
2147 487.823
2148 483.682
2155 481.075
2163 461.145
2164 414.751
2166 318.324
2169 223.688
2211 211.526
2220 209.654
2233 178.929
2237 177.784
2241 162.752
2291 89.0288
2315 62.4236
2328 33.0449
2368 30.6076
2400 17.8468
2422 14.6659
2432 10.7804
2485 9.57354
2489 4.28769
2545 2.99456
2590 2.51725
2614 2.43378
2624 2.25807
2631 1.77986
2639 1.43227
2650 0.905209
2656 0.891394
2667 0.6645
2677 0.464234
2703 0.234544
2789 0.211568
2811 0.210292
2819 0.200461
2831 0.168023
2838 0.118619
2862 0.118248
2871 0.050988
2918 0.0505103
2926 0.0463999
2939 0.0391142
2944 0.0386352
2955 0.0372574
2996 0.0284055
3033 0.0202107
3034 0.0158296
3098 0.0154123
3104 0.0109598
3114 0.00855794
3139 0.00371617
3157 0.00318127
3210 0.00261331
3233 0.00139659
3270 0.000768723
3301 0.000348996
3398 0.000330631
3399 0.000246309
3406 0.000243618
3420 0.000207702
3426 0.00016854
3447 0.000102569
3476 8.88982e-05
3491 7.35337e-05
3507 6.39867e-05
3521 2.78927e-05
3563 1.7325e-05
3654 9.57935e-06
3685 6.16715e-06
3718 4.89478e-06
3731 4.80566e-06
3732 4.76326e-06
3733 4.28257e-06
3742 3.93844e-06
3745 3.77554e-06
3746 3.45101e-06
3748 3.2528e-06
3749 3.23713e-06
3752 2.77077e-06
3759 2.52281e-06
3760 2.42795e-06
3762 1.56389e-06
3797 1.45886e-06
3818 9.7047e-07
3844 9.25137e-07
3855 8.76445e-07
3863 7.43592e-07
3877 6.94223e-07
3881 6.31163e-07
3891 5.51598e-07
3892 2.34251e-07
3919 1.84139e-07
3938 1.53594e-07
3946 1.37543e-07
3969 1.09983e-07
3991 8.89212e-08
4007 8.67285e-08
4032 7.56198e-08
4038 7.21534e-08
4049 6.00274e-08
4050 5.37202e-08
4076 5.22413e-08
4090 4.07323e-08
4114 2.5668e-08
4125 2.49559e-08
4174 2.0264e-08
4185 9.95835e-09
4230 7.17701e-09
4246 5.93846e-09
4251 5.46619e-09
4256 5.10542e-09
4257 3.23374e-09
4306 2.23057e-09
4330 2.15123e-09
4354 1.42502e-09
4364 1.20503e-09
4395 1.02504e-09
4410 1.02312e-09
4454 9.09357e-10
4458 7.76968e-10
4473 5.0388e-10
4521 4.14998e-10
4522 4.07035e-10
4525 2.50604e-10
4569 1.69259e-10
4596 1.41893e-10
4608 1.17321e-10
4644 9.91724e-11
4683 9.42467e-11
4694 2.94814e-11
4740 2.1277e-11
4809 2.03852e-11
4841 1.4351e-11
4844 1.05009e-11
4860 6.60645e-12
4882 5.89081e-12
4888 5.60827e-12
4927 4.02036e-12
4954 3.26819e-12
4977 2.57423e-12
4982 2.53055e-12
4990 2.34481e-12
4993 1.79339e-12
5025 1.39543e-12
5029 1.22527e-12
5041 1.07915e-12
5061 8.00084e-13
5069 6.41883e-13
5113 4.97195e-13
5120 4.87379e-13
5135 2.81856e-13
5156 2.62895e-13
5157 1.93364e-13
5161 1.55813e-13
5187 1.37815e-13
5211 1.29631e-13
5220 7.78648e-14
5247 6.4275e-14
5254 6.22599e-14
5260 2.61523e-14
5298 2.39632e-14
5324 1.80591e-14
5340 1.7972e-14
5347 1.13684e-14
