1 308386000000.0
6 287561000000.0
10 253298000000.0
19 212160000000.0
27 207050000000.0
29 199031000000.0
32 181653000000.0
34 172831000000.0
42 118873000000.0
50 78583200000.0
58 43406300000.0
66 36216200000.0
70 22868300000.0
74 11692000000.0
76 10439800000.0
84 9465070000.0
85 3026990000.0
93 2091360000.0
100 975715000.0
112 493341000.0
114 326711000.0
140 90441200.0
141 35642600.0
178 7095430.0
207 1209480.0
242 1016590.0
243 669179.0
248 639436.0
253 280412.0
275 112612.0
322 111386.0
334 110342.0
339 90697.0
381 86884.2
397 86724.7
413 86676.8
431 86626.4
435 85967.3
445 85911.8
462 85887.5
464 85859.0
469 85771.2
537 85769.5
589 85766.4
641 85754.1
644 85747.2
665 85741.6
1793 85741.5
1797 85741.1
1798 85741.0
1822 85740.7
1830 85740.3
1852 85739.9
1902 85739.4
1929 85739.2
1952 85739.1
1969 85739.0
1974 85738.9
1986 85738.8
2015 85738.7
2060 85738.6
2061 85738.5
2117 85738.4
2130 85738.3
2153 85738.2
2157 85738.0
2163 85737.8
2187 85737.7
2192 85737.5
2203 85737.3
2222 85737.1
2266 85737.0
2267 85736.9
2283 85736.8
2317 85736.7
2371 85736.6
