1 273.248
2 271.775
15 132.226
17 94.3902
28 37.945
48 25.9799
67 24.0381
74 22.4086
82 12.9992
96 8.95624
144 4.36612
153 3.89288
332 3.55297
338 3.35028
351 3.05048
372 2.81232
396 2.22126
406 2.15841
411 1.92288
413 1.65274
421 1.02413
422 1.00311
443 0.884926
534 0.756015
545 0.720635
555 0.706812
557 0.659376
558 0.570686
568 0.458651
639 0.258901
666 0.188181
685 0.185303
699 0.169981
705 0.107191
714 0.0942358
735 0.074254
761 0.0733905
764 0.0474146
792 0.04617
800 0.0461378
803 0.036329
805 0.0248703
874 0.0229599
878 0.0213381
890 0.0202713
892 0.0186033
900 0.0131772
912 0.0116538
929 0.00606139
962 0.00585788
973 0.00547121
976 0.00450847
986 0.00408367
988 0.00259642
1073 0.00179518
1085 0.00168881
1087 0.0011134
1093 0.000478513
1118 0.000295289
1167 0.000292915
1182 0.000291606
1197 9.33444e-05
1228 7.7572e-05
1253 5.92781e-05
1283 5.48862e-05
1305 4.21604e-05
1322 3.45726e-05
1341 2.8861e-05
1380 2.70663e-05
1386 2.65912e-05
1392 2.46173e-05
1442 2.42974e-05
1447 2.26809e-05
1521 2.18756e-05
1539 2.13882e-05
1542 2.13148e-05
1546 2.06909e-05
1571 2.03846e-05
1604 1.99609e-05
1605 1.99501e-05
1606 1.98897e-05
1612 1.92353e-05
1633 1.9035e-05
1634 1.89987e-05
1639 1.87774e-05
1675 1.87766e-05
1683 1.84251e-05
1690 1.83023e-05
1692 1.8104e-05
1703 1.75272e-05
1708 1.74567e-05
1712 1.7074e-05
1722 1.58051e-05
1733 1.54747e-05
1745 1.46001e-05
1752 1.3954e-05
1763 1.3535e-05
1786 1.21232e-05
1793 1.13369e-05
1800 1.12022e-05
1805 1.10892e-05
1806 8.69209e-06
1815 7.72369e-06
1864 6.78233e-06
1869 5.47556e-06
1880 5.04346e-06
1899 4.70162e-06
1906 4.632e-06
1925 3.19999e-06
1945 2.66749e-06
1957 2.22172e-06
1990 1.78706e-06
1993 1.10025e-06
1997 9.14151e-07
2020 7.9724e-07
2038 7.4418e-07
2046 4.34942e-07
2073 4.27397e-07
2080 1.83787e-07
2161 1.71499e-07
2165 1.4669e-07
2178 6.23865e-08
2254 4.74644e-08
2262 3.4421e-08
2272 2.98826e-08
2284 2.0085e-08
2308 1.98631e-08
2315 1.67e-08
2316 9.30785e-09
2342 7.6646e-09
2353 7.45291e-09
2356 6.67937e-09
2358 6.23867e-09
2368 3.75804e-09
2373 3.65441e-09
2416 3.50584e-09
2436 3.13608e-09
2459 2.98576e-09
2461 2.94006e-09
2464 2.87406e-09
2477 1.75834e-09
2489 1.16231e-09
2493 1.1577e-09
2503 5.00398e-10
2515 1.73944e-10
2624 1.26024e-10
2635 1.17512e-10
2652 1.02888e-10
2653 1.0011e-10
2659 6.78416e-11
2675 4.52521e-11
2705 3.52735e-11
2709 2.57136e-11
2744 2.20047e-11
2749 1.73273e-11
2752 1.7149e-11
2754 1.52358e-11
2782 6.97503e-12
2817 6.2908e-12
2822 4.15918e-12
2832 3.50943e-12
2835 3.33795e-12
2837 1.95296e-12
2864 1.47247e-12
2870 7.61189e-13
2933 7.59812e-13
2943 2.62127e-13
2987 2.44607e-13
2999 1.78649e-13
3000 1.44596e-13
3010 1.06671e-13
3015 3.41033e-14
3046 2.16627e-14
3089 1.6856e-14
3102 1.55232e-14
3108 1.41642e-14
3116 1.07201e-14
3117 7.96882e-15
3157 6.46847e-15
3174 5.6777e-15
3187 1.997e-15
