1 41.6817
2 29.5212
3 12.6873
19 10.7882
24 8.50285
27 8.34194
32 7.95749
34 2.42779
78 2.09052
88 0.939659
98 0.707064
112 0.625464
118 0.334171
133 0.240107
136 0.19766
139 0.0406415
157 0.0388501
164 0.0338682
176 0.0281873
181 0.0213132
184 0.0191365
187 0.018332
193 0.0158606
200 0.0137183
231 0.0130663
233 0.0117494
240 0.0114242
251 0.0114236
256 0.0110487
257 0.0106857
274 0.0106191
294 0.0102022
319 0.0100381
331 0.0099613
335 0.00976576
340 0.00971192
345 0.0096833
357 0.00948641
360 0.00948401
361 0.00937318
388 0.00935208
399 0.00929965
401 0.00923177
418 0.00921173
422 0.00920556
426 0.00919818
428 0.00916529
429 0.00913096
432 0.00910947
434 0.00887415
439 0.00880985
459 0.00870939
463 0.00858202
470 0.00848824
475 0.00846578
479 0.00839797
494 0.00836966
495 0.00828045
506 0.00828023
510 0.00822845
514 0.00822618
516 0.00822353
517 0.00821918
537 0.00821814
568 0.00821657
575 0.00821622
589 0.00821542
599 0.00821503
611 0.00821493
620 0.00821491
626 0.0082149
649 0.00821488
