1 264839.0
3 251871.0
8 217812.0
13 207205.0
16 200967.0
19 153521.0
23 20768.7
104 16994.3
114 9484.48
133 8271.64
137 4825.64
157 4316.28
186 1816.75
201 1735.39
216 591.992
223 334.141
238 52.8739
283 41.3777
325 39.8922
351 31.3439
352 30.8959
381 29.0762
417 28.0544
437 25.3219
456 22.7886
466 21.0297
481 17.19
524 15.4904
555 13.9083
562 13.6106
622 12.0154
693 11.2551
699 10.1366
704 10.042
716 7.77081
789 6.66561
963 5.44658
1148 5.31435
1152 5.28361
1158 5.06376
1323 4.95248
1325 4.84097
1344 4.78578
1368 4.64453
1449 4.64288
1456 4.60102
1539 4.60097
1548 4.59253
1566 4.54898
1581 4.54472
1599 4.51732
1614 4.5137
1634 4.4924
1654 4.49149
1655 4.47786
1683 4.46183
1686 4.44466
1701 4.43321
1702 4.42954
1716 4.40955
1723 4.39781
1727 4.39334
1728 4.35677
1740 4.31868
1751 4.27883
1755 4.2423
1760 4.23359
1776 4.20377
1783 4.16797
1786 4.15012
1801 3.9867
1802 3.9827
1828 3.90514
1865 3.86753
1870 3.85536
1871 3.75749
1878 3.73602
1893 3.57945
1906 3.54021
1915 3.4209
1928 3.35328
1979 3.31471
1985 3.30723
2008 3.28172
2011 3.24648
2014 3.1794
2021 3.17701
2028 3.12686
2054 3.11212
2057 3.10735
2062 3.08302
2065 2.99261
2112 2.91051
2184 2.89716
2193 2.89384
2225 2.89253
2226 2.86878
2230 2.85818
2239 2.79535
2242 2.77732
2276 2.77071
2280 2.76667
2291 2.71024
2319 2.6922
2337 2.67568
2345 2.66574
2347 2.66099
2349 2.65468
2352 2.63932
2355 2.58781
2390 2.57779
2395 2.56742
2402 2.53051
2440 2.52845
2447 2.52239
2453 2.47925
2462 2.46576
2469 2.4565
2488 2.44681
2498 2.44378
2518 2.44263
2525 2.43775
2541 2.43277
2547 2.40687
2556 2.40046
2568 2.39909
2602 2.36051
2615 2.35949
2624 2.35604
2625 2.34967
2637 2.34288
2646 2.3177
2648 2.31703
2701 2.2969
2706 2.27176
2747 2.25193
2749 2.2069
2893 2.18906
3005 2.18348
3111 2.18108
3144 2.18048
3156 2.18039
3164 2.17964
3171 2.17895
3218 2.17865
3236 2.17805
3245 2.17787
3262 2.17762
3278 2.17723
3285 2.17713
3336 2.17701
3347 2.17651
3356 2.1765
3402 2.17636
3431 2.176
3442 2.17585
3529 2.17577
3540 2.17573
3567 2.17569
3601 2.17562
3604 2.17561
3630 2.17559
3639 2.17549
3647 2.17546
3727 2.17544
3763 2.17542
3795 2.17541
3811 2.1754
3844 2.17538
3862 2.17537
3928 2.17536
3930 2.17535
3973 2.17534
4022 2.17533
4050 2.17532
4082 2.17531
4141 2.1753
4163 2.17529
4218 2.17528
4247 2.17527
4254 2.17526
4290 2.17525
4319 2.17524
4327 2.17523
4374 2.17521
4428 2.17519
4438 2.17518
4443 2.17517
4465 2.17514
4472 2.17512
4493 2.17511
4498 2.1751
4541 2.17507
4557 2.17506
4589 2.17503
4666 2.17501
4674 2.17499
4702 2.17498
4718 2.17496
4752 2.17495
4755 2.17494
4789 2.17492
4795 2.17491
4810 2.1749
4828 2.17488
4829 2.17487
4835 2.17486
4843 2.17485
4854 2.17484
4856 2.17482
4865 2.1748
4868 2.17478
4874 2.17475
4904 2.17474
4939 2.17462
4950 2.17461
4955 2.1746
4958 2.17453
4969 2.17442
4987 2.17438
5023 2.17437
5039 2.17427
5069 2.17422
5075 2.17419
5081 2.17418
5102 2.17417
5112 2.17416
5131 2.17415
5133 2.17414
5136 2.17413
5138 2.17404
5168 2.17401
5174 2.17399
5188 2.17395
5200 2.17394
5202 2.1739
5236 2.17389
5245 2.17378
5259 2.17377
5260 2.17376
5264 2.1737
5273 2.17369
5302 2.17365
5315 2.17355
5331 2.17351
5355 2.17347
5358 2.1734
5368 2.17335
5390 2.17334
5409 2.17332
5424 2.17325
5436 2.17308
5480 2.17303
5495 2.17302
5505 2.17295
5516 2.17287
5549 2.17286
5550 2.17285
5554 2.17281
5565 2.17274
5566 2.17263
5590 2.17252
5596 2.17251
5602 2.1725
5606 2.17248
5612 2.17239
5618 2.17228
5666 2.17225
5670 2.17224
5689 2.17216
5704 2.17207
5716 2.17206
5717 2.17196
5744 2.17192
5779 2.1719
5781 2.17179
5821 2.17172
5845 2.17168
5866 2.17167
5872 2.17166
5875 2.17159
5895 2.17156
5903 2.17151
5913 2.17148
5919 2.1714
5924 2.17135
5935 2.17131
5972 2.17114
5992 2.17104
6006 2.17099
6013 2.17098
6015 2.17086
6047 2.17079
6055 2.17049
6078 2.17034
6086 2.17015
6099 2.17
6102 2.16989
6114 2.1696
6122 2.16896
6178 2.16834
6224 2.1681
6240 2.16804
6254 2.16795
6278 2.16747
6296 2.16731
6317 2.16718
6346 2.16674
6369 2.16671
6393 2.16659
6400 2.16637
6453 2.16601
6490 2.16599
6501 2.16584
6504 2.16577
6521 2.16574
6523 2.16567
6537 2.16566
6546 2.16555
6549 2.16519
6598 2.16515
6606 2.16514
6632 2.16505
6640 2.16481
6645 2.16465
6678 2.1646
6728 2.16448
6763 2.16418
6801 2.16408
6812 2.16399
6825 2.16389
6860 2.16384
6872 2.1637
6883 2.16366
6885 2.16363
6893 2.16358
6897 2.16356
6955 2.16345
7000 2.16339
7024 2.16333
7075 2.16328
7089 2.16326
7141 2.16325
7145 2.16324
7150 2.16323
