1 2537760000.0
8 1807530000.0
11 1667520000.0
18 1479800000.0
27 1393640000.0
29 1206590000.0
35 930012000.0
41 916261000.0
46 618196000.0
51 416118000.0
76 78438100.0
99 25513300.0
151 8774840.0
192 3674420.0
258 3473500.0
264 1708240.0
273 1626090.0
283 1607450.0
302 1414950.0
311 1255530.0
315 830132.0
351 657231.0
356 603396.0
361 576907.0
362 444441.0
373 242738.0
390 216176.0
405 174730.0
413 102005.0
417 95776.6
436 24313.2
452 18885.8
472 15404.7
489 8890.2
508 6907.32
519 4728.83
520 3911.02
541 2256.96
558 1227.62
588 563.687
604 334.425
609 332.221
614 262.127
619 143.958
638 142.831
660 41.3571
710 15.8825
751 8.21736
753 8.14369
771 6.09748
800 1.5291
827 1.30438
834 1.24308
836 0.928221
860 0.624326
869 0.162146
918 0.151463
923 0.0139744
984 0.0128974
994 0.00605938
999 0.00525902
1008 0.00304091
1060 0.00299953
1066 0.0019371
1086 0.00182265
1096 0.000256378
1108 0.000221834
1122 0.00021482
1127 8.98143e-05
1131 6.29771e-05
1139 3.71084e-05
1145 2.34413e-05
1190 1.3548e-05
1195 1.2781e-05
1197 1.01422e-05
1198 9.70173e-06
1202 7.58873e-06
1205 3.7067e-06
1226 2.03254e-07
1276 8.05983e-08
1317 6.14874e-08
1322 4.93599e-08
1330 4.66128e-08
1341 4.01615e-08
1368 3.15306e-08
1373 2.19177e-08
1383 1.6551e-08
1409 1.04193e-08
1412 8.99266e-09
1414 8.48975e-09
1433 6.75117e-09
1469 3.88697e-09
1491 1.09399e-09
1535 4.43337e-10
1543 1.57937e-10
1568 9.33712e-11
1588 6.22076e-11
1589 4.43467e-11
1602 3.30958e-11
1613 2.17356e-11
1630 1.13421e-11
1636 7.51259e-12
1650 3.61518e-12
1671 3.5323e-12
1677 2.38231e-12
1683 1.43634e-12
1732 8.21282e-13
1734 6.97731e-13
1743 5.62717e-13
1774 3.98493e-13
1786 3.14507e-13
1792 2.55706e-13
1794 1.2434e-13
1813 9.67883e-14
1835 6.40186e-14
1837 1.77671e-14
1868 1.04568e-14
1873 6.39815e-15
1874 2.83027e-15
