1 11340500.0
4 11328200.0
5 11317200.0
19 11296400.0
25 11292400.0
27 11289800.0
35 11283500.0
41 11280400.0
45 11280200.0
48 11247400.0
57 11246300.0
65 11220000.0
75 11208000.0
77 11202500.0
83 11181000.0
90 11173000.0
97 11166900.0
100 11160800.0
104 11138000.0
112 11134200.0
113 11099900.0
118 11097600.0
125 11040800.0
126 11027100.0
135 11026100.0
137 10995500.0
138 10966300.0
147 10948000.0
150 10837700.0
158 10781000.0
164 10703000.0
179 10685600.0
180 10669800.0
185 10586600.0
192 10527700.0
194 10489000.0
201 10439000.0
202 10342100.0
206 10317100.0
213 10178000.0
215 10018700.0
219 9989890.0
222 9678080.0
234 9667270.0
238 9527860.0
243 9308790.0
248 9172450.0
251 8856190.0
255 8714140.0
256 8311260.0
262 8252530.0
267 7908370.0
272 7661810.0
276 7617920.0
279 7302740.0
282 7148070.0
291 6981020.0
295 6772850.0
299 6422130.0
301 6092170.0
309 5990910.0
314 4533690.0
328 4496110.0
365 4494690.0
369 4066190.0
391 3704710.0
401 3342730.0
430 3301690.0
469 2499180.0
475 2156940.0
523 1556170.0
585 1467620.0
588 1462130.0
589 1359160.0
596 1349130.0
598 1341480.0
623 1066620.0
629 1058480.0
644 859805.0
659 815254.0
663 690810.0
728 645888.0
745 581896.0
756 532395.0
762 360848.0
779 341442.0
799 276697.0
861 275539.0
874 268427.0
881 237304.0
907 230326.0
925 222111.0
926 215296.0
929 211236.0
937 165298.0
965 162430.0
985 138296.0
1017 118416.0
1030 95157.4
1085 83123.3
1107 77875.3
1121 60710.5
1179 44646.1
1202 39530.3
1207 36781.2
1219 35845.7
1221 35216.6
1246 34809.5
1248 28462.4
1301 27839.6
1318 26331.4
1323 23257.8
1338 22347.1
1347 21601.9
1368 15232.6
1393 15005.8
1401 14096.6
1410 9362.86
1495 8638.18
1512 8414.93
1515 7293.12
1527 6795.87
1536 6548.09
1538 6441.27
1549 5176.99
1577 5089.93
1588 4346.74
1605 4150.58
1610 3929.59
1620 3888.39
1633 2894.4
1640 2690.11
1686 2668.14
1709 2371.37
1719 1950.72
1743 1849.54
1757 1809.81
1779 1795.5
1782 1486.71
1796 1473.78
1798 1461.02
1801 1430.1
1810 1096.51
1895 1020.74
1907 1002.32
1911 959.929
1923 901.208
1934 877.936
1941 818.76
1947 752.666
1961 734.822
1982 667.892
1987 632.299
1988 609.207
1993 503.555
2057 468.082
2069 437.248
2072 428.159
2084 385.279
2086 312.78
2116 289.867
2169 283.957
2170 260.199
2179 258.03
2193 253.416
2196 229.328
2205 220.456
2210 201.107
2211 158.846
2285 150.587
2287 142.62
2305 123.086
2330 122.397
2355 105.589
2369 103.539
2387 103.047
2389 87.6976
2391 85.8328
2409 85.1344
2432 73.5394
2444 70.6423
2450 46.905
2506 39.4594
2524 31.526
2565 29.957
2614 27.5432
2619 25.6613
2631 24.1189
2639 22.5112
2646 20.5
2649 19.1554
2656 11.3794
2767 10.5444
2774 10.5177
2776 10.1152
2792 8.84074
2812 6.3336
2826 5.94874
2852 5.82226
2868 5.48821
2872 5.32076
2878 5.11253
2920 5.05509
2928 4.83749
2934 4.81306
2947 4.61188
2961 3.24648
2987 3.21532
3015 3.17948
3028 3.13772
3029 2.78015
3047 2.77328
3074 2.47154
3076 2.45857
3086 2.19358
3117 1.73341
3148 1.5164
3154 1.47721
3167 1.20749
3169 1.07677
3239 0.950671
3245 0.911979
3272 0.902775
3280 0.841902
3283 0.837627
3296 0.718799
3299 0.631984
3304 0.606816
3307 0.578425
3310 0.506322
3317 0.495687
3374 0.276245
3473 0.25334
3525 0.25161
3527 0.241482
3547 0.218109
3560 0.189987
3572 0.130288
3668 0.122746
3669 0.121406
3670 0.119786
3682 0.108706
3708 0.0844955
3799 0.0659989
3835 0.0634568
3840 0.0600683
3859 0.0542614
3861 0.0528966
3869 0.0499437
3875 0.0477088
3888 0.0340715
3902 0.0284015
3971 0.0260171
4038 0.0235549
4073 0.0233314
4090 0.0221984
4117 0.0220459
4129 0.0180296
4133 0.0161879
4136 0.0156106
4149 0.0138892
4175 0.0136586
4184 0.010709
4214 0.0105209
4218 0.00941817
4229 0.00864478
4253 0.00778398
4254 0.00511824
4298 0.00452793
4351 0.00438602
4364 0.00380473
4393 0.00274228
4438 0.00250561
4446 0.00229653
4478 0.00206262
4479 0.0017475
4481 0.0014956
4517 0.00137302
4521 0.00125633
4523 0.00124063
4558 0.000908664
4563 0.000873656
4591 0.000848728
4612 0.000690696
4646 0.000690195
4649 0.000686559
4655 0.000602666
4656 0.000542155
4665 0.000432551
4714 0.000379311
4753 0.000337402
4758 0.00032836
4761 0.000216028
4821 0.000198622
4824 0.000198088
4827 0.000173956
4842 0.000103952
4888 0.0001027
4896 9.59505e-05
4916 9.40947e-05
4939 9.38093e-05
4941 7.56912e-05
4950 7.53734e-05
4969 7.22009e-05
4977 7.11464e-05
4984 6.59968e-05
4987 6.21221e-05
5005 6.16339e-05
5007 5.26014e-05
5019 5.20061e-05
5029 4.38248e-05
5051 2.31658e-05
5215 1.76108e-05
5221 1.53119e-05
5226 1.35473e-05
5300 1.29315e-05
5306 1.16821e-05
5314 1.13459e-05
5324 1.02836e-05
5339 1.0178e-05
5360 8.00892e-06
5379 5.80513e-06
5429 5.58245e-06
5445 5.09686e-06
5461 4.87188e-06
5522 4.3666e-06
5525 4.05827e-06
5526 2.84922e-06
5704 2.18431e-06
5743 1.96965e-06
5747 1.96517e-06
5748 1.80292e-06
5775 1.38273e-06
5806 1.01522e-06
5836 9.0425e-07
5864 8.8313e-07
5890 8.45839e-07
5892 7.38243e-07
5938 5.88371e-07
5944 4.96219e-07
5997 4.00839e-07
5999 3.48434e-07
6022 2.46777e-07
6090 2.40315e-07
6105 2.21528e-07
6149 1.95293e-07
6160 1.8427e-07
6165 1.51533e-07
6185 1.50272e-07
6200 1.44123e-07
6202 1.25557e-07
6208 1.25238e-07
6218 1.2444e-07
6244 9.52756e-08
6261 8.32061e-08
6272 6.60489e-08
