1 0.35386
780 0.309448
789 0.275657
922 0.261726
929 0.248733
1009 0.239157
1026 0.234501
1061 0.222636
1076 0.21512
1085 0.208521
1092 0.20679
1104 0.197761
1152 0.182415
1186 0.182261
1200 0.181493
1212 0.1795
1231 0.175774
1251 0.175353
1262 0.173134
1267 0.171115
1277 0.166545
1283 0.164108
1305 0.161684
1404 0.161061
1431 0.160961
1442 0.160486
1450 0.159483
1458 0.1576
1503 0.157353
1581 0.156944
1594 0.156688
1628 0.156484
1642 0.156386
1643 0.156357
1644 0.156073
1646 0.155744
1677 0.154629
1711 0.154598
1791 0.154474
1859 0.154405
1887 0.154112
1897 0.154084
1912 0.153707
1932 0.153649
1944 0.15329
1945 0.153124
1950 0.152948
2010 0.15269
2024 0.152019
2029 0.151998
2038 0.151934
2046 0.151768
2057 0.151644
2066 0.151611
2121 0.151547
2132 0.151267
2133 0.151004
2151 0.150644
2161 0.150601
2172 0.149896
2175 0.149597
2211 0.149345
2212 0.149223
2220 0.149067
2222 0.149041
2229 0.148072
2240 0.147703
2244 0.147224
2256 0.146492
2321 0.14618
2324 0.145714
2340 0.145416
2353 0.145316
2356 0.145185
2365 0.145023
2373 0.144541
2386 0.144047
2442 0.143875
2453 0.143045
2472 0.14292
2511 0.142651
2540 0.142608
2545 0.142232
2548 0.142229
2549 0.142212
2554 0.141989
2576 0.141938
2588 0.141924
2610 0.141881
2620 0.141775
2622 0.141628
2643 0.141008
2661 0.140972
2697 0.140827
2709 0.140567
2723 0.1405
2724 0.14043
2748 0.140285
2753 0.140223
2756 0.140055
2773 0.140049
2810 0.140047
2813 0.139963
2818 0.139723
2825 0.139687
2834 0.139494
2843 0.139445
2848 0.139416
2854 0.139409
2860 0.139264
2867 0.139111
2918 0.138946
2933 0.138938
2957 0.138762
2976 0.138657
2982 0.138606
2983 0.138533
2999 0.138532
3010 0.138507
3054 0.138375
3065 0.13835
3124 0.138334
3134 0.138315
3211 0.138308
3212 0.138278
3225 0.138248
3235 0.138235
3241 0.138224
3249 0.138187
3260 0.138175
3278 0.138174
3313 0.138144
3331 0.138117
3342 0.13809
3347 0.138047
3387 0.138041
3406 0.138029
3424 0.13802
3445 0.138007
3466 0.138002
3486 0.137999
3496 0.137992
3499 0.137987
3501 0.137984
3507 0.137981
3537 0.137973
3557 0.137961
3577 0.13796
3578 0.137954
3599 0.137952
3602 0.137948
3616 0.137945
3619 0.137942
3622 0.13794
3625 0.137933
3635 0.137923
3648 0.13792
3651 0.137909
3668 0.137901
3687 0.137889
3689 0.137884
3691 0.137871
3694 0.137853
3724 0.137842
3731 0.137841
3732 0.137832
3735 0.13783
3740 0.137823
3747 0.137798
3756 0.137778
3762 0.137755
3766 0.137741
3771 0.137734
3774 0.13768
3788 0.137668
3794 0.137635
3802 0.137626
3805 0.137611
3807 0.137593
3808 0.137583
3819 0.137576
3820 0.137571
3821 0.137476
3832 0.137375
3847 0.137373
3852 0.137305
3855 0.137274
3861 0.137231
3864 0.137163
3870 0.137099
3876 0.137094
3878 0.137012
3885 0.136997
3894 0.136929
3904 0.136845
3915 0.136713
3923 0.136636
3929 0.136354
3942 0.136272
4000 0.135896
4004 0.135778
4057 0.135685
4068 0.135667
4109 0.135338
4128 0.135302
4138 0.135275
4154 0.135234
4163 0.135158
4169 0.135102
4171 0.13499
4174 0.134968
4176 0.134922
4189 0.134844
4199 0.134838
4200 0.134796
4212 0.134788
4215 0.13463
4218 0.134545
4229 0.134438
4283 0.134214
4303 0.134069
4305 0.133837
4330 0.133538
4331 0.133317
4362 0.133178
4378 0.133158
4383 0.13294
4400 0.132649
4434 0.132617
4438 0.132497
4443 0.131979
4486 0.131891
4490 0.131697
4497 0.131414
4519 0.130504
4536 0.130165
4647 0.130138
4664 0.130118
4676 0.129901
4690 0.129663
4703 0.129305
4808 0.129254
4824 0.129181
4839 0.129133
4865 0.129107
4875 0.129014
4888 0.12894
4908 0.128905
4918 0.128875
4928 0.128804
4968 0.128802
5007 0.128788
5014 0.128765
5017 0.128758
5019 0.128662
5024 0.128642
5051 0.128633
5091 0.128553
5192 0.128524
5218 0.128519
5220 0.128506
5221 0.128504
5228 0.1285
5230 0.128463
5273 0.128437
5291 0.128367
5317 0.128361
5327 0.128359
5331 0.128338
5338 0.128315
5395 0.128303
5402 0.128276
5405 0.128245
5412 0.128216
5437 0.128203
5439 0.128177
5445 0.128172
5452 0.12815
5460 0.128134
5467 0.128118
5474 0.128101
5482 0.128098
5512 0.128088
5522 0.128046
5554 0.128009
5625 0.128001
5664 0.127997
5665 0.127987
5678 0.127971
5679 0.12796
5813 0.127949
5840 0.127945
5858 0.127942
5934 0.127941
5950 0.12794
5951 0.127939
5956 0.127937
5984 0.127935
5999 0.127934
6006 0.127931
6087 0.12793
6164 0.127929
6179 0.127928
6202 0.127927
6274 0.127926
6420 0.127925
6676 0.127924
