1 20593800.0
4 11899200.0
5 4856780.0
15 3516740.0
19 1984180.0
25 1457090.0
29 1022800.0
39 599584.0
41 187671.0
42 153101.0
44 58432.9
48 12998.9
49 3534.58
72 2010.27
74 684.583
125 267.6
192 220.857
290 132.545
319 132.009
350 59.2089
533 36.7539
550 25.2133
599 21.6372
610 9.58874
631 8.64587
647 7.92743
661 6.04476
672 3.39747
769 0.903084
943 0.202135
1364 0.193124
1384 0.148322
1443 0.144663
1444 0.133652
1480 0.120708
1554 0.120594
1564 0.119055
1565 0.114569
1568 0.103444
1593 0.0941872
1676 0.093311
1685 0.0896726
1699 0.0815597
1702 0.0806566
1712 0.0739328
1730 0.0719411
1756 0.0652079
1771 0.0645793
1792 0.0633178
1798 0.0567849
1819 0.0545265
1822 0.0503264
1840 0.0366276
1850 0.032002
1928 0.0160174
1941 0.0107527
2075 0.00991288
2085 0.00923538
2088 0.00718837
2131 0.00505332
2172 0.00417346
2179 0.0036642
2186 0.00359801
2197 0.00248087
2246 0.00215592
2272 0.0017547
2278 0.00148941
2281 0.00130288
2321 0.00118557
2331 0.0010834
2345 0.00104921
2379 0.00104018
2385 0.00102461
2393 0.00086955
2408 0.000722636
2559 0.00072151
2562 0.000690185
2610 0.000664996
2649 0.000664927
2653 0.000657163
2679 0.000647517
2682 0.000639213
2708 0.000638337
2723 0.000636681
2725 0.000631699
2740 0.000626807
2741 0.000625293
2743 0.000622653
2752 0.000618312
2757 0.000614579
2759 0.000611111
2762 0.000607419
2763 0.000589693
2784 0.00057864
2794 0.000569918
2823 0.00055236
2838 0.000551222
2852 0.000539791
2863 0.000513398
2913 0.000477589
2952 0.000476422
2973 0.000429069
2990 0.000388714
3036 0.000386938
3042 0.00033132
3064 0.000317036
3078 0.000285937
3092 0.00027997
3101 0.000261512
3104 0.00023579
3140 0.000225045
3144 0.000212515
3157 0.000200956
3160 0.000180341
3162 0.000161564
3190 0.000138244
3199 0.000128338
3226 0.000114125
3228 9.72131e-05
3317 9.66215e-05
3322 9.14432e-05
3345 7.77396e-05
3351 7.68622e-05
3428 7.51226e-05
3468 7.27634e-05
3501 7.21868e-05
3508 7.11045e-05
3516 6.94218e-05
3551 6.78783e-05
3559 6.77528e-05
3568 6.69647e-05
3575 6.65287e-05
3597 6.57971e-05
3600 6.52839e-05
3633 6.46682e-05
3690 6.34819e-05
3709 6.13172e-05
3744 6.12554e-05
3749 5.91461e-05
3803 5.89806e-05
3807 5.89175e-05
3815 5.85098e-05
3817 5.71916e-05
3830 5.57891e-05
3840 5.45201e-05
3849 5.39856e-05
3860 5.34435e-05
3904 5.01351e-05
3917 4.783e-05
3934 4.7455e-05
3991 4.73557e-05
3992 4.66038e-05
3993 4.57377e-05
3995 4.16911e-05
4007 3.76979e-05
4008 3.51983e-05
4051 3.31981e-05
4083 2.9362e-05
4097 2.60518e-05
4117 2.52067e-05
4137 2.44857e-05
4164 2.26136e-05
4174 2.18807e-05
4183 2.13442e-05
4188 1.89437e-05
4238 1.78675e-05
4257 1.76772e-05
4261 1.71865e-05
4278 1.56127e-05
4288 1.41633e-05
4343 1.40612e-05
4357 1.35106e-05
4378 1.34773e-05
4379 1.30174e-05
4389 1.27294e-05
4395 1.21859e-05
4404 1.18589e-05
4421 1.17325e-05
4457 1.15947e-05
4459 1.15924e-05
4472 1.13759e-05
4483 1.13133e-05
4494 1.12904e-05
4498 1.11129e-05
4502 1.10063e-05
4514 1.09851e-05
4525 1.0686e-05
4610 1.06746e-05
4645 1.06328e-05
4658 1.05222e-05
4703 1.05046e-05
4719 1.04976e-05
4721 1.04955e-05
4723 1.04924e-05
4736 1.04651e-05
4761 1.04101e-05
4809 1.04055e-05
4810 1.04035e-05
4847 1.04031e-05
4873 1.04022e-05
4892 1.03861e-05
4922 1.03844e-05
4932 1.03819e-05
4935 1.03716e-05
4941 1.03707e-05
4957 1.03677e-05
4959 1.03605e-05
4963 1.03566e-05
4965 1.0353e-05
4974 1.03349e-05
4994 1.03303e-05
5007 1.03301e-05
5013 1.03291e-05
5016 1.03199e-05
5018 1.03164e-05
5029 1.03158e-05
5039 1.03112e-05
5040 1.02999e-05
5048 1.02947e-05
5052 1.02881e-05
5072 1.02805e-05
5079 1.02747e-05
5119 1.02716e-05
5133 1.02547e-05
5145 1.02468e-05
5151 1.0232e-05
5154 1.02302e-05
5167 1.02276e-05
5170 1.02131e-05
5176 1.02046e-05
5181 1.01932e-05
5205 1.01793e-05
5217 1.01602e-05
5229 1.01517e-05
5237 1.01515e-05
5242 1.01487e-05
5243 1.00709e-05
5293 1.00546e-05
5314 1.00173e-05
5333 9.99692e-06
5348 9.98008e-06
5355 9.95605e-06
5361 9.9483e-06
5374 9.92653e-06
5381 9.92638e-06
5387 9.91537e-06
5390 9.86356e-06
5397 9.85684e-06
5407 9.81935e-06
5414 9.81918e-06
5418 9.78124e-06
5423 9.77779e-06
5436 9.74251e-06
5446 9.71585e-06
5447 9.67475e-06
5448 9.6717e-06
5461 9.616e-06
5462 9.58447e-06
5470 9.56162e-06
5473 9.53727e-06
5489 9.47076e-06
5493 9.43321e-06
5494 9.33645e-06
5502 9.29166e-06
5522 9.25165e-06
5531 9.18088e-06
5535 9.1702e-06
5539 9.03616e-06
5540 9.00901e-06
5546 8.78508e-06
5554 8.61486e-06
5572 8.50914e-06
5581 8.307e-06
5590 8.01679e-06
5595 7.56208e-06
5637 7.52546e-06
5651 7.11728e-06
5654 7.08354e-06
5663 7.029e-06
5668 6.54335e-06
5681 6.4985e-06
5683 6.15394e-06
5690 5.98986e-06
5699 5.83173e-06
5710 5.79303e-06
5728 5.35909e-06
5734 5.33524e-06
5737 4.91349e-06
5757 4.25887e-06
5760 4.07531e-06
5791 3.66535e-06
5817 3.146e-06
5827 2.78768e-06
5830 2.58705e-06
5842 2.43104e-06
5848 2.14184e-06
5859 1.91258e-06
5877 1.76995e-06
5885 1.4986e-06
5897 1.34393e-06
5944 1.1116e-06
5947 9.93655e-07
5968 9.88919e-07
5971 9.07715e-07
5997 7.05984e-07
6052 6.10476e-07
6053 5.41293e-07
6061 5.05797e-07
6083 4.91706e-07
6093 4.62406e-07
6130 4.50057e-07
6132 4.49753e-07
6136 4.35864e-07
6138 4.23022e-07
6149 3.86568e-07
6164 3.7722e-07
6185 3.71129e-07
6261 3.6789e-07
6280 3.67032e-07
6299 3.66327e-07
6335 3.61415e-07
6352 3.60492e-07
6353 3.58677e-07
6366 3.58011e-07
6387 3.57894e-07
6426 3.57068e-07
6427 3.56797e-07
6438 3.56177e-07
6444 3.56044e-07
6451 3.55412e-07
6463 3.54689e-07
6472 3.54575e-07
6502 3.53783e-07
6510 3.53598e-07
6577 3.53551e-07
6614 3.53492e-07
6647 3.53472e-07
6663 3.53394e-07
6693 3.5338e-07
6717 3.53364e-07
6723 3.53362e-07
6736 3.5334e-07
6748 3.53334e-07
6760 3.53327e-07
6763 3.53324e-07
6766 3.5332e-07
6767 3.53314e-07
6776 3.53313e-07
6790 3.53312e-07
6812 3.53302e-07
6833 3.53289e-07
6837 3.5328e-07
6861 3.53269e-07
6865 3.53262e-07
6866 3.53257e-07
6870 3.53243e-07
6893 3.53232e-07
6903 3.53223e-07
6910 3.53219e-07
6922 3.53209e-07
6925 3.53174e-07
6933 3.53171e-07
6940 3.53143e-07
6948 3.53137e-07
6964 3.53101e-07
6970 3.53069e-07
6990 3.53047e-07
6999 3.52997e-07
7016 3.52919e-07
7027 3.52888e-07
7038 3.52823e-07
7067 3.52763e-07
7072 3.52711e-07
7098 3.52651e-07
7117 3.5255e-07
7141 3.52485e-07
7157 3.52464e-07
7159 3.52431e-07
7167 3.5243e-07
7168 3.52363e-07
7181 3.52343e-07
7191 3.5232e-07
7200 3.52306e-07
7202 3.52257e-07
7207 3.52244e-07
7209 3.52151e-07
7222 3.52111e-07
7223 3.51873e-07
7243 3.51864e-07
7265 3.5186e-07
7271 3.5169e-07
7276 3.51684e-07
7284 3.51613e-07
7295 3.51576e-07
7297 3.51292e-07
7308 3.51234e-07
7312 3.51087e-07
7325 3.50618e-07
7348 3.5025e-07
7379 3.50238e-07
7386 3.49909e-07
7421 3.49833e-07
7428 3.49573e-07
7432 3.49465e-07
7438 3.49268e-07
7454 3.4921e-07
7462 3.48733e-07
7464 3.48361e-07
7472 3.48017e-07
7488 3.47359e-07
7508 3.4702e-07
7512 3.46942e-07
7515 3.46783e-07
7519 3.46255e-07
7529 3.45582e-07
7543 3.45379e-07
7554 3.45212e-07
7559 3.44133e-07
7562 3.43125e-07
7578 3.42986e-07
7583 3.41616e-07
7589 3.40715e-07
7593 3.4049e-07
7599 3.40124e-07
7604 3.38097e-07
7616 3.37155e-07
7618 3.35938e-07
7659 3.35818e-07
7672 3.33828e-07
7675 3.30873e-07
7694 3.28828e-07
7702 3.2542e-07
7722 3.21564e-07
7745 3.21106e-07
7750 3.19566e-07
7758 3.17545e-07
7760 3.16985e-07
7774 3.1193e-07
7779 3.09389e-07
7784 3.04481e-07
7798 2.93527e-07
7801 2.91654e-07
7805 2.85903e-07
7819 2.80831e-07
7824 2.76544e-07
7826 2.75485e-07
7835 2.68e-07
7848 2.44087e-07
7872 2.36344e-07
7881 2.29038e-07
7884 2.23024e-07
7903 2.0871e-07
7910 2.08372e-07
7920 1.84614e-07
7930 1.76666e-07
7932 1.70311e-07
7948 1.38381e-07
7995 1.085e-07
8051 1.04008e-07
8055 9.349e-08
8059 9.06971e-08
8071 6.73945e-08
8081 6.30422e-08
8089 5.01566e-08
8109 4.36555e-08
8143 4.36222e-08
8149 3.92997e-08
8155 2.43102e-08
8198 1.85549e-08
8275 1.60132e-08
8285 1.59448e-08
8292 1.36528e-08
8300 1.2427e-08
8304 1.19625e-08
8313 1.19378e-08
8339 1.00055e-08
8384 9.90648e-09
8407 9.38071e-09
8431 9.1061e-09
8444 8.76868e-09
8450 8.75996e-09
8454 8.62973e-09
8462 8.37356e-09
8491 8.32617e-09
8508 8.09586e-09
8519 7.89513e-09
8596 7.87365e-09
8600 7.86312e-09
8626 7.84736e-09
8678 7.84346e-09
8685 7.82943e-09
8705 7.82874e-09
8723 7.81484e-09
8791 7.81409e-09
8829 7.81339e-09
8848 7.81296e-09
8858 7.81219e-09
8878 7.81213e-09
8892 7.81195e-09
8913 7.81185e-09
8929 7.81155e-09
8947 7.81152e-09
8949 7.81141e-09
8960 7.81128e-09
8967 7.81115e-09
8982 7.81098e-09
8986 7.81094e-09
9026 7.81083e-09
9075 7.81074e-09
9098 7.81068e-09
9113 7.81067e-09
9127 7.81065e-09
9134 7.81062e-09
9174 7.81059e-09
9192 7.81057e-09
9198 7.81055e-09
