1 1582.0
19 934.929
64 910.579
70 903.429
76 853.746
78 410.318
103 256.478
111 205.038
125 122.448
178 89.9767
234 76.1051
288 52.6811
302 43.7397
335 43.1355
339 41.2598
346 33.0249
357 30.7646
388 29.0099
399 26.8384
401 25.5673
459 25.144
471 24.4813
486 23.2316
519 22.8573
581 22.7746
585 22.6597
587 22.6133
652 22.5931
673 22.5043
684 22.4751
688 22.402
730 22.3312
781 22.3262
838 22.3196
853 22.3184
863 22.286
938 22.2806
969 22.2754
975 22.2736
981 22.2679
1037 22.2675
1048 22.2654
1070 22.2628
1166 22.2621
1188 22.2617
1227 22.2615
1232 22.2614
1242 22.2611
1251 22.261
1297 22.2609
1307 22.2608
1367 22.2607
1398 22.2606
