1 22.4125
167 17.9557
176 14.642
217 12.3944
234 5.3508
468 4.16798
528 3.87179
554 3.26392
606 2.26706
738 2.25314
743 2.13073
763 2.11858
773 2.09838
784 2.02055
831 1.99954
862 1.99445
889 1.9942
906 1.99227
914 1.98926
917 1.9854
935 1.9807
938 1.97977
939 1.96724
947 1.96278
960 1.96222
986 1.93697
992 1.93216
1005 1.91418
1024 1.91253
1033 1.89274
1058 1.87714
1077 1.85741
1103 1.85173
1110 1.8353
1118 1.82069
1122 1.80614
1135 1.80111
1146 1.79545
1147 1.78559
1152 1.78555
1153 1.78335
1160 1.75467
1170 1.74009
1176 1.73494
1179 1.72765
1191 1.71991
1192 1.68081
1196 1.65425
1209 1.63639
1217 1.57498
1226 1.57366
1234 1.54851
1242 1.54302
1243 1.50839
1258 1.44341
1261 1.43061
1262 1.38065
1274 1.37871
1277 1.32221
1282 1.2355
1291 1.20859
1292 1.17053
1305 1.13044
1323 0.865144
1338 0.754584
1392 0.686287
1403 0.663445
1418 0.571977
1439 0.549636
1478 0.543408
1486 0.429687
1508 0.371492
1514 0.289917
1537 0.265622
1545 0.262459
1576 0.252959
1597 0.230338
1604 0.22142
1612 0.211188
1621 0.198244
1623 0.197911
1632 0.175984
1696 0.168235
1707 0.165935
1725 0.164344
1738 0.15942
1746 0.159396
1771 0.155859
1817 0.154754
1880 0.154032
2007 0.153912
2020 0.153877
2035 0.153874
2043 0.153753
2051 0.15356
2054 0.15355
2068 0.153529
2085 0.153493
2094 0.153468
2118 0.153308
2122 0.153007
2183 0.152864
2192 0.152779
2223 0.152654
2284 0.152642
2305 0.152618
2326 0.152593
2333 0.152584
2342 0.152578
2360 0.152569
2390 0.152554
2397 0.152528
2425 0.152465
2520 0.152458
2525 0.152456
2536 0.152433
2573 0.152414
2598 0.152406
2637 0.152356
2648 0.15235
2651 0.152348
2669 0.15234
2673 0.152339
2692 0.152332
2693 0.152318
2703 0.152289
2708 0.152262
2729 0.152258
2738 0.15221
2747 0.152196
2755 0.15205
2776 0.152025
2790 0.151932
2813 0.151879
2825 0.151799
2832 0.151798
2833 0.151605
2853 0.151598
2866 0.151461
2880 0.151235
2882 0.151138
2883 0.150783
2926 0.150599
2931 0.150472
2932 0.150247
2951 0.15015
2954 0.150076
2955 0.150047
2960 0.149835
2967 0.149343
2974 0.149091
2983 0.148716
2984 0.148372
2988 0.148262
2992 0.148224
2996 0.147487
3002 0.147372
3003 0.145818
3010 0.145339
3020 0.145156
3028 0.144625
3031 0.144228
3032 0.142818
3037 0.139251
3056 0.1377
3060 0.137133
3063 0.134913
3078 0.132506
3108 0.130083
3116 0.129579
3120 0.127016
3126 0.123666
3134 0.11679
3206 0.109072
3228 0.109067
3244 0.107624
3250 0.103584
3253 0.102576
3269 0.100056
3270 0.0979201
3276 0.0969199
3285 0.0954824
3292 0.0936464
3293 0.088066
3380 0.0853854
3393 0.0844866
3401 0.0826331
3402 0.0779067
3414 0.074087
3441 0.0715973
3443 0.0675992
3452 0.0668219
3454 0.0645237
3462 0.0585566
3482 0.0543669
3484 0.0484078
3531 0.0410683
3541 0.0371343
3567 0.0321525
3597 0.0310716
3605 0.0310689
3614 0.0293115
3624 0.0267374
3640 0.0263733
3647 0.0245503
3652 0.0227221
3655 0.0214799
3672 0.0209958
3689 0.0209485
3702 0.0200072
3729 0.0191436
3733 0.0191035
3742 0.0185021
3757 0.018131
3776 0.0176829
3806 0.0175386
3816 0.0173297
3840 0.0173268
3842 0.0171569
3867 0.0168937
3869 0.0167477
3878 0.0167206
3904 0.0166212
3918 0.0164974
3925 0.0162988
3932 0.016281
3946 0.0160778
3952 0.0158437
3957 0.0156117
3969 0.0155538
3977 0.0151915
3993 0.0149964
4005 0.0144858
4012 0.0140405
4018 0.0133445
4023 0.0129731
4033 0.012048
4038 0.0120237
4042 0.0119481
4044 0.0110866
4066 0.0109056
4144 0.0105793
4152 0.0102717
4187 0.0101903
4201 0.0101261
4245 0.010079
4251 0.0100152
4256 0.00997981
4298 0.0099138
4326 0.00986839
4327 0.00979902
4335 0.00978311
4361 0.00975403
4385 0.00970882
4393 0.00970497
4412 0.00970221
4432 0.00968403
4451 0.00967662
4452 0.00966278
4454 0.00963711
4472 0.00963153
4492 0.00962886
4507 0.00961379
4529 0.00961186
4531 0.00959646
4533 0.00956042
4622 0.00954795
4630 0.00954571
4634 0.00954556
4675 0.00954062
4679 0.00954013
4687 0.00953176
4695 0.00952605
4715 0.00951414
4760 0.00950999
4766 0.00950621
4835 0.00949971
4927 0.00949893
4948 0.00949727
4957 0.00949713
4961 0.00949661
4989 0.00949579
5000 0.0094947
5029 0.00949399
5036 0.00949335
5039 0.0094933
5060 0.00949258
5159 0.00949251
5169 0.00949186
5178 0.00949146
5190 0.00949129
5204 0.00949118
5216 0.00949116
5233 0.00949071
5354 0.00949065
5363 0.00949049
5377 0.00949023
5392 0.00949018
5414 0.00949006
5434 0.00948998
5435 0.00948995
5475 0.00948982
5487 0.00948962
5656 0.00948961
5662 0.00948958
5701 0.00948956
5741 0.00948955
5756 0.00948954
5762 0.00948953
5788 0.0094895
5848 0.00948949
5879 0.00948948
5937 0.00948947
5994 0.00948946
6062 0.00948945
6179 0.00948944
6257 0.00948943
6282 0.00948942
6348 0.00948941
6353 0.0094894
6387 0.00948939
6402 0.00948938
6415 0.00948937
6429 0.00948936
6442 0.00948935
6456 0.00948934
6465 0.00948932
6475 0.00948931
6482 0.00948929
6497 0.00948927
6502 0.00948925
6510 0.00948924
6516 0.00948922
6525 0.00948918
6526 0.00948916
6543 0.00948912
6575 0.00948911
6635 0.00948909
6666 0.00948907
6683 0.00948906
6686 0.00948905
6721 0.00948903
6769 0.009489
6866 0.00948899
6891 0.00948898
6916 0.00948897
6948 0.00948895
6970 0.00948893
6992 0.00948892
7043 0.0094889
7052 0.00948888
7062 0.00948887
7067 0.00948884
7077 0.00948881
7086 0.0094888
7094 0.00948878
7103 0.00948875
7104 0.00948866
7124 0.00948863
7134 0.00948858
7138 0.00948857
7147 0.00948849
7151 0.00948847
7154 0.00948841
7173 0.00948809
7188 0.00948806
7190 0.00948799
7195 0.00948792
7215 0.00948746
7230 0.0094874
7234 0.00948727
7240 0.00948718
7243 0.00948694
7262 0.00948607
7275 0.00948602
7283 0.00948582
7289 0.0094852
7294 0.00948436
7304 0.00948307
7310 0.00948222
7312 0.00948094
7325 0.00947841
7334 0.00947823
7336 0.00947637
7343 0.00947586
7344 0.00947374
7346 0.00946975
7352 0.00946554
7357 0.00946405
7368 0.00946284
7373 0.00945821
7375 0.00945251
7377 0.00944425
7390 0.00944304
7392 0.00944061
7395 0.00943206
7402 0.00942791
7408 0.00942142
7413 0.0094068
7422 0.00939727
7424 0.00939541
7436 0.00939361
7440 0.00938016
7442 0.0093603
7452 0.00933425
7466 0.00931114
7477 0.00927389
7491 0.00921775
7497 0.00921094
7502 0.00917476
7503 0.0091524
7512 0.00914623
7515 0.00909112
7521 0.00908687
7522 0.00893098
7535 0.00888039
7539 0.0088249
7542 0.00876843
7543 0.0087657
7554 0.00863904
7564 0.00851644
7565 0.00840835
7566 0.00837208
7591 0.00835457
7596 0.00824111
7599 0.0079761
7629 0.00786702
7637 0.00746592
7642 0.00744844
7645 0.00732001
7658 0.00725092
7669 0.00694038
7712 0.00674929
7718 0.00674047
7726 0.00670469
7741 0.00667991
7754 0.00667728
7757 0.0065743
7771 0.00656349
7772 0.00654265
7806 0.00644469
7808 0.00642542
7814 0.00639126
7837 0.00632545
7846 0.00630708
7873 0.00628598
7893 0.00623376
7903 0.0060978
7906 0.00596371
7925 0.00593664
7983 0.00592549
