1 0.316979
1242 0.277719
1298 0.269432
1328 0.261395
1329 0.23415
1450 0.207481
1460 0.203342
1512 0.203021
1517 0.197608
1538 0.191386
1607 0.180664
1624 0.178583
1636 0.174586
1646 0.165148
1670 0.16487
1673 0.163574
1706 0.160524
1739 0.15881
1745 0.156624
1771 0.148018
1783 0.146605
1812 0.14653
1817 0.146267
1832 0.145074
1841 0.144966
1878 0.142246
1901 0.139707
2002 0.139317
2019 0.138631
2051 0.136624
2081 0.136488
2098 0.136453
2102 0.135544
2167 0.135466
2196 0.135124
2198 0.134052
2266 0.133686
2276 0.133569
2290 0.133254
2323 0.133194
2372 0.133128
2378 0.132851
2389 0.1328
2412 0.13244
2478 0.132416
2555 0.132164
2618 0.132147
2747 0.132101
2753 0.132065
2754 0.132054
2757 0.132004
2772 0.131989
2782 0.13197
2852 0.131962
2870 0.13193
2883 0.131906
2910 0.131869
3056 0.131855
3078 0.131844
3089 0.131841
3096 0.131821
3191 0.1318
3195 0.131767
3218 0.131735
3236 0.131696
3254 0.131692
3263 0.131685
3270 0.131642
3309 0.131615
3326 0.131612
3338 0.131462
3369 0.131425
3386 0.131393
3398 0.131366
3408 0.131313
3412 0.131282
3415 0.13125
3425 0.131234
3466 0.131218
3476 0.131182
3478 0.131114
3479 0.131048
3501 0.130908
3515 0.130896
3535 0.130894
3541 0.130857
3572 0.130849
3579 0.130843
3589 0.130782
3590 0.130751
3601 0.130732
3609 0.130685
3614 0.130643
3616 0.13063
3622 0.130623
3641 0.130618
3644 0.130608
3654 0.130595
3693 0.130561
3700 0.130526
3709 0.130451
3722 0.130446
3753 0.130425
3754 0.130423
3783 0.130361
3813 0.130316
3862 0.130287
3900 0.13026
3911 0.130222
3919 0.130188
3961 0.130179
3964 0.130163
3965 0.130148
3994 0.130131
4027 0.130112
4029 0.130069
4036 0.130049
4040 0.130002
4060 0.129981
4061 0.12997
4109 0.129945
4115 0.129926
4137 0.129898
4144 0.129873
4161 0.129799
4183 0.129725
4210 0.1297
4217 0.129537
4234 0.129507
4240 0.12949
4253 0.129473
4257 0.129437
4261 0.129323
4311 0.129254
4324 0.129206
4330 0.129179
4348 0.129092
4362 0.129089
4371 0.12903
4401 0.129023
4402 0.128894
4425 0.128856
4443 0.128846
4455 0.128837
4457 0.128823
4459 0.128768
4510 0.128729
4514 0.128666
4575 0.128632
4588 0.128572
4683 0.128563
4685 0.128545
4697 0.128534
4745 0.128518
4757 0.128517
4761 0.128515
4788 0.128513
4791 0.128501
4797 0.128497
4861 0.128485
4877 0.128483
4889 0.128448
4912 0.128433
4974 0.12841
5056 0.128398
5102 0.128392
5109 0.128384
5145 0.128383
5217 0.128378
5220 0.128377
5226 0.128373
5295 0.128366
5498 0.128365
5502 0.128364
5576 0.128363
5619 0.128362
5692 0.128361
5793 0.12836
6057 0.128359
