1 0.046384
202 0.0439906
495 0.0343301
548 0.0322154
563 0.0221816
568 0.0152759
580 0.0115559
598 0.0039983
669 0.000981743
706 0.000528595
778 0.00043881
794 0.000432259
816 0.000233462
829 0.000136755
842 0.000134252
868 0.000102269
876 0.0001006
877 8.84715e-05
881 4.72291e-05
886 4.34466e-05
896 3.58109e-05
902 3.11129e-05
914 2.54102e-05
920 1.80744e-05
946 8.98219e-06
979 7.35199e-06
992 3.55854e-06
1033 2.60395e-06
1043 1.94765e-06
1072 1.94699e-06
1100 9.46754e-07
1116 2.76472e-07
1143 2.69675e-07
1144 1.72461e-07
1202 8.42645e-08
1208 6.38718e-08
1250 5.16797e-08
1253 2.97243e-08
1264 1.50921e-08
1297 1.46497e-08
1298 1.35831e-08
1305 1.4609e-09
1374 1.39599e-09
1383 1.04578e-09
1392 3.73541e-10
1427 1.84756e-10
1435 1.70799e-10
1454 1.48131e-10
1469 8.31153e-11
1493 6.66998e-11
1499 2.75882e-11
1511 2.40016e-11
1516 2.16806e-11
1526 8.59681e-12
1554 7.9703e-12
1557 6.85325e-12
1566 3.69318e-12
1589 3.6068e-12
1613 3.25675e-12
1633 3.21977e-12
1636 2.46938e-12
1645 1.81491e-12
1646 9.12222e-13
1649 8.42152e-13
1650 7.95055e-13
1658 7.66482e-13
1669 6.96039e-13
1676 2.10495e-13
1715 1.0554e-13
1726 8.96747e-14
1742 4.76981e-14
1749 4.14726e-14
1801 3.89123e-14
1802 3.45933e-14
1804 2.93927e-14
1811 2.41248e-14
1812 1.07364e-14
1819 4.40442e-15
