1 190072.0
5 168087.0
12 159343.0
18 158904.0
24 157266.0
26 155614.0
30 151142.0
33 132840.0
45 112311.0
53 108721.0
60 104676.0
62 94810.8
72 90088.4
73 70468.9
104 66357.0
109 66183.3
121 60585.6
122 56168.6
127 55434.7
142 45432.9
153 44709.5
154 31102.5
194 29953.8
196 18073.1
271 13650.8
322 13252.2
340 12387.7
347 9707.39
377 9610.94
384 9024.4
388 8202.84
394 7916.46
396 7375.78
410 7297.05
414 4658.31
422 4382.22
438 3860.55
467 3853.47
479 2784.87
511 2726.82
524 2528.53
527 1903.35
562 1826.44
565 1603.63
566 1286.19
568 902.234
659 767.924
689 514.042
693 466.537
706 265.136
774 258.524
872 241.726
876 226.371
882 224.978
887 218.846
892 198.125
897 136.101
916 125.995
925 121.107
949 120.486
957 116.127
966 92.5056
980 76.3069
988 56.3849
1003 51.3362
1076 47.9023
1078 45.6485
1097 37.9785
1150 37.0576
1151 35.3194
1160 28.5797
1168 24.3113
1186 21.3209
1208 19.5764
1221 18.0511
1250 15.9338
1253 13.558
1278 13.2054
1291 12.1115
1293 11.0795
1305 10.2869
1316 8.65808
1332 8.45592
1366 6.55691
1396 6.47364
1412 6.39579
1421 6.20403
1427 5.55867
1436 4.91387
1445 4.39199
1451 4.27554
1461 3.93009
1462 3.92752
1463 3.57027
1467 2.76433
1485 2.48218
1527 2.44028
1529 2.09657
1549 1.77214
1570 1.2611
1590 1.24473
1592 1.20233
1607 1.02323
1616 0.771339
1630 0.743842
1662 0.632905
1707 0.520973
1718 0.41694
1747 0.320163
1778 0.30023
1782 0.274015
1805 0.206275
1821 0.177104
1822 0.154374
1859 0.138814
1886 0.103243
1914 0.0775039
1934 0.0763814
1963 0.0532824
2032 0.0507967
2044 0.0438432
2068 0.0427929
2075 0.0320835
2127 0.031399
2142 0.0288586
2158 0.0214686
2175 0.0205062
2188 0.0131375
2239 0.0124911
2242 0.0122426
2249 0.0109824
2284 0.00748042
2310 0.00708119
2331 0.00596276
2353 0.00462096
2358 0.00394479
2373 0.00386061
2380 0.00339608
2390 0.00328885
2415 0.0026711
2445 0.00152315
2477 0.00150718
2532 0.00124519
2556 0.00120124
2568 0.00113096
2570 0.000972492
2574 0.000533919
2659 0.000368741
2683 0.000351436
2741 0.000303516
2749 0.00025973
2754 0.000250902
2757 0.00024084
2774 0.000206679
2785 0.000195132
2805 0.000180696
2810 0.000156902
2816 0.00012866
2831 0.000121182
2854 8.77414e-05
2867 8.45054e-05
2892 7.71904e-05
2940 7.04023e-05
2944 6.61076e-05
2957 5.01072e-05
2982 4.52501e-05
2985 3.84781e-05
3006 3.78171e-05
3010 2.98429e-05
3060 2.40686e-05
3075 1.98905e-05
3124 1.63645e-05
3144 1.32977e-05
3157 8.97179e-06
3189 6.54825e-06
3212 6.00061e-06
3297 5.91732e-06
3298 4.29367e-06
3299 3.30668e-06
3320 3.04327e-06
3340 2.45329e-06
3374 2.25503e-06
3388 2.08775e-06
3405 2.03739e-06
3413 1.72641e-06
3439 1.63769e-06
3452 1.31874e-06
3460 1.26522e-06
3505 1.26049e-06
3511 1.18467e-06
3518 9.77134e-07
3535 9.07192e-07
3550 8.85722e-07
3557 6.69545e-07
3577 5.8339e-07
3628 5.68155e-07
3635 5.33015e-07
3650 4.71196e-07
3693 4.59839e-07
3703 4.54406e-07
3704 4.14641e-07
3715 3.3802e-07
3725 2.17174e-07
3809 1.98421e-07
3852 1.80314e-07
3864 1.7953e-07
3865 1.48089e-07
3894 1.42876e-07
3899 1.42494e-07
3901 1.12866e-07
3951 6.73507e-08
