1 41.6979
2 29.4938
3 12.6776
19 10.7779
24 8.50574
27 8.35022
32 7.9528
34 2.42974
78 2.09108
88 0.938787
98 0.707221
112 0.626087
118 0.334273
133 0.240234
136 0.197616
139 0.040668
157 0.0388584
164 0.0339017
176 0.0282117
181 0.021328
184 0.0191193
187 0.0183328
193 0.0158735
200 0.0137097
231 0.0130633
233 0.0117591
240 0.01142
256 0.0110551
257 0.0106956
274 0.0106149
294 0.0102109
303 0.0102041
319 0.0100479
335 0.00986096
345 0.00982706
355 0.00975189
357 0.00960446
361 0.00957672
374 0.00951521
375 0.00947893
383 0.00944239
399 0.00942043
401 0.00931596
418 0.00928735
422 0.00926194
429 0.00920887
434 0.00896665
439 0.00889279
454 0.00885257
459 0.0087446
463 0.00844888
468 0.00842038
475 0.00826093
497 0.00825531
502 0.00825263
511 0.00822478
517 0.00821862
524 0.00821678
545 0.00821389
569 0.00821122
575 0.00821103
580 0.00821091
589 0.00820874
599 0.0082086
620 0.00820723
637 0.0082071
648 0.00820704
711 0.00820702
718 0.008207
