1 34.3398
24 26.0185
51 21.5713
52 17.7323
122 14.291
144 11.2557
421 10.5647
429 7.09158
445 5.63902
476 5.06207
554 4.37584
571 4.07654
623 4.06794
627 3.92737
631 3.67437
649 3.19112
696 2.94238
728 2.84343
760 2.8044
762 2.60793
784 2.29216
862 2.2142
900 1.99786
907 1.94501
912 1.71302
915 1.67779
917 1.482
937 1.22728
946 1.19679
949 1.0126
992 0.979748
1024 0.91382
1077 0.811396
1136 0.656149
1225 0.56431
1237 0.559801
1292 0.551714
1341 0.541255
1359 0.520759
1368 0.438444
1407 0.410892
1410 0.404224
1421 0.403098
1424 0.392848
1489 0.388559
1494 0.35656
1507 0.265432
1701 0.259168
1703 0.247044
1756 0.242793
1838 0.24075
1850 0.209684
1865 0.205983
1901 0.203481
1928 0.195674
1980 0.191452
2009 0.18728
2012 0.181217
2014 0.154644
2105 0.135004
2129 0.129818
2146 0.124279
2234 0.123759
2236 0.12115
2263 0.119927
2281 0.119545
2287 0.117189
2331 0.116025
2335 0.109533
2400 0.105594
2488 0.105265
2499 0.103435
2509 0.101758
2515 0.101131
2540 0.0991678
2542 0.0984873
2550 0.0974382
2562 0.0961856
2588 0.0949813
2589 0.0915694
2601 0.0889824
2648 0.084015
2682 0.083633
2700 0.0821769
2705 0.0808475
2706 0.0767216
2709 0.0752856
2744 0.0598928
2759 0.0595198
2838 0.053901
2854 0.048274
2871 0.040089
2901 0.035812
2935 0.0262846
2939 0.0260871
2982 0.0248899
3035 0.0244019
3046 0.0186955
3107 0.0171137
3113 0.00937675
3189 0.00882005
3192 0.0085702
3203 0.00775188
3217 0.00597182
3229 0.00587897
3310 0.00562985
3328 0.00537512
3339 0.00502378
3349 0.00429695
3366 0.00428397
3372 0.00364189
3384 0.00355221
3468 0.00343341
3475 0.00338486
3498 0.00331387
3588 0.00331179
3591 0.00330188
3600 0.00323998
3609 0.00321525
3617 0.00321084
3625 0.00320854
3659 0.00320301
3666 0.00317488
3667 0.00317259
3687 0.00313621
3691 0.00312895
3708 0.00312358
3712 0.0031094
3736 0.00310886
3739 0.00310131
3778 0.00308184
3786 0.00307756
3861 0.00307666
3868 0.003072
3874 0.00306758
4038 0.00306274
4180 0.0030604
4200 0.00305835
4228 0.00305775
4263 0.00305726
4268 0.0030562
4278 0.00305334
4343 0.00305289
4365 0.00305243
4446 0.00305202
4490 0.0030514
4529 0.00305106
4549 0.00305047
4574 0.00304968
4746 0.00304966
4765 0.00304933
4869 0.00304923
4895 0.00304908
4957 0.00304891
4980 0.00304889
5013 0.00304882
5033 0.00304856
5133 0.00304849
5150 0.00304841
5235 0.00304838
5285 0.00304835
5298 0.0030482
5347 0.00304817
5362 0.00304816
5371 0.00304813
5397 0.00304812
5407 0.00304809
5418 0.00304804
5449 0.003048
5487 0.00304797
5512 0.00304795
5514 0.00304791
5566 0.00304788
5595 0.00304787
5615 0.00304786
5637 0.00304784
5702 0.00304782
5723 0.0030478
5767 0.00304778
5810 0.00304777
5843 0.00304775
5849 0.00304774
5859 0.0030477
5894 0.00304769
5899 0.00304768
5923 0.00304767
5925 0.00304766
5938 0.00304762
5958 0.00304761
5968 0.00304758
5973 0.00304757
6008 0.00304756
6022 0.00304754
6027 0.00304753
6030 0.00304746
6054 0.00304744
6061 0.00304743
6068 0.00304741
6076 0.00304739
6077 0.00304736
6089 0.00304734
6090 0.00304732
6098 0.0030473
6106 0.00304718
6122 0.00304713
6124 0.00304709
6130 0.00304707
6134 0.00304698
6136 0.00304696
6138 0.00304692
6140 0.00304682
6153 0.00304663
6185 0.00304661
6195 0.0030463
6207 0.00304627
6217 0.00304608
6229 0.00304575
6230 0.0030457
6238 0.0030455
6245 0.00304494
6252 0.0030449
6260 0.00304426
6267 0.00304403
6275 0.00304318
6292 0.00304289
6295 0.00304201
6306 0.00304159
6311 0.00304118
6317 0.00303829
6344 0.00303741
6350 0.00303538
6356 0.00303424
6362 0.00303233
6372 0.00302845
6383 0.00302765
6390 0.0030273
6392 0.00302665
6393 0.00302315
6395 0.00302305
6409 0.00301869
6418 0.00301852
6419 0.00301802
6421 0.00301719
6424 0.00301576
6426 0.0030156
6427 0.00301361
6430 0.00301311
6438 0.00301051
6442 0.00300376
6464 0.00299215
6470 0.00299198
6484 0.0029883
6494 0.00298679
6500 0.00298018
6501 0.00296908
6505 0.00296396
6511 0.00296136
6526 0.00294566
6537 0.00293763
6539 0.00293162
6552 0.00292544
6577 0.00292539
6588 0.00292409
6613 0.00292182
6641 0.00292159
6645 0.00291434
6729 0.0029121
6742 0.0029116
6749 0.00290364
6759 0.00289787
6767 0.00289493
6777 0.0028941
6778 0.00289255
6781 0.00288754
6814 0.00288711
6824 0.00287279
6921 0.00286434
6945 0.00286018
6980 0.00285942
6990 0.00285838
6999 0.00285509
7015 0.00284835
7044 0.00284722
7067 0.00284556
7072 0.00283603
7177 0.00283592
7188 0.00283589
7190 0.0028355
7212 0.00283377
7232 0.0028322
7253 0.00282991
7312 0.00282759
7325 0.00282685
7334 0.00282615
7367 0.00282565
7372 0.00282353
7401 0.00282263
7421 0.00282252
7434 0.00281926
7463 0.00281865
7491 0.00281852
7525 0.00281747
7553 0.00281742
7563 0.00281602
7566 0.0028152
7590 0.00281415
7635 0.00281394
7651 0.00281346
7666 0.00281264
7667 0.00281131
7674 0.00280997
7706 0.00280979
7717 0.00280929
7728 0.00280879
7737 0.00280732
7739 0.0028069
7749 0.00280491
7761 0.00280472
7768 0.00280456
7776 0.00280399
7788 0.0028037
7793 0.00280282
7798 0.00280014
7801 0.00279308
7834 0.00279254
7847 0.00279056
7849 0.00278707
7872 0.00277693
7884 0.00277192
7896 0.00276778
7903 0.00276078
7932 0.00275656
7937 0.00275327
7940 0.00275006
7947 0.00274865
7949 0.00274435
7957 0.00274176
7958 0.00273501
7968 0.00273061
7982 0.00272176
7991 0.00271965
7998 0.00270717
8000 0.00270412
8008 0.00270349
8010 0.00268896
8011 0.0026725
8030 0.00267119
8031 0.00266377
8035 0.00262962
8038 0.00259957
8045 0.00257391
8058 0.00256264
8059 0.00255436
8063 0.00255398
8068 0.00253241
8089 0.00248545
8098 0.00247598
8099 0.00239764
8111 0.00236794
8122 0.00234409
8125 0.00226782
8137 0.00202493
8166 0.00200211
8170 0.00196289
8173 0.00180688
8175 0.00179425
8182 0.00170849
8187 0.00164144
8198 0.00162827
8205 0.00146907
8219 0.00131473
8253 0.00130736
8275 0.00122016
8312 0.00110972
8314 0.00109195
8334 0.00107018
8339 0.00096233
8340 0.000848026
8363 0.000826716
8379 0.000726841
8381 0.000702754
8417 0.000683561
8474 0.000662448
8485 0.000601667
8488 0.000551083
8516 0.000535587
8519 0.000514331
8535 0.000477409
8547 0.000433194
8562 0.000413575
8608 0.00036591
8714 0.000355113
8777 0.000337947
8786 0.000331158
8915 0.000328315
8930 0.000328081
8935 0.000327895
8972 0.000327627
8998 0.000325747
9008 0.00032514
9010 0.000323684
9021 0.000323197
9066 0.000322219
9081 0.000321356
9094 0.000318401
9119 0.000318278
9123 0.000317853
9196 0.000317776
9214 0.00031627
9235 0.000315723
9273 0.000315042
9303 0.000314979
9311 0.000314142
9364 0.000314119
9375 0.000313394
9392 0.000313269
9397 0.000312969
9407 0.00031282
9432 0.000312315
9552 0.000311918
9661 0.000311913
9687 0.000311747
9739 0.000311681
9752 0.000311662
9761 0.000311623
9785 0.000311504
9805 0.000311489
9826 0.000311478
9836 0.000311468
9849 0.000311454
9850 0.000311313
9917 0.000311255
9926 0.000311249
9931 0.000311207
9971 0.000311169
9976 0.000311154
10009 0.000311133
10047 0.000311117
10051 0.000311114
10062 0.000311112
10079 0.000311082
10103 0.000311075
10117 0.000311072
10129 0.000311065
10145 0.000311062
10146 0.000311054
10148 0.000311051
10150 0.000311037
10152 0.000311031
10170 0.00031103
10173 0.000311015
10175 0.000311011
10182 0.000311
10201 0.000310972
10219 0.000310952
10315 0.00031095
10338 0.000310938
10389 0.000310937
10408 0.000310933
