1 0.00531185
132 0.00302434
258 0.00276835
286 0.00276091
289 0.00271673
290 0.00254765
304 0.00249337
311 0.00244431
328 0.00235489
331 0.00234368
342 0.00212774
343 0.00206204
347 0.00189725
365 0.00175686
369 0.00171917
379 0.00168258
387 0.00157105
402 0.00115164
452 0.00114588
453 0.00112402
455 0.000907788
475 0.000877495
482 0.000877317
487 0.00086136
535 0.000849839
540 0.000848456
541 0.000842998
558 0.000842064
560 0.000840501
565 0.000839601
572 0.000837438
573 0.000836487
581 0.00083621
642 0.000835722
662 0.000834598
686 0.000834153
720 0.000833398
726 0.000832179
732 0.000832063
739 0.000832022
743 0.000832015
745 0.000831614
750 0.000830903
751 0.000830741
755 0.000830098
756 0.000827639
760 0.000826164
784 0.000823617
789 0.000821821
799 0.000820059
807 0.00081569
814 0.000814059
844 0.000810735
854 0.000808065
887 0.0008061
891 0.000802962
901 0.000800446
918 0.000799494
922 0.000798551
935 0.000796895
955 0.000796008
978 0.000795808
993 0.000794681
995 0.000794142
996 0.000793958
1013 0.000792772
1017 0.000791538
1019 0.000790254
1022 0.000789444
1030 0.000787824
1047 0.000786865
1059 0.000784505
1061 0.000783967
1079 0.000783558
1080 0.000781855
1084 0.00078097
1086 0.00078002
1090 0.000778077
1101 0.000777739
1108 0.000776449
1110 0.00077565
1111 0.000772916
1119 0.000767815
1130 0.000761458
1140 0.00075858
1150 0.000754453
1155 0.000733123
1158 0.000732423
1166 0.000728625
1242 0.000725956
1244 0.000719824
1257 0.000719499
1260 0.000708667
1270 0.000704111
1276 0.000703185
1293 0.000698345
1297 0.000674477
1303 0.00065095
1322 0.000649746
1332 0.00062956
1336 0.000623999
1343 0.00061335
1366 0.000607724
1371 0.000607655
1372 0.000599767
1384 0.000590553
1400 0.000579714
1410 0.000562321
1428 0.000559998
1433 0.000552999
1436 0.00052011
1442 0.000478031
1560 0.00046233
1561 0.000433655
1565 0.000374335
1582 0.000370102
1605 0.000351546
1612 0.000329889
1668 0.000328899
1670 0.000327945
1673 0.000326641
1685 0.000317053
1696 0.000310857
1738 0.00031028
1750 0.000309639
1751 0.000309598
1752 0.000309275
1756 0.000309049
1757 0.000308539
1762 0.000307978
1786 0.000307772
1788 0.000307623
1813 0.000307583
1818 0.000307569
1823 0.000307387
1835 0.000307325
1853 0.000307282
1899 0.000307254
1943 0.000307253
1953 0.000307251
1975 0.00030725
1997 0.000307249
