1 11897.8
4 9407.82
5 5493.08
15 4308.14
20 4229.4
23 3433.89
25 2400.41
37 1899.49
41 1085.7
42 803.402
49 735.49
54 386.375
55 278.981
64 165.027
87 158.965
127 103.71
147 58.0865
257 55.246
265 42.7768
407 36.9834
438 28.3997
457 17.1579
473 17.1191
502 16.8483
670 16.7474
784 14.898
816 12.7632
833 9.85499
841 9.24168
847 7.91806
879 6.86421
972 6.77189
974 4.66152
1089 4.0932
1107 3.90051
1439 3.79056
1444 3.50942
1489 3.50543
1492 3.42966
1508 3.37253
1512 3.34774
1560 3.31736
1607 3.27544
1632 3.22378
1642 3.19937
1665 3.1918
1694 3.17815
1714 3.16841
1715 3.13327
1721 3.10024
1752 3.04132
1786 3.00615
1824 2.97567
1830 2.92862
1865 2.89507
1879 2.84178
1887 2.83232
1899 2.77727
1919 2.77228
1926 2.75008
1931 2.72777
1941 2.67838
1945 2.64299
1956 2.5815
1974 2.54152
2006 2.46079
2039 2.38314
2055 2.25653
2058 2.21258
2071 2.11927
2116 1.99339
2125 1.92385
2163 1.78126
2186 1.71757
2201 1.66214
2205 1.64585
2225 1.48889
2265 1.16423
2327 1.04621
2465 1.01854
2466 0.968552
2485 0.938462
2500 0.937751
2503 0.87483
2524 0.842901
2534 0.793462
2675 0.787824
2676 0.758344
2715 0.735363
2767 0.723007
2768 0.703315
2807 0.702422
2815 0.680038
2818 0.659521
2921 0.641905
2980 0.640999
2990 0.638995
3003 0.637661
3012 0.633257
3029 0.631432
3030 0.617072
3083 0.609576
3086 0.603523
3104 0.602703
3115 0.598822
3117 0.589647
3118 0.57402
3180 0.571676
3188 0.569742
3190 0.565015
3192 0.543288
3240 0.527043
3255 0.525203
3270 0.520066
3272 0.51026
3291 0.495142
3305 0.471324
3384 0.468569
3387 0.435983
3398 0.433933
3410 0.396645
3475 0.387311
3499 0.383511
3521 0.372291
3627 0.370261
3654 0.364698
3678 0.363146
3684 0.359397
3719 0.35742
3739 0.35526
3749 0.352727
3779 0.35036
3780 0.349206
3796 0.348527
3851 0.344321
3856 0.34389
3869 0.34214
3881 0.34195
3890 0.339366
3897 0.339239
3903 0.338929
3923 0.337791
3955 0.337197
3956 0.33468
3964 0.33053
3994 0.326592
4038 0.324505
4057 0.320219
4078 0.316976
4090 0.315767
4123 0.311847
4133 0.311799
4139 0.310346
4156 0.30886
4162 0.306577
4187 0.304877
4196 0.30447
4218 0.300835
4221 0.300721
4228 0.299546
4257 0.29846
4271 0.29584
4295 0.292421
4367 0.28997
4378 0.28915
4379 0.284713
4392 0.283373
4408 0.280019
4430 0.279763
4443 0.277155
4448 0.272002
4469 0.267181
4510 0.262987
4630 0.262146
4635 0.257789
4686 0.257605
4690 0.254202
4723 0.252737
4735 0.25153
4754 0.251269
4771 0.248947
4782 0.248552
4809 0.247331
4835 0.246131
4836 0.242327
4847 0.24207
4858 0.240971
4869 0.239947
4870 0.235931
4911 0.228289
4947 0.227019
5000 0.224409
5022 0.224195
5031 0.222638
5038 0.222524
5069 0.220745
5076 0.216325
5096 0.216196
5098 0.216103
5114 0.214738
5139 0.212569
5162 0.21149
5177 0.20938
5187 0.208662
5193 0.206581
5194 0.2036
5211 0.202393
5241 0.202152
5242 0.200753
5252 0.200634
5262 0.195907
5279 0.192572
5324 0.19193
5340 0.189434
5349 0.187323
5364 0.185933
5397 0.185828
5398 0.185375
5403 0.182481
5432 0.18202
5433 0.180564
5445 0.179904
5462 0.179827
5467 0.177516
5514 0.174236
5523 0.172996
5552 0.171704
5573 0.170311
5574 0.168455
5587 0.167508
5608 0.162648
5612 0.162631
5631 0.160761
5728 0.160635
5732 0.159228
5738 0.158733
5758 0.158342
5760 0.155921
5773 0.155433
5779 0.152092
5801 0.148838
5835 0.148266
5859 0.144856
5913 0.140283
5922 0.137499
5985 0.133251
6053 0.131146
6060 0.127145
6212 0.126913
6242 0.126418
6256 0.122221
6311 0.121261
6337 0.121234
6344 0.117666
6377 0.113561
6404 0.111766
6421 0.104619
6506 0.10431
6522 0.10331
6537 0.100403
6553 0.0990265
6556 0.097273
6621 0.0945565
6649 0.0936459
6661 0.092072
6675 0.0919976
6687 0.0911536
6694 0.0892121
6717 0.0884499
6724 0.0876049
6748 0.0869527
6771 0.0865397
6772 0.0860633
6773 0.0853513
6781 0.0848893
6783 0.0821329
6842 0.0816059
6846 0.0811022
6851 0.0810343
6860 0.0797926
6924 0.0776933
6933 0.0758177
6959 0.0749483
6966 0.0746921
6991 0.0705861
6998 0.0700525
7024 0.0662915
7116 0.0654176
7124 0.0648338
7142 0.0632386
7143 0.0628625
7144 0.0621418
7154 0.0620204
7157 0.0599461
7169 0.0594775
7190 0.0577508
7203 0.0554922
7204 0.0547324
7214 0.053668
7262 0.0532371
7279 0.0511731
7308 0.0493319
7321 0.0469114
7350 0.0454024
7416 0.0424336
7432 0.0418407
7446 0.0417171
7460 0.040656
7473 0.0399149
7489 0.0387894
7498 0.038398
7513 0.0365581
7519 0.0354691
7524 0.0354497
7541 0.0324506
7556 0.0295713
7683 0.0287082
7687 0.0285461
7692 0.0281446
7698 0.0270309
7717 0.0255496
7754 0.023131
7776 0.0230039
7779 0.0228031
7819 0.0226684
7890 0.0220248
7932 0.0218304
7952 0.0218111
7981 0.0216412
7991 0.0216238
7994 0.0213958
7998 0.0210258
8011 0.0204405
8062 0.0202651
8070 0.0201906
8106 0.0201316
8143 0.0200727
8145 0.020038
8149 0.0199293
8158 0.0197345
8175 0.0196632
8187 0.019223
8235 0.0191097
8280 0.0188972
8285 0.0187791
8330 0.0187503
8334 0.0187346
8340 0.0187181
8344 0.0186451
8379 0.018599
8380 0.0185721
8398 0.0185193
8400 0.0185101
8414 0.0184359
8454 0.0183881
8478 0.0183481
8496 0.0181809
8518 0.0179529
8538 0.017857
8605 0.0177626
8606 0.0173915
8639 0.017198
8662 0.0171568
8678 0.0170757
8704 0.0170646
8718 0.0167117
8724 0.0166791
8729 0.0166396
8733 0.0165867
8737 0.0162336
8752 0.0160123
8783 0.0159768
8786 0.0157889
8792 0.0155909
8808 0.0151247
8866 0.0148993
8873 0.0147676
8886 0.0146025
8892 0.0143785
8897 0.0142462
8900 0.0140307
8903 0.0139556
8904 0.0136927
8916 0.0133673
8923 0.0130781
8939 0.0121227
8949 0.0120838
8954 0.0118018
8992 0.011043
9013 0.0101754
9055 0.00957582
9083 0.00826482
9144 0.00750341
9180 0.00716211
9185 0.00655799
9264 0.00635679
9277 0.00606123
9309 0.00561196
9327 0.00540241
9365 0.00534825
9384 0.0051687
9388 0.0051601
9423 0.00514395
9432 0.00502668
9473 0.00501949
9484 0.00495632
9491 0.0049511
9512 0.00487721
9571 0.00487662
9589 0.00487227
9604 0.00486268
9618 0.00483645
9628 0.0048305
9630 0.0048148
9646 0.00481272
9652 0.00481269
9663 0.00477566
9711 0.00476514
9720 0.00474429
9790 0.00471985
9837 0.00471113
9852 0.00470989
9894 0.00470876
9928 0.00470354
9971 0.00470213
9981 0.00470063
9988 0.00469971
10019 0.00469885
10033 0.00469639
10037 0.00469105
10039 0.00468983
10062 0.00468957
10102 0.00468853
10139 0.00468699
10149 0.00468591
10161 0.00468554
10163 0.00468344
10216 0.00468057
10222 0.0046785
10302 0.00467841
10319 0.00467819
10323 0.00467818
10330 0.0046774
10373 0.0046766
10389 0.00467648
10399 0.00467629
