1 0.0337318
925 0.0329969
929 0.0249375
993 0.0248114
995 0.0242177
999 0.0239193
1012 0.0192867
1022 0.0171783
1089 0.0166512
1092 0.0157069
1104 0.0143143
1123 0.0142517
1128 0.0114721
1144 0.0112264
1148 0.0110714
1153 0.00862711
1258 0.00852687
1263 0.00748995
1345 0.00721343
1383 0.00674851
1436 0.00648969
1457 0.00643649
1461 0.00636237
1463 0.00629203
1473 0.00621068
1503 0.00615798
1515 0.00603649
1540 0.00601975
1546 0.00600197
1570 0.00589621
1576 0.00589544
1587 0.00587701
1616 0.00587502
1617 0.00584313
1624 0.00580913
1644 0.00577249
1653 0.00571587
1733 0.00570985
1747 0.00569898
1763 0.00567795
1783 0.00562543
1803 0.00561189
1811 0.00557716
1830 0.00545189
1857 0.00543757
1874 0.00543383
1875 0.00541358
1877 0.00538778
1884 0.00536654
1886 0.00530853
1900 0.005219
1911 0.0051356
1939 0.00509151
1953 0.00506998
1970 0.00505203
1975 0.0050399
1983 0.00501903
1990 0.00490811
2035 0.004885
2057 0.00487723
2079 0.00486779
2126 0.00485806
2142 0.00485621
2153 0.00484749
2171 0.0048445
2172 0.00482074
2187 0.00480085
2252 0.00479919
2286 0.00479515
2310 0.00479222
2321 0.0047922
2325 0.00479165
2331 0.00478934
2333 0.00478861
2342 0.00478535
2398 0.00478439
2420 0.00478327
2461 0.0047821
2485 0.00478117
2497 0.00477958
2574 0.00477957
2582 0.00477941
2583 0.00477913
2596 0.00477905
2600 0.00477828
2648 0.00477785
2652 0.00477743
2670 0.00477738
2673 0.00477737
2675 0.00477712
2694 0.0047768
2698 0.00477656
2733 0.00477653
2735 0.00477631
2744 0.0047757
2797 0.00477544
2810 0.00477526
2860 0.00477516
2867 0.00477502
2870 0.00477501
2918 0.00477495
2925 0.00477494
2937 0.00477492
2943 0.00477489
2970 0.00477487
2982 0.00477486
2987 0.00477484
2998 0.00477483
3003 0.00477482
