1 3991040000.0
4 3762800000.0
5 3244600000.0
27 2376950000.0
41 2127000000.0
51 2004670000.0
64 1508340000.0
68 1441670000.0
69 1433760000.0
72 1372190000.0
79 1104060000.0
82 811146000.0
92 730311000.0
99 695337000.0
102 548627000.0
112 466799000.0
130 297771000.0
156 242406000.0
183 129599000.0
272 67842500.0
300 62651200.0
303 49813300.0
308 46975500.0
349 38163100.0
369 21687300.0
399 15388800.0
406 9597880.0
411 9208270.0
437 5260390.0
454 5090950.0
470 4686490.0
473 3927080.0
497 3487290.0
499 3110320.0
522 1846890.0
587 1826260.0
596 854269.0
631 694838.0
632 676027.0
640 627430.0
644 573093.0
653 404738.0
659 298836.0
675 291245.0
762 235224.0
772 143646.0
791 122983.0
811 103333.0
816 71462.3
827 62807.4
864 37435.6
870 25443.0
957 14330.8
976 14136.4
992 10444.1
1015 9509.69
1027 8452.16
1047 6934.57
1050 5684.63
1052 4985.44
1092 4552.59
1102 3450.26
1138 3085.51
1161 2340.19
1173 2186.72
1179 1895.59
1182 1285.07
1190 1276.01
1196 693.168
1281 630.818
1284 550.679
1301 482.503
1315 227.661
1366 207.288
1391 174.324
1410 140.901
1422 132.25
1423 130.315
1425 97.6646
1439 55.3412
1443 37.7791
1489 35.4462
1515 22.2081
1536 15.2062
1562 12.0567
1567 11.7555
1580 8.78383
1600 6.58263
1619 5.31839
1653 4.54018
1670 3.69512
1676 2.97208
1679 2.76155
1685 1.83539
1687 1.73273
1711 1.28607
1729 1.13754
1743 0.961953
1753 0.841542
1777 0.256076
1837 0.11082
1939 0.102441
1970 0.0961868
1976 0.0731561
2009 0.0361396
2047 0.0225219
2071 0.0206899
2081 0.0160226
2093 0.0158762
2115 0.0129468
2128 0.00700108
2170 0.00563714
2178 0.00444528
2197 0.00307295
2224 0.00247293
2225 0.00192269
2279 0.00175183
2283 0.00113818
2328 0.00105451
2331 0.00104671
2345 0.000886697
2346 0.000448797
2395 0.000447901
2400 0.000371166
2403 0.000369671
2407 0.000309358
2408 0.000289011
2410 0.000256759
2422 0.000242324
2427 0.000214286
2438 0.000168813
2457 0.000118711
2464 5.1453e-05
2521 4.54653e-05
2524 4.44019e-05
2551 3.95768e-05
2552 2.19804e-05
2555 2.15497e-05
2580 1.86326e-05
2589 1.69277e-05
2631 1.28679e-05
2642 7.44051e-06
2656 7.42258e-06
2665 3.62764e-06
2677 2.21809e-06
2748 2.12682e-06
2776 1.67607e-06
2792 1.6594e-06
2802 1.59407e-06
2825 1.23814e-06
2832 6.92398e-07
2853 6.76065e-07
2871 6.21892e-07
2875 6.11464e-07
2884 3.80825e-07
2901 2.12521e-07
2973 1.59735e-07
3008 1.35479e-07
3033 1.16065e-07
3037 1.02982e-07
3041 8.95575e-08
3064 8.68386e-08
3067 7.84689e-08
3081 6.97798e-08
3086 3.09068e-08
3133 3.08842e-08
3148 2.91824e-08
3154 2.24782e-08
3162 2.00982e-08
3167 1.78918e-08
3169 1.29649e-08
3190 1.11768e-08
3235 1.0689e-08
3242 9.16645e-09
3270 6.95754e-09
3272 3.65539e-09
3301 2.33338e-09
3317 1.66671e-09
3381 1.33451e-09
3406 9.2423e-10
3438 7.277e-10
3462 3.66238e-10
3469 3.48226e-10
3516 2.44719e-10
3569 2.21099e-10
3579 2.06803e-10
3588 2.01703e-10
3607 1.7559e-10
3614 1.03683e-10
3626 5.57769e-11
3634 5.28183e-11
3671 3.9152e-11
3688 3.90989e-11
3703 1.72649e-11
3731 1.0994e-11
3749 1.0473e-11
3750 8.71071e-12
3778 6.57049e-12
3796 4.95099e-12
3828 4.48296e-12
3834 3.51056e-12
3852 2.40675e-12
3876 2.33991e-12
3887 2.22618e-12
3896 1.84715e-12
3898 1.12675e-12
3910 9.10005e-13
3919 6.94446e-13
3932 6.79513e-13
3979 5.32114e-13
3984 2.58457e-13
4016 1.43447e-13
4023 1.24406e-13
4064 1.10961e-13
4078 7.41623e-14
4103 5.68635e-14
4153 5.39354e-14
4156 3.49935e-14
4173 2.63485e-14
4204 2.2327e-14
