1 2502.15
3 1230.8
4 627.184
6 126.37
17 117.74
49 52.7801
52 9.38765
75 1.69455
103 1.41007
106 0.899409
134 0.86009
135 0.710499
137 0.632682
146 0.599629
156 0.540143
163 0.431668
175 0.292417
191 0.16848
199 0.148511
212 0.146791
215 0.146
230 0.127299
233 0.0473412
246 0.0179177
252 0.0167029
265 0.00335641
275 0.00162176
306 0.00141916
308 0.00102584
311 0.000612021
317 4.78828e-05
345 2.77054e-05
352 1.87695e-05
368 1.51641e-05
374 1.22184e-05
383 6.01027e-06
401 1.25185e-06
421 1.08502e-06
427 4.66791e-07
430 3.83792e-07
443 2.91189e-07
454 1.85721e-07
455 6.36889e-08
482 4.66847e-08
559 4.66344e-08
565 2.13248e-08
581 1.67746e-08
589 8.61009e-09
599 1.43957e-09
611 4.85378e-10
633 4.58177e-10
645 2.64702e-10
647 1.66129e-10
659 1.20001e-10
680 1.03717e-10
683 8.16147e-11
687 4.20748e-11
709 2.0354e-11
721 1.65158e-11
722 1.22451e-11
729 9.73239e-12
745 3.45724e-12
753 1.51599e-12
774 8.81672e-13
778 8.42966e-13
787 7.2698e-13
801 6.86545e-13
805 6.631e-13
812 3.62881e-13
813 3.15564e-13
818 1.8277e-13
824 5.32986e-14
865 2.61875e-14
886 1.30071e-14
898 3.88169e-15
