1 70.5752
48 55.5515
97 32.1175
101 30.5713
115 19.1729
133 8.49358
171 4.31003
188 3.83045
208 3.11951
211 2.81406
214 2.56328
228 2.48459
235 2.02694
236 0.823671
256 0.595597
291 0.41461
330 0.349396
361 0.339334
364 0.302788
371 0.290239
372 0.27374
377 0.251746
389 0.239267
430 0.215649
452 0.21177
453 0.210711
455 0.210639
462 0.200033
470 0.192365
479 0.190879
483 0.183996
491 0.180452
497 0.157257
522 0.146693
530 0.139504
547 0.137991
549 0.137084
555 0.133449
566 0.128311
571 0.128238
590 0.114904
595 0.113202
605 0.110629
613 0.108256
615 0.102547
619 0.100021
632 0.0990678
644 0.0989033
648 0.0980045
651 0.0915137
659 0.0902157
677 0.0892682
678 0.0890021
690 0.0791281
695 0.0732394
707 0.0731916
715 0.0727781
730 0.0635528
736 0.062479
737 0.0620847
755 0.060759
758 0.0585395
761 0.0582926
787 0.0514973
805 0.0485066
824 0.0433155
832 0.0427982
859 0.0400824
872 0.0387809
878 0.0371194
880 0.0340917
914 0.0336661
920 0.0330897
922 0.0303147
946 0.0297794
987 0.0291542
992 0.0289318
1002 0.0285937
1015 0.0279812
1033 0.0278309
1034 0.0277062
1039 0.0271011
1059 0.0266306
1061 0.0262189
1067 0.026148
1083 0.0258875
1088 0.0256028
1103 0.0255094
1106 0.0245628
1117 0.0242021
1129 0.0238153
1139 0.0231675
1152 0.0221496
1159 0.0220645
1164 0.0211278
1166 0.0201881
1173 0.019354
1186 0.0192004
1195 0.0186053
1197 0.015829
1260 0.015139
1266 0.0131805
1328 0.0130414
1335 0.0127604
1366 0.0123927
1383 0.0120348
1409 0.0114636
1440 0.0111867
1455 0.0109854
1486 0.0109746
1496 0.0108557
1503 0.010759
1507 0.0107344
1516 0.0107015
1518 0.0105576
1519 0.0104343
1520 0.0102675
1523 0.0100778
1537 0.00983039
1545 0.00977934
1548 0.00962937
1550 0.00943846
1556 0.0094121
1595 0.00921848
1626 0.00919389
1633 0.00875334
1643 0.00868097
1653 0.00866349
1654 0.00849339
1663 0.00848517
1683 0.00836921
1692 0.0083348
1698 0.00826272
1705 0.00808131
1714 0.00790268
1718 0.00773462
1739 0.00771514
1747 0.00757105
1750 0.00716538
1790 0.00709937
1801 0.00689245
1813 0.00686732
1829 0.0065441
1852 0.00633364
1883 0.00615327
1884 0.0059499
1912 0.00578048
1955 0.00543327
1963 0.00535688
1993 0.00527965
2003 0.00526621
2030 0.00514075
2034 0.00503752
2041 0.00500159
2046 0.00499807
2055 0.00495837
2070 0.00494159
2072 0.00485066
2089 0.00481201
2090 0.00476856
2101 0.00474836
2106 0.00470456
2109 0.00441334
2126 0.00428686
2160 0.00428578
2179 0.00417693
2190 0.00417541
2212 0.00414754
2216 0.00414311
2219 0.00408943
2224 0.00406843
2240 0.00406766
2241 0.00403764
2247 0.00400059
2259 0.00388055
2278 0.0038102
2283 0.0036494
2304 0.00350606
2307 0.00339262
2314 0.00332172
2341 0.00327498
2343 0.00323883
2358 0.00322762
2362 0.00313699
2363 0.00308064
2370 0.00290526
2417 0.00287076
2422 0.00285734
2425 0.00274412
2443 0.00272516
2448 0.00272371
2453 0.00264462
2463 0.0026303
2475 0.00258407
2504 0.00256751
2506 0.00253355
2522 0.00249797
2527 0.0024592
2544 0.00242688
2562 0.00239953
2565 0.00235214
2578 0.0023268
2604 0.00230502
2633 0.0022871
2634 0.00226684
2640 0.00222185
2644 0.00220079
2659 0.00219542
2664 0.00219447
2677 0.00213793
2684 0.00207976
2694 0.00206354
2710 0.00197949
2722 0.00188047
2738 0.00186753
2753 0.00183054
2756 0.00182795
2767 0.00180313
2782 0.00178586
2784 0.00177126
2785 0.00176898
2795 0.0017297
2797 0.0017272
2801 0.00166646
2805 0.00163047
2826 0.00161571
2847 0.00160622
2854 0.00154709
2871 0.00151893
2884 0.00150418
2893 0.0014948
2904 0.00149134
2907 0.00147289
2910 0.00141738
2942 0.0014148
2947 0.00141437
2955 0.00140244
2960 0.0013684
2972 0.00134081
2981 0.00132366
2991 0.00131132
2993 0.00128484
3012 0.00128156
3017 0.00126075
3022 0.00124435
3060 0.0012371
3071 0.00120691
3085 0.00117211
3089 0.00115347
3122 0.00114173
3133 0.00113396
3142 0.00112889
3156 0.00110701
3166 0.00110527
3179 0.00109432
3186 0.00107449
3188 0.0010726
3192 0.00106572
3203 0.00104179
3210 0.00102415
3215 0.0010206
3234 0.000997486
3246 0.000982979
3263 0.000942246
3334 0.000923671
3352 0.000902374
3359 0.00089791
3393 0.000894852
3394 0.000892915
3399 0.000878866
3412 0.000872008
3433 0.000864581
3448 0.000863262
3451 0.000861365
3454 0.000851842
3461 0.000842141
3505 0.000836095
3514 0.00082566
3535 0.00082144
3537 0.000818381
3544 0.000814306
3566 0.000809313
3575 0.000794924
3594 0.000786755
3595 0.000780428
3599 0.000779153
3610 0.000760973
3633 0.000759079
3637 0.000746495
3638 0.000743996
3655 0.000737424
3723 0.000734485
3730 0.000727556
3741 0.000725386
3744 0.000725288
3754 0.00071438
3771 0.000696063
3803 0.000678801
3828 0.000674364
3836 0.000667452
3837 0.000665477
3844 0.000655396
3862 0.000642739
3887 0.000636538
3889 0.000628791
3903 0.00062407
3905 0.000615035
3918 0.000603742
3925 0.000590339
3932 0.000584428
3945 0.000576174
3954 0.000571898
3957 0.000567412
3966 0.000566014
3980 0.000541565
3997 0.000536169
4009 0.000515735
4059 0.000498071
4064 0.000490737
4112 0.000480017
4157 0.000470909
4181 0.000466651
4188 0.000462892
4197 0.000454783
4236 0.000449971
4240 0.000448165
4241 0.000441381
4247 0.00043537
4254 0.000429156
4275 0.000424643
4282 0.000424261
4283 0.000415616
4292 0.000402772
4359 0.000395708
4367 0.000393057
4368 0.000382292
4419 0.000378868
4431 0.000378251
4434 0.000375891
4439 0.000369798
4459 0.000369778
4465 0.00036851
4470 0.000368428
4474 0.000358988
4477 0.000358967
4490 0.000357192
4496 0.000346706
4518 0.000338938
4609 0.000334327
4612 0.000334323
4625 0.00033289
4629 0.00033181
4635 0.000330092
4649 0.000324568
4655 0.000323889
4672 0.00032264
4682 0.000321244
4689 0.000320601
4697 0.00031709
4710 0.000311387
4719 0.000307145
4763 0.000304396
4766 0.000298498
4784 0.000298166
4791 0.000297218
4792 0.000296669
4801 0.000294851
4808 0.000289955
4836 0.000283588
4862 0.000282212
4874 0.000282093
4879 0.000281138
4888 0.00027929
4897 0.000272606
4901 0.000270381
4926 0.00027026
4928 0.000264491
4964 0.000264453
5006 0.000262575
5015 0.000260456
5032 0.000258995
5041 0.000258469
5048 0.000258252
5057 0.000257819
5061 0.000257522
5071 0.000256696
5076 0.000256485
5092 0.000254792
5105 0.000254597
5107 0.000254573
5116 0.00025299
5133 0.000252174
5136 0.000251635
5146 0.000250043
5156 0.000248218
5159 0.00024616
5170 0.000246011
5173 0.000245988
5201 0.000243437
5207 0.000243372
5218 0.000240255
5226 0.000236965
5233 0.000236148
5237 0.000235737
5246 0.000235378
5247 0.000233298
5268 0.000232895
5270 0.000228014
5280 0.000227421
5284 0.000224686
5294 0.000223395
5310 0.000219834
5322 0.000216589
5335 0.000216314
5360 0.000214737
5372 0.000211495
5397 0.000207234
5437 0.000206322
5441 0.000204578
5458 0.000203917
5478 0.000203185
5482 0.000200881
5484 0.000200431
5488 0.000198645
5509 0.000198427
5511 0.000196406
5520 0.000196193
5544 0.00019497
5546 0.00019391
5547 0.000193684
5555 0.000193513
5556 0.000191163
5571 0.00019072
5574 0.000190463
5585 0.000189823
5591 0.000189558
5603 0.000188194
5604 0.000186213
