1 24.2
26 9.74025
35 0.318562
441 0.244617
447 0.213013
451 0.171984
453 0.129122
467 0.116081
470 0.1064
480 0.0484747
527 0.0429776
532 0.0293687
540 0.0109326
548 0.00363824
562 0.000198263
602 0.000180075
610 0.000176883
619 0.000143495
620 0.000100834
627 9.83882e-05
630 1.75174e-05
636 9.71549e-06
646 9.09579e-06
647 1.0579e-06
711 6.82285e-08
720 4.4385e-08
722 3.16596e-08
732 4.77526e-10
796 2.2958e-11
826 1.21916e-11
843 7.50266e-12
851 4.14691e-12
862 1.95754e-12
875 1.72871e-12
883 5.04726e-13
890 3.08613e-13
912 1.06238e-13
916 1.15995e-14
931 1.09469e-14
938 9.32358e-15
946 7.41926e-15
948 1.53463e-15
964 1.59152e-16
965 1.25974e-16
