1 1124.05
5 993.092
6 815.499
12 757.371
20 677.23
24 666.681
29 615.194
33 454.723
43 271.309
54 214.445
70 163.838
73 150.386
80 146.556
124 80.343
197 69.3821
214 61.782
230 59.4462
243 59.0726
257 50.8593
284 48.4591
287 45.9319
308 44.9296
313 43.6997
334 41.1081
343 38.7789
352 36.6458
429 36.535
468 36.3088
484 36.2677
489 36.2675
490 36.1085
507 36.0981
530 36.0642
573 36.0442
599 36.0231
626 36.0138
631 36.0065
634 35.9809
682 35.9752
793 35.9728
1614 35.9723
1749 35.9714
1791 35.9712
1960 35.9711
1983 35.971
2012 35.9709
2049 35.9708
2062 35.9707
2087 35.9706
2106 35.9705
2122 35.9704
2127 35.9703
2131 35.9702
2176 35.9701
2178 35.9699
2201 35.9698
2207 35.9697
2224 35.9693
2237 35.9692
2301 35.9689
2314 35.9688
2365 35.9686
2412 35.9685
2426 35.9684
2488 35.9683
2503 35.9682
2595 35.9681
