1 56.5201
72 32.276
83 27.4404
96 26.9576
105 17.9049
109 12.9083
118 12.7986
121 2.64533
188 2.36472
206 2.30039
215 2.27676
217 1.76733
225 1.4495
236 1.33977
243 1.30463
265 1.22667
283 1.18393
286 1.11026
291 1.02339
300 0.622015
319 0.47134
325 0.408877
370 0.378596
448 0.364148
452 0.36063
462 0.355908
463 0.350566
466 0.308626
479 0.303644
482 0.297203
495 0.236392
508 0.214532
577 0.204297
581 0.19389
584 0.183571
586 0.178372
598 0.175586
612 0.170514
631 0.152695
640 0.152354
645 0.141348
661 0.125283
666 0.121484
687 0.114213
709 0.11366
719 0.111234
723 0.0990559
737 0.0961903
743 0.0954449
748 0.088599
752 0.0874966
760 0.0859837
764 0.0840725
772 0.0784134
791 0.0742485
796 0.0739757
824 0.0716413
847 0.071142
851 0.0707659
853 0.0679808
859 0.0664215
860 0.0632599
869 0.0623499
870 0.0621327
876 0.0587499
884 0.0582687
891 0.0560625
899 0.0527979
906 0.0510446
909 0.049841
923 0.0496688
940 0.0476172
945 0.0459744
948 0.0433673
957 0.0406613
960 0.0379251
985 0.0329665
1028 0.0320699
1048 0.0301748
1060 0.0291409
1076 0.0287861
1086 0.0283434
1091 0.02658
1098 0.0256391
1104 0.0256231
1109 0.0250951
1111 0.0247633
1117 0.0241716
1126 0.0240521
1127 0.0229443
1131 0.022917
1134 0.0225603
1137 0.0221887
1141 0.0218602
1161 0.0213199
1178 0.0205406
1190 0.0204371
1193 0.0203752
1194 0.0185086
1221 0.0174783
1227 0.0170307
1231 0.0166653
1267 0.0162649
1274 0.0162312
1281 0.0161749
1283 0.0159874
1293 0.0153122
1309 0.0149682
1317 0.0149393
1323 0.0148532
1324 0.0147368
1330 0.0144044
1339 0.0135273
1354 0.0135026
1358 0.013497
1366 0.0129167
1371 0.0118325
1396 0.0114462
1405 0.0107537
1431 0.0105247
1432 0.00949159
1491 0.00924652
1519 0.0091043
1523 0.00906171
1524 0.00900078
1527 0.00890488
1528 0.00870278
1542 0.00852762
1543 0.00845609
1545 0.00841818
1553 0.00813462
1556 0.00791312
1560 0.00785174
1577 0.00776256
1602 0.00767289
1621 0.00753694
1622 0.00749103
1628 0.00735656
1634 0.00718547
1642 0.00695357
1650 0.00686988
1671 0.0067337
1699 0.00667841
1700 0.00662371
1708 0.00636693
1710 0.00630751
1719 0.00611571
1743 0.00589762
1750 0.00569092
1754 0.00566628
1761 0.00546963
1768 0.00504781
1777 0.00498143
1783 0.00492952
1791 0.00453396
1799 0.00435478
1821 0.00430863
1834 0.00414035
1846 0.00402405
1864 0.00396695
1870 0.00393922
1879 0.00393674
1896 0.00374088
1898 0.00372197
1908 0.00371547
1909 0.00368957
1919 0.00368858
1922 0.00368266
1925 0.00354598
1930 0.00352424
1935 0.00344512
1939 0.00337589
1952 0.00320254
1962 0.00304582
1976 0.00301011
1979 0.00298759
1989 0.00280985
1994 0.00267785
2004 0.00266387
2005 0.00265173
2014 0.00252392
2068 0.00250095
2078 0.00243239
2115 0.00240033
2124 0.0023564
2125 0.00235273
2134 0.00230421
2149 0.00228058
2152 0.0022782
2153 0.0022565
2158 0.0022393
2169 0.00218093
2173 0.00209794
2185 0.00208096
2194 0.00202279
2195 0.00199899
2224 0.00199314
2226 0.00196326
2243 0.00191924
2259 0.00190007
2276 0.00189379
2280 0.00186839
2282 0.00186694
2285 0.00183667
2300 0.00180033
2308 0.0017976
2317 0.00174477
2325 0.00167908
2354 0.00162372
2359 0.0015568
2363 0.00155485
2382 0.00153738
2421 0.001534
2426 0.00149246
2427 0.00147607
2467 0.00147143
2470 0.00145016
2483 0.00143825
2491 0.00143414
2499 0.00143123
2500 0.00142654
2505 0.00142609
2506 0.00141808
2514 0.00140007
2525 0.00138635
2531 0.00136552
2551 0.00135889
2564 0.00134007
2574 0.00132289
2610 0.00131582
2618 0.00130964
2620 0.00129354
2629 0.00128352
2641 0.00127687
2649 0.00125078
2663 0.00123074
2674 0.00119892
2683 0.00117732
2688 0.00117666
2697 0.00114989
2722 0.00114745
2724 0.00114607
2726 0.00111252
2731 0.00109281
2739 0.00105622
2750 0.00104416
2752 0.00104087
2761 0.0010389
2763 0.00103099
2776 0.000986423
2820 0.000971544
2830 0.000954787
2848 0.000916209
2866 0.000887161
2876 0.000880491
2878 0.0008787
2884 0.000856023
2907 0.000841703
2925 0.000815113
2933 0.000805839
2944 0.000801307
2945 0.000795557
2964 0.000792776
2971 0.000787529
2973 0.000778234
2999 0.000776199
3002 0.000758536
3018 0.00074214
3028 0.000730649
3035 0.000729441
3045 0.00070554
3074 0.000673065
3103 0.000639801
3112 0.00063393
3130 0.000603776
3139 0.00059018
3163 0.000587879
3171 0.000567745
3184 0.000566571
3194 0.000557714
3200 0.000553425
3207 0.000546988
3215 0.000520525
3246 0.000512737
3269 0.000508303
3282 0.000502427
3285 0.000499555
3286 0.00047752
3291 0.000462021
3316 0.000458769
3360 0.000456759
3361 0.000435338
3369 0.000433048
3376 0.000423154
3381 0.000420003
3391 0.000411919
3411 0.000411805
3414 0.000399899
3424 0.000381366
3452 0.000377546
3459 0.000375107
3471 0.000372018
3478 0.000366365
3491 0.000366192
3500 0.000364696
3511 0.000362938
3514 0.000358121
3523 0.000355225
3531 0.000354099
3540 0.000353909
3547 0.000351491
3549 0.000350626
3563 0.000347078
3584 0.000345576
3593 0.000342498
3606 0.000341482
3609 0.000341055
3616 0.000340117
3622 0.000335016
3626 0.00033406
3635 0.000333779
3643 0.00032958
3653 0.000328185
3658 0.000321108
3668 0.000316589
3691 0.000311582
3706 0.000309304
3715 0.000303767
3724 0.00029985
3733 0.000297927
3758 0.000295693
3770 0.00029273
3771 0.000287068
3796 0.000283226
3803 0.000277325
3811 0.000277123
3813 0.000275611
3820 0.000272425
3832 0.000263855
3867 0.000258617
3893 0.000257957
3894 0.000255532
3901 0.000253707
3905 0.0002497
3913 0.000248903
3918 0.000245905
3920 0.000243159
3931 0.000242405
3932 0.000241001
3943 0.000239212
3955 0.000238805
3956 0.000236743
3981 0.000234306
3987 0.000231464
3999 0.000229986
4014 0.000226697
4019 0.000223222
4034 0.000221351
4036 0.000218809
4063 0.000216665
4065 0.000215582
4066 0.000214175
4068 0.000214135
4083 0.000211165
4095 0.000210832
4100 0.000210815
4103 0.000210725
4107 0.000210699
4110 0.000208823
4115 0.000203573
4130 0.000200912
4141 0.000194605
4180 0.00018756
4193 0.000185926
4221 0.000183007
4223 0.00018288
4230 0.000182592
4239 0.000179668
4245 0.00017937
4268 0.000177788
4277 0.00017609
4289 0.000173871
4304 0.000173534
4311 0.000171883
4316 0.000169694
4342 0.000168655
4350 0.000165728
4368 0.00016481
4371 0.000163331
4386 0.000161672
4391 0.000158505
4401 0.000156553
4405 0.000153464
4407 0.000152177
4430 0.0001483
4463 0.000142851
4501 0.000142742
4507 0.000140257
4525 0.000139249
4531 0.000138968
4549 0.000138071
4560 0.000137303
4567 0.000136364
4575 0.000135684
4578 0.000134393
4587 0.000132067
4591 0.000130621
4607 0.000126966
4611 0.000125887
4624 0.000121897
4666 0.000121811
4673 0.000121069
4677 0.000121067
4686 0.000120586
4697 0.000119988
4709 0.000119372
4722 0.000118989
4724 0.000116827
4741 0.000114396
4764 0.000114179
4786 0.000113909
