1 8158880.0
5 4280850.0
6 1267590.0
14 938474.0
16 917734.0
25 65585.4
37 45877.8
39 32091.7
42 20292.6
46 949.77
51 578.951
61 437.132
66 392.107
68 242.023
129 236.766
135 213.053
138 73.0738
167 38.6187
176 20.5342
180 18.5806
199 3.5142
207 2.5275
514 1.53428
544 1.36743
568 0.843642
590 0.573558
684 0.503447
706 0.457071
731 0.39568
736 0.298987
749 0.282138
786 0.261495
841 0.259598
853 0.252803
866 0.247612
876 0.23201
885 0.230143
892 0.221885
924 0.215091
929 0.214792
930 0.210789
950 0.191799
952 0.186957
970 0.18653
975 0.164372
990 0.163199
992 0.152536
999 0.146929
1000 0.13821
1003 0.111403
1018 0.103178
1020 0.0760837
1100 0.0704015
1103 0.0630883
1122 0.0560844
1134 0.0437927
1138 0.0416125
1176 0.0331087
1182 0.0303227
1185 0.0241473
1208 0.0240348
1209 0.0209395
1221 0.0196434
1225 0.0161898
1236 0.0128252
1312 0.0125035
1357 0.0124721
1363 0.0124241
1385 0.0119448
1418 0.011801
1438 0.0116865
1446 0.01146
1453 0.0113994
1465 0.0112949
1470 0.0112595
1476 0.0111987
1479 0.0110516
1513 0.0110007
1517 0.0109594
1529 0.0109508
1535 0.0108539
1546 0.0107445
1574 0.010699
1576 0.010622
1582 0.0105209
1604 0.0104669
1611 0.0104603
1612 0.010431
1616 0.0103776
1621 0.010354
1623 0.0103282
1632 0.0103268
1633 0.0102847
1637 0.0102622
1642 0.0101796
1645 0.0100553
1654 0.010035
1665 0.00979153
1684 0.0095126
1687 0.00931322
1731 0.00924258
1742 0.00915229
1755 0.00828858
1780 0.0079131
1829 0.00754968
1835 0.00751135
1838 0.00744251
1847 0.00671028
1853 0.00633844
1872 0.00592193
1890 0.0059091
1903 0.00524605
1915 0.00521537
1917 0.00515418
1921 0.00445507
1955 0.00375151
1958 0.00369113
1984 0.00350207
1985 0.0031626
1993 0.00302118
1998 0.00279452
2006 0.00222307
2015 0.00215275
2022 0.00182959
2028 0.00178122
2038 0.0017242
2048 0.00113974
2056 0.00109205
2120 0.00105896
2141 0.000668437
2168 0.000639707
2176 0.000627887
2181 0.000528773
2185 0.000467091
2238 0.000455813
2246 0.000420308
2281 0.000417081
2285 0.00040691
2325 0.00039064
2337 0.000355165
2433 0.000354014
2439 0.000351103
2464 0.000348243
2466 0.00033997
2476 0.000336385
2480 0.000329121
2495 0.000328276
2513 0.000316363
2515 0.000307646
2528 0.000301776
2532 0.000271143
2577 0.000210845
2593 0.000198711
2626 0.000194123
2673 0.000188483
2676 0.000170658
2695 0.000156098
2702 0.0001513
2717 0.000148686
2720 0.000143223
2733 0.000142887
2734 0.000135569
2745 0.000133479
2748 0.000127933
2757 0.000115008
2766 0.000100554
2781 9.1964e-05
2783 7.52111e-05
2793 7.40066e-05
2800 6.06067e-05
2805 5.51129e-05
2825 4.07438e-05
2845 4.02757e-05
2860 3.86857e-05
2868 2.97795e-05
2905 2.29751e-05
2914 2.09808e-05
2924 2.00397e-05
2932 1.9562e-05
2935 1.44138e-05
2937 1.36252e-05
2947 9.53331e-06
2980 9.16823e-06
3005 8.13117e-06
3012 7.26105e-06
3013 6.28509e-06
3068 6.11847e-06
3069 6.07155e-06
3073 5.70691e-06
3094 5.49521e-06
3104 5.24475e-06
3140 5.1445e-06
3152 5.14062e-06
3157 5.06052e-06
3171 5.04325e-06
3178 5.00623e-06
3186 4.98568e-06
3228 4.967e-06
3236 4.96685e-06
3242 4.93387e-06
3252 4.92707e-06
3268 4.90867e-06
3276 4.90538e-06
3282 4.90387e-06
3285 4.89972e-06
3292 4.89894e-06
3308 4.89311e-06
3337 4.88471e-06
3359 4.88464e-06
3362 4.88396e-06
3364 4.88187e-06
3411 4.87911e-06
3418 4.87647e-06
3434 4.87551e-06
3473 4.87535e-06
3480 4.8747e-06
3482 4.87439e-06
3485 4.87416e-06
3486 4.87257e-06
3497 4.87253e-06
3499 4.872e-06
3520 4.87199e-06
3528 4.87187e-06
3534 4.87056e-06
3543 4.86949e-06
3553 4.86838e-06
3572 4.86775e-06
3576 4.86711e-06
3582 4.86626e-06
3588 4.86591e-06
3597 4.86482e-06
3604 4.86353e-06
3610 4.86276e-06
3612 4.86155e-06
3613 4.86093e-06
3627 4.86013e-06
3633 4.85736e-06
3655 4.85386e-06
3658 4.84818e-06
3672 4.84563e-06
3682 4.84314e-06
3683 4.84168e-06
3695 4.83808e-06
3696 4.83417e-06
3707 4.82433e-06
3719 4.81407e-06
3768 4.80735e-06
3772 4.79974e-06
3788 4.78293e-06
3795 4.77524e-06
3802 4.77044e-06
3808 4.76281e-06
3844 4.76232e-06
3858 4.7483e-06
3866 4.73589e-06
3881 4.73184e-06
3882 4.72917e-06
3885 4.70862e-06
3894 4.70856e-06
3895 4.7042e-06
3901 4.70282e-06
3902 4.67797e-06
3916 4.67794e-06
3920 4.6601e-06
3922 4.65979e-06
3939 4.65135e-06
3949 4.62759e-06
3956 4.60038e-06
3965 4.5527e-06
3976 4.55042e-06
3994 4.54734e-06
3995 4.48362e-06
4005 4.45352e-06
4006 4.43948e-06
4022 4.41183e-06
4032 4.40297e-06
4034 4.32066e-06
4036 4.3105e-06
4039 4.27797e-06
4043 4.21533e-06
4048 4.13175e-06
4060 4.12398e-06
4083 3.8634e-06
4095 3.72294e-06
4120 3.63313e-06
4131 3.49004e-06
4132 3.44164e-06
4139 3.33291e-06
4158 3.13723e-06
4169 3.03776e-06
4180 2.64918e-06
4194 2.56712e-06
4225 2.56497e-06
4245 2.53731e-06
4247 2.34253e-06
4251 2.32689e-06
4253 2.30546e-06
4257 2.17546e-06
4266 2.09424e-06
4267 1.96838e-06
4285 1.65982e-06
4332 1.65278e-06
4345 1.55029e-06
4352 1.52212e-06
4366 1.4928e-06
4390 1.48808e-06
4444 1.45652e-06
4466 1.43003e-06
4491 1.42164e-06
4495 1.4194e-06
4498 1.41604e-06
4511 1.41303e-06
4517 1.41271e-06
4561 1.41159e-06
4570 1.41039e-06
4595 1.40853e-06
4596 1.40758e-06
4618 1.4042e-06
4625 1.40237e-06
4634 1.40236e-06
4644 1.40121e-06
4699 1.40056e-06
4704 1.40011e-06
4766 1.40002e-06
4784 1.39998e-06
4799 1.39989e-06
4811 1.39986e-06
4815 1.39985e-06
4822 1.3998e-06
4872 1.39978e-06
4906 1.39977e-06
4958 1.39976e-06
