1 8160610.0
5 4285120.0
6 1266910.0
14 938184.0
16 918611.0
25 65588.8
37 45848.1
39 32075.7
42 20273.4
46 949.916
51 578.41
61 437.096
66 392.058
68 241.786
129 236.691
135 213.222
138 73.075
167 38.6052
176 20.5336
180 18.5921
199 3.51525
207 2.52884
514 1.53385
544 1.43949
623 1.1557
624 1.03411
630 0.690329
634 0.526088
718 0.490523
723 0.483269
729 0.372013
744 0.368892
749 0.364215
794 0.34664
797 0.325515
804 0.269919
817 0.224097
845 0.216841
854 0.189899
856 0.182297
858 0.175807
872 0.139798
891 0.134019
910 0.125895
929 0.0758263
963 0.0495234
1008 0.0485728
1039 0.0408416
1043 0.0339445
1061 0.0316794
1068 0.0315556
1072 0.0288796
1096 0.028037
1129 0.0203536
1298 0.0192199
1299 0.0188475
1308 0.0186747
1313 0.0169223
1322 0.0153287
1344 0.0135694
1385 0.0125298
1408 0.011126
1477 0.0107121
1494 0.0103643
1501 0.0103302
1503 0.0101288
1519 0.0100513
1524 0.00998258
1543 0.00997491
1545 0.00991227
1547 0.00981073
1554 0.00968233
1556 0.00961552
1576 0.00948716
1597 0.0094175
1613 0.00934665
1623 0.00933897
1624 0.00930891
1625 0.00926534
1632 0.00919219
1656 0.0090523
1667 0.00901563
1673 0.00889453
1718 0.00887222
1722 0.00887148
1725 0.00876345
1730 0.0087359
1734 0.00864862
1743 0.0085782
1746 0.00851854
1757 0.00851084
1770 0.00833631
1780 0.00814017
1784 0.00802603
1803 0.00801102
1807 0.0078678
1816 0.00761957
1822 0.00759807
1834 0.00719958
1857 0.00683082
1877 0.00661146
1890 0.0062787
1901 0.00554571
1908 0.00483342
1919 0.00479558
1943 0.00474482
1948 0.00374064
1968 0.00347333
1969 0.00335203
1972 0.00333457
1973 0.00250474
1984 0.00236544
2035 0.00234871
2050 0.00214568
2062 0.00130738
2064 0.00096396
2130 0.000703182
2135 0.0004572
2155 0.000381551
2181 0.000263078
2203 0.000260933
2211 0.000196269
2247 0.000185212
2298 0.000145175
2324 0.000121969
2338 0.000120877
2377 0.000118154
2381 0.000110347
2513 0.000109453
2518 0.000108639
2520 0.000108346
2529 0.000107352
2532 0.000106074
2536 0.000105668
2538 0.00010482
2542 0.000102603
2569 0.000101028
2598 9.99827e-05
2620 9.91386e-05
2627 9.83037e-05
2635 9.79608e-05
2636 9.78143e-05
2644 9.45068e-05
2651 9.31299e-05
2655 8.99783e-05
2670 8.90579e-05
2673 8.90121e-05
2682 8.6849e-05
2702 8.55457e-05
2707 8.47786e-05
2716 8.33325e-05
2717 8.18502e-05
2718 7.87361e-05
2728 6.85394e-05
2748 6.07858e-05
2757 5.88807e-05
2766 4.8167e-05
2800 3.87108e-05
2884 2.23663e-05
2931 1.31008e-05
2967 1.10351e-05
2975 1.03242e-05
3009 9.80935e-06
3045 8.83981e-06
3068 8.83117e-06
3073 8.72819e-06
3084 8.30203e-06
3098 8.26899e-06
3113 8.12836e-06
3119 8.05192e-06
3122 7.6177e-06
3157 7.51533e-06
3173 7.46692e-06
3200 7.44264e-06
3217 7.42707e-06
3242 7.39794e-06
3250 7.39669e-06
3258 7.36852e-06
3300 7.36302e-06
3308 7.36227e-06
3315 7.3515e-06
3319 7.34656e-06
3324 7.34529e-06
3354 7.33564e-06
3360 7.33129e-06
3380 7.32578e-06
3393 7.32018e-06
3410 7.31627e-06
3418 7.30741e-06
3486 7.29773e-06
3525 7.29573e-06
3533 7.29363e-06
3551 7.29294e-06
3556 7.28943e-06
3575 7.28487e-06
3646 7.28017e-06
3658 7.27083e-06
3702 7.27034e-06
3711 7.26987e-06
3713 7.26486e-06
3722 7.26352e-06
3723 7.26156e-06
3733 7.25973e-06
3742 7.25821e-06
3744 7.25476e-06
3750 7.25269e-06
3761 7.25249e-06
3765 7.25203e-06
3769 7.2403e-06
3781 7.239e-06
3785 7.23551e-06
3786 7.2258e-06
3790 7.22539e-06
3793 7.21591e-06
3797 7.21563e-06
3803 7.20694e-06
3812 7.19179e-06
3816 7.18498e-06
3821 7.18426e-06
3822 7.16676e-06
3832 7.16416e-06
3833 7.14323e-06
3846 7.0925e-06
3867 7.06701e-06
3872 7.05903e-06
3890 6.99598e-06
3904 6.98914e-06
3917 6.95244e-06
3925 6.89894e-06
3933 6.86229e-06
3935 6.7751e-06
3948 6.74545e-06
3974 6.73867e-06
3990 6.71092e-06
3992 6.62174e-06
4002 6.48523e-06
4012 6.41572e-06
4024 6.36998e-06
4025 6.36916e-06
4028 6.3543e-06
4039 6.30157e-06
4051 6.30051e-06
4064 6.27967e-06
4069 6.08382e-06
4083 5.9773e-06
4095 5.82091e-06
4106 5.69616e-06
4120 5.50388e-06
4122 5.38851e-06
4139 5.28661e-06
4152 5.21231e-06
4154 5.18883e-06
4158 4.99782e-06
4168 4.60369e-06
4174 4.42733e-06
4178 4.28568e-06
4209 4.24327e-06
4216 3.99906e-06
4231 3.58083e-06
4252 3.49271e-06
4256 3.32476e-06
4257 3.21317e-06
4258 2.79228e-06
4265 2.73362e-06
4280 2.65886e-06
4285 1.90613e-06
4332 1.713e-06
4371 1.70659e-06
4386 1.70128e-06
4401 1.69576e-06
4403 1.65793e-06
4405 1.60645e-06
4412 1.5746e-06
4413 1.52944e-06
4431 1.4724e-06
4444 1.47013e-06
4446 1.44595e-06
4484 1.43605e-06
4511 1.42002e-06
4517 1.41591e-06
4525 1.40524e-06
4563 1.40497e-06
4586 1.4026e-06
4634 1.40141e-06
4647 1.40131e-06
4654 1.40126e-06
4671 1.40097e-06
4674 1.40085e-06
4701 1.40012e-06
4706 1.39947e-06
4714 1.39925e-06
4759 1.39904e-06
5021 1.39886e-06
5400 1.39879e-06
5416 1.39873e-06
5523 1.3987e-06
5620 1.39867e-06
5631 1.39866e-06
5643 1.39864e-06
5662 1.39862e-06
5663 1.39861e-06
5683 1.3986e-06
5690 1.39855e-06
5732 1.39853e-06
5769 1.39852e-06
5773 1.39851e-06
5819 1.3985e-06
5828 1.39849e-06
5834 1.39848e-06
5862 1.39846e-06
5919 1.39845e-06
5939 1.39844e-06
5989 1.39843e-06
6002 1.39842e-06
6059 1.39841e-06
6064 1.3984e-06
6118 1.39839e-06
