1 904.0
29 638.362
35 405.815
60 189.801
63 165.34
68 134.941
76 132.065
87 81.5663
90 59.1572
129 54.5724
144 54.0272
152 44.8465
159 41.765
170 39.6064
173 32.545
182 26.7799
205 24.8235
221 21.7243
240 15.0679
275 14.6061
278 12.1768
305 10.5517
396 10.5464
408 10.4361
424 10.327
465 10.3192
485 10.2913
495 10.2801
522 10.2634
548 10.2581
550 10.2564
553 10.2501
584 10.2489
608 10.2475
612 10.2473
615 10.2456
622 10.2455
623 10.2447
627 10.2441
631 10.2432
641 10.2422
662 10.2413
701 10.2406
712 10.2398
713 10.2397
750 10.2393
804 10.2391
868 10.239
