1 5427.67
7 1714.33
16 387.503
17 226.41
24 201.455
26 114.266
44 112.304
66 88.3633
67 85.3569
77 45.7059
129 43.5686
131 36.7862
172 33.565
188 21.8974
238 21.0513
331 18.8687
343 18.2867
345 17.8283
362 17.7625
371 16.914
397 16.8043
407 16.0013
417 15.2305
430 15.0023
435 14.1648
439 14.1104
448 13.1248
498 12.6761
506 11.6611
507 11.0506
521 10.7633
527 10.1419
544 8.23005
568 6.75892
580 5.31708
589 5.17689
591 3.8735
638 3.76472
643 2.48429
662 2.15099
734 2.03597
746 1.87138
829 1.74965
833 1.68409
849 1.6619
855 1.64941
857 1.5559
862 1.39232
873 1.33829
881 1.31383
882 1.17635
922 1.11402
938 1.11048
941 1.10401
949 1.08272
956 0.987514
984 0.912168
1002 0.86325
1022 0.830568
1042 0.781813
1049 0.7205
1069 0.679567
1074 0.677873
1087 0.636796
1092 0.630912
1097 0.573011
1106 0.496714
1118 0.47241
1125 0.467834
1132 0.424371
1154 0.383188
1159 0.330117
1212 0.327249
1234 0.309411
1256 0.301026
1257 0.277394
1264 0.258189
1267 0.243978
1297 0.235037
1329 0.230766
1358 0.229828
1376 0.226703
1409 0.226253
1434 0.225004
1445 0.223796
1467 0.223393
1469 0.223234
1479 0.222171
1482 0.222076
1496 0.221962
1503 0.221773
1508 0.221741
1509 0.221468
1511 0.221205
1515 0.220751
1516 0.219757
1526 0.219465
1529 0.218026
1530 0.215841
1540 0.214813
1544 0.214215
1551 0.213617
1560 0.213174
1561 0.212129
1581 0.212083
1594 0.211486
1600 0.207766
1616 0.203949
1685 0.202355
1696 0.201576
1718 0.198915
1737 0.197786
1763 0.197106
1805 0.196884
1812 0.196783
1813 0.196566
1826 0.196381
1855 0.19602
1892 0.19584
1901 0.195774
1913 0.195699
1914 0.195673
1933 0.195606
1942 0.195482
1947 0.195314
1994 0.195236
2010 0.19523
2024 0.19516
2026 0.195144
2047 0.195119
2051 0.195111
2052 0.195031
2063 0.194905
2080 0.194766
2088 0.194749
2122 0.194598
2174 0.194529
2176 0.194418
2213 0.194358
2217 0.194292
2230 0.194193
2234 0.194187
2272 0.194145
2276 0.194139
2279 0.194109
2294 0.193953
2325 0.1939
2369 0.193895
2372 0.193854
2379 0.193844
2397 0.193839
2398 0.193799
2405 0.19378
2418 0.193763
2450 0.193741
2472 0.193739
2481 0.19373
2491 0.193729
2500 0.193711
2512 0.193707
2543 0.193706
2544 0.19369
2576 0.193676
2584 0.193675
2585 0.193664
2596 0.193657
2616 0.193649
2618 0.193648
2649 0.193644
2650 0.193642
2655 0.193636
2663 0.193635
2674 0.193618
2714 0.193613
2727 0.193605
2746 0.193594
2853 0.193591
2877 0.193588
2879 0.193585
3050 0.193584
