1 0.0386557
454 0.0215822
659 0.0213174
662 0.0168255
703 0.0134433
714 0.0130987
734 0.009839
802 0.00974363
806 0.00594337
816 0.00504415
905 0.00470642
912 0.00467339
954 0.00441435
996 0.00433638
1038 0.00430995
1094 0.00423264
1097 0.00416851
1117 0.00416568
1128 0.00400588
1133 0.00396468
1145 0.00388804
1166 0.00380523
1184 0.00374752
1224 0.00372654
1225 0.00365549
1234 0.00362183
1254 0.00362163
1260 0.00362028
1297 0.00361808
1303 0.00356544
1341 0.00356329
1342 0.00355819
1360 0.00354218
1381 0.00353342
1391 0.00353073
1405 0.00353067
1415 0.00352557
1420 0.00352335
1436 0.00352234
1439 0.00352219
1449 0.0035219
1477 0.00352059
1529 0.00352047
1562 0.0035201
1568 0.00351875
1613 0.00351849
1634 0.00351847
1643 0.00351815
1724 0.00351813
1743 0.00351804
1899 0.00351801
2041 0.003518
