1 0.0337706
518 0.0204316
526 0.0200644
540 0.01969
560 0.0150329
599 0.0138562
622 0.011714
642 0.0057374
651 0.00400509
664 0.00399139
681 0.0036977
695 0.00359876
696 0.00336495
710 0.0032906
711 0.00308527
721 0.00267048
740 0.00242546
751 0.00222772
776 0.0021068
789 0.00158605
808 0.00157573
814 0.00147915
820 0.00130372
851 0.00119675
855 0.00107029
875 0.00105758
894 0.000965641
896 0.000749889
921 0.000736901
922 0.000716696
930 0.000696111
937 0.000612674
941 0.000595049
948 0.000576525
972 0.000569471
976 0.000552436
981 0.000480989
987 0.000472284
997 0.00044129
1004 0.000412254
1011 0.000341402
1018 0.000305971
1023 0.000255723
1039 0.000250778
1040 0.00021562
1060 0.000201493
1062 0.000152604
1080 0.000103676
1083 6.79145e-05
1103 4.42282e-05
1113 3.90214e-05
1119 3.85375e-05
1129 2.60128e-05
1143 1.88088e-05
1145 1.84831e-05
1147 1.82405e-05
1165 1.45787e-05
1170 7.37126e-06
1220 7.00906e-06
1232 4.34603e-06
1246 2.22688e-06
1261 1.30232e-06
1296 6.96121e-07
1321 5.88152e-07
1325 2.89776e-07
1358 1.88871e-07
1377 1.14671e-07
1400 9.38206e-08
1402 4.02494e-08
1421 3.46284e-08
1436 2.03837e-08
1473 1.7396e-08
1488 1.61075e-08
1489 1.06834e-08
1498 8.69406e-09
1499 4.59169e-09
1532 2.77347e-09
1549 1.24044e-09
1568 4.07173e-10
1587 3.02352e-10
1659 2.333e-10
1666 2.23294e-10
1667 1.94343e-10
1669 9.8542e-11
1672 5.32679e-11
1704 4.25762e-11
1718 1.62292e-11
1725 1.19399e-11
1747 1.14066e-11
1749 1.03165e-11
1765 9.87952e-12
1768 5.93856e-12
1783 4.52513e-12
1785 7.66376e-13
1892 6.89722e-13
1921 5.59673e-13
1931 5.0413e-13
1946 4.14184e-13
1947 4.04841e-13
1953 2.70215e-13
1960 8.81532e-14
1987 8.30045e-14
1988 7.62019e-14
2024 7.07192e-14
2029 5.87544e-14
2031 4.72379e-14
2033 3.82469e-14
2039 3.64428e-14
2053 3.07573e-14
2054 2.08471e-14
